0.792063492063492
0.807936507936508
0.8130952380952381
0.7892857142857143
0.7115079365079365
0.7361111111111112
0.8547619047619047
0.7952380952380952
0.6392857142857142
0.7154761904761905
0.7603174603174603
0.846031746031746
0.7242063492063492
0.7599206349206349
0.6734126984126985
0.8265873015873015
0.6353174603174603
0.7019841269841269
0.7785714285714286
0.6861111111111111
0.8083333333333333
0.726984126984127
0.7722222222222223
0.7706349206349207
0.7837301587301587
0.801984126984127
0.6821428571428572
0.8638888888888889
0.7654761904761904
0.7710317460317461
0.8095238095238095
0.8003968253968254
0.8670634920634921
0.7984126984126985
0.8908730158730159
0.2698412698412698
0.8146825396825397
0.5146825396825396
0.748015873015873
0.7682539682539683
0.7416666666666667
0.7289682539682539
0.7234126984126984
0.7285714285714285
0.7507936507936508
0.8396825396825397
0.7845238095238095
0.7075396825396826
0.7488095238095238
0.7793650793650794
0.7686507936507937
0.7341269841269841
0.8043650793650794
0.7273809523809524
0.7289682539682539
0.7555555555555555
0.7936507936507936
0.8134920634920635
0.7682539682539683
0.6015873015873016
0.7083333333333334
0.46865079365079365
0.7515873015873016
0.8178571428571428
0.7742063492063492
0.7400793650793651
0.8916666666666667
0.6908730158730159
0.8456349206349206
0.9043650793650794
0.7825396825396825
0.8206349206349206
0.5480158730158731
0.7107142857142857
0.6464285714285715
0.7595238095238095
0.8111111111111111
0.7813492063492063
0.8226190476190476
0.8099206349206349
0.7817460317460317
0.6571428571428571
0.8896825396825396
0.21626984126984128
0.7626984126984127
0.7726190476190476
0.7297619047619047
0.6547619047619048
0.7932539682539682
0.7158730158730159
0.7841269841269841
0.7253968253968254
0.792063492063492
0.8246031746031746
0.7527777777777778
0.7980158730158731
0.7400793650793651
0.8047619047619048
0.8095238095238095
0.7968253968253968
0.7527777777777778
0.7468253968253968
0.6944444444444444
0.7888888888888889
0.8142857142857143
0.726984126984127
0.6944444444444444
0.7424603174603175
0.7626984126984127
0.5190476190476191
0.7773809523809524
0.775
0.6079365079365079
0.7142857142857143
0.8376984126984127
0.7523809523809524
0.8432539682539683
0.7853174603174603
0.7214285714285714
0.819047619047619
0.8146825396825397
0.805952380952381
0.8623015873015873
0.8115079365079365
0.7896825396825397
0.8083333333333333
0.692063492063492
0.7333333333333333
0.7634920634920634
0.8873015873015873
0.748015873015873
0.625
0.694047619047619
0.7428571428571429
0.8075396825396826
0.8234126984126984
0.7797619047619048
0.825
0.6837301587301587
0.8567460317460317
0.7198412698412698
0.6936507936507936
0.9166666666666666
0.7742063492063492
0.653968253968254
0.6912698412698413
0.8952380952380953
0.7829365079365079
0.7238095238095238
0.7543650793650793
0.678968253968254
0.753968253968254
0.7996031746031746
0.4853174603174603
0.817063492063492
0.9003968253968254
0.8496031746031746
0.746031746031746
0.7154761904761905
0.7428571428571429
0.7599206349206349
0.7781746031746032
0.8496031746031746
0.7821428571428571
0.8226190476190476
0.6392857142857142
0.8146825396825397
0.705952380952381
0.8305555555555556
0.6420634920634921
0.8031746031746032
0.7888888888888889
0.7440476190476191
0.8448412698412698
0.6817460317460318
0.46785714285714286
0.7976190476190477
0.7603174603174603
0.7400793650793651
0.8388888888888889
0.7492063492063492
0.8547619047619047
0.7682539682539683
0.7095238095238096
0.7456349206349207
0.7392857142857143
0.7662698412698413
0.7515873015873016
0.8634920634920635
0.7876984126984127
0.7007936507936507
0.8063492063492064
0.7087301587301588
0.6686507936507936
0.8575396825396825
0.7976190476190477
0.7722222222222223
0.7380952380952381
0.7841269841269841
0.8126984126984127
0.26666666666666666
0.8615079365079366
0.8087301587301587
0.6797619047619048
0.828968253968254
0.8297619047619048
0.8523809523809524
0.736904761904762
0.7781746031746032
0.7206349206349206
0.7511904761904762
0.7003968253968254
0.7646825396825396
0.7857142857142857
0.8646825396825397
0.7182539682539683
0.6972222222222222
0.6876984126984127
0.8126984126984127
0.7361111111111112
0.8468253968253968
0.848015873015873
0.7924603174603174
0.8896825396825396
0.6793650793650794
0.7428571428571429
0.7646825396825396
0.7396825396825397
0.7674603174603175
0.8535714285714285
0.8996031746031746
0.734920634920635
0.719047619047619
0.7297619047619047
0.85
0.823015873015873
0.6686507936507936
0.834920634920635
0.7238095238095238
0.6190476190476191
0.6511904761904762
0.8380952380952381
0.7297619047619047
0.6253968253968254
0.8238095238095238
0.6674603174603174
0.790079365079365
0.7218253968253968
0.6869047619047619
0.7150793650793651
0.6845238095238095
0.763095238095238
0.6646825396825397
0.7277777777777777
0.7019841269841269
0.7757936507936508
0.75
0.9273809523809524
0.7146825396825397
0.7396825396825397
0.7253968253968254
0.8047619047619048
0.43373015873015874
0.7055555555555556
0.801984126984127
0.7277777777777777
0.6781746031746032
0.6722222222222223
0.8202380952380952
0.7884920634920635
0.6956349206349206
0.6753968253968254
0.7392857142857143
0.7452380952380953
0.6599206349206349
0.6873015873015873
0.8694444444444445
0.8623015873015873
0.807936507936508
0.7194444444444444
0.8087301587301587
0.7964285714285714
0.7107142857142857
0.21984126984126984
0.828968253968254
0.7174603174603175
0.7337301587301587
0.8888888888888888
0.8746031746031746
0.7615079365079365
0.7496031746031746
0.5944444444444444
0.7936507936507936
0.6821428571428572
0.8658730158730159
0.5555555555555556
0.7785714285714286
0.7626984126984127
0.7785714285714286
0.6361111111111111
0.628968253968254
0.7063492063492064
0.7333333333333333
0.719047619047619
0.7400793650793651
0.8317460317460318
0.8162698412698413
0.7972222222222223
0.8142857142857143
0.8940476190476191
0.8253968253968254
0.7857142857142857
0.7325396825396825
0.7646825396825396
0.8138888888888889
0.8670634920634921
0.780952380952381
0.8198412698412698
0.7420634920634921
0.46904761904761905
0.6440476190476191
0.7634920634920634
0.7523809523809524
0.7980158730158731
0.7666666666666667
0.7865079365079365
0.7857142857142857
0.8138888888888889
0.7309523809523809
0.817063492063492
0.7555555555555555
0.6849206349206349
0.8452380952380952
0.8115079365079365
0.4936507936507937
0.8265873015873015
0.8293650793650794
0.8138888888888889
0.7305555555555555
0.7126984126984127
0.7468253968253968
0.7007936507936507
0.8908730158730159
0.6575396825396825
0.773015873015873
0.7702380952380953
0.8071428571428572
0.8738095238095238
0.8630952380952381
0.7559523809523809
0.832936507936508
0.8896825396825396
0.7742063492063492
0.7722222222222223
0.8055555555555556
0.5880952380952381
0.8738095238095238
0.8392857142857143
0.7027777777777777
0.8876984126984127
0.8496031746031746
0.9003968253968254
0.8154761904761905
0.7825396825396825
0.7285714285714285
0.8115079365079365
0.944047619047619
0.7337301587301587
0.8214285714285714
0.6912698412698413
0.8456349206349206
0.8011904761904762
0.7
0.7146825396825397
0.43333333333333335
0.7853174603174603
0.8226190476190476
0.7936507936507936
0.773015873015873
0.6833333333333333
0.7365079365079366
0.792063492063492
0.7980158730158731
0.6964285714285714
0.6162698412698413
0.8583333333333333
0.8341269841269842
0.7698412698412699
0.682936507936508
0.7202380952380952
0.8468253968253968
0.703968253968254
0.7246031746031746
0.7666666666666667
0.8444444444444444
0.8321428571428572
0.9174603174603174
0.7119047619047619
0.8742063492063492
0.7694444444444445
0.6746031746031746
0.628968253968254
0.7742063492063492
0.7869047619047619
0.834920634920635
0.7444444444444445
0.7285714285714285
0.8555555555555555
0.6595238095238095
0.7107142857142857
0.6484126984126984
0.7658730158730159
0.7761904761904762
0.6686507936507936
0.6726190476190477
0.7448412698412699
0.7325396825396825
0.6047619047619047
0.803968253968254
0.6797619047619048
0.8067460317460318
0.7194444444444444
0.6944444444444444
0.85
0.8095238095238095
0.8424603174603175
0.7579365079365079
0.7626984126984127
0.7071428571428572
0.7551587301587301
0.7579365079365079
0.6626984126984127
0.7924603174603174
0.7567460317460317
0.7388888888888889
0.7317460317460317
0.7531746031746032
0.6785714285714286
0.7563492063492063
0.6492063492063492
0.7146825396825397
0.7031746031746032
0.7805555555555556
0.7964285714285714
0.7043650793650794
0.8583333333333333
0.7313492063492063
0.780952380952381
0.6714285714285714
0.794047619047619
0.30277777777777776
0.8154761904761905
0.8595238095238096
0.6932539682539682
0.9154761904761904
0.8547619047619047
0.7444444444444445
0.7948412698412698
0.7277777777777777
0.8138888888888889
0.6912698412698413
0.8123015873015873
0.7420634920634921
0.7658730158730159
0.8718253968253968
0.780952380952381
0.7829365079365079
0.7087301587301588
0.778968253968254
0.7154761904761905
0.8107142857142857
0.6535714285714286
0.778968253968254
0.7019841269841269
0.6198412698412699
0.8353174603174603
0.8817460317460317
0.675
0.8821428571428571
0.671031746031746
0.6472222222222223
0.7019841269841269
0.6916666666666667
0.7956349206349206
0.830952380952381
0.723015873015873
0.6888888888888889
0.7420634920634921
0.7992063492063493
0.551984126984127
0.7591269841269841
0.7202380952380952
0.5079365079365079
0.7583333333333333
0.75
0.6059523809523809
0.8007936507936508
0.7551587301587301
0.6369047619047619
0.7781746031746032
0.8265873015873015
0.8892857142857142
0.790079365079365
0.85
0.8408730158730159
0.7146825396825397
0.7111111111111111
0.7583333333333333
0.11706349206349206
0.7345238095238096
0.8369047619047619
0.7317460317460317
0.8444444444444444
0.792063492063492
0.6376984126984127
0.8444444444444444
0.748015873015873
0.7071428571428572
0.8412698412698413
0.819047619047619
0.9079365079365079
0.7047619047619048
0.8345238095238096
0.653968253968254
0.7182539682539683
0.7380952380952381
0.8087301587301587
0.8575396825396825
0.7400793650793651
0.8365079365079365
0.8801587301587301
0.7829365079365079
0.8099206349206349
0.859920634920635
0.6944444444444444
0.7547619047619047
0.7206349206349206
0.8186507936507936
0.7400793650793651
0.6988095238095238
0.8269841269841269
0.8055555555555556
0.7376984126984127
0.7472222222222222
0.6178571428571429
0.8869047619047619
0.6730158730158731
0.7587301587301587
0.7801587301587302
0.7555555555555555
0.7273809523809524
0.6869047619047619
0.9007936507936508
0.7293650793650793
0.7257936507936508
0.8027777777777778
0.7261904761904762
0.736904761904762
0.8119047619047619
0.8646825396825397
0.6408730158730159
0.7801587301587302
0.7805555555555556
0.7400793650793651
0.726984126984127
0.6948412698412698
0.6563492063492063
0.7626984126984127
0.7337301587301587
0.7472222222222222
0.6714285714285714
0.7980158730158731
0.8575396825396825
0.7353174603174604
0.8031746031746032
0.7861111111111111
0.45674603174603173
0.8373015873015873
0.7571428571428571
0.7896825396825397
0.8003968253968254
0.8821428571428571
0.7075396825396826
0.5547619047619048
0.7964285714285714
0.7845238095238095
0.7015873015873015
0.6468253968253969
0.8507936507936508
0.746031746031746
0.7619047619047619
0.6880952380952381
0.7202380952380952
0.7682539682539683
0.7619047619047619
0.7218253968253968
0.6265873015873016
0.7273809523809524
0.7654761904761904
0.8361111111111111
0.8285714285714286
0.8595238095238096
0.8218253968253968
0.7424603174603175
0.7595238095238095
0.7817460317460317
0.609920634920635
0.7031746031746032
0.6988095238095238
0.6996031746031746
0.7980158730158731
0.6952380952380952
0.765079365079365
0.8369047619047619
0.7238095238095238
0.7944444444444444
0.8468253968253968
0.7841269841269841
0.7273809523809524
0.8071428571428572
0.7984126984126985
0.6861111111111111
0.7341269841269841
0.6523809523809524
0.7710317460317461
0.8583333333333333
0.8107142857142857
0.11071428571428571
0.819047619047619
0.805952380952381
0.8753968253968254
0.7611111111111111
0.7496031746031746
0.8444444444444444
0.8464285714285714
0.7031746031746032
0.7476190476190476
0.6912698412698413
0.8285714285714286
0.7662698412698413
0.623015873015873
0.8047619047619048
0.6623015873015873
0.8551587301587301
0.6821428571428572
0.48095238095238096
0.7317460317460317
0.8932539682539683
0.7095238095238096
0.6634920634920635
0.8174603174603174
0.6849206349206349
0.7706349206349207
0.8047619047619048
0.7880952380952381
0.6936507936507936
0.7119047619047619
0.8226190476190476
0.8297619047619048
0.9214285714285714
0.48928571428571427
0.8357142857142857
0.7753968253968254
0.8095238095238095
0.692063492063492
0.8345238095238096
0.7563492063492063
0.7162698412698413
0.7607142857142857
0.7492063492063492
0.7829365079365079
0.7380952380952381
0.7646825396825396
0.7448412698412699
0.7226190476190476
0.8333333333333334
0.7313492063492063
0.8257936507936507
0.8047619047619048
0.75
0.6992063492063492
0.7468253968253968
0.8150793650793651
0.7662698412698413
0.7698412698412699
0.7793650793650794
0.598015873015873
0.7916666666666666
0.7952380952380952
0.7718253968253969
0.7309523809523809
0.7345238095238096
0.7329365079365079
0.7833333333333333
0.7928571428571428
0.7912698412698412
0.7031746031746032
0.7468253968253968
0.7583333333333333
0.6194444444444445
0.8007936507936508
0.7150793650793651
0.8111111111111111
0.7884920634920635
0.6781746031746032
0.5873015873015873
0.7761904761904762
0.848015873015873
0.7234126984126984
0.848015873015873
0.7424603174603175
0.7698412698412699
0.5138888888888888
0.7876984126984127
0.7428571428571429
0.7507936507936508
0.780952380952381
0.7726190476190476
0.7742063492063492
0.7706349206349207
0.8031746031746032
0.4218253968253968
0.8119047619047619
0.7654761904761904
0.6234126984126984
0.7865079365079365
0.8408730158730159
0.6916666666666667
0.7892857142857143
0.7218253968253968
0.926984126984127
0.8523809523809524
0.8369047619047619
0.7888888888888889
0.6805555555555556
0.8567460317460317
0.7365079365079366
0.6912698412698413
0.6603174603174603
0.6646825396825397
0.7738095238095238
0.8738095238095238
0.8238095238095238
0.7119047619047619
0.6726190476190477
0.7646825396825396
0.734920634920635
0.7952380952380952
0.7686507936507937
0.7301587301587301
0.6424603174603175
0.8047619047619048
0.7361111111111112
0.6876984126984127
0.8281746031746032
0.7444444444444445
0.6928571428571428
0.8218253968253968
0.7
0.8865079365079365
0.7396825396825397
0.830952380952381
0.7067460317460318
0.8873015873015873
0.7115079365079365
0.7738095238095238
0.7817460317460317
0.8126984126984127
0.6865079365079365
0.5373015873015873
0.8202380952380952
0.7976190476190477
0.680952380952381
0.6698412698412698
0.7583333333333333
0.6714285714285714
0.7186507936507937
0.746031746031746
0.6011904761904762
0.8007936507936508
0.7515873015873016
0.6976190476190476
0.7869047619047619
0.8281746031746032
0.8321428571428572
0.830952380952381
0.698015873015873
0.4658730158730159
0.7150793650793651
0.8007936507936508
0.7607142857142857
0.4023809523809524
0.7492063492063492
0.7654761904761904
0.7492063492063492
0.775
0.2920634920634921
0.7880952380952381
0.6305555555555555
0.6436507936507937
0.8694444444444445
0.751984126984127
0.7265873015873016
0.7325396825396825
0.8003968253968254
0.7567460317460317
0.7523809523809524
0.8134920634920635
0.7130952380952381
0.8634920634920635
0.7150793650793651
0.8408730158730159
0.8015873015873016
0.0988095238095238
0.7714285714285715
0.7726190476190476
0.7773809523809524
0.703968253968254
0.7765873015873016
0.8226190476190476
0.6924603174603174
0.7543650793650793
0.734920634920635
0.7583333333333333
0.6996031746031746
0.8539682539682539
0.7742063492063492
0.8432539682539683
0.6535714285714286
0.7964285714285714
0.7936507936507936
0.844047619047619
0.75
0.7380952380952381
0.725
0.7031746031746032
0.7932539682539682
0.6888888888888889
0.773015873015873
0.6892857142857143
0.6821428571428572
0.753968253968254
0.7579365079365079
0.801984126984127
0.8055555555555556
0.7075396825396826
0.8916666666666667
0.7547619047619047
0.8674603174603175
0.7801587301587302
0.8539682539682539
0.4170634920634921
0.6976190476190476
0.7325396825396825
0.7849206349206349
0.8408730158730159
0.8126984126984127
0.7904761904761904
0.7595238095238095
0.7980158730158731
0.7103174603174603
0.7547619047619047
0.6734126984126985
0.7849206349206349
0.6198412698412699
0.7035714285714286
0.8218253968253968
0.7972222222222223
0.8186507936507936
0.7325396825396825
0.8206349206349206
0.8646825396825397
0.707936507936508
0.828968253968254
0.7873015873015873
0.5912698412698413
0.817063492063492
0.6884920634920635
0.765079365079365
0.7440476190476191
0.7817460317460317
0.825
0.6638888888888889
0.6912698412698413
0.773015873015873
0.7444444444444445
0.7742063492063492
0.7746031746031746
0.6892857142857143
0.8003968253968254
0.8515873015873016
0.7956349206349206
0.8940476190476191
0.8103174603174603
0.8761904761904762
0.8638888888888889
0.7305555555555555
0.723015873015873
0.819047619047619
0.7936507936507936
0.7
0.6730158730158731
0.7206349206349206
0.7876984126984127
0.7936507936507936
0.7837301587301587
0.8543650793650793
0.7027777777777777
0.8107142857142857
0.8428571428571429
0.6587301587301587
0.7619047619047619
0.6091269841269841
0.7198412698412698
0.7357142857142858
0.803968253968254
0.6555555555555556
0.6150793650793651
0.7555555555555555
0.8365079365079365
0.8539682539682539
0.7734126984126984
0.5726190476190476
0.6984126984126984
0.726984126984127
0.6742063492063493
0.6837301587301587
0.7317460317460317
0.8142857142857143
0.6496031746031746
0.7714285714285715
0.6535714285714286
0.451984126984127
0.7880952380952381
0.7944444444444444
0.7297619047619047
0.7734126984126984
0.8662698412698413
0.38015873015873014
0.6440476190476191
0.7853174603174603
0.6277777777777778
0.8091269841269841
0.8150793650793651
0.6876984126984127
0.503968253968254
0.7281746031746031
0.8095238095238095
0.85
0.7329365079365079
0.7376984126984127
0.665079365079365
0.7948412698412698
0.7412698412698413
0.8111111111111111
0.7642857142857142
0.8992063492063492
0.7773809523809524
0.8162698412698413
0.8198412698412698
0.7464285714285714
0.7488095238095238
0.773015873015873
0.7591269841269841
0.5765873015873015
0.13333333333333333
0.7309523809523809
0.9202380952380952
0.7476190476190476
0.778968253968254
0.7813492063492063
0.8138888888888889
0.7488095238095238
0.7623015873015873
0.803968253968254
0.7559523809523809
0.7666666666666667
0.7325396825396825
0.6511904761904762
0.6761904761904762
0.7797619047619048
0.7587301587301587
0.7496031746031746
0.7587301587301587
0.8357142857142857
0.7361111111111112
0.7813492063492063
0.6464285714285715
0.7555555555555555
0.6996031746031746
0.7265873015873016
0.7841269841269841
0.7623015873015873
0.807936507936508
0.6948412698412698
0.14126984126984127
0.7174603174603175
0.7265873015873016
0.10634920634920635
0.765079365079365
0.7214285714285714
0.734920634920635
0.726984126984127
0.734920634920635
0.680952380952381
0.8154761904761905
0.7888888888888889
0.8166666666666667
0.7115079365079365
0.7031746031746032
0.6226190476190476
0.6226190476190476
0.7599206349206349
0.7797619047619048
0.8567460317460317
0.819047619047619
0.7503968253968254
0.7932539682539682
0.8313492063492064
0.7988095238095239
0.7753968253968254
0.830952380952381
0.8595238095238096
0.8841269841269841
0.8988095238095238
0.8146825396825397
0.7111111111111111
0.8198412698412698
0.5226190476190476
0.7742063492063492
0.7531746031746032
0.7424603174603175
0.8301587301587302
0.6388888888888888
0.7896825396825397
0.8829365079365079
0.7976190476190477
0.8634920634920635
0.6853174603174603
0.8472222222222222
0.7341269841269841
0.7051587301587302
0.7246031746031746
0.8111111111111111
0.7341269841269841
0.41785714285714287
0.8392857142857143
0.8523809523809524
0.7543650793650793
0.8119047619047619
0.8123015873015873
0.7936507936507936
0.5662698412698413
0.7138888888888889
0.8714285714285714
0.7746031746031746
0.7837301587301587
0.8015873015873016
0.5662698412698413
0.773015873015873
0.7373015873015873
0.7773809523809524
0.8365079365079365
0.6599206349206349
0.5146825396825396
0.6793650793650794
0.8206349206349206
0.7373015873015873
0.8940476190476191
0.7734126984126984
0.8269841269841269
0.6968253968253968
0.638095238095238
0.7150793650793651
0.7067460317460318
0.734920634920635
0.7146825396825397
0.7777777777777778
0.7511904761904762
0.8027777777777778
0.7119047619047619
0.8972222222222223
0.7091269841269842
0.6924603174603174
0.5527777777777778
0.8678571428571429
0.7178571428571429
0.7146825396825397
0.7488095238095238
0.7527777777777778
0.7873015873015873
0.7658730158730159
0.8087301587301587
0.8428571428571429
0.8388888888888889
0.8325396825396826
0.8146825396825397
0.7091269841269842
0.6976190476190476
0.8694444444444445
0.8948412698412699
0.7309523809523809
0.7746031746031746
0.8
0.7476190476190476
0.7515873015873016
0.6817460317460318
0.6468253968253969
0.8234126984126984
0.8515873015873016
0.5825396825396826
0.7150793650793651
0.7373015873015873
0.796031746031746
0.8353174603174603
0.7456349206349207
0.8234126984126984
0.7714285714285715
0.6757936507936508
0.6194444444444445
0.7218253968253968
0.7642857142857142
0.7341269841269841
0.7087301587301588
0.7091269841269842
0.7083333333333334
0.7107142857142857
0.7464285714285714
0.7980158730158731
0.8063492063492064
0.8496031746031746
0.8301587301587302
0.6420634920634921
0.8222222222222222
0.6345238095238095
0.7289682539682539
0.5384920634920635
0.7583333333333333
0.780952380952381
0.7742063492063492
0.8376984126984127
0.6531746031746032
0.7424603174603175
0.6507936507936508
0.9051587301587302
0.7420634920634921
0.7742063492063492
0.7829365079365079
0.7150793650793651
0.8206349206349206
0.7357142857142858
0.7182539682539683
0.8825396825396825
0.6876984126984127
0.8376984126984127
0.9317460317460318
0.7261904761904762
0.6662698412698412
0.7765873015873016
0.7464285714285714
0.698015873015873
0.4448412698412698
0.898015873015873
0.7511904761904762
0.7091269841269842
0.7833333333333333
0.6904761904761905
0.7138888888888889
0.8222222222222222
0.7980158730158731
0.8333333333333334
0.5222222222222223
0.7111111111111111
0.9035714285714286
0.7845238095238095
0.8198412698412698
0.7666666666666667
0.7825396825396825
0.7265873015873016
0.8261904761904761
0.5063492063492063
0.7103174603174603
0.6186507936507937
0.873015873015873
0.7678571428571429
0.7257936507936508
0.6277777777777778
0.6666666666666666
0.6777777777777778
0.7265873015873016
0.8103174603174603
0.7035714285714286
0.8218253968253968
0.775
0.6726190476190477
0.7015873015873015
0.6079365079365079
0.8555555555555555
0.7690476190476191
0.6706349206349206
0.6813492063492064
0.8253968253968254
0.7710317460317461
0.8071428571428572
0.7603174603174603
0.8246031746031746
0.8091269841269841
0.825
0.861904761904762
0.8238095238095238
0.6916666666666667
0.7194444444444444
0.7996031746031746
0.7444444444444445
0.8690476190476191
0.28214285714285714
0.5277777777777778
0.6563492063492063
0.8821428571428571
0.7202380952380952
0.8035714285714286
0.5468253968253968
0.7436507936507937
0.7674603174603175
0.8138888888888889
0.9218253968253968
0.7841269841269841
0.6698412698412698
0.6817460317460318
0.8797619047619047
0.7575396825396825
0.7714285714285715
0.7996031746031746
0.7642857142857142
0.5761904761904761
0.75
0.8123015873015873
0.7365079365079366
0.7646825396825396
0.7654761904761904
0.7214285714285714
0.8123015873015873
0.7634920634920634
0.719047619047619
0.7158730158730159
0.8293650793650794
0.7944444444444444
0.7781746031746032
0.8448412698412698
0.7130952380952381
0.7198412698412698
0.6579365079365079
0.773015873015873
0.734920634920635
0.7876984126984127
0.7952380952380952
0.5694444444444444
0.7432539682539683
0.796031746031746
0.8337301587301588
0.8547619047619047
0.7063492063492064
0.7531746031746032
0.748015873015873
0.5515873015873016
0.49126984126984125
0.832936507936508
0.8083333333333333
0.6357142857142857
0.7857142857142857
0.7773809523809524
0.7658730158730159
0.8345238095238096
0.6932539682539682
0.7543650793650793
0.8095238095238095
0.8198412698412698
0.601984126984127
0.6944444444444444
0.7043650793650794
0.830952380952381
0.8472222222222222
0.7575396825396825
0.7805555555555556
0.7281746031746031
0.723015873015873
0.4726190476190476
0.8277777777777777
0.6761904761904762
0.7123015873015873
0.85
0.8448412698412698
0.6531746031746032
0.7297619047619047
0.8277777777777777
0.8242063492063492
0.5182539682539683
0.723015873015873
0.8297619047619048
0.8130952380952381
0.8003968253968254
0.5099206349206349
0.7992063492063493
0.5265873015873016
0.6916666666666667
0.7138888888888889
0.4583333333333333
0.7551587301587301
0.7785714285714286
0.8567460317460317
0.48928571428571427
0.8400793650793651
0.8527777777777777
0.8642857142857143
0.8178571428571428
0.7956349206349206
0.8265873015873015
0.8317460317460318
0.790079365079365
0.8662698412698413
0.848015873015873
0.8563492063492063
0.8305555555555556
0.821031746031746
0.7357142857142858
0.8638888888888889
0.7928571428571428
0.7805555555555556
0.8357142857142857
0.6583333333333333
0.8091269841269841
0.8456349206349206
0.7694444444444445
0.8218253968253968
0.8103174603174603
0.6888888888888889
0.8773809523809524
0.7928571428571428
0.8488095238095238
0.8468253968253968
0.8638888888888889
0.7801587301587302
0.7710317460317461
0.7492063492063492
0.4845238095238095
0.8511904761904762
0.6682539682539682
0.7428571428571429
0.8726190476190476
0.8357142857142857
0.7341269841269841
0.5916666666666667
0.75
0.8313492063492064
0.8972222222222223
0.7488095238095238
0.6876984126984127
0.7646825396825396
0.7996031746031746
0.8611111111111112
0.7051587301587302
0.2698412698412698
0.780952380952381
0.7075396825396826
0.7503968253968254
0.7873015873015873
0.7646825396825396
0.6031746031746031
0.859920634920635
0.7674603174603175
0.696031746031746
0.6067460317460317
0.7765873015873016
0.6238095238095238
0.7543650793650793
0.7468253968253968
0.721031746031746
0.6702380952380952
0.8694444444444445
0.671031746031746
0.7674603174603175
0.6686507936507936
0.7626984126984127
0.676984126984127
0.6761904761904762
0.5698412698412698
0.8511904761904762
0.8337301587301588
0.8305555555555556
0.8182539682539682
0.7944444444444444
0.9071428571428571
0.7726190476190476
0.6373015873015873
0.7773809523809524
0.8857142857142857
0.8111111111111111
0.7690476190476191
0.7198412698412698
0.7559523809523809
0.6583333333333333
0.6222222222222222
0.7444444444444445
0.7289682539682539
0.7710317460317461
0.8380952380952381
0.8154761904761905
0.773015873015873
0.6567460317460317
0.7380952380952381
0.676984126984127
0.7805555555555556
0.8269841269841269
0.794047619047619
0.7428571428571429
0.792063492063492
0.7178571428571429
0.7821428571428571
0.8341269841269842
0.763095238095238
0.7623015873015873
0.7797619047619048
0.7777777777777778
0.7888888888888889
0.7440476190476191
0.763095238095238
0.8682539682539683
0.7936507936507936
0.8678571428571429
0.8150793650793651
0.7178571428571429
0.5865079365079365
0.7928571428571428
0.780952380952381
0.4373015873015873
0.7793650793650794
0.7063492063492064
0.8960317460317461
0.8369047619047619
0.8436507936507937
0.8226190476190476
0.7936507936507936
0.8087301587301587
0.7964285714285714
0.736904761904762
0.7007936507936507
0.7023809523809523
0.7503968253968254
0.7746031746031746
0.8234126984126984
0.7353174603174604
0.7833333333333333
0.7297619047619047
0.7488095238095238
0.6722222222222223
0.6892857142857143
0.7595238095238095
0.7976190476190477
0.7793650793650794
0.5095238095238095
0.7452380952380953
0.721031746031746
0.7154761904761905
0.6392857142857142
0.5206349206349207
0.8432539682539683
0.8238095238095238
0.8404761904761905
0.7353174603174604
0.8007936507936508
0.678968253968254
0.7686507936507937
0.7103174603174603
0.7567460317460317
0.8182539682539682
0.7543650793650793
0.8111111111111111
0.7587301587301587
0.6821428571428572
0.7440476190476191
0.7916666666666666
0.6734126984126985
0.796031746031746
0.7591269841269841
0.4924603174603175
0.7654761904761904
0.5369047619047619
0.8277777777777777
0.7146825396825397
0.8134920634920635
0.8150793650793651
0.6011904761904762
0.7182539682539683
0.7908730158730158
0.6873015873015873
0.7488095238095238
0.8809523809523809
0.9027777777777778
0.8075396825396826
0.817063492063492
0.8313492063492064
0.8857142857142857
0.6682539682539682
0.734920634920635
0.7515873015873016
0.5785714285714286
0.7388888888888889
0.7670634920634921
0.6853174603174603
0.7281746031746031
0.7023809523809523
0.8734126984126984
0.8107142857142857
0.763095238095238
0.8214285714285714
0.7579365079365079
0.8043650793650794
0.7948412698412698
0.796031746031746
0.773015873015873
0.6682539682539682
0.8674603174603175
0.8384920634920635
0.7845238095238095
0.7158730158730159
0.7456349206349207
0.6984126984126984
0.44087301587301586
0.7428571428571429
0.7253968253968254
0.7626984126984127
0.6369047619047619
0.8130952380952381
0.6869047619047619
0.7515873015873016
0.7301587301587301
0.8305555555555556
0.6432539682539683
0.5202380952380953
0.6702380952380952
0.8150793650793651
0.7444444444444445
0.7821428571428571
0.8186507936507936
0.703968253968254
0.7031746031746032
0.7186507936507937
0.7408730158730159
0.834920634920635
0.7492063492063492
0.8654761904761905
0.7218253968253968
0.7194444444444444
0.7849206349206349
0.8099206349206349
0.4932539682539683
0.794047619047619
0.8384920634920635
0.7841269841269841
0.2261904761904762
0.7226190476190476
0.7222222222222222
0.7138888888888889
0.8261904761904761
0.7130952380952381
0.7666666666666667
0.8198412698412698
0.7674603174603175
0.7194444444444444
0.8773809523809524
0.7670634920634921
0.43174603174603177
0.7777777777777778
0.7880952380952381
0.7234126984126984
0.7376984126984127
0.7142857142857143
0.7873015873015873
0.7507936507936508
0.726984126984127
0.7734126984126984
0.830952380952381
0.805952380952381
0.8087301587301587
0.9107142857142857
0.6932539682539682
0.7317460317460317
0.7710317460317461
0.9007936507936508
0.828968253968254
0.6853174603174603
0.8130952380952381
0.8507936507936508
0.8734126984126984
0.748015873015873
0.7972222222222223
0.8361111111111111
0.7027777777777777
0.7226190476190476
0.7361111111111112
0.6448412698412699
0.7742063492063492
0.8261904761904761
0.7365079365079366
0.8686507936507937
0.6472222222222223
0.8884920634920634
0.46190476190476193
0.75
0.7607142857142857
0.8559523809523809
0.7444444444444445
0.8380952380952381
0.7333333333333333
0.6623015873015873
0.7833333333333333
0.6869047619047619
0.8031746031746032
0.707936507936508
0.8948412698412699
0.6674603174603174
0.7273809523809524
0.7408730158730159
0.6900793650793651
0.5928571428571429
0.8563492063492063
0.6376984126984127
0.28134920634920635
0.676984126984127
0.7968253968253968
0.807936507936508
0.8174603174603174
0.8551587301587301
0.7051587301587302
0.7638888888888888
0.7555555555555555
0.8384920634920635
0.7408730158730159
0.8626984126984127
0.8376984126984127
0.7785714285714286
0.7646825396825396
0.8642857142857143
0.6706349206349206
0.817063492063492
0.7305555555555555
0.6857142857142857
0.7670634920634921
0.5301587301587302
0.7884920634920635
0.790079365079365
0.7765873015873016
0.8924603174603175
0.7873015873015873
0.8428571428571429
0.8678571428571429
0.8972222222222223
0.7904761904761904
0.8253968253968254
0.8761904761904762
0.8293650793650794
0.6031746031746031
0.7797619047619048
0.7948412698412698
0.8873015873015873
0.7682539682539683
0.7003968253968254
0.8166666666666667
0.8468253968253968
0.7309523809523809
0.8527777777777777
0.6861111111111111
0.7134920634920635
0.6452380952380953
0.7623015873015873
0.6531746031746032
0.7420634920634921
0.675
0.7694444444444445
0.7329365079365079
0.8063492063492064
0.6738095238095239
0.6694444444444444
0.7345238095238096
0.6448412698412699
0.8452380952380952
0.8166666666666667
0.8444444444444444
0.8587301587301587
0.751984126984127
0.8559523809523809
0.7654761904761904
0.8162698412698413
0.719047619047619
0.7996031746031746
0.7392857142857143
0.7662698412698413
0.7658730158730159
0.7329365079365079
0.6638888888888889
0.8682539682539683
0.7642857142857142
0.8257936507936507
0.7496031746031746
0.8003968253968254
0.7285714285714285
0.7968253968253968
0.8626984126984127
0.7988095238095239
0.7
0.8472222222222222
0.11150793650793651
0.7035714285714286
0.7158730158730159
0.8634920634920635
0.7746031746031746
0.6964285714285714
0.7067460317460318
0.7376984126984127
0.7384920634920635
0.65
0.6777777777777778
0.796031746031746
0.7551587301587301
0.7011904761904761
0.7571428571428571
0.778968253968254
0.8003968253968254
0.8531746031746031
0.9138888888888889
0.7515873015873016
0.7964285714285714
0.698015873015873
0.6047619047619047
0.8472222222222222
0.6924603174603174
0.8964285714285715
0.821031746031746
0.7837301587301587
0.7615079365079365
0.8793650793650793
0.7361111111111112
0.6674603174603174
0.8511904761904762
0.794047619047619
0.7670634920634921
0.7115079365079365
0.8484126984126984
0.7559523809523809
0.8666666666666667
0.7003968253968254
0.790079365079365
0.705952380952381
0.7488095238095238
0.7182539682539683
0.6992063492063492
0.7682539682539683
0.7980158730158731
0.8341269841269842
0.6968253968253968
0.7829365079365079
0.7047619047619048
0.792063492063492
0.7706349206349207
0.773015873015873
0.7416666666666667
0.8194444444444444
0.8003968253968254
0.8539682539682539
0.7408730158730159
0.7222222222222222
0.7638888888888888
0.7888888888888889
0.8123015873015873
0.8222222222222222
0.7845238095238095
0.7178571428571429
0.763095238095238
0.9031746031746032
0.8099206349206349
0.8027777777777778
0.7523809523809524
0.7722222222222223
0.7686507936507937
0.8107142857142857
0.8202380952380952
0.8007936507936508
0.8575396825396825
0.8313492063492064
0.7234126984126984
0.8603174603174604
0.7678571428571429
0.821031746031746
0.707936507936508
0.7623015873015873
0.8301587301587302
0.8126984126984127
0.8158730158730159
0.6972222222222222
0.8138888888888889
0.7817460317460317
0.7904761904761904
0.7619047619047619
0.6932539682539682
0.8845238095238095
0.7698412698412699
0.7297619047619047
0.7837301587301587
0.8051587301587302
0.8218253968253968
0.8067460317460318
0.753968253968254
0.7392857142857143
0.7515873015873016
0.7146825396825397
0.6734126984126985
0.8448412698412698
0.6257936507936508
0.8714285714285714
0.8587301587301587
0.7773809523809524
0.705952380952381
0.6984126984126984
0.8365079365079365
0.6944444444444444
0.7452380952380953
0.6718253968253968
0.8257936507936507
0.7531746031746032
0.8583333333333333
0.805952380952381
0.694047619047619
0.9011904761904762
0.7384920634920635
0.7861111111111111
0.7988095238095239
0.8702380952380953
0.7638888888888888
0.6432539682539683
0.8186507936507936
0.7206349206349206
0.7670634920634921
0.778968253968254
0.7634920634920634
0.8222222222222222
0.8408730158730159
0.8920634920634921
0.6908730158730159
0.6825396825396826
0.6825396825396826
0.7345238095238096
0.8246031746031746
0.6988095238095238
0.8817460317460317
0.7603174603174603
0.7948412698412698
0.7793650793650794
0.8527777777777777
0.7222222222222222
0.7936507936507936
0.7626984126984127
0.8115079365079365
0.75
0.7126984126984127
0.7916666666666666
0.7404761904761905
0.7198412698412698
0.8686507936507937
0.7734126984126984
0.7619047619047619
0.7746031746031746
0.8150793650793651
0.861904761904762
0.7654761904761904
0.7845238095238095
0.6924603174603174
0.8876984126984127
0.805952380952381
0.8035714285714286
0.832936507936508
0.7202380952380952
0.7297619047619047
0.7551587301587301
0.6523809523809524
0.6869047619047619
0.6753968253968254
0.6611111111111111
0.7813492063492063
0.8916666666666667
0.7579365079365079
0.823015873015873
0.7722222222222223
0.7634920634920634
0.8023809523809524
0.7753968253968254
0.8130952380952381
0.844047619047619
0.7503968253968254
0.6972222222222222
0.817063492063492
0.26706349206349206
0.8083333333333333
0.8424603174603175
0.8920634920634921
0.7503968253968254
0.8337301587301588
0.775
0.7984126984126985
0.6392857142857142
0.7019841269841269
0.8234126984126984
0.7011904761904761
0.7781746031746032
0.748015873015873
0.6869047619047619
0.7186507936507937
0.7825396825396825
0.8448412698412698
0.753968253968254
0.7912698412698412
0.7992063492063493
0.7492063492063492
0.8809523809523809
0.7666666666666667
0.7103174603174603
0.5968253968253968
0.7293650793650793
0.7670634920634921
0.8317460317460318
0.6674603174603174
0.6591269841269841
0.8265873015873015
0.6992063492063492
0.8238095238095238
0.8634920634920635
0.6722222222222223
0.6876984126984127
0.7452380952380953
0.7797619047619048
0.7722222222222223
0.8353174603174603
0.2222222222222222
0.7511904761904762
0.7035714285714286
0.8615079365079366
0.7015873015873015
0.8242063492063492
0.8142857142857143
0.7892857142857143
0.8436507936507937
0.8154761904761905
0.675
0.13214285714285715
0.8107142857142857
0.8896825396825396
0.8365079365079365
0.7055555555555556
0.8781746031746032
0.8361111111111111
0.6599206349206349
0.669047619047619
0.7527777777777778
0.7476190476190476
0.5873015873015873
0.8003968253968254
0.611904761904762
0.5769841269841269
0.7849206349206349
0.746031746031746
0.7932539682539682
0.26666666666666666
0.6646825396825397
0.817063492063492
0.707936507936508
0.7277777777777777
0.7638888888888888
0.675
0.7015873015873015
0.7642857142857142
0.7242063492063492
0.6869047619047619
0.7797619047619048
0.7595238095238095
0.8126984126984127
0.7527777777777778
0.8511904761904762
0.7003968253968254
0.6142857142857143
0.8273809523809523
0.7829365079365079
0.6658730158730158
0.7948412698412698
0.6801587301587302
0.6702380952380952
0.7559523809523809
0.7797619047619048
0.773015873015873
0.7218253968253968
0.8134920634920635
0.7531746031746032
0.8321428571428572
0.807936507936508
0.7412698412698413
0.7992063492063493
0.8091269841269841
0.6551587301587302
0.6265873015873016
0.7162698412698413
0.7738095238095238
0.7952380952380952
0.8333333333333334
0.6698412698412698
0.846031746031746
0.8111111111111111
0.6515873015873016
0.7492063492063492
0.823015873015873
0.8380952380952381
0.7083333333333334
0.7765873015873016
0.6952380952380952
0.7246031746031746
0.8134920634920635
0.7535714285714286
0.6682539682539682
0.6908730158730159
0.7238095238095238
0.8055555555555556
0.4238095238095238
0.8035714285714286
0.7384920634920635
0.7011904761904761
0.8678571428571429
0.6531746031746032
0.7658730158730159
0.7908730158730158
0.7615079365079365
0.7273809523809524
0.7706349206349207
0.7353174603174604
0.6972222222222222
0.8194444444444444
0.8174603174603174
0.8297619047619048
0.694047619047619
0.7634920634920634
0.6674603174603174
0.7634920634920634
0.7091269841269842
0.8396825396825397
0.6702380952380952
0.8067460317460318
0.8214285714285714
0.7964285714285714
0.7531746031746032
0.7412698412698413
0.7821428571428571
0.7055555555555556
0.7396825396825397
0.8138888888888889
0.751984126984127
0.8920634920634921
0.859920634920635
0.7837301587301587
0.625
0.8115079365079365
0.7634920634920634
0.7813492063492063
0.8484126984126984
0.8753968253968254
0.8087301587301587
0.7333333333333333
0.6551587301587302
0.7746031746031746
0.7531746031746032
0.8119047619047619
0.6777777777777778
0.7968253968253968
0.8317460317460318
0.6734126984126985
0.8142857142857143
0.7535714285714286
0.8047619047619048
0.6361111111111111
0.6773809523809524
0.6952380952380952
0.8468253968253968
0.8392857142857143
0.7404761904761905
0.803968253968254
0.7476190476190476
0.5174603174603175
0.8134920634920635
0.8928571428571429
0.719047619047619
0.7666666666666667
0.7579365079365079
0.9075396825396825
0.6666666666666666
0.7452380952380953
0.7932539682539682
0.775
0.8182539682539682
0.794047619047619
0.7194444444444444
0.7257936507936508
0.7400793650793651
0.6674603174603174
0.7507936507936508
0.830952380952381
0.7432539682539683
0.8392857142857143
0.8063492063492064
0.7170634920634921
0.8253968253968254
0.7253968253968254
0.6781746031746032
0.7837301587301587
0.7583333333333333
0.7944444444444444
0.8103174603174603
0.7305555555555555
0.7670634920634921
0.7412698412698413
0.8924603174603175
0.7289682539682539
0.8988095238095238
0.7642857142857142
0.6277777777777778
0.8297619047619048
0.6492063492063492
0.7277777777777777
0.6876984126984127
0.7567460317460317
0.7837301587301587
0.8265873015873015
0.6912698412698413
0.888095238095238
0.6317460317460317
0.8436507936507937
0.8206349206349206
0.8130952380952381
0.6996031746031746
0.7107142857142857
0.7003968253968254
0.7146825396825397
0.4746031746031746
0.7432539682539683
0.8111111111111111
0.6908730158730159
0.7849206349206349
0.640079365079365
0.7785714285714286
0.8603174603174604
0.6753968253968254
0.7428571428571429
0.7599206349206349
0.22341269841269842
0.6357142857142857
0.8087301587301587
0.875
0.9
0.6988095238095238
0.8222222222222222
0.8186507936507936
0.7956349206349206
0.6932539682539682
0.7019841269841269
0.7384920634920635
0.7702380952380953
0.6888888888888889
0.7138888888888889
0.8503968253968254
0.7904761904761904
0.6662698412698412
0.9277777777777778
0.7277777777777777
0.8674603174603175
0.7865079365079365
0.7916666666666666
0.7678571428571429
0.7690476190476191
0.6742063492063493
0.8162698412698413
0.796031746031746
0.6880952380952381
0.7666666666666667
0.75
0.6551587301587302
0.7623015873015873
0.7321428571428571
0.6972222222222222
0.7690476190476191
0.7162698412698413
0.65
0.7043650793650794
0.709920634920635
0.8626984126984127
0.7488095238095238
0.6932539682539682
0.921031746031746
0.85
0.8246031746031746
0.9075396825396825
0.8928571428571429
0.692063492063492
0.8107142857142857
0.830952380952381
0.7289682539682539
0.8313492063492064
0.7484126984126984
0.7345238095238096
0.7579365079365079
0.7571428571428571
0.876984126984127
0.8214285714285714
0.676984126984127
0.7325396825396825
0.817063492063492
0.7067460317460318
0.7234126984126984
0.726984126984127
0.7829365079365079
0.7884920634920635
0.828968253968254
0.8031746031746032
0.6813492063492064
0.8206349206349206
0.8345238095238096
0.6682539682539682
0.7158730158730159
0.7238095238095238
0.7396825396825397
0.6908730158730159
0.6567460317460317
0.6976190476190476
0.7587301587301587
0.8892857142857142
0.7837301587301587
0.2496031746031746
0.7384920634920635
0.8936507936507937
0.725
0.9496031746031746
0.7587301587301587
0.7242063492063492
0.8067460317460318
0.7162698412698413
0.6948412698412698
0.7353174603174604
0.725
0.7964285714285714
0.7948412698412698
0.8373015873015873
0.6527777777777778
0.8809523809523809
0.6805555555555556
0.832936507936508
0.7416666666666667
0.7896825396825397
0.8527777777777777
0.7507936507936508
0.7234126984126984
0.7365079365079366
0.6702380952380952
0.544047619047619
0.8583333333333333
0.680952380952381
0.5238095238095238
0.640079365079365
0.703968253968254
0.8476190476190476
0.7261904761904762
0.6492063492063492
0.48928571428571427
0.7420634920634921
0.734920634920635
0.5865079365079365
0.7492063492063492
0.6460317460317461
0.8178571428571428
0.8424603174603175
0.6642857142857143
0.45555555555555555
0.7444444444444445
0.7591269841269841
0.6273809523809524
0.6912698412698413
0.7202380952380952
0.7781746031746032
0.6757936507936508
0.7067460317460318
0.7535714285714286
0.734920634920635
0.8067460317460318
0.7662698412698413
0.7119047619047619
0.7734126984126984
0.8269841269841269
0.7626984126984127
0.7019841269841269
0.753968253968254
0.678968253968254
0.7345238095238096
0.6765873015873016
0.7619047619047619
0.6972222222222222
0.7333333333333333
0.8571428571428571
0.7103174603174603
0.7924603174603174
0.7654761904761904
0.8095238095238095
0.7067460317460318
0.7853174603174603
0.2638888888888889
0.10833333333333334
0.8686507936507937
0.7130952380952381
0.734920634920635
0.8626984126984127
0.682936507936508
0.859920634920635
0.1126984126984127
0.7801587301587302
0.7821428571428571
0.817063492063492
0.7317460317460317
0.8003968253968254
0.7103174603174603
0.7333333333333333
0.7285714285714285
0.7908730158730158
0.8099206349206349
0.6984126984126984
0.7476190476190476
0.7428571428571429
0.8523809523809524
0.8353174603174603
0.6464285714285715
0.6515873015873016
0.7492063492063492
0.8123015873015873
0.8246031746031746
0.7273809523809524
0.7015873015873015
0.9234126984126985
0.6496031746031746
0.7476190476190476
0.7166666666666667
0.8976190476190476
0.7686507936507937
0.6666666666666666
0.7492063492063492
0.6976190476190476
0.8714285714285714
0.7972222222222223
0.8543650793650793
0.7738095238095238
0.7591269841269841
0.7718253968253969
0.844047619047619
0.8626984126984127
0.7484126984126984
0.8130952380952381
0.6928571428571428
0.817063492063492
0.7365079365079366
0.7392857142857143
0.726984126984127
0.8531746031746031
0.7134920634920635
0.8234126984126984
0.6253968253968254
0.7777777777777778
0.7067460317460318
0.7984126984126985
0.8119047619047619
0.24682539682539684
0.803968253968254
0.7527777777777778
0.6523809523809524
0.7876984126984127
0.851984126984127
0.7111111111111111
0.7785714285714286
0.7710317460317461
0.7503968253968254
0.7178571428571429
0.7623015873015873
0.6968253968253968
0.8595238095238096
0.903968253968254
0.23015873015873015
0.8472222222222222
0.7091269841269842
0.7317460317460317
0.7646825396825396
0.6761904761904762
0.7785714285714286
0.859920634920635
0.6142857142857143
0.8551587301587301
0.7853174603174603
0.8154761904761905
0.8007936507936508
0.8063492063492064
0.7932539682539682
0.7170634920634921
0.7817460317460317
0.7817460317460317
0.7706349206349207
0.7174603174603175
0.7035714285714286
0.6976190476190476
0.7345238095238096
0.6928571428571428
0.8162698412698413
0.8551587301587301
0.6238095238095238
0.8238095238095238
0.7238095238095238
0.7765873015873016
0.8055555555555556
0.7341269841269841
0.7984126984126985
0.723015873015873
0.7825396825396825
0.8218253968253968
0.8654761904761905
0.8269841269841269
0.817063492063492
0.8452380952380952
0.6714285714285714
0.7273809523809524
0.6496031746031746
0.7432539682539683
0.7976190476190477
0.7428571428571429
0.8043650793650794
0.8123015873015873
0.26865079365079364
0.8380952380952381
0.7416666666666667
0.8424603174603175
0.7861111111111111
0.828968253968254
0.7845238095238095
0.8821428571428571
0.7273809523809524
0.7813492063492063
0.7591269841269841
0.7607142857142857
0.7932539682539682
0.723015873015873
0.794047619047619
0.6730158730158731
0.671031746031746
0.7746031746031746
0.8361111111111111
0.7015873015873015
0.5396825396825397
0.7658730158730159
0.6888888888888889
0.7638888888888888
0.753968253968254
0.694047619047619
0.7138888888888889
0.7726190476190476
0.7126984126984127
0.7801587301587302
0.7496031746031746
0.8087301587301587
0.7523809523809524
0.6793650793650794
0.7301587301587301
0.8734126984126984
0.8234126984126984
0.773015873015873
0.7984126984126985
0.8396825396825397
0.8281746031746032
0.7646825396825396
0.790079365079365
0.7555555555555555
0.8432539682539683
0.8317460317460318
0.7916666666666666
0.8404761904761905
0.8257936507936507
0.8174603174603174
0.6678571428571428
0.7912698412698412
0.7658730158730159
0.6396825396825396
0.7746031746031746
0.7805555555555556
0.7634920634920634
0.6837301587301587
0.7452380952380953
0.7825396825396825
0.8174603174603174
0.8369047619047619
0.7896825396825397
0.6448412698412699
0.7936507936507936
0.8067460317460318
0.8380952380952381
0.7198412698412698
0.6734126984126985
0.6781746031746032
0.7484126984126984
0.8392857142857143
0.7289682539682539
0.8646825396825397
0.7996031746031746
0.7206349206349206
0.794047619047619
0.6932539682539682
0.7194444444444444
0.7817460317460317
0.8555555555555555
0.7678571428571429
0.765079365079365
0.753968253968254
0.807936507936508
0.8305555555555556
0.703968253968254
0.8551587301587301
0.7289682539682539
0.7083333333333334
0.7412698412698413
0.7170634920634921
0.7654761904761904
0.6801587301587302
0.2706349206349206
0.8027777777777778
0.6817460317460318
0.7825396825396825
0.6805555555555556
0.6503968253968254
0.7853174603174603
0.7642857142857142
0.7817460317460317
0.7888888888888889
0.6051587301587301
0.7297619047619047
0.7198412698412698
0.7579365079365079
0.8115079365079365
0.876984126984127
0.6079365079365079
0.7666666666666667
0.7337301587301587
0.7238095238095238
0.4888888888888889
0.7222222222222222
0.726984126984127
0.7182539682539683
0.7853174603174603
0.8174603174603174
0.848015873015873
0.6936507936507936
0.7281746031746031
0.7857142857142857
0.8317460317460318
0.7781746031746032
0.8896825396825396
0.6984126984126984
0.6492063492063492
0.7547619047619047
0.8134920634920635
0.7265873015873016
0.8373015873015873
0.5888888888888889
0.6329365079365079
0.8182539682539682
0.5103174603174603
0.7123015873015873
0.423015873015873
0.8912698412698413
0.7952380952380952
0.7095238095238096
0.848015873015873
0.7226190476190476
0.7563492063492063
0.7873015873015873
0.75
0.7948412698412698
0.805952380952381
0.6555555555555556
0.6924603174603174
0.8277777777777777
0.7027777777777777
0.7456349206349207
0.7083333333333334
0.675
0.49166666666666664
0.7595238095238095
0.8023809523809524
0.830952380952381
0.7936507936507936
0.723015873015873
0.830952380952381
0.7607142857142857
0.692063492063492
0.8956349206349207
0.6849206349206349
0.7686507936507937
0.8373015873015873
0.8003968253968254
0.8007936507936508
0.6825396825396826
0.8257936507936507
0.8607142857142858
0.7626984126984127
0.753968253968254
0.7507936507936508
0.8146825396825397
0.7222222222222222
0.7142857142857143
0.7706349206349207
0.921031746031746
0.7178571428571429
0.6857142857142857
0.7865079365079365
0.803968253968254
0.828968253968254
0.726984126984127
0.7337301587301587
0.7634920634920634
0.7706349206349207
0.7888888888888889
0.7690476190476191
0.7972222222222223
0.8571428571428571
0.7876984126984127
0.7797619047619048
0.7091269841269842
0.6765873015873016
0.7111111111111111
0.6698412698412698
0.8734126984126984
0.7301587301587301
0.6761904761904762
0.8432539682539683
0.7567460317460317
0.6825396825396826
0.7928571428571428
0.7686507936507937
0.801984126984127
0.7880952380952381
0.8777777777777778
0.7444444444444445
0.7563492063492063
0.7785714285714286
0.801984126984127
0.709920634920635
0.7496031746031746
0.6476190476190476
0.8115079365079365
0.8345238095238096
0.8583333333333333
0.7246031746031746
0.8428571428571429
0.876984126984127
0.8503968253968254
0.903968253968254
0.6730158730158731
0.669047619047619
0.726984126984127
0.7559523809523809
0.8154761904761905
0.8242063492063492
0.8432539682539683
0.8591269841269841
0.8920634920634921
0.7234126984126984
0.7527777777777778
0.7757936507936508
0.7134920634920635
0.7865079365079365
0.7583333333333333
0.6873015873015873
0.7428571428571429
0.48174603174603176
0.6904761904761905
0.7420634920634921
0.7579365079365079
0.8432539682539683
0.6460317460317461
0.6337301587301587
0.7170634920634921
0.8194444444444444
0.6849206349206349
0.7690476190476191
0.675
0.7575396825396825
0.8357142857142857
0.7071428571428572
0.2492063492063492
0.7984126984126985
0.8253968253968254
0.7384920634920635
0.7424603174603175
0.6833333333333333
0.9345238095238095
0.5067460317460317
0.2511904761904762
0.7436507936507937
0.7440476190476191
0.8436507936507937
0.834920634920635
0.7912698412698412
0.7166666666666667
0.7261904761904762
0.7285714285714285
0.805952380952381
0.7869047619047619
0.776984126984127
0.7567460317460317
0.7884920634920635
0.9083333333333333
0.7115079365079365
0.8412698412698413
0.7619047619047619
0.8535714285714285
0.7738095238095238
0.807936507936508
0.7865079365079365
0.8734126984126984
0.7551587301587301
0.7884920634920635
0.7444444444444445
0.6873015873015873
0.825
0.7980158730158731
0.7785714285714286
0.8400793650793651
0.8011904761904762
0.801984126984127
0.7317460317460317
0.9051587301587302
0.7138888888888889
0.8273809523809523
0.8107142857142857
0.6611111111111111
0.7626984126984127
0.8484126984126984
0.8988095238095238
0.7634920634920634
0.7626984126984127
0.8174603174603174
0.5452380952380952
0.8015873015873016
0.5345238095238095
0.8527777777777777
0.7980158730158731
0.9174603174603174
0.4880952380952381
0.7321428571428571
0.6527777777777778
0.8392857142857143
0.6992063492063492
0.8496031746031746
0.680952380952381
0.7543650793650793
0.8158730158730159
0.5174603174603175
0.9083333333333333
0.665079365079365
0.6051587301587301
0.7801587301587302
0.8075396825396826
0.7115079365079365
0.6873015873015873
0.7242063492063492
0.7313492063492063
0.8158730158730159
0.7984126984126985
0.7337301587301587
0.6777777777777778
0.09761904761904762
0.7198412698412698
0.8281746031746032
0.6936507936507936
0.7277777777777777
0.7865079365079365
0.7904761904761904
0.6357142857142857
0.8321428571428572
0.7968253968253968
0.7654761904761904
0.8615079365079366
0.2781746031746032
0.6662698412698412
0.8023809523809524
0.7448412698412699
0.7702380952380953
0.4531746031746032
0.6071428571428571
0.8507936507936508
0.823015873015873
0.7448412698412699
0.7384920634920635
0.7265873015873016
0.7456349206349207
0.734920634920635
0.2503968253968254
0.7432539682539683
0.796031746031746
0.8662698412698413
0.9047619047619048
0.7130952380952381
0.7261904761904762
0.6591269841269841
0.42817460317460315
0.6726190476190477
0.6880952380952381
0.7083333333333334
0.8527777777777777
0.8071428571428572
0.8222222222222222
0.7992063492063493
0.6654761904761904
0.844047619047619
0.8325396825396826
0.8984126984126984
0.6912698412698413
0.7424603174603175
0.844047619047619
0.7916666666666666
0.8261904761904761
0.6797619047619048
0.8051587301587302
0.8178571428571428
0.8821428571428571
0.8007936507936508
0.7420634920634921
0.7753968253968254
0.7023809523809523
0.7908730158730158
0.776984126984127
0.7861111111111111
0.6579365079365079
0.6746031746031746
0.7873015873015873
0.8253968253968254
0.7781746031746032
0.8654761904761905
0.8126984126984127
0.7563492063492063
0.7305555555555555
0.8015873015873016
0.7873015873015873
0.7880952380952381
0.10873015873015873
0.6642857142857143
0.821031746031746
0.7884920634920635
0.8694444444444445
0.7345238095238096
0.41825396825396827
0.10277777777777777
0.7615079365079365
0.7440476190476191
0.6388888888888888
0.6408730158730159
0.7599206349206349
0.7753968253968254
0.7170634920634921
0.7277777777777777
0.8535714285714285
0.8956349206349207
0.7055555555555556
0.678968253968254
0.7976190476190477
0.7888888888888889
0.7309523809523809
0.6658730158730158
0.8876984126984127
0.7623015873015873
0.7869047619047619
0.7992063492063493
0.7785714285714286
0.8638888888888889
0.8333333333333334
0.6718253968253968
0.6492063492063492
0.7880952380952381
0.8186507936507936
0.7932539682539682
0.6825396825396826
0.830952380952381
0.7111111111111111
0.7321428571428571
0.7134920634920635
0.6976190476190476
0.7472222222222222
0.763095238095238
0.828968253968254
0.6
0.648015873015873
0.8242063492063492
0.6412698412698413
0.7123015873015873
0.8182539682539682
0.7246031746031746
0.8857142857142857
0.8277777777777777
0.6884920634920635
0.778968253968254
0.8996031746031746
0.7710317460317461
0.8146825396825397
0.6496031746031746
0.792063492063492
0.8464285714285714
0.6757936507936508
0.4777777777777778
0.44603174603174606
0.6904761904761905
0.7884920634920635
0.4091269841269841
0.7666666666666667
0.8103174603174603
0.794047619047619
0.8976190476190476
0.8091269841269841
0.8341269841269842
0.4174603174603175
0.734920634920635
0.7686507936507937
0.703968253968254
0.7694444444444445
0.851984126984127
0.7765873015873016
0.8134920634920635
0.7793650793650794
0.8246031746031746
0.8150793650793651
0.6396825396825396
0.8484126984126984
0.8198412698412698
0.7813492063492063
0.8333333333333334
0.7384920634920635
0.7440476190476191
0.2706349206349206
0.8234126984126984
0.8416666666666667
0.8888888888888888
0.6488095238095238
0.748015873015873
0.8428571428571429
0.7297619047619047
0.7257936507936508
0.844047619047619
0.8638888888888889
0.7682539682539683
0.6916666666666667
0.7305555555555555
0.7392857142857143
0.7353174603174604
0.7456349206349207
0.7607142857142857
0.5726190476190476
0.7404761904761905
0.8111111111111111
0.8111111111111111
0.7456349206349207
0.773015873015873
0.7361111111111112
0.7869047619047619
0.6376984126984127
0.851984126984127
0.7087301587301588
0.8531746031746031
0.705952380952381
0.6825396825396826
0.75
0.7067460317460318
0.2388888888888889
0.7051587301587302
0.9115079365079365
0.8246031746031746
0.6924603174603174
0.7599206349206349
0.7142857142857143
0.7686507936507937
0.5182539682539683
0.773015873015873
0.4654761904761905
0.6845238095238095
0.6833333333333333
0.7575396825396825
0.6876984126984127
0.7027777777777777
0.7535714285714286
0.692063492063492
0.6734126984126985
0.6984126984126984
0.8043650793650794
0.7591269841269841
0.5876984126984127
0.5861111111111111
0.7261904761904762
0.7277777777777777
0.7297619047619047
0.8158730158730159
0.8603174603174604
0.7396825396825397
0.707936507936508
0.7793650793650794
0.7734126984126984
0.8023809523809524
0.8904761904761904
0.6837301587301587
0.7388888888888889
0.8420634920634921
0.9392857142857143
0.7682539682539683
0.26587301587301587
0.8773809523809524
0.8246031746031746
0.773015873015873
0.7015873015873015
0.7083333333333334
0.7115079365079365
0.8222222222222222
0.8051587301587302
0.8166666666666667
0.8087301587301587
0.7988095238095239
0.7908730158730158
0.8047619047619048
0.7777777777777778
0.8103174603174603
0.6972222222222222
0.7972222222222223
0.7682539682539683
0.7468253968253968
0.8226190476190476
0.7246031746031746
0.8670634920634921
0.8011904761904762
0.9115079365079365
0.7126984126984127
0.6658730158730158
0.7896825396825397
0.6805555555555556
0.6746031746031746
0.801984126984127
0.8265873015873015
0.7968253968253968
0.7226190476190476
0.8265873015873015
0.6626984126984127
0.6583333333333333
0.736904761904762
0.7646825396825396
0.7404761904761905
0.7662698412698413
0.6746031746031746
0.8567460317460317
0.709920634920635
0.45396825396825397
0.7091269841269842
0.6865079365079365
0.8007936507936508
0.763095238095238
0.7527777777777778
0.7063492063492064
0.7293650793650793
0.6785714285714286
0.5214285714285715
0.6361111111111111
0.8817460317460317
0.8849206349206349
0.7575396825396825
0.703968253968254
0.6845238095238095
0.8388888888888889
0.7777777777777778
0.6333333333333333
0.780952380952381
0.8047619047619048
0.8892857142857142
0.7321428571428571
0.7662698412698413
0.7424603174603175
0.7611111111111111
0.7829365079365079
0.8527777777777777
0.7166666666666667
0.7297619047619047
0.4753968253968254
0.7305555555555555
0.8103174603174603
0.7579365079365079
0.9178571428571428
0.8746031746031746
0.5154761904761904
0.7257936507936508
0.7765873015873016
0.763095238095238
0.825
0.7718253968253969
0.7837301587301587
0.7626984126984127
0.817063492063492
0.8488095238095238
0.7813492063492063
0.7206349206349206
0.8507936507936508
0.6757936507936508
0.6686507936507936
0.780952380952381
0.6861111111111111
0.7531746031746032
0.8579365079365079
0.8448412698412698
0.8277777777777777
0.7595238095238095
0.6916666666666667
0.7234126984126984
0.8162698412698413
0.8511904761904762
0.7297619047619047
0.819047619047619
0.7992063492063493
0.9047619047619048
0.7420634920634921
0.7186507936507937
0.8369047619047619
0.7492063492063492
0.7988095238095239
0.7841269841269841
0.37023809523809526
0.6888888888888889
0.7980158730158731
0.873015873015873
0.7924603174603174
0.7805555555555556
0.7063492063492064
0.7646825396825396
0.692063492063492
0.7003968253968254
0.6845238095238095
0.7158730158730159
0.7126984126984127
0.6623015873015873
0.778968253968254
0.12261904761904761
0.7694444444444445
0.8317460317460318
0.30992063492063493
0.7031746031746032
0.6944444444444444
0.667063492063492
0.8162698412698413
0.698015873015873
0.5734126984126984
0.8083333333333333
0.6662698412698412
0.790079365079365
0.7984126984126985
0.7142857142857143
0.834920634920635
0.8726190476190476
0.7888888888888889
0.6781746031746032
0.7329365079365079
0.8051587301587302
0.7214285714285714
0.7111111111111111
0.7694444444444445
0.8146825396825397
0.7222222222222222
0.7567460317460317
0.8055555555555556
0.8087301587301587
0.6265873015873016
0.8214285714285714
0.8246031746031746
0.7071428571428572
0.7738095238095238
0.7587301587301587
0.6765873015873016
0.8273809523809523
0.7392857142857143
0.780952380952381
0.7865079365079365
0.8932539682539683
0.8503968253968254
0.8376984126984127
0.6206349206349207
0.6634920634920635
0.805952380952381
0.8761904761904762
0.6813492063492064
0.6888888888888889
0.844047619047619
0.6972222222222222
0.7551587301587301
0.8853174603174603
0.7115079365079365
0.8412698412698413
0.7246031746031746
0.7801587301587302
0.773015873015873
0.8003968253968254
0.7726190476190476
0.817063492063492
0.7535714285714286
0.8777777777777778
0.7813492063492063
0.6067460317460317
0.8
0.7952380952380952
0.8634920634920635
0.7436507936507937
0.8154761904761905
0.7611111111111111
0.7952380952380952
0.7531746031746032
0.6563492063492063
0.8126984126984127
0.7686507936507937
0.7761904761904762
0.8126984126984127
0.6567460317460317
0.8369047619047619
0.8380952380952381
0.5944444444444444
0.7944444444444444
0.8277777777777777
0.7785714285714286
0.7492063492063492
0.776984126984127
0.8273809523809523
0.7682539682539683
0.7694444444444445
0.7976190476190477
0.7718253968253969
0.7833333333333333
0.7416666666666667
0.825
0.6761904761904762
0.8226190476190476
0.705952380952381
0.7841269841269841
0.765079365079365
0.8515873015873016
0.8198412698412698
0.48928571428571427
0.7416666666666667
0.834920634920635
0.7130952380952381
0.7607142857142857
0.8384920634920635
0.8047619047619048
0.6984126984126984
0.6904761904761905
0.8575396825396825
0.773015873015873
0.8051587301587302
0.796031746031746
0.7543650793650793
0.4880952380952381
0.8623015873015873
0.7638888888888888
0.7567460317460317
0.7753968253968254
0.8376984126984127
0.6531746031746032
0.7226190476190476
0.736904761904762
0.6575396825396825
0.8416666666666667
0.6845238095238095
0.7698412698412699
0.8162698412698413
0.8773809523809524
0.6805555555555556
0.7238095238095238
0.5190476190476191
0.7432539682539683
0.8111111111111111
0.7253968253968254
0.775
0.8428571428571429
0.8194444444444444
0.7222222222222222
0.9174603174603174
0.7599206349206349
0.7265873015873016
0.7186507936507937
0.890079365079365
0.8027777777777778
0.7857142857142857
0.7134920634920635
0.6857142857142857
0.7972222222222223
0.8531746031746031
0.7253968253968254
0.8345238095238096
0.680952380952381
0.7972222222222223
0.7257936507936508
0.6932539682539682
0.7345238095238096
0.6904761904761905
0.7968253968253968
0.825
0.8615079365079366
0.7619047619047619
0.7710317460317461
0.7019841269841269
0.753968253968254
0.807936507936508
0.7067460317460318
0.7162698412698413
0.8035714285714286
0.7265873015873016
0.7988095238095239
0.7468253968253968
0.6984126984126984
0.6956349206349206
0.890079365079365
0.7825396825396825
0.8773809523809524
0.7361111111111112
0.6626984126984127
0.8075396825396826
0.7841269841269841
0.9242063492063493
0.7476190476190476
0.8892857142857142
0.6460317460317461
0.7341269841269841
0.8873015873015873
0.6341269841269841
0.7714285714285715
0.7817460317460317
0.7083333333333334
0.7242063492063492
0.8107142857142857
0.763095238095238
0.8654761904761905
0.6531746031746032
0.7150793650793651
0.8011904761904762
0.821031746031746
0.871031746031746
0.6702380952380952
0.8964285714285715
0.6404761904761904
0.6964285714285714
0.7321428571428571
0.7837301587301587
0.6599206349206349
0.8476190476190476
0.8912698412698413
0.5773809523809523
0.648015873015873
0.765079365079365
0.7615079365079365
0.8031746031746032
0.11944444444444445
0.7968253968253968
0.746031746031746
0.8424603174603175
0.7948412698412698
0.7845238095238095
0.6825396825396826
0.8575396825396825
0.7365079365079366
0.7341269841269841
0.7154761904761905
0.4376984126984127
0.8444444444444444
0.6928571428571428
0.7170634920634921
0.830952380952381
0.9392857142857143
0.8488095238095238
0.775
0.7642857142857142
0.6952380952380952
0.7424603174603175
0.7277777777777777
0.7690476190476191
0.9087301587301587
0.8015873015873016
0.6972222222222222
0.7686507936507937
0.8555555555555555
0.8369047619047619
0.48928571428571427
0.7380952380952381
0.8119047619047619
0.7757936507936508
0.8313492063492064
0.7678571428571429
0.7682539682539683
0.7281746031746031
0.7452380952380953
0.8575396825396825
0.7797619047619048
0.8353174603174603
0.6857142857142857
0.8666666666666667
0.8075396825396826
0.7968253968253968
0.8341269841269842
0.7996031746031746
0.817063492063492
0.6904761904761905
0.8559523809523809
0.8388888888888889
0.85
0.8027777777777778
0.834920634920635
0.11944444444444445
0.8107142857142857
0.9222222222222223
0.8432539682539683
0.8003968253968254
0.8531746031746031
0.8503968253968254
0.7527777777777778
0.8416666666666667
0.7773809523809524
0.6039682539682539
0.8043650793650794
0.6865079365079365
0.8448412698412698
0.7611111111111111
0.8603174603174604
0.6928571428571428
0.5646825396825397
0.794047619047619
0.8162698412698413
0.834920634920635
0.875
0.36904761904761907
0.8555555555555555
0.7615079365079365
0.7619047619047619
0.7071428571428572
0.6968253968253968
0.8968253968253969
0.7777777777777778
0.7988095238095239
0.705952380952381
0.7607142857142857
0.6138888888888889
0.723015873015873
0.6793650793650794
0.890079365079365
0.7202380952380952
0.8261904761904761
0.8325396825396826
0.8083333333333333
0.8876984126984127
0.6742063492063493
0.7416666666666667
0.8202380952380952
0.8003968253968254
0.6781746031746032
0.7488095238095238
0.7071428571428572
0.7916666666666666
0.6888888888888889
0.7944444444444444
0.6849206349206349
0.8305555555555556
0.7563492063492063
0.6865079365079365
0.7321428571428571
0.7773809523809524
0.5587301587301587
0.7908730158730158
0.7702380952380953
0.6531746031746032
0.778968253968254
0.7476190476190476
0.7412698412698413
0.7888888888888889
0.7619047619047619
0.746031746031746
0.8003968253968254
0.7170634920634921
0.7988095238095239
0.7654761904761904
0.8091269841269841
0.7095238095238096
0.7777777777777778
0.7793650793650794
0.8496031746031746
0.49523809523809526
0.775
0.7265873015873016
0.8682539682539683
0.7464285714285714
0.8452380952380952
0.8083333333333333
0.776984126984127
0.7646825396825396
0.8095238095238095
0.790079365079365
0.7376984126984127
0.7976190476190477
0.703968253968254
0.6718253968253968
0.7976190476190477
0.7253968253968254
0.7253968253968254
0.7785714285714286
0.7535714285714286
0.7837301587301587
0.7158730158730159
0.7547619047619047
0.7559523809523809
0.628968253968254
0.773015873015873
0.7884920634920635
0.7543650793650793
0.6849206349206349
0.8103174603174603
0.8055555555555556
0.8269841269841269
0.7575396825396825
0.7571428571428571
0.8123015873015873
0.7130952380952381
0.5142857142857142
0.7936507936507936
0.7912698412698412
0.6964285714285714
0.675
0.6761904761904762
0.7289682539682539
0.7365079365079366
0.9222222222222223
0.7956349206349206
0.6488095238095238
0.7734126984126984
0.8051587301587302
0.7992063492063493
0.8357142857142857
0.7345238095238096
0.8305555555555556
0.7583333333333333
0.609920634920635
0.7936507936507936
0.7456349206349207
0.7690476190476191
0.8392857142857143
0.7686507936507937
0.7706349206349207
0.7087301587301588
0.8194444444444444
0.8587301587301587
0.7563492063492063
0.7992063492063493
0.6857142857142857
0.7448412698412699
0.7206349206349206
0.7075396825396826
0.8484126984126984
0.7126984126984127
0.8023809523809524
0.7253968253968254
0.8623015873015873
0.8035714285714286
0.7841269841269841
0.7126984126984127
0.7603174603174603
0.846031746031746
0.7888888888888889
0.7182539682539683
0.7706349206349207
0.7361111111111112
0.573015873015873
0.7357142857142858
0.7619047619047619
0.7686507936507937
0.7043650793650794
0.7091269841269842
0.7785714285714286
0.832936507936508
0.721031746031746
0.8293650793650794
0.8182539682539682
0.7972222222222223
0.628968253968254
0.9202380952380952
0.7511904761904762
0.8261904761904761
0.6373015873015873
0.7599206349206349
0.8162698412698413
0.7523809523809524
0.832936507936508
0.7706349206349207
0.7595238095238095
0.8253968253968254
0.7674603174603175
0.8984126984126984
0.7420634920634921
0.8111111111111111
0.8067460317460318
0.7976190476190477
0.7198412698412698
0.7063492063492064
0.8841269841269841
0.8535714285714285
0.692063492063492
0.8888888888888888
0.6654761904761904
0.7793650793650794
0.8722222222222222
0.7916666666666666
0.8416666666666667
0.723015873015873
0.8908730158730159
0.8091269841269841
0.8134920634920635
0.5043650793650793
0.2265873015873016
0.7753968253968254
0.709920634920635
0.9130952380952381
0.7559523809523809
0.7281746031746031
0.5912698412698413
0.8829365079365079
0.748015873015873
0.7698412698412699
0.8123015873015873
0.7571428571428571
0.8825396825396825
0.4976190476190476
0.8436507936507937
0.8182539682539682
0.45555555555555555
0.7119047619047619
0.694047619047619
0.7392857142857143
0.8083333333333333
0.888095238095238
0.8468253968253968
0.8853174603174603
0.6948412698412698
0.3523809523809524
0.7464285714285714
0.5138888888888888
0.8849206349206349
0.8531746031746031
0.8551587301587301
0.709920634920635
0.7702380952380953
0.748015873015873
0.8361111111111111
0.5103174603174603
0.7047619047619048
0.8023809523809524
0.7305555555555555
0.7805555555555556
0.7567460317460317
0.8369047619047619
0.7281746031746031
0.6884920634920635
0.7861111111111111
0.7912698412698412
0.7781746031746032
0.7817460317460317
0.7948412698412698
0.7865079365079365
0.8702380952380953
0.7956349206349206
0.8297619047619048
0.7507936507936508
0.7646825396825396
0.8265873015873015
0.753968253968254
0.8115079365079365
0.7019841269841269
0.6214285714285714
0.6849206349206349
0.775
0.7285714285714285
0.7246031746031746
0.4111111111111111
0.6746031746031746
0.7718253968253969
0.7281746031746031
0.848015873015873
0.7007936507936507
0.7880952380952381
0.8626984126984127
0.7329365079365079
0.6722222222222223
0.8448412698412698
0.765079365079365
0.8055555555555556
0.8888888888888888
0.8234126984126984
0.8234126984126984
0.7178571428571429
0.8119047619047619
0.278968253968254
0.8638888888888889
0.65
0.9230158730158731
0.8706349206349207
0.8833333333333333
0.7964285714285714
