0.7504008551576697
0.7878140032068413
0.7675040085515767
0.7568145376803849
0.7712453233564939
0.7391769107429182
0.755211117049706
0.7928915018706574
0.8602351683591662
0.8524853019775521
0.16809192944949225
0.5860502405130946
0.649919828968466
0.7594869053981828
0.8599679315873864
0.7308925708177445
0.1549973276322822
0.5440940673436665
0.6884019241047569
0.6044895777659006
0.6969535008017104
0.642169962586852
0.8254943880277926
0.6878674505611972
0.7357028327097809
0.8401924104756815
0.759219668626403
0.6998931052912881
0.7199358631747729
0.6352218065205772
0.7744521646178514
0.6133083912346339
0.8129342597541421
0.6795831106360235
0.7846071619454837
0.830304649919829
0.8278995189738108
0.431587386424372
0.7354355959380011
0.7581507215392838
0.8682522715125601
0.8693212185996794
0.7279529663281668
0.6985569214323891
0.711918760021379
0.6980224478888295
0.6993586317477285
0.7645644040619989
0.6982896846606093
0.4147514698022448
0.414484233030465
0.6068947087119188
0.7597541421699626
0.8126670229823624
0.8300374131480491
0.7167290219134153
0.6336183858898985
0.7530732228754676
0.7888829502939605
0.6897381079636558
0.155264564404062
0.6857295563869589
0.7087119187600214
0.15766969535008016
0.8115980758952431
0.5951362907536077
0.7814003206841261
0.8546231961517905
0.10956707642971673
0.8265633351149118
0.8035809727418493
0.6884019241047569
0.5956707642971673
0.6851950828433993
0.7862105825761625
0.8452699091394976
0.6277391769107429
0.11731694281133084
0.09246392303580973
0.9003206841261358
0.7586851950828434
0.8345804382683057
0.8984500267236771
0.7258150721539284
0.18252271512560128
0.4179583110636024
0.865847140566542
0.7073757349011224
0.6822554783538215
0.1205237840726884
0.7971672902191341
0.7330304649919829
0.12667022982362372
0.7060395510422234
0.917156600748263
0.846071619454837
0.08925708177445217
0.7629609834313201
0.6475146980224479
0.7928915018706574
0.6830571886691609
0.7274184927846071
0.8025120256547301
0.9126135756280064
0.743452699091395
0.8014430785676109
0.6811865312667023
0.8570283270978086
0.8137359700694815
0.78941742383752
0.7362373062533405
0.7867450561197221
0.7287546766435061
0.7415820416889364
0.6215927311598076
0.6264029930518439
0.693479422768573
0.6504543025120256
0.7258150721539284
0.65793693212186
0.7095136290753608
0.6357562800641369
0.7426509887760556
0.44922501336183857
0.6755745590593266
0.6392303580972741
0.659273115980759
0.8613041154462854
0.8278995189738108
0.8727952966328166
0.3498129342597541
0.17504008551576697
0.7132549438802779
0.7675040085515767
0.7340994120791021
0.7883484767504009
0.7226082308925709
0.7442544094067344
0.8979155531801176
0.7998396579369321
0.7485301977552111
0.7255478353821486
0.8626402993051844
0.6902725815072154
0.6980224478888295
0.778995189738108
0.7172634954569749
0.6571352218065206
0.6440406199893105
0.6103687867450561
0.7998396579369321
0.6047568145376804
0.42597541421699625
0.6918760021378941
0.7544094067343666
0.7148583645109567
0.7733832175307322
0.5660074826296099
0.8321753073222875
0.40780331373597006
0.0010689470871191875
0.8562266167824693
0.6346873329770176
0.7455905932656334
0.6611437733832175
0.8337787279529664
0.917156600748263
0.7693746659540353
0.7664350614644575
0.668359166221272
0.7985034740780331
0.12346338856226617
0.6900053447354356
0.685462319615179
0.773650454302512
0.7145911277391769
0.7044361304115446
0.84206306787814
0.7047033671833244
0.450026723677178
0.9096739711384286
0.8369855692143239
0.7677712453233565
0.7667022982362373
0.7012292891501871
0.692143238909674
0.7389096739711384
0.7378407268840192
0.7266167824692678
0.121058257616248
0.7530732228754676
0.6582041688936398
0.7685729556386959
0.729021913415286
0.8898984500267236
0.8033137359700695
0.6627471940138963
0.6892036344200962
0.6878674505611972
0.7506680919294495
0.6632816675574559
0.22528059861036878
0.8781400320684126
0.8690539818278995
0.6496525921966863
0.7944949225013361
0.8992517370390166
0.6873329770176376
0.7442544094067344
0.9134152859433458
0.11758417958311064
0.7613575628006414
0.78941742383752
0.7391769107429182
0.6151790486370925
0.5483698556921432
0.7009620523784073
0.7244788882950294
0.3840192410475681
0.40887226082308925
0.7148583645109567
0.7896846606092999
0.7493319080705505
0.7677712453233565
0.6571352218065206
0.6362907536076964
0.7683057188669161
0.6806520577231427
0.7012292891501871
0.7669695350080171
0.824959914484233
0.7357028327097809
0.6373597006948156
0.7405130946018172
0.7375734901122395
0.7247461250668092
0.34767504008551575
0.33431320149652594
0.8727952966328166
0.739444147514698
0.38455371459112775
0.6846606092998396
0.6980224478888295
0.0956707642971673
0.4917156600748263
0.09914484233030466
0.7044361304115446
0.121058257616248
0.6734366648850882
0.7063067878140032
0.8097274184927846
0.45136290753607694
0.6782469267771245
0.1122394441475147
0.6654195617316943
0.4152859433458044
0.706574024585783
0.8458043826830572
0.8743987172634955
0.8177445216461785
0.6181186531266702
0.8915018706574025
0.706574024585783
0.56574024585783
0.7985034740780331
0.6956173169428114
0.7220737573490112
0.7183324425440941
0.6042223409941208
0.8546231961517905
0.7969000534473544
0.7116515232495991
0.7699091394975949
0.946018172100481
0.08391234633885623
0.7995724211651524
0.7303580972741849
0.7533404596472475
0.8244254409406734
0.14991982896846606
0.24371993586317478
0.850080171031534
0.7161945483698557
0.677712453233565
0.8663816141101015
0.7218065205772314
0.13575628006413681
0.8367183324425441
0.7151256012827365
0.7800641368252271
0.7303580972741849
0.6817210048102619
0.6942811330839124
0.6846606092998396
0.6974879743452699
0.7378407268840192
0.1459112773917691
0.12667022982362372
0.6357562800641369
0.293425975414217
0.7487974345269909
0.9532335649385355
0.6133083912346339
0.7202030999465526
0.6825227151256013
0.8551576696953501
0.37520042757883487
0.7044361304115446
0.7899518973810796
0.7087119187600214
0.7191341528594335
0.6862640299305185
0.6876002137894174
0.6849278460716195
0.6865312667022982
0.8369855692143239
0.7156600748262961
0.8639764831640834
0.8399251737039016
0.7645644040619989
0.6640833778727953
0.8965793693212186
0.8153393907001604
0.7458578300374131
0.7685729556386959
0.7228754676643506
0.6905398182789952
0.878941742383752
0.6068947087119188
0.6688936397648316
0.8019775521111705
0.8148049171566007
0.7012292891501871
0.6889363976483164
0.5871191876002138
0.8412613575628006
0.12346338856226617
0.7463923035809727
0.6392303580972741
0.6536611437733832
0.7862105825761625
0.11998931052912881
0.7864778193479423
0.7405130946018172
0.6787814003206841
0.8535542490646713
0.8361838588989845
0.6680919294494923
0.7455905932656334
0.8639764831640834
0.7557455905932656
0.19241047568145378
0.9088722608230893
0.12266167824692678
0.7362373062533405
0.7677712453233565
0.8030464991982896
0.882950293960449
0.9024585783003741
0.8196151790486371
0.9099412079102085
0.8102618920363442
0.7327632282202031
0.4251737039016569
0.652592196686264
0.7298236237306254
0.7883484767504009
0.7891501870657402
0.08792089791555319
0.7699091394975949
0.692143238909674
0.7012292891501871
0.6990913949759487
0.773650454302512
0.6980224478888295
0.813201496525922
0.6803848209513629
0.7856761090326029
0.6611437733832175
0.121058257616248
0.7744521646178514
0.14804917156600747
0.7014965259219669
0.33324425440940675
0.780331373597007
0.867183324425441
0.8246926777124532
0.6892036344200962
0.7704436130411545
0.25734901122394443
0.7068412613575628
0.6400320684126136
0.739444147514698
0.794762159273116
0.6651523249599145
0.7942276857295564
0.6643506146445751
0.14216996258685194
0.7848743987172635
0.7311598075895244
0.7958311063602351
0.8928380545163015
0.8094601817210048
0.7068412613575628
0.6515232495991449
0.7765900587920898
0.8909673971138429
0.6771779796900054
0.7202030999465526
0.7498663816141101
0.6950828433992517
0.7797969000534474
0.729021913415286
0.8898984500267236
0.6766435061464458
0.6721004810261892
0.8984500267236771
0.7787279529663281
0.8893639764831641
0.13949759486905397
0.7715125601282736
0.7153928380545163
0.7878140032068413
0.9142169962586852
0.7987707108498129
0.9412079102084446
0.7586851950828434
0.7891501870657402
0.822287546766435
0.7349011223944415
0.6990913949759487
0.16835916622127206
0.7667022982362373
0.13148049171566006
0.7156600748262961
0.7474612506680919
0.8679850347407804
0.690807055050775
0.7226082308925709
0.6440406199893105
0.13228220203099947
0.5991448423303046
0.7915553180117584
0.7335649385355425
0.6622127204703367
0.6194548369855692
0.5456974879743453
0.8866916087653661
0.793425975414217
0.27338321753073225
0.8099946552645644
0.11411010154997328
0.5010689470871192
0.6352218065205772
0.7159273115980759
0.7985034740780331
0.7239444147514698
0.7140566541956174
0.8679850347407804
0.8099946552645644
0.950026723677178
0.2936932121859968
0.6296098343132015
0.7226082308925709
0.7156600748262961
0.7081774452164618
0.7846071619454837
0.7103153393907001
0.8853554249064671
0.689470871191876
0.6226616782469268
0.6272047033671834
0.6445750935328701
0.8613041154462854
0.6563335114911811
0.6980224478888295
0.14510956707642972
0.8915018706574025
0.12426509887760556
0.7132549438802779
0.1215927311598076
0.7704436130411545
0.8955104222340994
0.7161945483698557
0.7827365045430251
0.6239978621058258
0.8094601817210048
0.6694281133083912
0.7004275788348476
0.9278460716194549
0.6576696953500801
0.8492784607161945
0.7918225547835382
0.8180117584179583
0.10609299839657937
0.7121859967931587
0.6827899518973811
0.7856761090326029
0.7854088722608231
0.6416354890432924
0.7712453233564939
0.7175307322287546
0.1544628540887226
0.09219668626402994
0.7306253340459647
0.6758417958311064
0.8054516301443079
0.6312132549438803
0.4299839657936932
0.5988776055585249
0.8327097808658471
0.6002137894174239
0.11464457509353287
0.7057723142704436
0.7418492784607162
0.4425440940673437
0.6656867985034741
0.7987707108498129
0.703901656867985
0.6721004810261892
0.6998931052912881
0.6159807589524319
0.5809727418492785
0.8134687332977018
0.642169962586852
0.6619454836985569
0.7287546766435061
0.8861571352218065
0.8709246392303581
0.6699625868519509
0.796098343132015
0.8252271512560129
0.6916087653661144
0.4935863174772849
0.8169428113308391
0.7097808658471406
0.7111170497060395
0.7089791555318011
0.7405130946018172
0.863174772848744
0.4836985569214324
0.8588989845002672
0.7985034740780331
0.7458578300374131
0.6672902191341529
0.7768572955638696
0.6782469267771245
0.7904863709246392
0.6010154997327632
0.7089791555318011
0.1998931052912881
0.8391234633885623
0.7896846606092999
0.860502405130946
0.8244254409406734
0.8172100481026189
0.8134687332977018
0.6336183858898985
0.8292357028327098
0.6459112773917691
0.6173169428113309
0.6662212720470336
0.8150721539283805
0.7597541421699626
0.623730625334046
0.7282202030999465
0.7923570283270978
0.707910208444682
0.6841261357562801
0.7153928380545163
0.692143238909674
0.7100481026189204
0.7835382148583645
0.5972741849278461
0.7632282202031
0.09780865847140567
0.12185996793158739
0.8388562266167825
0.6063602351683591
0.13041154462854088
0.7851416354890433
0.8399251737039016
0.8059861036878675
0.8351149118118654
0.823623730625334
0.7931587386424372
0.6755745590593266
0.703901656867985
0.7116515232495991
0.7172634954569749
0.7731159807589524
0.5807055050774986
0.8025120256547301
0.8797434526990914
0.6686264029930519
0.7856761090326029
0.6969535008017104
0.7287546766435061
0.19374665954035275
0.8992517370390166
0.5032068412613576
0.6451095670764297
0.7667022982362373
0.8268305718866916
0.7423837520042758
0.7311598075895244
0.772314270443613
0.9457509353287012
0.6712987707108499
0.8158738642437199
0.6352218065205772
0.5718866916087654
0.8260288615713522
0.7373062533404596
0.8621058257616248
0.8123997862105826
0.8190807055050775
0.677712453233565
0.7805986103687867
0.7787279529663281
0.6424371993586317
0.7426509887760556
0.7616247995724211
0.8380545163014431
0.448690539818279
0.6448423303046499
0.8423303046499199
0.7982362373062534
0.1207910208444682
0.7779262426509888
0.4585783003741315
0.7057723142704436
0.4056654195617317
0.6047568145376804
0.14751469802244788
0.9045964724746125
0.6851950828433993
0.7191341528594335
0.7479957242116515
0.17744521646178515
0.7014965259219669
0.7768572955638696
0.567076429716729
0.7514698022447889
0.6801175841795831
0.9059326563335115
0.7952966328166756
0.8201496525921966
0.8396579369321219
0.14858364510956706
0.7875467664350615
0.653928380545163
0.7244788882950294
0.6370924639230358
0.6576696953500801
0.6555318011758418
0.7292891501870657
0.8164083377872795
0.6670229823623731
0.6859967931587386
0.7084446819882416
0.09005879208979156
0.7351683591662213
0.7715125601282736
0.6678246926777125
0.6405665419561731
0.6215927311598076
0.1376269374665954
0.7151256012827365
0.72367717797969
0.7830037413148049
0.7707108498129343
0.346071619454837
0.6571352218065206
0.3017103153393907
0.8225547835382149
0.6392303580972741
0.651256012827365
0.8185462319615179
0.9053981827899519
0.6475146980224479
0.09914484233030466
0.1034206306787814
0.7966328166755745
0.7284874398717264
0.6884019241047569
0.8295029396044896
0.7284874398717264
0.7632282202031
0.18439337252805987
0.6528594334580439
0.7378407268840192
0.7693746659540353
0.8006413682522715
0.8695884553714591
0.726349545697488
0.7386424371993586
0.7733832175307322
0.7113842864778194
0.7073757349011224
0.6878674505611972
0.7111170497060395
0.6266702298236237
0.5232495991448424
0.6002137894174239
0.4494922501336184
0.8949759486905399
0.8690539818278995
0.8185462319615179
0.759219668626403
0.1985569214323891
0.7490646712987707
0.7715125601282736
0.7843399251737039
0.11517904863709247
0.6378941742383752
0.7528059861036879
0.7824692677712454
0.6758417958311064
0.6071619454836985
0.632816675574559
0.7993051843933725
0.6940138963121325
0.6293425975414217
0.8372528059861037
0.7912880812399786
0.2327632282202031
0.7506680919294495
0.7418492784607162
0.780331373597007
0.6755745590593266
0.7346338856226616
0.5844468198824159
0.8725280598610369
0.8287012292891501
0.757883484767504
0.8864243719935864
0.7439871726349546
0.7022982362373063
0.8778727952966329
0.8735970069481561
0.4607161945483699
0.7022982362373063
0.7001603420630679
0.760555852485302
0.7835382148583645
0.67103153393907
0.6918760021378941
0.8083912346338856
0.7001603420630679
0.450026723677178
0.655264564404062
0.8206841261357563
0.5016034206306788
0.1803848209513629
0.7832709780865847
0.740780331373597
0.8540887226082309
0.6998931052912881
0.840726884019241
0.693479422768573
0.6456440406199893
0.46258685195082844
0.17584179583110637
0.7840726884019241
0.6974879743452699
0.10903260288615714
0.639497594869054
0.8583645109567076
0.7471940138963121
0.6672902191341529
0.378941742383752
0.8089257081774452
0.7354355959380011
0.5555852485301978
0.8361838588989845
0.877605558524853
0.6218599679315874
0.8035809727418493
0.7405130946018172
0.4778193479422769
0.7095136290753608
0.4652592196686264
0.7282202030999465
0.5750935328701229
0.47808658471405663
0.09273115980758953
0.6929449492250134
0.7990379476215927
0.7632282202031
0.8845537145911277
0.7514698022447889
0.8602351683591662
0.1127739176910743
0.7656333511491181
0.6942811330839124
0.7314270443613041
0.7255478353821486
0.7728487439871726
0.7474612506680919
0.6651523249599145
0.7300908605024051
0.739444147514698
0.7504008551576697
0.7405130946018172
0.7838054516301443
0.09326563335114912
0.07963655799037947
0.8198824158204169
0.8252271512560129
0.706574024585783
0.7231427044361304
0.6202565473009086
0.7191341528594335
0.7878140032068413
0.09593800106894709
0.6234633885622661
0.6819882415820417
0.1453768038482095
0.7696419027258151
0.11865312667022983
0.7383752004275789
0.6344200962052379
0.7963655799037948
0.7862105825761625
0.6803848209513629
0.7375734901122395
0.6472474612506681
0.8019775521111705
0.7771245323356494
0.47995724211651525
0.7589524318546232
0.8009086050240513
0.6833244254409406
0.7696419027258151
0.7683057188669161
0.7544094067343666
0.738107963655799
0.7520042757883485
0.78941742383752
0.6918760021378941
0.7373062533404596
0.7952966328166756
0.760555852485302
0.14163548904329235
0.6598075895243185
0.1306787814003207
0.24291822554783538
0.8580972741849279
0.6924104756814538
0.8158738642437199
0.8792089791555318
0.6859967931587386
0.9259754142169963
0.844735435595938
0.8244254409406734
0.7429182255478354
0.7049706039551042
0.740780331373597
0.6635489043292357
0.5636023516835916
0.7063067878140032
0.6028861571352218
0.37226082308925706
0.7324959914484233
0.809192944949225
0.8014430785676109
0.8436664885088189
0.7632282202031
0.6325494388027793
0.3607696419027258
0.7113842864778194
0.7525387493319081
0.7202030999465526
0.4735435595938001
0.796098343132015
0.7308925708177445
0.6694281133083912
0.6098343132014965
0.7402458578300374
0.6402993051843934
0.13308391234633885
0.6678246926777125
0.6146445750935329
0.8174772848743987
0.7191341528594335
0.6376269374665954
0.693479422768573
0.6603420630678781
0.7608230892570818
0.7781934794227686
0.7129877071084981
0.8196151790486371
0.7020309994655265
0.8281667557455906
0.6998931052912881
0.8607696419027259
0.6721004810261892
0.7664350614644575
0.6181186531266702
0.7998396579369321
0.831640833778728
0.757883484767504
0.6755745590593266
0.6432389096739711
0.8495456974879744
0.6990913949759487
0.6897381079636558
0.4323890967397114
0.5766969535008017
0.9182255478353821
0.6945483698556921
0.649919828968466
0.6892036344200962
0.6654195617316943
0.08524853019775522
0.103955104222341
0.8182789951897381
0.7626937466595404
0.8268305718866916
0.7335649385355425
0.777659005879209
0.772314270443613
0.7656333511491181
0.6729021913415286
0.7586851950828434
0.14029930518439337
0.7391769107429182
0.5660074826296099
0.6798503474078034
0.8180117584179583
0.8562266167824693
0.6135756280064136
0.739444147514698
0.8287012292891501
0.11704970603955105
0.807856761090326
0.6622127204703367
0.796098343132015
0.7659005879208979
0.586851950828434
0.7739176910742919
0.8583645109567076
0.6809192944949225
0.18439337252805987
0.797434526990914
0.8057188669160876
0.7827365045430251
0.651256012827365
0.7509353287012293
0.7041688936397649
0.8677177979690005
0.6809192944949225
0.7202030999465526
0.8458043826830572
0.7835382148583645
0.7771245323356494
0.7327632282202031
0.7883484767504009
0.7640299305184394
0.6758417958311064
0.6544628540887226
0.7944949225013361
0.5897915553180118
0.7482629609834314
0.7458578300374131
0.7530732228754676
0.7137894174238375
0.8140032068412614
0.8554249064671299
0.7247461250668092
0.826296098343132
0.8484767504008551
0.4580438268305719
0.5774986638161411
0.7191341528594335
0.753874933190807
0.7242116515232496
0.8046499198289685
0.6590058792089791
0.8383217530732229
0.7840726884019241
0.6427044361304115
0.43319080705505075
0.7685729556386959
0.12479957242116516
0.6761090326028861
0.6004810261892036
0.6745056119722074
0.6878674505611972
0.6523249599144842
0.10849812934259755
0.7958311063602351
0.7306253340459647
0.7071084981293426
0.6966862640299305
0.7081774452164618
0.831640833778728
0.8054516301443079
0.6338856226616782
0.901389631213255
0.7041688936397649
0.1467129877071085
0.6659540352752539
0.756547300908605
0.625066809192945
0.7124532335649385
0.7942276857295564
0.3850881881346873
0.8001068947087119
0.8452699091394976
0.7891501870657402
0.14323890967397113
0.7455905932656334
0.7445216461785141
0.7351683591662213
0.5587920897915554
0.7097808658471406
0.6349545697487974
0.7597541421699626
0.7234099412079102
0.707910208444682
0.6734366648850882
0.6507215392838055
0.6830571886691609
0.7624265098877605
0.7410475681453768
0.6793158738642437
0.7952966328166756
0.7439871726349546
0.827632282202031
0.45029396044895775
0.5625334045964725
0.8396579369321219
0.6964190272581507
0.6010154997327632
0.8308391234633885
0.7397113842864779
0.7977017637626937
0.7728487439871726
0.6560662747194014
0.8944414751469802
0.16114377338321753
0.6402993051843934
0.757883484767504
0.6598075895243185
0.7725815072153929
0.7958311063602351
0.13094601817210047
0.6977552111170497
0.8503474078033137
0.8206841261357563
0.8784072688401924
0.860502405130946
0.824959914484233
0.7006948156066275
0.7172634954569749
0.7784607161945484
0.8655799037947621
0.14430785676109031
0.640833778727953
0.6143773383217531
0.773650454302512
0.34179583110636025
0.8099946552645644
0.1809192944949225
0.7354355959380011
0.7239444147514698
0.8102618920363442
0.6825227151256013
0.7733832175307322
0.7979690005344735
0.6549973276322822
0.7739176910742919
0.0951362907536077
0.772314270443613
0.703901656867985
0.7199358631747729
0.6173169428113309
0.5700160342063068
0.7153928380545163
0.7944949225013361
0.6424371993586317
0.6926777124532336
0.8244254409406734
0.09086050240513095
0.5769641902725815
0.688134687332977
0.7779262426509888
0.6918760021378941
0.703901656867985
0.35275253874933193
0.8025120256547301
0.6557990379476216
0.6958845537145911
0.788081239978621
0.7357028327097809
0.7811330839123464
0.7923570283270978
0.09754142169962587
0.7862105825761625
0.6239978621058258
0.8992517370390166
0.1277391769107429
0.7354355959380011
0.19321218599679316
0.6753073222875468
0.8225547835382149
0.719668626402993
0.14751469802244788
0.8332442544094067
0.773650454302512
0.7781934794227686
0.8425975414216996
0.6729021913415286
0.6264029930518439
0.6181186531266702
0.15873864243719935
0.6918760021378941
0.07482629609834313
0.7455905932656334
0.08818813468733298
0.7784607161945484
0.8743987172634955
0.677712453233565
0.759219668626403
0.7525387493319081
0.7308925708177445
0.6277391769107429
0.7562800641368252
0.1827899518973811
0.7284874398717264
0.7071084981293426
0.7314270443613041
0.694815606627472
0.8337787279529664
0.09861036878674506
0.5398182789951897
0.8011758417958311
0.14190272581507216
0.1459112773917691
0.6758417958311064
0.5571886691608765
0.11972207375734902
0.5897915553180118
0.82896846606093
0.7536076964190273
0.4826296098343132
0.6865312667022982
0.636825227151256
0.8054516301443079
0.864510956707643
0.6598075895243185
0.12346338856226617
0.6028861571352218
0.7127204703367184
0.8345804382683057
0.0951362907536077
0.6980224478888295
0.6109032602886157
0.11491181186531267
0.7479957242116515
0.8230892570817745
0.6900053447354356
0.6950828433992517
0.8329770176376269
0.6846606092998396
0.09967931587386425
0.6298770710849813
0.7108498129342598
0.721004810261892
0.7266167824692678
0.5839123463388562
0.4764831640833779
0.7164617851416355
0.689470871191876
0.711918760021379
0.7087119187600214
0.7485301977552111
0.7108498129342598
0.09620523784072689
0.5756280064136825
0.11063602351683592
0.6638161411010155
0.7878140032068413
0.12560128273650453
0.7121859967931587
0.7602886157135221
0.6945483698556921
0.3896312132549439
0.7792624265098878
0.7383752004275789
0.08070550507749866
0.797434526990914
0.8594334580438269
0.7215392838054516
0.7939604489577766
0.7124532335649385
0.3327097808658471
0.8217530732228755
0.8650454302512026
0.8890967397113843
0.8049171566007483
0.7207375734901122
0.805184393372528
0.6892036344200962
0.7274184927846071
0.6360235168359166
0.7602886157135221
0.8519508284339925
0.09620523784072689
0.11411010154997328
0.8856226616782469
0.8300374131480491
0.44735435595938
0.778995189738108
0.8014430785676109
0.6798503474078034
0.4219668626402993
0.8869588455371459
0.8153393907001604
0.726349545697488
0.6205237840726884
0.6141101015499733
0.7215392838054516
0.7458578300374131
0.6902725815072154
0.16809192944949225
0.8647781934794228
0.8340459647247461
0.7838054516301443
0.7501336183858899
0.6630144307856761
0.7650988776055585
0.14216996258685194
0.7883484767504009
0.5056119722073757
0.7324959914484233
0.4706039551042223
0.7688401924104756
0.7495991448423303
0.7549438802779262
0.7640299305184394
0.7220737573490112
0.8890967397113843
0.6712987707108499
0.8503474078033137
0.7423837520042758
0.6312132549438803
0.8027792624265099
0.7137894174238375
0.6961517904863709
0.8049171566007483
0.48450026723677175
0.6924104756814538
0.755211117049706
0.6849278460716195
0.8850881881346874
0.1547300908605024
0.7546766435061465
0.7667022982362373
0.6344200962052379
0.7487974345269909
0.7701763762693746
0.6547300908605024
0.7255478353821486
0.7169962586851951
0.6926777124532336
0.742116515232496
0.06360235168359166
0.6851950828433993
0.7215392838054516
0.44200962052378406
0.1293425975414217
0.7814003206841261
0.6761090326028861
0.6443078567610904
0.780331373597007
0.5919294494922501
0.874933190807055
0.13388562266167825
0.13281667557455906
0.7319615179048637
0.8244254409406734
0.7640299305184394
0.7073757349011224
0.848743987172635
0.7431854623196151
0.4917156600748263
0.8212185996793159
0.8455371459112774
0.8792089791555318
0.8295029396044896
0.6980224478888295
0.4056654195617317
0.8356493853554249
0.7081774452164618
0.656600748262961
0.8380545163014431
0.9070016034206306
0.638161411010155
0.6680919294494923
0.7781934794227686
0.13495456974879744
0.7169962586851951
0.8300374131480491
0.6007482629609834
0.8193479422768573
0.8035809727418493
0.652592196686264
0.8049171566007483
0.7530732228754676
0.6058257616247996
0.7311598075895244
0.8703901656867985
0.7324959914484233
0.6397648316408338
0.7055050774986639
0.42463923035809725
0.672367717797969
0.6322822020309995
0.6694281133083912
0.7811330839123464
0.5831106360235169
0.7482629609834314
0.857830037413148
0.6632816675574559
0.16034206306787813
0.744788882950294
0.6231961517904864
0.6774452164617851
0.6774452164617851
0.7202030999465526
0.8057188669160876
0.6111704970603955
0.6373597006948156
0.7669695350080171
0.8709246392303581
0.7089791555318011
0.8637092463923036
0.6822554783538215
0.638161411010155
0.760555852485302
0.693479422768573
0.6360235168359166
0.8492784607161945
0.5350080171031534
0.7800641368252271
0.6916087653661144
0.7990379476215927
0.7127204703367184
0.7466595403527525
0.7741849278460716
0.6582041688936398
0.7159273115980759
0.6667557455905933
0.448690539818279
0.6600748262960984
0.173703901656868
0.8976483164083378
0.4537680384820951
0.8230892570817745
0.8166755745590594
0.15018706574024585
0.642169962586852
0.7474612506680919
0.827632282202031
0.6817210048102619
0.7675040085515767
0.8805451630144308
0.8931052912880812
0.8997862105825761
0.10769641902725816
0.8038482095136291
0.589524318546232
0.7055050774986639
0.6357562800641369
0.6574024585783004
0.7557455905932656
0.6726349545697488
0.3669160876536611
0.2413148049171566
0.8332442544094067
0.9112773917691074
0.711918760021379
0.8792089791555318
0.45403527525387494
0.5970069481560663
0.6761090326028861
0.8327097808658471
0.6453768038482095
0.7266167824692678
0.8113308391234634
0.09673971138428648
0.8522180652057724
0.8703901656867985
0.7300908605024051
0.6467129877071085
0.5903260288615714
0.8826830571886691
0.7418492784607162
0.8351149118118654
0.6288081239978621
0.09112773917691075
0.3949759486905398
0.7258150721539284
0.7140566541956174
0.6451095670764297
0.5481026189203635
0.8476750400855158
0.7129877071084981
0.5179048637092464
0.7194013896312133
0.32308925708177444
0.6402993051843934
0.5740245857830037
0.45403527525387494
0.61838588989845
0.6360235168359166
0.5865847140566542
0.7568145376803849
0.6509887760555852
0.8522180652057724
0.6686264029930519
0.6288081239978621
0.004543025120256547
0.6536611437733832
0.3965793693212186
0.7274184927846071
0.6175841795831106
0.1127739176910743
0.7747194013896312
0.7851416354890433
0.7765900587920898
0.7482629609834314
0.7819347942276857
0.18786745056119722
0.4396044895777659
0.6790486370924639
0.8009086050240513
0.6924104756814538
0.8957776590058792
0.6758417958311064
0.598610368786745
0.7357028327097809
0.7349011223944415
0.6846606092998396
0.8385889898450026
0.7188669160876536
0.6787814003206841
0.7661678246926777
0.9123463388562266
0.6595403527525387
0.8193479422768573
0.7319615179048637
0.7637626937466595
0.6587386424371994
0.7765900587920898
0.7180652057723143
0.7936932121859968
0.7584179583110636
0.8463388562266168
0.9035275253874934
0.805184393372528
0.6432389096739711
0.8880277926242651
0.8172100481026189
0.8022447888829503
0.22634954569748797
0.7479957242116515
0.7349011223944415
0.6889363976483164
0.8385889898450026
0.685462319615179
0.7685729556386959
0.6865312667022982
0.7680384820951363
0.7846071619454837
0.6916087653661144
0.7153928380545163
0.7383752004275789
0.7036344200962052
0.7148583645109567
0.8140032068412614
0.7228754676643506
0.8629075360769642
0.12346338856226617
0.669695350080171
0.632816675574559
0.6779796900053447
0.7739176910742919
0.8626402993051844
0.6787814003206841
0.1205237840726884
0.2073757349011224
0.806520577231427
0.7805986103687867
0.911811865312667
0.651256012827365
0.7672367717797969
0.9182255478353821
0.7231427044361304
0.6437733832175307
0.12479957242116516
0.8770710849812934
0.9099412079102085
0.6988241582041689
0.6980224478888295
0.6787814003206841
0.08177445216461784
0.823623730625334
0.6892036344200962
0.4564404061998931
0.6549973276322822
0.7926242650988776
0.8174772848743987
0.89470871191876
0.6247995724211651
0.636825227151256
0.07776590058792089
0.7332977017637627
0.6956173169428114
0.7517370390165686
0.8610368786745056
0.6686264029930519
0.7359700694815606
0.7204703367183325
0.742116515232496
0.6972207375734901
0.8703901656867985
0.20630678781400322
0.12319615179048637
0.7194013896312133
0.15205772314270444
0.7362373062533405
0.8313735970069481
0.6312132549438803
0.8415285943345805
0.6892036344200962
0.8094601817210048
0.727685729556387
0.6825227151256013
0.8885622661678247
0.7319615179048637
0.12987707108498128
0.5660074826296099
0.6688936397648316
0.7608230892570818
0.13602351683591662
0.7439871726349546
0.8308391234633885
0.67103153393907
0.7298236237306254
0.910475681453768
0.35649385355424906
0.8324425440940674
0.7683057188669161
0.7699091394975949
0.9286477819347942
0.8097274184927846
0.7664350614644575
0.8746659540352753
0.45403527525387494
0.7573490112239444
0.7832709780865847
0.7939604489577766
0.7303580972741849
0.8511491181186531
0.8201496525921966
0.5938001068947087
0.1213254943880278
0.8423303046499199
0.6838588989845003
0.7319615179048637
0.876269374665954
0.5462319615179049
0.7613575628006414
0.8607696419027259
0.8046499198289685
0.6504543025120256
0.7437199358631748
0.8765366114377339
0.7405130946018172
0.7816675574559059
0.7707108498129343
0.4556386958845537
0.7300908605024051
0.6889363976483164
0.8621058257616248
0.7610903260288616
0.8383217530732229
0.7498663816141101
0.6582041688936398
0.34954569748797437
0.867183324425441
0.7108498129342598
0.725013361838589
0.7707108498129343
0.7129877071084981
0.8327097808658471
0.810529128808124
0.900053447354356
0.7292891501870657
0.7520042757883485
0.7231427044361304
0.8099946552645644
0.788081239978621
0.44307856761090325
0.705237840726884
0.17904863709246394
0.7701763762693746
0.6149118118653126
0.8046499198289685
0.7167290219134153
0.6141101015499733
0.9115446285408872
0.7896846606092999
0.6346873329770176
0.6199893105291288
0.6686264029930519
0.6296098343132015
0.5537145911277391
0.6953500801710315
0.6528594334580439
0.6622127204703367
0.13308391234633885
0.7969000534473544
0.8206841261357563
0.7677712453233565
0.685462319615179
0.7129877071084981
0.6675574559059326
0.8428647781934794
0.692143238909674
0.6833244254409406
0.8172100481026189
0.6715660074826296
0.7177979690005345
0.7279529663281668
0.7354355959380011
0.7800641368252271
0.6988241582041689
0.9096739711384286
0.8102618920363442
0.8564938535542491
0.7445216461785141
0.6445750935328701
0.6956173169428114
0.7354355959380011
0.8506146445750935
0.846071619454837
0.909139497594869
0.6646178514163549
0.7076429716729022
0.669695350080171
0.7132549438802779
0.7418492784607162
0.6761090326028861
0.7322287546766435
0.7530732228754676
0.7509353287012293
0.8217530732228755
0.738107963655799
0.43345804382683056
0.7653661143773384
0.6528594334580439
0.4219668626402993
0.7006948156066275
0.5871191876002138
0.7487974345269909
0.813201496525922
0.685462319615179
0.7423837520042758
0.7554783538214859
0.7562800641368252
0.7554783538214859
0.7760555852485302
0.7848743987172635
0.8228220203099946
0.42864778193479425
0.7683057188669161
0.7926242650988776
0.7063067878140032
0.7827365045430251
0.8102618920363442
0.9233030464991983
0.7124532335649385
0.7132549438802779
0.7450561197220738
0.896044895777659
0.6333511491181186
0.4142169962586852
0.48343132014965257
0.740780331373597
0.27151256012827363
0.753874933190807
0.5929983965793694
0.7204703367183325
0.7185996793158739
0.8714591127739177
0.797434526990914
0.8332442544094067
0.9163548904329236
0.7180652057723143
0.7661678246926777
0.8741314804917156
0.7482629609834314
0.7650988776055585
0.6622127204703367
0.6376269374665954
0.6402993051843934
0.77632282202031
0.7765900587920898
0.7194013896312133
0.8041154462854089
0.11598075895243186
0.7530732228754676
0.6646178514163549
0.8196151790486371
0.7610903260288616
0.5876536611437734
0.6718332442544094
0.8556921432389096
0.6010154997327632
0.6745056119722074
0.6189203634420096
0.7995724211651524
0.7332977017637627
0.6491181186531266
0.5809727418492785
0.09754142169962587
0.7811330839123464
0.8361838588989845
0.7602886157135221
0.5603955104222341
0.1729021913415286
0.20203099946552647
0.6835916622127205
0.653928380545163
0.726349545697488
0.19214323890967397
0.7383752004275789
0.7033671833244255
0.7239444147514698
0.4478888295029396
0.6378941742383752
0.6849278460716195
0.721004810261892
0.761892036344201
0.6662212720470336
0.7557455905932656
0.8530197755211117
0.12747194013896312
0.6181186531266702
0.7822020309994655
0.12693746659540353
0.7145911277391769
0.7985034740780331
0.7252805986103688
0.778995189738108
0.8204168893639765
0.4409406734366649
0.8979155531801176
0.7327632282202031
0.7787279529663281
0.8711918760021379
0.41501870657402457
0.7041688936397649
0.6886691608765366
0.7819347942276857
0.7076429716729022
0.7060395510422234
0.759219668626403
0.6686264029930519
0.7827365045430251
0.6822554783538215
0.8011758417958311
0.794762159273116
0.689470871191876
0.8017103153393907
0.7156600748262961
0.8655799037947621
0.7621592731159808
0.8033137359700695
0.8594334580438269
0.790753607696419
0.6082308925708177
0.8292357028327098
0.11758417958311064
0.8992517370390166
0.796098343132015
0.42570817744521644
0.8391234633885623
0.686798503474078
0.6427044361304115
0.47888829502939606
0.12426509887760556
0.6608765366114377
0.7266167824692678
0.6191876002137894
0.8009086050240513
0.685462319615179
0.6608765366114377
0.8193479422768573
0.8361838588989845
0.6298770710849813
0.6272047033671834
0.7346338856226616
0.60529128808124
0.4559059326563335
0.6496525921966863
0.634152859433458
0.5082843399251737
0.7562800641368252
0.7194013896312133
0.688134687332977
0.6900053447354356
0.6122394441475147
0.6739711384286478
0.6042223409941208
0.12453233564938536
0.7362373062533405
0.10769641902725816
0.8372528059861037
0.8182789951897381
0.6694281133083912
0.6496525921966863
0.8345804382683057
0.7469267771245324
0.6961517904863709
0.8062533404596472
0.7952966328166756
0.84206306787814
0.6247995724211651
0.7581507215392838
0.738107963655799
0.7049706039551042
0.1288081239978621
0.7137894174238375
0.7549438802779262
0.7073757349011224
0.6101015499732764
0.7891501870657402
0.07108498129342597
0.7458578300374131
0.3965793693212186
0.6862640299305185
0.6841261357562801
0.7800641368252271
0.7765900587920898
0.17584179583110637
0.7089791555318011
0.7191341528594335
0.6838588989845003
0.7009620523784073
0.7495991448423303
0.6411010154997328
0.8083912346338856
0.7626937466595404
0.8417958311063602
0.9019241047568145
0.900053447354356
0.7076429716729022
0.6761090326028861
0.7362373062533405
0.5379476215927311
0.7805986103687867
0.7466595403527525
0.5066809192944949
0.8997862105825761
0.7669695350080171
0.6611437733832175
0.6761090326028861
0.7501336183858899
0.8615713522180652
0.7087119187600214
0.7354355959380011
0.8209513629075361
0.6117049706039551
0.7231427044361304
0.7795296632816675
0.7335649385355425
0.8872260823089257
0.7963655799037948
0.805184393372528
0.8623730625334046
0.08204168893639764
0.6571352218065206
0.6068947087119188
0.5285943345804383
0.7012292891501871
0.743452699091395
0.7266167824692678
0.6785141635489044
0.8396579369321219
0.7814003206841261
0.686798503474078
0.8506146445750935
0.8046499198289685
0.8204168893639765
0.6611437733832175
0.5448957776590059
0.8623730625334046
0.6306787814003206
0.6114377338321753
0.7878140032068413
0.7132549438802779
0.7752538749331908
0.7405130946018172
0.6606092998396579
0.7164617851416355
0.6306787814003206
0.5606627471940139
0.5649385355424906
0.8356493853554249
0.6146445750935329
0.7346338856226616
0.7952966328166756
0.12640299305184394
0.14377338321753072
0.7875467664350615
0.8115980758952431
0.7728487439871726
0.6285408872260823
0.72367717797969
0.7177979690005345
0.7295563869588455
0.7228754676643506
0.7445216461785141
0.8423303046499199
0.7009620523784073
0.7888829502939605
0.7862105825761625
0.7733832175307322
0.7022982362373063
0.8070550507749866
0.46018172100481025
0.7258150721539284
0.3559593800106895
0.6913415285943346
0.4681988241582042
0.7779262426509888
0.6702298236237306
0.7033671833244255
0.14270443613041153
0.9016568679850347
0.7645644040619989
0.18332442544094069
0.8530197755211117
0.8984500267236771
0.7493319080705505
0.7581507215392838
0.7498663816141101
0.7274184927846071
0.882950293960449
0.7832709780865847
0.6082308925708177
0.7771245323356494
0.6833244254409406
0.8711918760021379
0.7410475681453768
0.7851416354890433
0.8613041154462854
0.5002672367717798
0.7191341528594335
0.6386958845537146
0.7725815072153929
0.1731694281133084
0.7493319080705505
0.6795831106360235
0.649919828968466
0.7669695350080171
0.7549438802779262
0.5660074826296099
0.7255478353821486
0.6384286477819348
0.7354355959380011
0.7637626937466595
0.7610903260288616
0.7343666488508819
0.601282736504543
0.8893639764831641
0.7704436130411545
0.823623730625334
0.8086584714056654
0.8174772848743987
0.7987707108498129
0.7191341528594335
0.7514698022447889
0.753874933190807
0.7009620523784073
0.6298770710849813
0.7445216461785141
0.8094601817210048
0.8329770176376269
0.8295029396044896
0.4208979155531801
0.3781400320684126
0.7108498129342598
0.43559593800106894
0.08898984500267237
0.7022982362373063
0.7311598075895244
0.43693212185996794
0.6557990379476216
0.1472474612506681
0.6966862640299305
0.8244254409406734
0.6296098343132015
0.10983431320149653
0.7242116515232496
0.08925708177445217
0.7814003206841261
0.7215392838054516
0.7741849278460716
0.465793693212186
0.4551042223409941
0.7963655799037948
0.8602351683591662
0.4649919828968466
0.7982362373062534
0.7659005879208979
0.7349011223944415
0.6181186531266702
0.705237840726884
0.7084446819882416
0.623730625334046
0.6293425975414217
0.7650988776055585
0.5991448423303046
0.6715660074826296
0.7899518973810796
0.6782469267771245
0.7164617851416355
0.7584179583110636
0.7453233564938535
0.686798503474078
0.7405130946018172
0.8733297701763763
0.9417423837520043
0.6531266702298236
0.8198824158204169
0.13842864778193478
0.7439871726349546
0.8030464991982896
0.6146445750935329
0.8385889898450026
0.7936932121859968
0.33324425440940675
0.7319615179048637
0.8001068947087119
0.8190807055050775
0.7132549438802779
0.8792089791555318
0.89470871191876
0.7357028327097809
0.7878140032068413
0.7279529663281668
0.09994655264564405
0.14430785676109031
0.706574024585783
0.8952431854623196
0.7648316408337787
0.880277926242651
0.2664350614644575
0.6042223409941208
0.6843933725280599
0.7840726884019241
0.6886691608765366
0.7739176910742919
0.689470871191876
0.621058257616248
0.8682522715125601
0.7100481026189204
0.638161411010155
0.7648316408337787
0.7819347942276857
0.7239444147514698
0.6846606092998396
0.8182789951897381
0.6582041688936398
0.7570817744521646
0.9257081774452165
0.7872795296632816
0.8142704436130411
0.6859967931587386
0.7431854623196151
0.7175307322287546
0.8928380545163015
0.7073757349011224
0.7359700694815606
0.705237840726884
0.6309460181721005
0.8099946552645644
0.67103153393907
0.843399251737039
0.8385889898450026
0.861838588989845
0.7891501870657402
0.7952966328166756
0.6365579903794762
0.446018172100481
0.7359700694815606
0.8583645109567076
0.7987707108498129
0.8554249064671299
0.6998931052912881
0.7252805986103688
0.7814003206841261
0.13522180652057722
0.4898450026723677
0.806520577231427
0.7979690005344735
0.8431320149652592
0.830304649919829
0.6664885088188135
0.8907001603420631
0.7993051843933725
0.7471940138963121
0.774986638161411
0.6972207375734901
0.7653661143773384
0.8206841261357563
0.7121859967931587
0.759219668626403
0.756547300908605
0.5785676109032603
0.719668626402993
0.7819347942276857
0.6688936397648316
0.7089791555318011
0.7095136290753608
0.8233564938535542
0.4390700160342063
0.7597541421699626
0.16060929983965794
0.6523249599144842
0.11571352218065206
0.7308925708177445
0.7220737573490112
0.7843399251737039
0.6876002137894174
0.6980224478888295
0.7533404596472475
0.4374665954035275
0.7453233564938535
0.703901656867985
0.8613041154462854
0.1282736504543025
0.47006948156066275
0.6646178514163549
0.6838588989845003
0.6234633885622661
0.7410475681453768
0.7613575628006414
0.7255478353821486
0.7100481026189204
0.756547300908605
0.744788882950294
0.6964190272581507
0.8006413682522715
0.8519508284339925
0.8353821485836451
0.7314270443613041
0.8639764831640834
0.6900053447354356
0.6007482629609834
0.4738107963655799
0.7212720470336719
0.6325494388027793
0.8244254409406734
0.1376269374665954
0.5689470871191876
0.8233564938535542
0.7878140032068413
0.6036878674505612
0.5980758952431855
0.7124532335649385
0.7560128273650454
0.1205237840726884
0.8685195082843399
0.6972207375734901
0.7739176910742919
0.8313735970069481
0.1306787814003207
0.7915553180117584
0.7998396579369321
0.7838054516301443
0.7279529663281668
0.6138428647781935
0.6269374665954035
0.6571352218065206
0.6491181186531266
0.8254943880277926
0.7471940138963121
0.9190272581507215
0.7979690005344735
0.7071084981293426
0.9061998931052913
0.7685729556386959
0.7870122928915019
0.8492784607161945
0.11704970603955105
0.8030464991982896
0.7367717797969
0.7140566541956174
0.8543559593800107
0.7330304649919829
0.6574024585783004
0.7111170497060395
0.8760021378941742
0.2910208444681988
0.7367717797969
0.7667022982362373
0.8955104222340994
0.7902191341528594
0.7282202030999465
0.6793158738642437
0.676376269374666
0.7768572955638696
0.7993051843933725
0.6774452164617851
0.7111170497060395
0.8781400320684126
0.7234099412079102
0.8415285943345805
0.7258150721539284
0.7426509887760556
0.6691608765366115
0.9150187065740246
0.7161945483698557
0.7840726884019241
0.15927311598075894
0.5809727418492785
0.5769641902725815
0.6862640299305185
0.17584179583110637
0.7036344200962052
0.6876002137894174
0.9120791020844469
0.7482629609834314
0.6667557455905933
0.7648316408337787
0.774986638161411
0.13388562266167825
0.7324959914484233
0.1392303580972742
0.8129342597541421
0.7517370390165686
0.5809727418492785
0.7878140032068413
0.692143238909674
0.7642971672902191
0.7191341528594335
0.9005879208979155
0.6175841795831106
0.6071619454836985
0.744788882950294
0.60529128808124
0.8543559593800107
0.6606092998396579
0.822287546766435
0.3786745056119722
0.6654195617316943
0.12319615179048637
0.7832709780865847
0.6897381079636558
0.6509887760555852
0.7827365045430251
0.6488508818813469
0.6090326028861571
0.6333511491181186
0.6795831106360235
0.5614644575093533
0.9037947621592731
0.7383752004275789
0.7231427044361304
0.770978086584714
0.7910208444681989
0.7049706039551042
0.8319080705505077
0.6322822020309995
0.7076429716729022
0.21138428647781934
0.843399251737039
0.8214858364510956
0.7124532335649385
0.6464457509353287
0.15072153928380544
0.8506146445750935
0.5630678781400321
0.7295563869588455
0.8858898984500267
0.602618920363442
0.6865312667022982
0.8204168893639765
0.8014430785676109
0.740780331373597
0.7207375734901122
0.8506146445750935
0.3971138428647782
0.7589524318546232
0.45884553714591125
0.21726349545697488
0.8415285943345805
0.7319615179048637
0.9179583110636024
0.7303580972741849
0.7912880812399786
0.8904329235702833
0.14190272581507216
0.8548904329235703
0.6435061464457509
0.893372528059861
0.6242650988776055
0.17771245323356494
0.8214858364510956
0.7840726884019241
0.878941742383752
0.7811330839123464
0.6611437733832175
0.8610368786745056
0.7164617851416355
0.5419561731694281
0.6384286477819348
0.8412613575628006
0.7808658471405665
0.7688401924104756
0.4061998931052913
0.8297701763762694
0.7127204703367184
0.45430251202565475
0.7479957242116515
0.8121325494388028
0.6699625868519509
0.4291822554783538
0.6916087653661144
0.3102618920363442
0.6015499732763229
0.7335649385355425
0.6365579903794762
0.10876536611437734
0.7693746659540353
0.7383752004275789
0.1044895777659006
0.7792624265098878
0.7044361304115446
0.780331373597007
0.6443078567610904
0.15954035275253875
0.8495456974879744
0.7188669160876536
0.6873329770176376
0.6798503474078034
0.15366114377338322
0.7910208444681989
0.8482095136290754
0.705237840726884
0.7805986103687867
0.7228754676643506
0.6830571886691609
0.6440406199893105
0.6779796900053447
0.8041154462854089
0.7495991448423303
0.7512025654730091
0.7797969000534474
0.673703901656868
0.6098343132014965
0.8546231961517905
0.8281667557455906
0.6932121859967931
0.8329770176376269
0.7741849278460716
0.6055585248530198
0.7733832175307322
0.6932121859967931
0.6619454836985569
0.6766435061464458
0.7998396579369321
0.8140032068412614
0.6261357562800641
0.7402458578300374
0.7838054516301443
0.6862640299305185
0.7087119187600214
0.7308925708177445
0.8409941207910209
0.3997862105825762
0.8492784607161945
0.6427044361304115
0.7258150721539284
0.7779262426509888
0.874933190807055
0.7410475681453768
0.7140566541956174
0.7100481026189204
0.9056654195617317
0.7832709780865847
0.677712453233565
0.806520577231427
0.7391769107429182
0.7081774452164618
0.5489043292357029
0.6902725815072154
0.6285408872260823
0.7915553180117584
0.6322822020309995
0.6352218065205772
0.6785141635489044
0.8097274184927846
0.8153393907001604
0.6007482629609834
0.6827899518973811
0.8009086050240513
0.7113842864778194
0.82896846606093
0.6988241582041689
0.07349011223944414
0.7076429716729022
0.7498663816141101
0.725013361838589
0.44922501336183857
0.8800106894708712
0.7148583645109567
0.7001603420630679
0.7212720470336719
0.7218065205772314
0.6349545697487974
0.9011223944414751
0.6982896846606093
0.6822554783538215
0.7773917691074291
0.8353821485836451
0.7204703367183325
0.6910742918225548
0.1306787814003207
0.07936932121859967
0.6656867985034741
0.6584714056654195
0.7910208444681989
0.755211117049706
0.7969000534473544
0.8944414751469802
0.807856761090326
0.7755211117049706
0.6712987707108499
0.656600748262961
0.7177979690005345
0.1459112773917691
0.15366114377338322
0.7014965259219669
0.8818813468733298
0.6814537680384821
0.7255478353821486
0.6582041688936398
0.7755211117049706
0.850080171031534
0.7474612506680919
0.8019775521111705
0.6803848209513629
0.7888829502939605
0.8156066274719401
0.6924104756814538
0.755211117049706
0.6916087653661144
0.6453768038482095
0.6897381079636558
0.7985034740780331
0.694815606627472
0.584179583110636
0.45189738107963656
0.67103153393907
0.7581507215392838
0.6247995724211651
0.8190807055050775
0.7688401924104756
0.6851950828433993
0.8086584714056654
0.778995189738108
0.7450561197220738
0.82896846606093
0.8794762159273116
0.6942811330839124
0.4903794762159273
0.9134152859433458
0.6378941742383752
0.7332977017637627
0.8033137359700695
0.7252805986103688
0.722340994120791
0.709246392303581
0.7851416354890433
0.7183324425440941
0.794762159273116
0.7455905932656334
0.7701763762693746
0.7199358631747729
0.7466595403527525
0.7164617851416355
0.6245323356493854
0.61838588989845
0.8027792624265099
0.7458578300374131
0.48743987172634956
0.7049706039551042
0.6480491715660075
0.2060395510422234
0.6950828433992517
0.16595403527525387
0.6675574559059326
0.4692677712453234
0.7137894174238375
0.7180652057723143
0.6253340459647247
0.6336183858898985
0.77632282202031
0.7597541421699626
0.5887226082308926
0.7939604489577766
0.7030999465526456
0.7319615179048637
0.11972207375734902
0.7135221806520577
0.8757349011223945
0.7642971672902191
0.7667022982362373
0.9136825227151256
0.7343666488508819
0.739444147514698
0.7549438802779262
0.7626937466595404
0.7295563869588455
0.7060395510422234
0.72367717797969
0.6004810261892036
0.7747194013896312
0.7520042757883485
0.7365045430251203
0.7862105825761625
0.6595403527525387
0.690807055050775
0.6034206306787814
0.6838588989845003
0.5032068412613576
0.7057723142704436
0.7848743987172635
0.8417958311063602
0.6667557455905933
0.8332442544094067
0.1459112773917691
0.8308391234633885
0.9005879208979155
0.668359166221272
0.8214858364510956
0.761892036344201
0.7757883484767504
0.6964190272581507
0.7234099412079102
0.8540887226082309
0.10048102618920364
0.5988776055585249
0.1386958845537146
0.8169428113308391
0.11972207375734902
0.9436130411544629
0.7781934794227686
0.846071619454837
0.788081239978621
0.7739176910742919
0.46125066809192944
0.7851416354890433
0.41501870657402457
0.8001068947087119
0.6795831106360235
0.6958845537145911
0.729021913415286
0.7413148049171566
0.6477819347942276
0.6712987707108499
0.7402458578300374
0.6055585248530198
0.8650454302512026
0.8554249064671299
0.7266167824692678
0.8001068947087119
0.6857295563869589
0.18626402993051844
0.6712987707108499
0.5277926242650989
0.7116515232495991
0.9313201496525922
0.7554783538214859
0.7626937466595404
0.5240513094601817
0.8225547835382149
0.7520042757883485
0.898717263495457
0.89470871191876
0.7167290219134153
0.7268840192410476
0.7218065205772314
0.7832709780865847
0.15098877605558525
0.7311598075895244
0.7049706039551042
0.6811865312667023
0.7576162479957242
0.8067878140032069
0.7370390165686799
0.8134687332977018
0.702565473009086
0.8538214858364511
0.652592196686264
0.11624799572421166
0.6288081239978621
0.11918760021378942
0.7335649385355425
0.1643506146445751
0.8594334580438269
0.40913949759486906
0.46018172100481025
0.7006948156066275
0.743452699091395
0.7365045430251203
0.711918760021379
0.756547300908605
0.6357562800641369
0.8241582041688936
0.6972207375734901
0.1819882415820417
0.6603420630678781
0.6795831106360235
0.6119722073757349
0.6531266702298236
0.9297167290219134
0.6851950828433993
0.6857295563869589
0.8594334580438269
0.6988241582041689
0.6667557455905933
0.7477284874398717
0.9353287012292891
0.6982896846606093
0.639497594869054
0.7405130946018172
0.6758417958311064
0.7271512560128274
0.676376269374666
0.6769107429182255
0.12319615179048637
0.15927311598075894
0.8861571352218065
0.8115980758952431
0.6886691608765366
0.7071084981293426
0.4401389631213255
0.7781934794227686
0.44414751469802244
0.727685729556387
0.7589524318546232
0.8027792624265099
0.6966862640299305
0.47487974345269907
0.6178514163548904
0.6571352218065206
0.8001068947087119
0.8129342597541421
0.7357028327097809
0.15927311598075894
0.13388562266167825
0.7685729556386959
0.6467129877071085
0.7450561197220738
0.5994120791020845
0.7955638695884554
0.7340994120791021
0.7816675574559059
0.6277391769107429
0.7159273115980759
0.2787279529663282
0.7148583645109567
0.5892570817744521
0.693479422768573
0.15606627471940138
0.7560128273650454
0.8073222875467664
0.9192944949225014
0.5652057723142705
0.6662212720470336
0.13201496525921966
0.8872260823089257
0.7274184927846071
0.7725815072153929
0.6664885088188135
0.8158738642437199
0.7597541421699626
0.6924104756814538
0.7413148049171566
0.7463923035809727
0.7712453233564939
0.6998931052912881
0.7220737573490112
0.6998931052912881
0.09005879208979156
0.7640299305184394
0.7415820416889364
0.8442009620523784
0.6392303580972741
0.7415820416889364
0.807856761090326
0.8214858364510956
0.780331373597007
0.7001603420630679
0.7536076964190273
0.07856761090326028
0.6068947087119188
0.8396579369321219
0.6795831106360235
0.6293425975414217
0.813201496525922
0.6504543025120256
0.14136825227151256
0.7822020309994655
0.7391769107429182
0.8094601817210048
0.780331373597007
0.8335114911811865
0.3864243719935863
0.6288081239978621
0.6718332442544094
0.6600748262960984
0.6924104756814538
0.8113308391234634
0.7260823089257081
0.6475146980224479
0.6755745590593266
0.7528059861036879
0.7185996793158739
0.7661678246926777
0.1306787814003207
0.45056119722073756
0.8193479422768573
0.1034206306787814
0.7522715125601283
0.8281667557455906
0.5994120791020845
0.6557990379476216
0.7600213789417424
0.7506680919294495
0.8241582041688936
0.7159273115980759
0.9417423837520043
0.6771779796900054
0.7183324425440941
0.12025654730090861
0.6718332442544094
0.7851416354890433
0.5935328701229289
0.6873329770176376
0.7530732228754676
0.8915018706574025
0.7640299305184394
0.8725280598610369
0.6344200962052379
0.7835382148583645
0.6747728487439871
0.6627471940138963
0.8348476750400855
0.744788882950294
0.7560128273650454
0.809192944949225
0.705237840726884
0.7741849278460716
0.38588989845002675
0.7006948156066275
0.790753607696419
0.6541956173169428
0.8059861036878675
0.7792624265098878
0.6680919294494923
0.15366114377338322
0.726349545697488
0.7306253340459647
0.7560128273650454
0.6640833778727953
0.8006413682522715
0.705237840726884
0.6640833778727953
0.6576696953500801
0.8941742383752004
0.725013361838589
0.8142704436130411
0.7752538749331908
0.6996258685195083
0.7656333511491181
0.6859967931587386
0.7239444147514698
0.6900053447354356
0.7963655799037948
0.6338856226616782
0.84206306787814
0.6504543025120256
0.09032602886157136
0.8655799037947621
0.7811330839123464
0.8412613575628006
0.6600748262960984
0.8099946552645644
0.7677712453233565
0.8805451630144308
0.7501336183858899
0.8161411010154997
0.8621058257616248
0.6464457509353287
0.777659005879209
0.7386424371993586
0.6386958845537146
0.6929449492250134
0.8156066274719401
0.7747194013896312
0.8158738642437199
0.739444147514698
0.7747194013896312
0.7129877071084981
0.6884019241047569
0.7047033671833244
0.8508818813468734
0.8311063602351684
0.6769107429182255
0.7600213789417424
0.7741849278460716
0.7298236237306254
0.7244788882950294
0.78941742383752
0.6849278460716195
0.6071619454836985
0.7076429716729022
0.8244254409406734
0.756547300908605
0.900053447354356
0.9053981827899519
0.8182789951897381
0.8556921432389096
0.8492784607161945
0.5008017103153394
0.7199358631747729
0.623730625334046
0.8375200427578835
0.6314804917156601
0.6509887760555852
0.7266167824692678
0.1461785141635489
0.5523784072688402
0.814537680384821
0.43719935863174775
0.8567610903260289
0.7231427044361304
0.7659005879208979
0.3768038482095136
0.8527525387493319
0.8035809727418493
0.8404596472474613
0.4636557990379476
0.7316942811330839
0.6929449492250134
0.6290753607696419
0.7685729556386959
0.6269374665954035
0.6745056119722074
0.6648850881881346
0.6876002137894174
0.6314804917156601
0.6699625868519509
0.7707108498129343
0.8257616247995724
0.6130411544628541
0.7199358631747729
0.40646712987707107
0.6809192944949225
0.6838588989845003
0.8019775521111705
0.7589524318546232
0.7287546766435061
0.6747728487439871
0.7664350614644575
0.7397113842864779
0.13335114911811866
0.6755745590593266
0.8976483164083378
0.11624799572421166
0.639497594869054
0.8153393907001604
0.6961517904863709
0.8017103153393907
0.6125066809192945
0.7218065205772314
0.7707108498129343
0.8129342597541421
0.7351683591662213
0.9142169962586852
0.8372528059861037
0.1902725815072154
0.677712453233565
0.8425975414216996
0.7346338856226616
0.3703901656867985
0.822287546766435
0.7482629609834314
0.8866916087653661
0.6721004810261892
0.7509353287012293
0.6929449492250134
0.6504543025120256
0.6739711384286478
0.7346338856226616
0.11464457509353287
0.6582041688936398
0.805184393372528
0.7867450561197221
0.8527525387493319
0.7570817744521646
0.777659005879209
0.6622127204703367
0.7904863709246392
0.7602886157135221
0.7343666488508819
0.2993051843933725
0.7626937466595404
0.6916087653661144
0.7557455905932656
0.8463388562266168
0.8856226616782469
0.753874933190807
0.814537680384821
0.11918760021378942
0.6231961517904864
0.7175307322287546
0.7867450561197221
0.8907001603420631
0.7349011223944415
0.7576162479957242
0.673703901656868
0.6563335114911811
0.7362373062533405
0.7843399251737039
0.7765900587920898
0.6101015499732764
0.8941742383752004
0.11170497060395511
0.761892036344201
0.8190807055050775
0.668359166221272
0.6376269374665954
0.7169962586851951
0.8099946552645644
0.16782469267771247
0.7012292891501871
0.7589524318546232
0.2760555852485302
0.7124532335649385
0.7862105825761625
0.6897381079636558
0.8939070016034206
0.72367717797969
0.6745056119722074
0.7260823089257081
0.6459112773917691
0.811865312667023
0.09780865847140567
0.7928915018706574
0.6996258685195083
0.7306253340459647
0.4388027792624265
0.8455371459112774
0.6787814003206841
0.7637626937466595
0.7872795296632816
0.7626937466595404
0.11918760021378942
0.7685729556386959
0.8369855692143239
0.742116515232496
0.7220737573490112
0.7218065205772314
0.6646178514163549
0.5732228754676644
0.8217530732228755
0.7928915018706574
0.8297701763762694
0.794762159273116
0.6357562800641369
0.7888829502939605
0.6942811330839124
0.13842864778193478
0.6544628540887226
0.6686264029930519
0.668359166221272
0.18252271512560128
0.9267771245323356
0.7768572955638696
0.8006413682522715
0.8661143773383218
0.7212720470336719
0.7415820416889364
0.8949759486905399
0.9257081774452165
0.6686264029930519
0.153928380545163
0.6199893105291288
0.15366114377338322
0.8033137359700695
0.12613575628006413
0.8949759486905399
0.8185462319615179
0.6841261357562801
0.8393907001603421
0.8848209513629075
0.14270443613041153
0.9267771245323356
0.7720470336718332
0.41047568145376806
0.15793693212185997
0.6646178514163549
0.7479957242116515
0.6721004810261892
0.4767504008551577
0.7113842864778194
0.746125066809193
0.8727952966328166
0.6961517904863709
0.6667557455905933
0.6357562800641369
0.4120791020844468
0.6229289150187066
0.6793158738642437
0.6378941742383752
0.7316942811330839
0.7300908605024051
0.7330304649919829
0.4291822554783538
0.7164617851416355
0.8107963655799038
0.7164617851416355
0.8412613575628006
0.18412613575628006
0.6376269374665954
0.6817210048102619
0.7049706039551042
0.8898984500267236
0.6600748262960984
0.6926777124532336
0.8567610903260289
0.7530732228754676
0.17103153393907003
0.8188134687332977
0.7188669160876536
0.6202565473009086
0.6902725815072154
0.892036344200962
0.13388562266167825
0.7343666488508819
0.4580438268305719
0.6616782469267771
0.8490112239444148
0.7990379476215927
0.41902725815072156
0.7284874398717264
0.926242650988776
0.757883484767504
0.8190807055050775
0.6961517904863709
0.8340459647247461
0.6531266702298236
0.896044895777659
0.6477819347942276
0.8607696419027259
0.7413148049171566
0.7194013896312133
0.760555852485302
0.7097808658471406
0.7357028327097809
0.721004810261892
0.8193479422768573
0.7319615179048637
0.7875467664350615
0.7343666488508819
0.6827899518973811
0.753874933190807
0.7544094067343666
0.623730625334046
0.8177445216461785
0.6857295563869589
0.002672367717797969
0.7568145376803849
0.4094067343666489
0.7568145376803849
0.619722073757349
0.7533404596472475
0.7405130946018172
0.7995724211651524
0.8693212185996794
0.6437733832175307
0.7768572955638696
0.7557455905932656
0.7303580972741849
0.6042223409941208
0.8343132014965259
0.8049171566007483
0.4305184393372528
0.8284339925173704
0.7979690005344735
0.8957776590058792
0.7282202030999465
0.6897381079636558
0.6451095670764297
0.7183324425440941
0.8313735970069481
0.10128273650454303
0.824959914484233
0.8669160876536611
0.7431854623196151
0.8479422768572956
0.7137894174238375
0.7047033671833244
0.7504008551576697
0.7912880812399786
0.6544628540887226
0.7493319080705505
0.6598075895243185
0.6753073222875468
0.7260823089257081
0.6432389096739711
0.5887226082308926
0.13148049171566006
0.7365045430251203
0.6900053447354356
0.901389631213255
0.5972741849278461
0.6141101015499733
0.756547300908605
0.8495456974879744
0.6753073222875468
0.6755745590593266
0.4983965793693212
0.8768038482095136
0.7439871726349546
0.6400320684126136
0.7474612506680919
0.8976483164083378
0.7202030999465526
0.4494922501336184
0.3273650454302512
0.7816675574559059
0.8949759486905399
0.8540887226082309
0.6456440406199893
0.774986638161411
0.7012292891501871
0.7931587386424372
0.7177979690005345
0.7287546766435061
0.8268305718866916
0.7487974345269909
0.6945483698556921
0.7335649385355425
0.8046499198289685
0.8110636023516836
0.848743987172635
0.7797969000534474
0.8217530732228755
0.7097808658471406
0.8882950293960449
0.6031533939070016
0.7383752004275789
0.7116515232495991
0.7985034740780331
0.6619454836985569
0.7664350614644575
0.8161411010154997
0.6688936397648316
0.7014965259219669
0.7862105825761625
0.4641902725815072
0.7164617851416355
0.8123997862105826
0.7634954569748797
0.6675574559059326
0.1386958845537146
0.8244254409406734
0.7402458578300374
0.8508818813468734
0.8412613575628006
0.7362373062533405
0.635489043292357
0.6424371993586317
0.8840192410475681
0.8230892570817745
0.7624265098877605
0.6074291822554784
0.8674505611972207
0.6771779796900054
0.8174772848743987
0.13495456974879744
0.4310529128808124
0.590860502405131
0.7260823089257081
0.8594334580438269
0.9021913415285944
0.7357028327097809
0.6926777124532336
0.6247995724211651
0.7830037413148049
0.1285408872260823
0.7423837520042758
0.8896312132549439
0.8134687332977018
0.7688401924104756
0.9414751469802245
0.7391769107429182
0.7923570283270978
0.7041688936397649
0.6090326028861571
0.4337252805986104
0.15018706574024585
0.7103153393907001
0.830304649919829
0.6819882415820417
0.7148583645109567
0.8164083377872795
0.7202030999465526
0.40913949759486906
0.9235702832709781
0.6272047033671834
0.6769107429182255
0.8174772848743987
0.7816675574559059
0.6576696953500801
0.7226082308925709
0.6851950828433993
0.6536611437733832
0.43559593800106894
0.2872795296632817
0.8329770176376269
0.71058257616248
0.7322287546766435
0.7148583645109567
0.6913415285943346
0.6889363976483164
0.8038482095136291
0.18332442544094069
0.807856761090326
0.71058257616248
0.5772314270443613
0.8228220203099946
0.7097808658471406
0.8562266167824693
0.7878140032068413
0.8070550507749866
0.7185996793158739
0.12266167824692678
0.7586851950828434
0.7252805986103688
0.7332977017637627
0.638161411010155
0.5587920897915554
0.867183324425441
0.7987707108498129
0.6461785141635489
0.6779796900053447
0.702565473009086
0.8746659540352753
0.6528594334580439
0.7672367717797969
0.8556921432389096
0.8717263495456975
0.7111170497060395
0.4227685729556387
0.6119722073757349
0.7338321753073223
0.08524853019775522
0.7135221806520577
0.7859433458043826
0.7562800641368252
0.7284874398717264
0.8909673971138429
0.7111170497060395
0.8391234633885623
0.8270978086584714
0.796098343132015
0.8252271512560129
0.8295029396044896
0.822287546766435
0.6787814003206841
0.7982362373062534
0.884286477819348
0.2650988776055585
0.5823089257081775
0.8273650454302512
0.8265633351149118
0.35622661678246925
0.8041154462854089
0.8001068947087119
0.6186531266702299
0.7597541421699626
0.42009620523784075
0.7183324425440941
0.6576696953500801
0.7859433458043826
0.8423303046499199
0.5708177445216461
0.755211117049706
0.6146445750935329
0.6258685195082844
0.581507215392838
0.7530732228754676
0.8642437199358631
0.6793158738642437
0.5491715660074826
0.8369855692143239
0.3027792624265099
0.7878140032068413
0.7656333511491181
0.0951362907536077
0.7707108498129343
0.8385889898450026
0.6755745590593266
0.7629609834313201
0.9064671298770711
0.8169428113308391
0.77632282202031
0.8979155531801176
0.6803848209513629
0.7669695350080171
0.4227685729556387
0.39470871191876
0.6076964190272581
0.7915553180117584
0.4152859433458044
0.40887226082308925
0.692143238909674
0.7207375734901122
0.7915553180117584
0.9021913415285944
0.9037947621592731
0.7362373062533405
0.6563335114911811
0.7808658471405665
0.7410475681453768
0.6897381079636558
0.7613575628006414
0.6266702298236237
0.897381079636558
0.7659005879208979
0.7415820416889364
0.14216996258685194
0.7899518973810796
0.23890967397113844
0.8575628006413683
0.6560662747194014
0.7613575628006414
0.8442009620523784
0.6360235168359166
0.6560662747194014
0.7958311063602351
0.4478888295029396
0.7570817744521646
0.7418492784607162
0.7247461250668092
0.6686264029930519
0.7153928380545163
0.7993051843933725
0.1477819347942277
0.6312132549438803
0.504008551576697
0.6761090326028861
0.7346338856226616
0.6611437733832175
0.7966328166755745
0.6651523249599145
0.3995189738107964
0.7872795296632816
0.703901656867985
0.756547300908605
0.8009086050240513
0.8562266167824693
0.6646178514163549
0.7095136290753608
0.7191341528594335
0.13335114911811866
0.6600748262960984
0.8468733297701764
0.13121325494388028
0.6972207375734901
0.7402458578300374
0.8180117584179583
0.8059861036878675
0.5983431320149653
0.16541956173169428
0.5114911811865313
0.6456440406199893
0.738107963655799
0.38188134687332975
0.6352218065205772
0.16835916622127206
0.7049706039551042
0.467129877071085
0.6483164083377873
0.7020309994655265
0.46873329770176375
0.7632282202031
0.1889363976483164
0.8030464991982896
0.4633885622661678
0.9374665954035275
0.8070550507749866
0.7755211117049706
0.6074291822554784
0.8442009620523784
0.4478888295029396
0.3669160876536611
0.7418492784607162
0.6857295563869589
0.8241582041688936
0.14270443613041153
0.811865312667023
0.8097274184927846
0.6827899518973811
0.7493319080705505
0.7439871726349546
0.6173169428113309
0.8725280598610369
0.29877071084981294
0.8177445216461785
0.11838588989845003
0.7103153393907001
0.742116515232496
0.1285408872260823
0.6876002137894174
0.7886157135221806
0.7637626937466595
0.8650454302512026
0.6910742918225548
0.15713522180652056
0.740780331373597
0.46178514163548906
0.7808658471405665
0.19454836985569215
0.6191876002137894
0.88161411010155
0.8893639764831641
0.8142704436130411
0.8701229289150187
0.7731159807589524
0.5718866916087654
0.11892036344200962
0.8599679315873864
0.7004275788348476
0.6916087653661144
0.7020309994655265
0.7429182255478354
0.7704436130411545
0.7397113842864779
0.6312132549438803
0.6296098343132015
0.7765900587920898
0.15125601282736503
0.7044361304115446
0.7442544094067344
0.7030999465526456
0.7581507215392838
0.6996258685195083
0.6290753607696419
0.14698022447888828
0.10315339390700161
0.7298236237306254
0.12667022982362372
0.8522180652057724
0.5994120791020845
0.6229289150187066
0.6643506146445751
0.6496525921966863
0.693479422768573
0.719668626402993
0.93425975414217
0.6173169428113309
0.7279529663281668
0.14858364510956706
0.8035809727418493
0.7755211117049706
0.6886691608765366
0.40646712987707107
0.1376269374665954
0.4219668626402993
0.4222340994120791
0.46900053447354356
0.6876002137894174
0.6175841795831106
0.6191876002137894
0.18332442544094069
0.7656333511491181
0.6950828433992517
0.726349545697488
0.6424371993586317
0.8348476750400855
0.6461785141635489
0.615713522180652
0.7255478353821486
0.8458043826830572
0.7626937466595404
0.581507215392838
0.6769107429182255
0.7830037413148049
0.6646178514163549
0.8204168893639765
0.6533939070016034
0.8241582041688936
0.9128808123997862
0.6945483698556921
0.7859433458043826
0.8188134687332977
0.6181186531266702
0.7487974345269909
0.8372528059861037
0.9326563335114911
0.6424371993586317
0.7132549438802779
0.6181186531266702
0.8367183324425441
0.9361304115446285
0.7349011223944415
0.4243719935863175
0.840726884019241
0.4596472474612507
0.7899518973810796
0.46392303580972744
0.8313735970069481
0.6330839123463389
0.7258150721539284
0.10956707642971673
0.6143773383217531
0.805184393372528
0.6646178514163549
0.467129877071085
0.7664350614644575
0.8626402993051844
0.7554783538214859
0.9003206841261358
0.7586851950828434
0.6582041688936398
0.7680384820951363
0.8540887226082309
0.8011758417958311
0.7987707108498129
0.7918225547835382
0.7322287546766435
0.14804917156600747
0.2413148049171566
0.8313735970069481
0.7699091394975949
0.8955104222340994
0.6362907536076964
0.8436664885088189
0.8043826830571886
0.4230358097274185
0.0956707642971673
0.6419027258150721
0.10261892036344201
0.7423837520042758
0.155264564404062
0.17397113842864778
0.6151790486370925
0.7108498129342598
0.9294494922501336
0.6876002137894174
0.15312667022982362
0.7744521646178514
0.6945483698556921
0.7306253340459647
0.6873329770176376
0.08444681988241583
0.760555852485302
0.9102084446819882
0.7220737573490112
0.8182789951897381
0.7536076964190273
0.4722073757349011
0.727685729556387
0.42704436130411544
0.8113308391234634
0.7800641368252271
0.7370390165686799
0.7153928380545163
0.6277391769107429
0.7156600748262961
0.5347407803313736
0.13041154462854088
0.6761090326028861
0.6969535008017104
0.6753073222875468
0.6515232495991449
0.8348476750400855
0.8695884553714591
0.27926242650988775
0.7888829502939605
0.8094601817210048
0.5884553714591128
0.8364510956707643
0.7568145376803849
0.6461785141635489
0.7148583645109567
0.7645644040619989
0.6635489043292357
0.9027258150721539
0.6998931052912881
0.6739711384286478
0.7808658471405665
0.1477819347942277
0.6590058792089791
0.8915018706574025
0.6600748262960984
0.6528594334580439
0.12987707108498128
0.6135756280064136
0.6491181186531266
0.12560128273650453
0.7952966328166756
0.8436664885088189
0.89470871191876
0.8265633351149118
0.7822020309994655
0.6515232495991449
0.6296098343132015
0.6841261357562801
0.7589524318546232
0.5921966862640299
0.6996258685195083
0.7787279529663281
0.7675040085515767
0.7610903260288616
0.7426509887760556
0.8107963655799038
0.8148049171566007
0.6769107429182255
0.10609299839657937
0.8685195082843399
0.12025654730090861
0.6274719401389631
0.640833778727953
0.6090326028861571
0.4767504008551577
0.6247995724211651
0.6838588989845003
0.7987707108498129
0.7471940138963121
0.8904329235702833
0.6982896846606093
0.6675574559059326
0.7071084981293426
0.6785141635489044
0.7814003206841261
0.8965793693212186
0.8161411010154997
0.6969535008017104
0.7060395510422234
0.884286477819348
0.6702298236237306
0.6793158738642437
0.8212185996793159
0.7143238909673971
0.8327097808658471
0.1638161411010155
0.7557455905932656
0.6779796900053447
0.7453233564938535
0.6480491715660075
0.7902191341528594
0.7822020309994655
0.6472474612506681
0.6405665419561731
0.7017637626937466
0.17210048102618922
0.6429716729021914
0.7164617851416355
0.6440406199893105
0.6841261357562801
0.813201496525922
0.1467129877071085
0.7629609834313201
0.810529128808124
0.759219668626403
0.709246392303581
0.7506680919294495
0.6718332442544094
0.8300374131480491
0.7215392838054516
0.707910208444682
0.7073757349011224
0.8062533404596472
0.7220737573490112
0.25734901122394443
0.7520042757883485
0.7287546766435061
0.7835382148583645
0.7888829502939605
0.4061998931052913
0.8257616247995724
0.7990379476215927
0.7707108498129343
0.7482629609834314
0.7886157135221806
0.7979690005344735
0.7357028327097809
0.7533404596472475
0.1296098343132015
0.7220737573490112
0.8220203099946553
0.6614110101549974
0.7675040085515767
0.6322822020309995
0.8610368786745056
0.8113308391234634
0.6290753607696419
0.5938001068947087
0.725013361838589
0.6691608765366115
0.8228220203099946
0.7586851950828434
0.3826830571886692
0.675040085515767
0.7840726884019241
0.09700694815606628
0.676376269374666
0.9003206841261358
0.8172100481026189
0.8364510956707643
0.8936397648316409
0.6704970603955104
0.1036878674505612
0.4449492250133618
0.8503474078033137
0.688134687332977
0.17022982362373063
0.42490646712987706
0.7159273115980759
0.7132549438802779
0.6301443078567611
0.7771245323356494
0.848743987172635
0.685462319615179
0.10742918225547836
0.8150721539283805
0.7111170497060395
0.6753073222875468
0.7151256012827365
0.6274719401389631
0.7068412613575628
0.6491181186531266
0.6798503474078034
0.8532870122928915
0.7787279529663281
0.7664350614644575
0.7864778193479423
0.8204168893639765
0.7172634954569749
0.7512025654730091
0.6945483698556921
0.7335649385355425
0.7218065205772314
0.6953500801710315
0.6830571886691609
0.7418492784607162
0.8038482095136291
0.703901656867985
0.8345804382683057
0.6817210048102619
0.7584179583110636
0.8214858364510956
0.7969000534473544
0.1285408872260823
0.668359166221272
0.5996793158738642
0.690807055050775
0.14751469802244788
0.7584179583110636
0.702565473009086
0.5705505077498664
0.71058257616248
0.7848743987172635
0.7274184927846071
0.8230892570817745
0.5122928915018706
0.7287546766435061
0.136825227151256
0.14911811865312666
0.7234099412079102
0.655264564404062
0.8241582041688936
0.6584714056654195
0.5938001068947087
0.7952966328166756
0.12239444147514698
0.6272047033671834
0.7180652057723143
0.7707108498129343
0.8979155531801176
0.45911277391769106
0.8177445216461785
0.7669695350080171
0.7001603420630679
0.8909673971138429
0.615713522180652
0.6472474612506681
0.642169962586852
0.6782469267771245
0.743452699091395
0.7848743987172635
0.7830037413148049
0.11678246926777125
0.8180117584179583
0.20122928915018706
0.8260288615713522
0.8765366114377339
0.09941207910208445
0.8169428113308391
0.7418492784607162
0.8086584714056654
0.6761090326028861
0.8254943880277926
0.7891501870657402
0.6261357562800641
0.7768572955638696
0.7824692677712454
0.8193479422768573
0.7172634954569749
0.638161411010155
0.6298770710849813
0.7634954569748797
0.7108498129342598
0.8292357028327098
0.44548369855692144
0.7747194013896312
0.6980224478888295
0.6982896846606093
0.7247461250668092
0.686798503474078
0.6590058792089791
0.740780331373597
0.7557455905932656
0.6814537680384821
0.850080171031534
0.7528059861036879
0.48583645109567075
0.7071084981293426
0.6603420630678781
0.6779796900053447
0.8896312132549439
0.6568679850347408
0.727685729556387
0.773650454302512
0.7298236237306254
0.642169962586852
0.6747728487439871
0.773650454302512
0.6694281133083912
0.7939604489577766
0.48450026723677175
0.6488508818813469
0.8359166221272047
0.6101015499732764
0.7824692677712454
0.7509353287012293
0.6755745590593266
0.770978086584714
0.46846606092998394
0.12239444147514698
0.8011758417958311
0.7044361304115446
0.8468733297701764
0.7691074291822555
0.7573490112239444
0.6587386424371994
0.6344200962052379
0.8161411010154997
0.7022982362373063
0.431587386424372
0.7137894174238375
0.7108498129342598
0.6814537680384821
0.7188669160876536
0.7816675574559059
0.8126670229823624
0.6886691608765366
0.6897381079636558
0.1643506146445751
0.8514163548904329
0.7811330839123464
0.3768038482095136
0.7389096739711384
0.5531801175841796
0.20309994655264565
0.859166221272047
0.9056654195617317
0.5248530197755211
0.8006413682522715
0.7097808658471406
0.6980224478888295
0.8241582041688936
0.6034206306787814
0.8019775521111705
0.8404596472474613
0.6841261357562801
0.6320149652592196
0.8476750400855158
0.7797969000534474
0.7549438802779262
0.639497594869054
0.9198289684660609
0.6560662747194014
0.8158738642437199
0.8046499198289685
0.8399251737039016
0.6627471940138963
0.8738642437199359
0.6333511491181186
0.8904329235702833
0.5809727418492785
0.7060395510422234
0.6346873329770176
0.6392303580972741
0.8305718866916088
0.67103153393907
0.8396579369321219
0.9398717263495457
0.7696419027258151
0.8543559593800107
0.7397113842864779
0.848743987172635
0.6718332442544094
0.7359700694815606
0.7231427044361304
0.43212185996793157
0.4890432923570283
0.7664350614644575
0.8353821485836451
0.7952966328166756
0.4641902725815072
0.6721004810261892
0.8476750400855158
0.675040085515767
0.7784607161945484
0.757883484767504
0.7832709780865847
0.6996258685195083
0.770978086584714
0.07856761090326028
0.8129342597541421
0.7151256012827365
0.621058257616248
0.8709246392303581
0.9620523784072689
0.5561197220737574
0.8142704436130411
0.7530732228754676
0.4233030464991983
0.722340994120791
0.7367717797969
0.7014965259219669
0.632816675574559
0.6822554783538215
0.9230358097274185
0.7963655799037948
0.7517370390165686
0.7608230892570818
0.8800106894708712
0.8123997862105826
0.7413148049171566
0.5924639230358097
0.7912880812399786
0.7899518973810796
0.6574024585783004
0.7856761090326029
0.6974879743452699
0.8439337252805986
0.7656333511491181
0.44548369855692144
0.8853554249064671
0.13174772848743987
0.7707108498129343
0.8690539818278995
0.5451630144307856
0.8455371459112774
0.7471940138963121
0.6528594334580439
0.7391769107429182
0.806520577231427
0.797434526990914
0.8813468733297701
0.7076429716729022
0.7691074291822555
0.7696419027258151
0.4978621058257616
0.6362907536076964
0.8321753073222875
0.7683057188669161
0.7576162479957242
0.900053447354356
0.7955638695884554
0.582843399251737
0.8607696419027259
0.8917691074291823
0.7958311063602351
0.7664350614644575
0.8295029396044896
0.7517370390165686
0.8150721539283805
0.9444147514698022
0.8212185996793159
0.8741314804917156
0.8123997862105826
0.8067878140032069
0.9019241047568145
0.6272047033671834
0.6798503474078034
0.6742383752004276
0.8254943880277926
0.7292891501870657
0.7715125601282736
0.7167290219134153
0.8760021378941742
0.6590058792089791
0.7252805986103688
0.7875467664350615
0.8738642437199359
0.7902191341528594
0.8059861036878675
0.15900587920897916
0.729021913415286
0.7912880812399786
0.7161945483698557
0.7081774452164618
0.6082308925708177
0.926242650988776
0.739444147514698
0.8110636023516836
0.6766435061464458
0.5529128808123998
0.4045964724746125
0.7327632282202031
0.8893639764831641
0.7153928380545163
0.7680384820951363
0.11571352218065206
0.3754676643506146
0.827632282202031
0.882950293960449
0.7610903260288616
0.9102084446819882
0.7399786210582576
0.6675574559059326
0.8257616247995724
0.7701763762693746
0.7490646712987707
0.5326028861571352
0.3006413682522715
0.7156600748262961
0.746125066809193
0.6622127204703367
0.7875467664350615
0.7030999465526456
0.8260288615713522
0.6985569214323891
0.7124532335649385
0.4836985569214324
0.8476750400855158
0.7546766435061465
0.6793158738642437
0.6491181186531266
0.8717263495456975
0.8035809727418493
0.669695350080171
0.6269374665954035
0.6584714056654195
0.780331373597007
0.729021913415286
0.7295563869588455
0.6755745590593266
0.7135221806520577
0.7554783538214859
0.6916087653661144
0.6790486370924639
0.6456440406199893
0.6290753607696419
0.7733832175307322
0.8559593800106895
0.12640299305184394
0.640833778727953
0.7848743987172635
0.6370924639230358
0.7688401924104756
0.6758417958311064
0.9102084446819882
0.1213254943880278
0.7346338856226616
0.6264029930518439
0.7495991448423303
0.6445750935328701
0.8965793693212186
0.5146980224478889
0.6980224478888295
0.8089257081774452
0.6793158738642437
0.792089791555318
0.4914484233030465
0.7950293960448958
0.6242650988776055
0.7445216461785141
0.7095136290753608
0.4743452699091395
0.6889363976483164
0.7792624265098878
0.7172634954569749
0.5662747194013896
0.7226082308925709
0.6980224478888295
0.7982362373062534
0.1205237840726884
0.7431854623196151
0.8519508284339925
0.6480491715660075
0.6993586317477285
0.6507215392838055
0.77632282202031
0.8017103153393907
0.7744521646178514
0.4489577765900588
0.45189738107963656
0.8369855692143239
0.17931587386424372
0.17557455905932656
0.7608230892570818
0.7862105825761625
0.47995724211651525
0.6672902191341529
0.7985034740780331
0.847407803313736
0.7047033671833244
0.45777659005879207
0.8057188669160876
0.7156600748262961
0.24746125066809194
0.703901656867985
0.693479422768573
0.607963655799038
0.17664350614644575
0.5991448423303046
0.7998396579369321
0.5943345804382683
0.6686264029930519
0.6937466595403528
0.9593800106894709
0.7159273115980759
0.7239444147514698
0.6547300908605024
0.6924104756814538
0.14056654195617316
0.7194013896312133
0.7851416354890433
0.7218065205772314
0.796098343132015
0.6063602351683591
0.7995724211651524
0.5259219668626403
0.7084446819882416
0.42731159807589525
0.6405665419561731
0.6443078567610904
0.8158738642437199
0.6742383752004276
0.8067878140032069
0.5833778727952966
0.6873329770176376
0.7800641368252271
0.6560662747194014
0.7715125601282736
0.8254943880277926
0.8706574024585783
0.8166755745590594
0.7156600748262961
0.6801175841795831
0.725013361838589
0.4363976483164083
0.6507215392838055
0.743452699091395
0.7047033671833244
0.7824692677712454
0.7044361304115446
0.8754676643506146
0.755211117049706
0.8706574024585783
0.136825227151256
0.692143238909674
0.4665954035275254
0.11785141635489044
0.7268840192410476
0.6127739176910743
0.857830037413148
0.759219668626403
0.7637626937466595
0.7977017637626937
0.09834313201496526
0.41047568145376806
0.553981827899519
0.6982896846606093
0.7581507215392838
0.6207910208444682
0.7191341528594335
0.7977017637626937
0.806520577231427
0.7787279529663281
0.8361838588989845
0.7258150721539284
0.8027792624265099
0.8356493853554249
0.6357562800641369
0.9305184393372528
0.7878140032068413
0.6651523249599145
0.6779796900053447
0.6103687867450561
0.7557455905932656
0.8097274184927846
0.7375734901122395
0.8158738642437199
0.6969535008017104
0.8361838588989845
0.40085515766969537
0.7613575628006414
0.8752004275788349
0.756547300908605
0.607963655799038
0.13254943880277925
0.7322287546766435
0.7936932121859968
0.6459112773917691
0.7568145376803849
0.7634954569748797
0.8428647781934794
0.7437199358631748
0.8204168893639765
0.8746659540352753
0.7047033671833244
0.7327632282202031
0.6632816675574559
0.7151256012827365
0.6913415285943346
0.8623730625334046
0.5836451095670764
0.7656333511491181
0.4233030464991983
0.6988241582041689
0.7335649385355425
0.7479957242116515
0.8273650454302512
0.8524853019775521
0.7167290219134153
0.8257616247995724
0.43425975414216994
0.6753073222875468
0.9297167290219134
0.18385889898450028
0.6726349545697488
0.622394441475147
0.6964190272581507
0.7784607161945484
0.7415820416889364
0.6857295563869589
0.4067343666488509
0.8452699091394976
0.7610903260288616
0.8361838588989845
0.824959914484233
0.7391769107429182
0.6587386424371994
0.7375734901122395
0.6411010154997328
0.3840192410475681
0.7014965259219669
0.6819882415820417
0.7747194013896312
0.8463388562266168
0.45430251202565475
0.6590058792089791
0.24719401389631213
0.810529128808124
0.8882950293960449
0.1386958845537146
0.8637092463923036
0.6726349545697488
0.1290753607696419
0.8768038482095136
0.8308391234633885
0.6664885088188135
0.8436664885088189
0.7076429716729022
0.7707108498129343
0.78941742383752
0.7926242650988776
0.6961517904863709
0.625066809192945
0.7562800641368252
0.7471940138963121
0.7020309994655265
0.7656333511491181
0.8650454302512026
0.7306253340459647
0.1448423303046499
0.5959380010689471
0.8027792624265099
0.7266167824692678
0.11598075895243186
0.7378407268840192
0.6782469267771245
0.7597541421699626
0.7437199358631748
0.8872260823089257
0.8204168893639765
0.7878140032068413
0.14243719935863175
0.6851950828433993
0.6846606092998396
0.7626937466595404
0.7835382148583645
0.5905932656333511
0.4350614644575094
0.17584179583110637
0.14858364510956706
0.5913949759486905
0.6897381079636558
0.4649919828968466
0.7073757349011224
0.7153928380545163
0.6726349545697488
0.7683057188669161
0.6087653661143774
0.6910742918225548
0.6419027258150721
0.8388562266167825
0.8562266167824693
0.7041688936397649
0.6982896846606093
0.653928380545163
0.7910208444681989
0.867183324425441
0.6993586317477285
0.6221272047033671
0.49518973810796363
0.7279529663281668
0.827632282202031
0.7383752004275789
0.6536611437733832
0.8877605558524853
0.6555318011758418
0.6419027258150721
0.7838054516301443
0.7389096739711384
0.8284339925173704
0.7081774452164618
0.6982896846606093
0.7413148049171566
0.7365045430251203
0.7864778193479423
0.6333511491181186
0.581507215392838
0.8067878140032069
0.6541956173169428
0.6501870657402459
0.8001068947087119
