0.844047619047619
0.9242063492063493
0.9162698412698412
0.8317460317460318
0.8928571428571429
0.7825396825396825
0.8773809523809524
0.8265873015873015
0.9515873015873015
0.9388888888888889
0.7071428571428572
0.8206349206349206
0.8781746031746032
0.7682539682539683
0.9424603174603174
0.7964285714285714
0.8115079365079365
0.7130952380952381
0.7853174603174603
0.796031746031746
0.7765873015873016
0.8361111111111111
0.9472222222222222
0.8579365079365079
0.9214285714285714
0.8753968253968254
0.8277777777777777
0.8595238095238096
0.8825396825396825
0.9123015873015873
0.3138888888888889
0.8884920634920634
0.9349206349206349
0.8706349206349207
0.8765873015873016
0.9091269841269841
0.9035714285714286
0.7380952380952381
0.8107142857142857
0.8138888888888889
0.8960317460317461
0.7888888888888889
0.3488095238095238
0.8829365079365079
0.846031746031746
0.6234126984126984
0.821031746031746
0.8908730158730159
0.8015873015873016
0.9234126984126985
0.9
0.9055555555555556
0.7428571428571429
0.7583333333333333
0.6503968253968254
0.823015873015873
0.888095238095238
0.9174603174603174
0.8130952380952381
0.682936507936508
0.7988095238095239
0.9603174603174603
0.9242063492063493
0.9511904761904761
0.8904761904761904
0.9003968253968254
0.8043650793650794
0.8932539682539683
0.8960317460317461
0.905952380952381
0.851984126984127
0.9035714285714286
0.9
0.8571428571428571
0.8138888888888889
0.834920634920635
0.8178571428571428
0.7785714285714286
0.9011904761904762
0.9396825396825397
0.8154761904761905
0.8166666666666667
0.871031746031746
0.9365079365079365
0.8404761904761905
0.8916666666666667
0.7714285714285715
0.8992063492063492
0.780952380952381
0.8369047619047619
0.7623015873015873
0.8202380952380952
0.832936507936508
0.8916666666666667
0.9361111111111111
0.7146825396825397
0.8003968253968254
0.9138888888888889
0.9523809523809523
0.9023809523809524
0.7873015873015873
0.8563492063492063
0.905952380952381
0.8964285714285715
0.8845238095238095
0.9047619047619048
0.9396825396825397
0.3265873015873016
0.7984126984126985
0.8896825396825396
0.8932539682539683
0.7392857142857143
0.8746031746031746
0.9611111111111111
0.004365079365079365
0.8186507936507936
0.734920634920635
0.7654761904761904
0.8496031746031746
0.8547619047619047
0.751984126984127
0.4488095238095238
0.8714285714285714
0.9126984126984127
0.9051587301587302
0.8031746031746032
0.6853174603174603
0.8690476190476191
0.9706349206349206
0.8904761904761904
0.5428571428571428
0.7880952380952381
0.9396825396825397
0.9166666666666666
0.8753968253968254
0.7507936507936508
0.7857142857142857
0.8912698412698413
0.8591269841269841
0.9091269841269841
0.9646825396825397
0.878968253968254
0.9007936507936508
0.8753968253968254
0.8027777777777778
0.8416666666666667
0.8273809523809523
0.8761904761904762
0.8484126984126984
0.8226190476190476
0.834920634920635
0.832936507936508
0.3337301587301587
0.8091269841269841
0.901984126984127
0.8357142857142857
0.8666666666666667
0.921031746031746
0.9619047619047619
0.8337301587301588
0.8734126984126984
0.8257936507936507
0.8690476190476191
0.8488095238095238
0.7595238095238095
0.8746031746031746
0.21904761904761905
0.8107142857142857
0.8702380952380953
0.8083333333333333
0.8186507936507936
0.8007936507936508
0.8611111111111112
0.9162698412698412
0.8912698412698413
0.8543650793650793
0.8003968253968254
0.9138888888888889
0.7841269841269841
0.8706349206349207
0.8924603174603175
0.8912698412698413
0.7626984126984127
0.8265873015873015
0.8662698412698413
0.7976190476190477
0.7567460317460317
0.9333333333333333
0.796031746031746
0.8777777777777778
0.8484126984126984
0.821031746031746
0.9047619047619048
0.8202380952380952
0.7682539682539683
0.8353174603174603
0.8682539682539683
0.9198412698412698
0.09642857142857143
0.803968253968254
0.851984126984127
0.8547619047619047
0.9297619047619048
0.8698412698412699
0.8623015873015873
0.8293650793650794
0.9551587301587302
0.29325396825396827
0.8638888888888889
0.8369047619047619
0.9126984126984127
0.8686507936507937
0.9051587301587302
0.9817460317460317
0.7992063492063493
0.8992063492063492
0.8527777777777777
0.8686507936507937
0.921031746031746
0.9222222222222223
0.8952380952380953
0.8023809523809524
0.8591269841269841
0.9138888888888889
0.1111111111111111
0.8138888888888889
0.8305555555555556
0.8726190476190476
0.8257936507936507
0.8087301587301587
0.8805555555555555
0.7579365079365079
0.878968253968254
0.9884920634920635
0.7535714285714286
0.932936507936508
0.748015873015873
0.8821428571428571
0.9071428571428571
0.8222222222222222
0.8940476190476191
0.553968253968254
0.9015873015873016
0.8948412698412699
0.8742063492063492
0.9297619047619048
0.8801587301587301
0.8186507936507936
0.9396825396825397
0.9206349206349206
0.8591269841269841
0.898015873015873
0.8277777777777777
0.8956349206349207
0.7071428571428572
0.7781746031746032
0.7599206349206349
0.8563492063492063
0.9392857142857143
0.8948412698412699
0.8575396825396825
0.6488095238095238
0.8591269841269841
0.9027777777777778
0.6412698412698413
0.803968253968254
0.6837301587301587
0.8607142857142858
0.9115079365079365
0.8476190476190476
0.8404761904761905
0.8948412698412699
0.8392857142857143
0.7896825396825397
0.9031746031746032
0.9285714285714286
0.9265873015873016
0.8777777777777778
0.9023809523809524
0.928968253968254
0.9603174603174603
0.8928571428571429
0.915079365079365
0.8380952380952381
0.3238095238095238
0.9428571428571428
0.7869047619047619
0.6456349206349207
0.8813492063492063
0.825
0.7980158730158731
0.898015873015873
0.6091269841269841
0.8793650793650793
0.7551587301587301
0.7888888888888889
0.9174603174603174
0.8650793650793651
0.848015873015873
0.9253968253968254
0.7908730158730158
0.851984126984127
0.8380952380952381
0.8333333333333334
0.8408730158730159
0.8571428571428571
0.8182539682539682
0.9424603174603174
0.8444444444444444
0.8952380952380953
0.9154761904761904
0.953968253968254
0.8603174603174604
0.8972222222222223
0.8738095238095238
0.8662698412698413
0.8051587301587302
0.8404761904761905
0.8892857142857142
0.801984126984127
0.915079365079365
0.9281746031746032
0.8202380952380952
0.9305555555555556
0.9162698412698412
0.9527777777777777
0.2400793650793651
0.8416666666666667
0.8968253968253969
0.8646825396825397
0.8452380952380952
0.921031746031746
0.9353174603174603
0.8904761904761904
0.7980158730158731
0.828968253968254
0.8115079365079365
0.8420634920634921
0.9027777777777778
0.8321428571428572
0.41944444444444445
0.8226190476190476
0.6051587301587301
0.9075396825396825
0.7932539682539682
0.9396825396825397
0.8757936507936508
0.8091269841269841
0.9071428571428571
0.8932539682539683
0.8753968253968254
0.9658730158730159
0.9238095238095239
0.9753968253968254
0.8686507936507937
0.7924603174603174
0.8753968253968254
0.7317460317460317
0.8626984126984127
0.9119047619047619
0.8293650793650794
0.8968253968253969
0.7896825396825397
0.7972222222222223
0.8908730158730159
0.7948412698412698
0.8011904761904762
0.8337301587301588
0.6869047619047619
0.8174603174603174
0.8583333333333333
0.7785714285714286
0.8575396825396825
0.8242063492063492
0.9301587301587302
0.8246031746031746
0.8305555555555556
0.8392857142857143
0.7214285714285714
0.9146825396825397
0.9043650793650794
0.8527777777777777
0.8746031746031746
0.8468253968253968
0.8666666666666667
0.8992063492063492
0.8523809523809524
0.8071428571428572
0.8484126984126984
0.778968253968254
0.8996031746031746
0.8011904761904762
0.8634920634920635
0.7341269841269841
0.7107142857142857
0.85
0.7392857142857143
0.9285714285714286
0.609920634920635
0.8916666666666667
0.7214285714285714
0.8138888888888889
0.7841269841269841
0.8912698412698413
0.8337301587301588
0.8095238095238095
0.805952380952381
0.915079365079365
0.9444444444444444
0.8484126984126984
0.8178571428571428
0.9230158730158731
0.8726190476190476
0.9519841269841269
0.8448412698412698
0.9035714285714286
0.8726190476190476
0.8563492063492063
0.8115079365079365
0.905952380952381
0.926984126984127
0.9301587301587302
0.8023809523809524
0.8563492063492063
0.8539682539682539
0.7873015873015873
0.898015873015873
0.888095238095238
0.9075396825396825
0.8646825396825397
0.8301587301587302
0.915079365079365
0.8940476190476191
0.832936507936508
0.8670634920634921
0.930952380952381
0.796031746031746
0.7619047619047619
0.7388888888888889
0.7865079365079365
0.8908730158730159
0.7976190476190477
0.8063492063492064
0.9035714285714286
0.8424603174603175
0.8218253968253968
0.8400793650793651
0.8642857142857143
0.7670634920634921
0.8690476190476191
0.7087301587301588
0.901984126984127
0.9265873015873016
0.5067460317460317
0.871031746031746
0.9202380952380952
0.9535714285714286
0.8996031746031746
0.7503968253968254
0.8666666666666667
0.8845238095238095
0.7666666666666667
0.8916666666666667
0.8952380952380953
0.8821428571428571
0.8920634920634921
0.611904761904762
0.9535714285714286
0.8892857142857142
0.8920634920634921
0.75
0.8912698412698413
0.8357142857142857
0.7396825396825397
0.10515873015873016
0.7718253968253969
0.8829365079365079
0.9313492063492064
0.861904761904762
0.851984126984127
0.8821428571428571
0.8373015873015873
0.7746031746031746
0.9353174603174603
0.8123015873015873
0.7555555555555555
0.9035714285714286
0.8353174603174603
0.7488095238095238
0.8932539682539683
0.7757936507936508
0.7702380952380953
0.7992063492063493
0.8567460317460317
0.8345238095238096
0.7702380952380953
0.8964285714285715
0.9706349206349206
0.8071428571428572
0.7880952380952381
0.8103174603174603
0.8718253968253968
0.9079365079365079
0.7634920634920634
0.8353174603174603
0.8353174603174603
0.9353174603174603
0.875
0.8293650793650794
0.846031746031746
0.7916666666666666
0.753968253968254
0.3412698412698413
0.8464285714285714
0.844047619047619
0.8571428571428571
0.9357142857142857
0.8777777777777778
0.7773809523809524
0.871031746031746
0.7984126984126985
0.7880952380952381
0.7353174603174604
0.9083333333333333
0.8432539682539683
0.8527777777777777
0.8273809523809523
0.7353174603174604
0.8253968253968254
0.8535714285714285
0.778968253968254
0.9146825396825397
0.9154761904761904
0.9130952380952381
0.844047619047619
0.8634920634920635
0.7535714285714286
0.8523809523809524
0.8285714285714286
0.298015873015873
0.8984126984126984
0.8277777777777777
0.7936507936507936
0.917063492063492
0.9134920634920635
0.8242063492063492
0.8
0.8944444444444445
0.8611111111111112
0.5968253968253968
0.7511904761904762
0.8535714285714285
0.9182539682539682
0.7928571428571428
0.8166666666666667
0.859920634920635
0.8654761904761905
0.6134920634920635
0.9075396825396825
0.9182539682539682
0.8238095238095238
0.8503968253968254
0.7503968253968254
0.9130952380952381
0.8003968253968254
0.8126984126984127
0.8424603174603175
0.9178571428571428
0.9111111111111111
0.9396825396825397
0.8845238095238095
0.8484126984126984
0.9011904761904762
0.8158730158730159
0.8940476190476191
0.8845238095238095
0.7063492063492064
0.8238095238095238
0.8638888888888889
0.8246031746031746
0.7476190476190476
0.9551587301587302
0.873015873015873
0.6674603174603174
0.9218253968253968
0.7857142857142857
0.8829365079365079
0.8805555555555555
0.8384920634920635
0.6646825396825397
0.9285714285714286
0.7476190476190476
0.8912698412698413
0.9563492063492064
0.7646825396825396
0.9055555555555556
0.75
0.8940476190476191
0.9257936507936508
0.8115079365079365
0.9261904761904762
0.7662698412698413
0.7904761904761904
0.8507936507936508
0.8579365079365079
0.7932539682539682
0.8523809523809524
0.9301587301587302
0.8896825396825396
0.9396825396825397
0.8507936507936508
0.8611111111111112
0.8662698412698413
0.9182539682539682
0.325
0.8952380952380953
0.8714285714285714
0.8722222222222222
0.8873015873015873
0.9087301587301587
0.7952380952380952
0.8607142857142858
0.8456349206349206
0.8365079365079365
0.823015873015873
0.9003968253968254
0.7563492063492063
0.8488095238095238
0.9083333333333333
0.851984126984127
0.8944444444444445
0.8630952380952381
0.7623015873015873
0.801984126984127
0.8746031746031746
0.8698412698412699
0.8373015873015873
0.888095238095238
0.9119047619047619
0.8341269841269842
0.8952380952380953
0.8603174603174604
0.8857142857142857
0.8781746031746032
0.8746031746031746
0.825
0.8952380952380953
0.7380952380952381
0.8134920634920635
0.9015873015873016
0.8373015873015873
0.9678571428571429
0.7345238095238096
0.9503968253968254
0.9285714285714286
0.9218253968253968
0.7694444444444445
0.8464285714285714
0.8976190476190476
0.8055555555555556
0.6706349206349206
0.7555555555555555
0.8154761904761905
0.9003968253968254
0.8416666666666667
0.9103174603174603
0.9011904761904762
0.8007936507936508
0.7880952380952381
0.7547619047619047
0.7396825396825397
0.7904761904761904
0.9174603174603174
0.8436507936507937
0.6317460317460317
0.7456349206349207
0.7396825396825397
0.6928571428571428
0.9083333333333333
0.8011904761904762
0.8353174603174603
0.8583333333333333
0.6305555555555555
0.8603174603174604
0.7904761904761904
0.8404761904761905
0.9178571428571428
0.825
0.8182539682539682
0.921031746031746
0.9154761904761904
0.6734126984126985
0.8869047619047619
0.7912698412698412
0.8198412698412698
0.682936507936508
0.7773809523809524
0.948015873015873
0.8412698412698413
0.7956349206349206
0.9567460317460318
0.8543650793650793
0.8849206349206349
0.8142857142857143
0.9031746031746032
0.9007936507936508
0.925
0.7972222222222223
0.9285714285714286
0.8603174603174604
0.7742063492063492
0.8444444444444444
0.8325396825396826
0.8551587301587301
0.8892857142857142
0.898015873015873
0.7710317460317461
0.8924603174603175
0.9043650793650794
0.29563492063492064
0.8003968253968254
0.9087301587301587
0.8662698412698413
0.6384920634920634
0.942063492063492
0.8238095238095238
0.7253968253968254
0.8809523809523809
0.9198412698412698
0.8964285714285715
0.8150793650793651
0.8015873015873016
0.9503968253968254
0.8400793650793651
0.8924603174603175
0.9138888888888889
0.8916666666666667
0.8658730158730159
0.8801587301587301
0.8273809523809523
0.8087301587301587
0.901984126984127
0.7964285714285714
0.8448412698412698
0.8396825396825397
0.7678571428571429
0.7607142857142857
0.9293650793650794
0.8456349206349206
0.9226190476190477
0.807936507936508
0.9253968253968254
0.7345238095238096
0.7507936507936508
0.8888888888888888
0.8908730158730159
0.8916666666666667
0.8126984126984127
0.5932539682539683
0.748015873015873
0.7694444444444445
0.8464285714285714
0.7698412698412699
0.7944444444444444
0.8261904761904761
0.8690476190476191
0.8567460317460317
0.7583333333333333
0.7603174603174603
0.8948412698412699
0.8380952380952381
0.8892857142857142
0.9067460317460317
0.8198412698412698
0.7563492063492063
0.8027777777777778
0.8595238095238096
0.8257936507936507
0.9277777777777778
0.890079365079365
0.9047619047619048
0.002380952380952381
0.9075396825396825
0.9
0.8261904761904761
0.8686507936507937
0.8829365079365079
0.7642857142857142
0.8940476190476191
0.8428571428571429
0.9071428571428571
0.915079365079365
0.8738095238095238
0.9218253968253968
0.8253968253968254
0.9087301587301587
0.9146825396825397
0.898015873015873
0.6666666666666666
0.9246031746031746
0.8075396825396826
0.5817460317460318
0.8630952380952381
0.8623015873015873
0.925
0.34444444444444444
0.8611111111111112
0.8801587301587301
0.8174603174603174
0.8869047619047619
0.8904761904761904
0.9503968253968254
0.9333333333333333
0.8341269841269842
0.8464285714285714
0.7615079365079365
0.905952380952381
0.817063492063492
0.7833333333333333
0.8543650793650793
0.8186507936507936
0.8952380952380953
0.8813492063492063
0.9043650793650794
0.8595238095238096
0.925
0.8107142857142857
0.8043650793650794
0.9011904761904762
0.7503968253968254
0.8662698412698413
0.7615079365079365
0.8408730158730159
0.8607142857142858
0.8682539682539683
0.7531746031746032
0.9154761904761904
0.8408730158730159
0.8226190476190476
0.8833333333333333
0.8293650793650794
0.8126984126984127
0.8055555555555556
0.8242063492063492
0.8242063492063492
0.8158730158730159
0.7976190476190477
0.8777777777777778
0.8884920634920634
0.8345238095238096
0.859920634920635
0.7373015873015873
0.9583333333333334
0.8031746031746032
0.8269841269841269
0.9123015873015873
0.8154761904761905
0.8579365079365079
0.9103174603174603
0.9214285714285714
0.921031746031746
0.8027777777777778
0.7289682539682539
0.7555555555555555
0.8464285714285714
0.8706349206349207
0.9103174603174603
0.8928571428571429
0.8904761904761904
0.8551587301587301
0.901984126984127
0.8904761904761904
0.8892857142857142
0.7785714285714286
0.9805555555555555
0.8563492063492063
0.8952380952380953
0.8611111111111112
0.8857142857142857
0.819047619047619
0.6900793650793651
0.9115079365079365
0.7837301587301587
0.8587301587301587
0.8892857142857142
0.8674603174603175
0.9023809523809524
0.8738095238095238
0.7841269841269841
0.8607142857142858
0.7916666666666666
0.32896825396825397
0.7416666666666667
0.7662698412698413
0.9095238095238095
0.7785714285714286
0.8996031746031746
0.7591269841269841
0.8384920634920635
0.878968253968254
0.8178571428571428
0.8269841269841269
0.7853174603174603
0.790079365079365
0.8424603174603175
0.9083333333333333
0.8408730158730159
0.7662698412698413
0.775
0.8527777777777777
0.8603174603174604
0.8996031746031746
0.8948412698412699
0.9075396825396825
0.8281746031746032
0.8829365079365079
0.9396825396825397
0.8896825396825396
0.9400793650793651
0.953968253968254
0.9273809523809524
0.8611111111111112
0.9075396825396825
0.8626984126984127
0.8761904761904762
0.8674603174603175
0.9408730158730159
0.7182539682539683
0.8551587301587301
0.8904761904761904
0.8948412698412699
0.7777777777777778
0.9388888888888889
0.7555555555555555
0.944047619047619
0.6190476190476191
0.8563492063492063
0.9496031746031746
0.8539682539682539
0.9023809523809524
0.8785714285714286
0.8837301587301587
0.9178571428571428
0.7892857142857143
0.8535714285714285
0.9242063492063493
0.8956349206349207
0.8638888888888889
0.921031746031746
0.8198412698412698
0.9226190476190477
0.9230158730158731
0.7829365079365079
0.9111111111111111
0.7968253968253968
0.8154761904761905
0.8253968253968254
0.7884920634920635
0.9043650793650794
0.8400793650793651
0.8123015873015873
0.7821428571428571
0.7968253968253968
0.8091269841269841
0.8591269841269841
0.8023809523809524
0.7440476190476191
0.7408730158730159
0.8587301587301587
0.8198412698412698
0.8813492063492063
0.8416666666666667
0.8626984126984127
0.8321428571428572
0.8988095238095238
0.9123015873015873
0.8384920634920635
0.9055555555555556
0.9015873015873016
0.8944444444444445
0.9202380952380952
0.8591269841269841
0.45357142857142857
0.8353174603174603
0.9551587301587302
0.8099206349206349
0.7646825396825396
0.8992063492063492
0.8353174603174603
0.9055555555555556
0.7952380952380952
0.9365079365079365
0.875
0.31746031746031744
0.8753968253968254
0.8416666666666667
0.8968253968253969
0.9341269841269841
0.8611111111111112
0.8992063492063492
0.8611111111111112
0.8361111111111111
0.901984126984127
0.5861111111111111
0.7984126984126985
0.8408730158730159
0.5103174603174603
0.898015873015873
0.823015873015873
0.7742063492063492
0.8373015873015873
0.8031746031746032
0.7980158730158731
0.898015873015873
0.8424603174603175
0.8246031746031746
0.8111111111111111
0.7746031746031746
0.8853174603174603
0.6091269841269841
0.8035714285714286
0.4857142857142857
0.7603174603174603
0.9416666666666667
0.8285714285714286
0.8817460317460317
0.8837301587301587
0.8126984126984127
0.9285714285714286
0.9448412698412698
0.8865079365079365
0.7555555555555555
0.9126984126984127
0.975
0.9174603174603174
0.7345238095238096
0.8361111111111111
0.8353174603174603
0.8242063492063492
0.7908730158730158
0.8984126984126984
0.9242063492063493
0.890079365079365
0.9174603174603174
0.8892857142857142
0.9043650793650794
0.901984126984127
0.7527777777777778
0.9015873015873016
0.9043650793650794
0.9154761904761904
0.7686507936507937
0.8166666666666667
0.9658730158730159
0.8571428571428571
0.9
0.9369047619047619
0.5261904761904762
0.7857142857142857
0.7408730158730159
0.8746031746031746
0.8623015873015873
0.709920634920635
0.9293650793650794
0.8936507936507937
0.7051587301587302
0.7337301587301587
0.7472222222222222
0.8535714285714285
0.6293650793650793
0.8373015873015873
0.9
0.6988095238095238
0.903968253968254
0.8472222222222222
0.7325396825396825
0.0011904761904761906
0.7472222222222222
0.7448412698412699
0.7861111111111111
0.9015873015873016
0.7972222222222223
0.7531746031746032
0.8071428571428572
0.9154761904761904
0.9063492063492063
0.8968253968253969
0.7976190476190477
0.8892857142857142
0.9186507936507936
0.9345238095238095
0.8158730158730159
0.823015873015873
0.8261904761904761
0.8551587301587301
0.828968253968254
0.9623015873015873
0.8884920634920634
0.9083333333333333
0.8023809523809524
0.8269841269841269
0.8511904761904762
0.8904761904761904
0.9091269841269841
0.903968253968254
0.9146825396825397
0.7357142857142858
0.7845238095238095
0.9325396825396826
0.8785714285714286
0.8587301587301587
0.8746031746031746
0.8083333333333333
0.9234126984126985
0.7111111111111111
0.8305555555555556
0.8908730158730159
0.8623015873015873
0.9234126984126985
0.7507936507936508
0.8515873015873016
0.8825396825396825
0.8912698412698413
0.8492063492063492
0.9484126984126984
0.8496031746031746
0.8194444444444444
0.8496031746031746
0.8345238095238096
0.8916666666666667
0.8976190476190476
0.7944444444444444
0.8837301587301587
0.8178571428571428
0.9055555555555556
0.8511904761904762
0.9547619047619048
0.8547619047619047
0.29563492063492064
0.846031746031746
0.9357142857142857
0.7884920634920635
0.8464285714285714
0.7138888888888889
0.8408730158730159
0.9361111111111111
0.8376984126984127
0.9492063492063492
0.8400793650793651
0.676984126984127
0.8571428571428571
0.823015873015873
0.8222222222222222
0.7488095238095238
0.873015873015873
0.859920634920635
0.6591269841269841
0.830952380952381
0.9238095238095239
0.9277777777777778
0.4599206349206349
0.8297619047619048
0.7428571428571429
0.9011904761904762
0.9345238095238095
0.33174603174603173
0.8503968253968254
0.9273809523809524
0.901984126984127
0.6892857142857143
0.6587301587301587
0.8119047619047619
0.9198412698412698
0.9575396825396826
0.9119047619047619
0.8912698412698413
0.0007936507936507937
0.9186507936507936
0.8944444444444445
0.8932539682539683
0.9119047619047619
0.8738095238095238
0.9079365079365079
0.8912698412698413
0.9103174603174603
0.846031746031746
0.9130952380952381
0.890079365079365
0.3202380952380952
0.805952380952381
0.9488095238095238
0.6761904761904762
0.9007936507936508
0.8888888888888888
0.8142857142857143
0.876984126984127
0.8761904761904762
0.9321428571428572
0.8869047619047619
0.6880952380952381
0.8428571428571429
0.8904761904761904
0.7432539682539683
0.773015873015873
0.9496031746031746
0.8563492063492063
0.8742063492063492
0.8904761904761904
0.9067460317460317
0.9650793650793651
0.8182539682539682
0.834920634920635
0.9083333333333333
0.8503968253968254
0.917063492063492
0.8924603174603175
0.844047619047619
0.9055555555555556
0.871031746031746
0.7666666666666667
0.9623015873015873
0.8940476190476191
0.7658730158730159
0.7321428571428571
0.6365079365079365
0.7321428571428571
0.7142857142857143
0.8535714285714285
0.8261904761904761
0.8047619047619048
0.8035714285714286
0.7833333333333333
0.8932539682539683
0.753968253968254
0.8202380952380952
0.8960317460317461
0.7670634920634921
0.5055555555555555
0.7134920634920635
0.7595238095238095
0.9333333333333333
0.9047619047619048
0.8876984126984127
0.9384920634920635
0.8531746031746031
0.9194444444444444
0.9519841269841269
0.7896825396825397
0.7904761904761904
0.8615079365079366
0.948015873015873
0.9353174603174603
0.9369047619047619
0.8337301587301588
0.7226190476190476
0.8452380952380952
0.5801587301587302
0.7952380952380952
0.9035714285714286
0.8666666666666667
0.8492063492063492
0.928968253968254
0.8960317460317461
0.7904761904761904
0.775
0.8801587301587301
0.8142857142857143
0.821031746031746
0.748015873015873
0.8682539682539683
0.9067460317460317
0.7944444444444444
0.8571428571428571
0.7801587301587302
0.8940476190476191
0.8714285714285714
0.919047619047619
0.7837301587301587
0.8198412698412698
0.9472222222222222
0.8523809523809524
0.8948412698412699
0.7821428571428571
0.9432539682539682
0.7182539682539683
0.905952380952381
0.8662698412698413
0.8341269841269842
0.9603174603174603
0.9226190476190477
0.8753968253968254
0.9575396825396826
0.8714285714285714
0.9333333333333333
0.8992063492063492
0.8638888888888889
0.7980158730158731
0.821031746031746
0.3492063492063492
0.8988095238095238
0.8646825396825397
0.890079365079365
0.696031746031746
0.8404761904761905
0.544047619047619
0.2892857142857143
0.0003968253968253968
0.7964285714285714
0.9138888888888889
0.8686507936507937
0.7297619047619047
0.9154761904761904
0.9313492063492064
0.8698412698412699
0.9011904761904762
0.7714285714285715
0.8650793650793651
0.8698412698412699
0.8746031746031746
0.7952380952380952
0.7773809523809524
0.8321428571428572
0.8376984126984127
0.8341269841269842
0.8214285714285714
0.8829365079365079
0.7623015873015873
0.8630952380952381
0.9257936507936508
0.8761904761904762
0.8948412698412699
0.8178571428571428
0.905952380952381
0.6234126984126984
0.8916666666666667
0.8956349206349207
0.8956349206349207
0.823015873015873
0.7567460317460317
0.844047619047619
0.8531746031746031
0.7511904761904762
0.8797619047619047
0.8956349206349207
0.7246031746031746
0.8392857142857143
0.817063492063492
0.9063492063492063
0.8777777777777778
0.8555555555555555
0.848015873015873
0.9369047619047619
0.9071428571428571
0.9134920634920635
0.8773809523809524
0.7388888888888889
0.9158730158730158
0.8055555555555556
0.8071428571428572
0.9198412698412698
0.8924603174603175
0.803968253968254
0.8075396825396826
0.8488095238095238
0.7785714285714286
0.8551587301587301
0.7575396825396825
0.8714285714285714
0.851984126984127
0.8305555555555556
0.930952380952381
0.8166666666666667
0.7448412698412699
0.7710317460317461
0.6912698412698413
0.8638888888888889
0.8908730158730159
0.7400793650793651
0.8658730158730159
0.9055555555555556
0.8793650793650793
0.8246031746031746
0.807936507936508
0.8281746031746032
0.8595238095238096
0.8428571428571429
0.7361111111111112
0.9432539682539682
0.8396825396825397
0.8841269841269841
0.9273809523809524
0.9
0.8369047619047619
0.7043650793650794
0.9222222222222223
0.692063492063492
0.7400793650793651
0.5087301587301587
0.9134920634920635
0.8380952380952381
0.8924603174603175
0.7583333333333333
0.8642857142857143
0.8940476190476191
0.7134920634920635
0.8111111111111111
0.8496031746031746
0.8388888888888889
0.8837301587301587
0.7380952380952381
0.888095238095238
0.6734126984126985
0.9138888888888889
0.955952380952381
0.7055555555555556
0.7511904761904762
0.8626984126984127
0.7706349206349207
0.9174603174603174
0.8865079365079365
0.8083333333333333
0.9253968253968254
0.8194444444444444
0.9007936507936508
0.917063492063492
0.7575396825396825
0.7126984126984127
0.8317460317460318
0.9075396825396825
0.8809523809523809
0.942063492063492
0.7384920634920635
0.7908730158730158
0.9567460317460318
0.8746031746031746
0.8944444444444445
0.7996031746031746
0.9206349206349206
0.8952380952380953
0.8023809523809524
0.8214285714285714
0.9142857142857143
0.7980158730158731
0.8095238095238095
0.8198412698412698
0.8003968253968254
0.8833333333333333
0.7876984126984127
0.844047619047619
0.5583333333333333
0.9206349206349206
0.7150793650793651
0.8678571428571429
0.8686507936507937
0.8067460317460318
0.8948412698412699
0.8765873015873016
0.9154761904761904
0.3126984126984127
0.8726190476190476
0.8976190476190476
0.8261904761904761
0.8587301587301587
0.8515873015873016
0.9253968253968254
0.8960317460317461
0.8837301587301587
0.801984126984127
0.9341269841269841
0.8396825396825397
0.8222222222222222
0.8547619047619047
0.8932539682539683
0.832936507936508
0.8817460317460317
0.8547619047619047
0.9666666666666667
0.9166666666666666
0.8472222222222222
0.948015873015873
0.9023809523809524
0.9388888888888889
0.7130952380952381
0.9222222222222223
0.8813492063492063
0.8928571428571429
0.8976190476190476
0.7638888888888888
0.9035714285714286
0.9023809523809524
0.8412698412698413
0.8130952380952381
0.8376984126984127
0.805952380952381
0.8746031746031746
0.7944444444444444
0.8246031746031746
0.8182539682539682
0.7952380952380952
0.890079365079365
0.8567460317460317
0.7329365079365079
0.7849206349206349
0.9611111111111111
0.3404761904761905
0.8841269841269841
0.8849206349206349
0.8821428571428571
0.9107142857142857
0.8186507936507936
0.9103174603174603
0.8623015873015873
0.8912698412698413
0.8222222222222222
0.8829365079365079
0.9146825396825397
0.3238095238095238
0.8646825396825397
0.875
0.8626984126984127
0.944047619047619
0.8492063492063492
0.6936507936507936
0.832936507936508
0.8682539682539683
0.8674603174603175
0.8075396825396826
0.8658730158730159
0.725
0.9
0.9031746031746032
0.5992063492063492
0.9023809523809524
0.8781746031746032
0.890079365079365
0.7968253968253968
0.8341269841269842
0.8071428571428572
0.7285714285714285
0.8234126984126984
0.7773809523809524
0.9015873015873016
0.653968253968254
0.8694444444444445
0.8301587301587302
0.9051587301587302
0.8047619047619048
0.9099206349206349
0.944047619047619
0.9654761904761905
0.805952380952381
0.8944444444444445
0.9281746031746032
0.7980158730158731
0.9043650793650794
0.8888888888888888
0.7980158730158731
0.8587301587301587
0.878968253968254
0.8964285714285715
0.8884920634920634
0.8488095238095238
0.9202380952380952
0.8861111111111111
0.9162698412698412
0.6761904761904762
0.8456349206349206
0.8321428571428572
0.9305555555555556
0.915079365079365
0.9027777777777778
0.8888888888888888
0.8615079365079366
0.9388888888888889
0.7984126984126985
0.8575396825396825
0.2773809523809524
0.903968253968254
0.805952380952381
0.8269841269841269
0.8452380952380952
0.9162698412698412
0.861904761904762
0.948015873015873
0.9091269841269841
0.8662698412698413
0.8682539682539683
0.8579365079365079
0.7019841269841269
0.9305555555555556
0.7376984126984127
0.796031746031746
0.8857142857142857
0.7150793650793651
0.821031746031746
0.8666666666666667
0.9067460317460317
0.8261904761904761
0.8611111111111112
0.7023809523809523
0.8456349206349206
0.8119047619047619
0.8535714285714285
0.817063492063492
0.8603174603174604
0.8984126984126984
0.8936507936507937
0.7579365079365079
0.9265873015873016
0.8444444444444444
0.9079365079365079
0.638095238095238
0.7535714285714286
0.8559523809523809
0.9067460317460317
0.7496031746031746
0.9067460317460317
0.8928571428571429
0.8436507936507937
0.8134920634920635
0.9519841269841269
0.8178571428571428
0.7944444444444444
0.8956349206349207
0.9015873015873016
0.8238095238095238
0.7619047619047619
0.7924603174603174
0.8142857142857143
0.8444444444444444
0.9428571428571428
0.8924603174603175
0.8404761904761905
0.8511904761904762
0.8865079365079365
0.7222222222222222
0.2702380952380952
0.9091269841269841
0.8238095238095238
0.8988095238095238
0.9067460317460317
0.8996031746031746
0.8571428571428571
0.9087301587301587
0.640079365079365
0.7496031746031746
0.8432539682539683
0.7115079365079365
0.9031746031746032
0.8904761904761904
0.8992063492063492
0.9027777777777778
0.6718253968253968
0.8924603174603175
0.8861111111111111
0.9186507936507936
0.721031746031746
0.7571428571428571
0.953968253968254
0.9111111111111111
0.903968253968254
0.8904761904761904
0.8726190476190476
0.8317460317460318
0.8087301587301587
0.8055555555555556
0.8579365079365079
0.9452380952380952
0.8996031746031746
0.9515873015873015
0.7202380952380952
0.8829365079365079
0.9325396825396826
0.9325396825396826
0.9075396825396825
0.7936507936507936
0.8876984126984127
0.8746031746031746
0.8924603174603175
0.7892857142857143
0.7662698412698413
0.9281746031746032
0.048412698412698414
0.8924603174603175
0.9194444444444444
0.942063492063492
0.8031746031746032
0.873015873015873
0.8837301587301587
0.7916666666666666
0.9154761904761904
0.8317460317460318
0.9357142857142857
0.8726190476190476
0.930952380952381
0.7170634920634921
0.8714285714285714
0.95
0.7948412698412698
0.7587301587301587
0.8031746031746032
0.7718253968253969
0.7265873015873016
0.8722222222222222
0.9345238095238095
0.8630952380952381
0.919047619047619
0.8896825396825396
0.9115079365079365
0.861904761904762
0.8841269841269841
0.9067460317460317
0.8428571428571429
0.8051587301587302
0.792063492063492
0.8718253968253968
0.7904761904761904
0.9321428571428572
0.7658730158730159
0.8535714285714285
0.7829365079365079
0.9047619047619048
0.7436507936507937
0.8920634920634921
0.8670634920634921
0.6369047619047619
0.9
0.8063492063492064
0.901984126984127
0.7115079365079365
0.7119047619047619
0.790079365079365
0.8277777777777777
0.7873015873015873
0.8813492063492063
0.8476190476190476
0.8996031746031746
0.6936507936507936
0.8305555555555556
0.7726190476190476
0.8115079365079365
0.8753968253968254
0.9174603174603174
0.9214285714285714
0.8091269841269841
0.8003968253968254
0.8888888888888888
0.9281746031746032
0.698015873015873
0.8801587301587301
0.9095238095238095
0.7972222222222223
0.6722222222222223
0.9003968253968254
0.8718253968253968
0.8226190476190476
0.3349206349206349
0.832936507936508
0.9226190476190477
0.7888888888888889
0.8325396825396826
0.8837301587301587
0.8257936507936507
0.9456349206349206
0.8412698412698413
0.8611111111111112
0.9043650793650794
0.8575396825396825
0.9027777777777778
0.9218253968253968
0.9226190476190477
0.7634920634920634
0.9484126984126984
0.7571428571428571
0.8527777777777777
0.873015873015873
0.8948412698412699
0.9142857142857143
0.8119047619047619
0.8948412698412699
0.7865079365079365
0.8523809523809524
0.8428571428571429
0.5694444444444444
0.8634920634920635
0.8083333333333333
0.773015873015873
0.8884920634920634
0.8015873015873016
0.8559523809523809
0.8920634920634921
0.844047619047619
0.8948412698412699
0.8226190476190476
0.8757936507936508
0.8623015873015873
0.8658730158730159
0.8853174603174603
0.7992063492063493
0.9063492063492063
0.5817460317460318
0.825
0.8428571428571429
0.7916666666666666
0.746031746031746
0.9142857142857143
0.8992063492063492
0.7861111111111111
0.8964285714285715
0.8944444444444445
0.8936507936507937
0.8333333333333334
0.8992063492063492
0.8194444444444444
0.8055555555555556
0.9111111111111111
0.5178571428571429
0.7440476190476191
0.8964285714285715
0.8968253968253969
0.844047619047619
0.8353174603174603
0.9365079365079365
0.8968253968253969
0.9031746031746032
0.9337301587301587
0.9230158730158731
0.8317460317460318
0.780952380952381
0.8595238095238096
0.8123015873015873
0.903968253968254
0.7968253968253968
0.7817460317460317
0.7928571428571428
0.8972222222222223
0.7134920634920635
0.8154761904761905
0.7992063492063493
0.9396825396825397
0.8384920634920635
0.8706349206349207
0.8884920634920634
0.8515873015873016
0.8130952380952381
0.8972222222222223
0.7805555555555556
0.8603174603174604
0.8785714285714286
0.9357142857142857
0.8674603174603175
0.7861111111111111
0.7126984126984127
0.8714285714285714
0.7420634920634921
0.9404761904761905
0.7746031746031746
0.8968253968253969
0.8654761904761905
0.8488095238095238
0.851984126984127
0.8317460317460318
0.888095238095238
0.7944444444444444
0.9
0.9484126984126984
0.9285714285714286
0.8611111111111112
0.8615079365079366
0.859920634920635
0.8214285714285714
0.9571428571428572
0.8388888888888889
0.8873015873015873
0.8853174603174603
0.8964285714285715
0.8365079365079365
0.9099206349206349
0.7896825396825397
0.9075396825396825
0.8246031746031746
0.8083333333333333
0.8801587301587301
0.8134920634920635
0.8996031746031746
0.8452380952380952
0.7746031746031746
0.8559523809523809
0.8198412698412698
0.823015873015873
0.8444444444444444
0.9095238095238095
0.9384920634920635
0.8238095238095238
0.8928571428571429
0.9662698412698413
0.7706349206349207
0.8944444444444445
0.8666666666666667
0.8515873015873016
0.8142857142857143
0.8357142857142857
0.705952380952381
0.9186507936507936
0.8186507936507936
0.8432539682539683
0.6865079365079365
0.8734126984126984
0.7932539682539682
0.8734126984126984
0.8809523809523809
0.9111111111111111
0.778968253968254
0.8158730158730159
0.8404761904761905
0.8099206349206349
0.8424603174603175
0.6623015873015873
0.8626984126984127
0.8007936507936508
0.8269841269841269
0.7884920634920635
0.8690476190476191
0.8150793650793651
0.8888888888888888
0.6583333333333333
0.9123015873015873
0.8964285714285715
0.8325396825396826
0.9428571428571428
0.834920634920635
0.8964285714285715
0.8956349206349207
0.9119047619047619
0.8940476190476191
0.8150793650793651
0.9242063492063493
0.903968253968254
0.8305555555555556
0.7412698412698413
0.7857142857142857
0.8523809523809524
0.8892857142857142
0.7083333333333334
0.780952380952381
0.8162698412698413
0.8242063492063492
0.8214285714285714
0.8285714285714286
0.007142857142857143
0.7734126984126984
0.8158730158730159
0.8936507936507937
0.7654761904761904
0.6773809523809524
0.8428571428571429
0.6107142857142858
0.9007936507936508
0.9587301587301588
0.8988095238095238
0.8944444444444445
0.8992063492063492
0.8547619047619047
0.734920634920635
0.85
0.8634920634920635
0.6825396825396826
0.9682539682539683
0.9206349206349206
0.30238095238095236
0.898015873015873
0.8948412698412699
0.7876984126984127
0.8412698412698413
0.8666666666666667
0.8924603174603175
0.8150793650793651
0.9011904761904762
0.8603174603174604
0.7587301587301587
0.8269841269841269
0.898015873015873
0.8845238095238095
0.8861111111111111
0.8
0.8123015873015873
0.8293650793650794
0.8325396825396826
0.8503968253968254
0.8940476190476191
0.9071428571428571
0.8873015873015873
0.942063492063492
0.9035714285714286
0.8376984126984127
0.7662698412698413
0.8690476190476191
0.8984126984126984
0.8813492063492063
0.39206349206349206
0.7507936507936508
0.8111111111111111
0.9174603174603174
0.7976190476190477
0.8936507936507937
0.8416666666666667
0.7817460317460317
0.9218253968253968
0.8357142857142857
0.8575396825396825
0.8853174603174603
0.6190476190476191
0.9507936507936507
0.8579365079365079
0.805952380952381
0.8821428571428571
0.851984126984127
0.7892857142857143
0.7849206349206349
0.8452380952380952
0.8162698412698413
0.8714285714285714
0.719047619047619
0.6976190476190476
0.7726190476190476
0.3242063492063492
0.8940476190476191
0.9261904761904762
0.85
0.8698412698412699
0.801984126984127
0.9071428571428571
0.9384920634920635
0.8261904761904761
0.794047619047619
0.8492063492063492
0.8936507936507937
0.821031746031746
0.9206349206349206
0.7996031746031746
0.9313492063492064
0.85
0.9047619047619048
0.8670634920634921
0.848015873015873
0.8317460317460318
0.7833333333333333
0.7861111111111111
0.8392857142857143
0.7968253968253968
0.8472222222222222
0.9115079365079365
0.8829365079365079
0.7619047619047619
0.8539682539682539
0.9142857142857143
0.3107142857142857
0.8150793650793651
0.6476190476190476
0.692063492063492
0.9587301587301588
0.8936507936507937
0.7753968253968254
0.7876984126984127
0.8448412698412698
0.8404761904761905
0.9384920634920635
0.8757936507936508
0.8884920634920634
0.7607142857142857
0.8833333333333333
0.8396825396825397
0.834920634920635
0.8972222222222223
0.8226190476190476
0.8734126984126984
0.7908730158730158
0.8658730158730159
0.9083333333333333
0.8464285714285714
0.9174603174603174
0.8865079365079365
0.9083333333333333
0.9174603174603174
0.8087301587301587
0.873015873015873
0.8123015873015873
0.9115079365079365
0.801984126984127
0.9436507936507936
0.8031746031746032
0.8559523809523809
0.9301587301587302
0.9099206349206349
0.8611111111111112
0.7277777777777777
0.8722222222222222
0.8158730158730159
0.873015873015873
0.8972222222222223
0.8595238095238096
0.8666666666666667
0.796031746031746
0.8996031746031746
0.8702380952380953
0.9198412698412698
0.7301587301587301
0.8444444444444444
0.8436507936507937
0.8956349206349207
0.8111111111111111
0.9662698412698413
0.7646825396825396
0.9015873015873016
0.8892857142857142
0.6757936507936508
0.7964285714285714
0.8904761904761904
0.8424603174603175
0.9734126984126984
0.9257936507936508
0.7392857142857143
0.8484126984126984
0.8424603174603175
0.8662698412698413
0.9496031746031746
0.763095238095238
0.8682539682539683
0.5821428571428572
0.794047619047619
0.7440476190476191
0.8027777777777778
0.830952380952381
0.9230158730158731
0.8960317460317461
0.801984126984127
0.8773809523809524
0.898015873015873
0.8996031746031746
0.6531746031746032
0.9563492063492064
0.8591269841269841
0.9261904761904762
0.8313492063492064
0.7988095238095239
0.7547619047619047
0.8623015873015873
0.8376984126984127
0.9174603174603174
0.9313492063492064
0.9063492063492063
0.6682539682539682
0.8317460317460318
0.6543650793650794
0.8904761904761904
0.8948412698412699
0.903968253968254
0.9091269841269841
0.8650793650793651
0.8757936507936508
0.8884920634920634
0.9107142857142857
0.7841269841269841
0.8734126984126984
0.8936507936507937
0.8718253968253968
0.8424603174603175
0.8388888888888889
0.8357142857142857
0.8317460317460318
0.903968253968254
0.6869047619047619
0.7698412698412699
0.8821428571428571
0.8507936507936508
0.7361111111111112
0.859920634920635
0.9075396825396825
0.9472222222222222
0.8873015873015873
0.9087301587301587
0.9369047619047619
0.9134920634920635
0.8531746031746031
0.8626984126984127
0.8055555555555556
0.9293650793650794
0.898015873015873
0.8472222222222222
0.8507936507936508
0.7928571428571428
0.930952380952381
0.6805555555555556
0.898015873015873
0.871031746031746
0.9230158730158731
0.9222222222222223
0.8773809523809524
0.8674603174603175
0.8634920634920635
0.8353174603174603
0.8960317460317461
0.6392857142857142
0.8448412698412698
0.7797619047619048
0.719047619047619
0.8884920634920634
0.8956349206349207
0.9222222222222223
0.7325396825396825
0.7765873015873016
0.8468253968253968
0.8523809523809524
0.8464285714285714
0.8222222222222222
0.7841269841269841
0.8785714285714286
0.7841269841269841
0.7103174603174603
0.9154761904761904
0.7873015873015873
0.9142857142857143
0.8757936507936508
0.8984126984126984
0.890079365079365
0.8964285714285715
0.9503968253968254
0.9027777777777778
0.3357142857142857
0.8257936507936507
0.7206349206349206
0.9182539682539682
0.6488095238095238
0.7265873015873016
0.8095238095238095
0.7154761904761905
0.7496031746031746
0.8892857142857142
0.6642857142857143
0.8297619047619048
0.7876984126984127
0.8932539682539683
0.8444444444444444
0.8392857142857143
0.8797619047619047
0.8488095238095238
0.7043650793650794
0.7714285714285715
0.8853174603174603
0.6638888888888889
0.9027777777777778
0.9293650793650794
0.8626984126984127
0.7837301587301587
0.9246031746031746
0.7444444444444445
0.8805555555555555
0.33015873015873015
0.8297619047619048
0.8924603174603175
0.8706349206349207
0.901984126984127
0.6630952380952381
0.8797619047619047
0.9119047619047619
0.8400793650793651
0.832936507936508
0.8988095238095238
0.8523809523809524
0.9095238095238095
0.8666666666666667
0.9337301587301587
0.8547619047619047
0.8555555555555555
0.8432539682539683
0.5662698412698413
0.7472222222222222
0.8408730158730159
0.8087301587301587
0.8468253968253968
0.6841269841269841
0.7880952380952381
0.8928571428571429
0.8670634920634921
0.8269841269841269
0.8404761904761905
0.8484126984126984
0.8468253968253968
0.9178571428571428
0.7515873015873016
0.8587301587301587
0.8793650793650793
0.7876984126984127
0.7484126984126984
0.9035714285714286
0.9035714285714286
0.9301587301587302
0.8853174603174603
0.8369047619047619
0.8579365079365079
0.8138888888888889
0.7781746031746032
0.7861111111111111
0.8484126984126984
0.9619047619047619
0.8738095238095238
0.8563492063492063
0.8134920634920635
0.8353174603174603
0.09603174603174604
0.7579365079365079
0.9305555555555556
0.8146825396825397
0.9341269841269841
0.8888888888888888
0.5305555555555556
0.9123015873015873
0.7599206349206349
0.9376984126984127
0.7757936507936508
0.8261904761904761
0.8273809523809523
0.8341269841269842
0.8583333333333333
0.9321428571428572
0.8472222222222222
0.8142857142857143
0.801984126984127
0.8325396825396826
0.7952380952380952
0.8035714285714286
0.7936507936507936
0.8226190476190476
0.9035714285714286
0.8563492063492063
0.9071428571428571
0.9162698412698412
0.8
0.8150793650793651
0.9488095238095238
0.8698412698412699
0.930952380952381
0.8511904761904762
0.9154761904761904
0.8658730158730159
0.776984126984127
0.8706349206349207
0.9257936507936508
0.8559523809523809
0.8765873015873016
0.9484126984126984
0.8988095238095238
0.8678571428571429
0.8253968253968254
0.8400793650793651
0.9472222222222222
0.9071428571428571
0.8285714285714286
0.8670634920634921
0.7698412698412699
0.8837301587301587
0.8571428571428571
0.8746031746031746
0.8357142857142857
0.878968253968254
0.9071428571428571
0.8742063492063492
0.8285714285714286
0.8432539682539683
0.7051587301587302
0.8634920634920635
0.7726190476190476
0.828968253968254
0.8376984126984127
0.9011904761904762
0.8726190476190476
0.7071428571428572
0.8801587301587301
0.8607142857142858
0.8742063492063492
0.9051587301587302
0.8325396825396826
0.9055555555555556
0.8646825396825397
0.8285714285714286
0.748015873015873
0.921031746031746
0.9194444444444444
0.95
0.6682539682539682
0.9154761904761904
0.9357142857142857
0.8706349206349207
0.9333333333333333
0.7575396825396825
0.8376984126984127
0.8626984126984127
0.9202380952380952
0.8615079365079366
0.8047619047619048
0.8972222222222223
0.8214285714285714
0.9674603174603175
0.8523809523809524
0.8924603174603175
0.8968253968253969
0.8035714285714286
0.5722222222222222
0.7218253968253968
0.8464285714285714
0.6222222222222222
0.8091269841269841
0.8273809523809523
0.8690476190476191
0.832936507936508
0.925
0.7063492063492064
0.7436507936507937
0.8861111111111111
0.915079365079365
0.7880952380952381
0.8972222222222223
0.7976190476190477
0.8416666666666667
0.8662698412698413
0.9472222222222222
0.901984126984127
0.8472222222222222
0.5873015873015873
0.6678571428571428
0.9634920634920635
0.8646825396825397
0.7765873015873016
0.8595238095238096
0.946031746031746
0.8424603174603175
0.915079365079365
0.876984126984127
0.8607142857142858
0.8722222222222222
0.9138888888888889
0.01746031746031746
0.9186507936507936
0.8829365079365079
0.7607142857142857
0.7051587301587302
0.932936507936508
0.8845238095238095
0.9238095238095239
0.8071428571428572
0.8932539682539683
0.851984126984127
0.7400793650793651
0.8551587301587301
0.851984126984127
0.8753968253968254
0.8404761904761905
0.9202380952380952
0.8400793650793651
0.8956349206349207
0.9051587301587302
0.8202380952380952
0.8702380952380953
0.817063492063492
0.9349206349206349
0.8003968253968254
0.8333333333333334
0.8051587301587302
0.8837301587301587
0.7623015873015873
0.8857142857142857
0.9297619047619048
0.703968253968254
0.6861111111111111
0.9388888888888889
0.9472222222222222
0.8444444444444444
0.8845238095238095
0.830952380952381
0.9158730158730158
0.9242063492063493
0.876984126984127
0.9496031746031746
0.8126984126984127
0.7067460317460318
0.8638888888888889
0.8023809523809524
0.010714285714285714
0.7904761904761904
0.8027777777777778
0.846031746031746
0.9261904761904762
0.971031746031746
0.7988095238095239
0.905952380952381
0.9107142857142857
0.8202380952380952
0.8218253968253968
0.8214285714285714
0.8357142857142857
0.828968253968254
0.928968253968254
0.8626984126984127
0.8587301587301587
0.7861111111111111
0.5734126984126984
0.7980158730158731
0.846031746031746
0.8396825396825397
0.9055555555555556
0.8761904761904762
0.8634920634920635
0.7841269841269841
0.9325396825396826
0.9138888888888889
0.8468253968253968
0.8305555555555556
0.9095238095238095
0.7373015873015873
0.8777777777777778
0.8515873015873016
0.8321428571428572
0.8456349206349206
0.7531746031746032
0.8984126984126984
0.9035714285714286
0.7853174603174603
0.8277777777777777
0.9353174603174603
0.807936507936508
0.9071428571428571
0.8869047619047619
0.9293650793650794
0.9305555555555556
0.8845238095238095
0.7488095238095238
0.7698412698412699
0.8107142857142857
0.7722222222222223
0.8178571428571428
0.776984126984127
0.9246031746031746
0.8988095238095238
0.9206349206349206
0.8992063492063492
0.9
0.8825396825396825
0.8345238095238096
0.9031746031746032
0.9535714285714286
0.8849206349206349
0.7944444444444444
0.9091269841269841
0.8932539682539683
0.8992063492063492
0.9162698412698412
0.746031746031746
0.9015873015873016
0.8277777777777777
0.8833333333333333
0.7861111111111111
0.7674603174603175
0.7083333333333334
0.7007936507936507
0.8964285714285715
0.8845238095238095
0.830952380952381
0.794047619047619
0.6968253968253968
0.8761904761904762
0.9
0.7329365079365079
0.901984126984127
0.7948412698412698
0.8603174603174604
0.8833333333333333
0.8115079365079365
0.821031746031746
0.8003968253968254
0.7821428571428571
0.6916666666666667
0.9119047619047619
0.6841269841269841
0.890079365079365
0.8301587301587302
0.8484126984126984
0.9412698412698413
0.9619047619047619
0.7087301587301588
0.776984126984127
0.928968253968254
0.8650793650793651
0.7488095238095238
0.8496031746031746
0.9107142857142857
0.9087301587301587
0.9277777777777778
0.7464285714285714
0.775
0.8865079365079365
0.8773809523809524
0.8162698412698413
0.8222222222222222
0.8194444444444444
0.8273809523809523
0.9373015873015873
0.7634920634920634
0.8
0.878968253968254
0.6876984126984127
0.8821428571428571
0.7031746031746032
0.8194444444444444
0.9075396825396825
0.917063492063492
0.7797619047619048
0.8523809523809524
0.8337301587301588
0.7742063492063492
0.9246031746031746
0.8523809523809524
0.9107142857142857
0.8996031746031746
0.7261904761904762
0.9404761904761905
0.888095238095238
0.7829365079365079
0.8119047619047619
0.8686507936507937
0.8095238095238095
0.8626984126984127
0.9154761904761904
0.8007936507936508
0.9
0.8420634920634921
0.9615079365079365
0.9257936507936508
0.8472222222222222
0.7373015873015873
0.8492063492063492
0.8968253968253969
0.7503968253968254
0.859920634920635
0.8801587301587301
0.7424603174603175
0.8734126984126984
0.7432539682539683
0.9261904761904762
0.8313492063492064
0.8984126984126984
0.7968253968253968
0.8626984126984127
0.8904761904761904
0.7162698412698413
0.8384920634920635
0.8726190476190476
0.9126984126984127
0.9293650793650794
0.8095238095238095
0.7591269841269841
0.7908730158730158
0.6817460317460318
0.8801587301587301
0.9115079365079365
0.9035714285714286
0.8214285714285714
0.944047619047619
0.8988095238095238
0.9365079365079365
0.7178571428571429
0.878968253968254
0.7055555555555556
0.8337301587301588
0.794047619047619
0.8638888888888889
0.8658730158730159
0.8507936507936508
0.6817460317460318
0.7547619047619047
0.8265873015873015
0.8746031746031746
0.7988095238095239
0.8472222222222222
0.7674603174603175
0.6841269841269841
0.8031746031746032
0.796031746031746
0.7198412698412698
0.7773809523809524
0.8158730158730159
0.7896825396825397
0.792063492063492
0.9345238095238095
0.8662698412698413
0.7341269841269841
0.861904761904762
0.8515873015873016
0.3376984126984127
0.8333333333333334
0.7329365079365079
0.776984126984127
0.8325396825396826
0.8035714285714286
0.8626984126984127
0.7380952380952381
0.8142857142857143
0.8734126984126984
0.7115079365079365
0.7527777777777778
0.7615079365079365
0.8753968253968254
0.8035714285714286
0.8845238095238095
0.8575396825396825
0.7785714285714286
0.8996031746031746
0.9496031746031746
0.7634920634920634
0.901984126984127
0.9031746031746032
0.9067460317460317
0.6722222222222223
0.817063492063492
0.8226190476190476
0.9095238095238095
0.959920634920635
0.6333333333333333
0.9234126984126985
0.9051587301587302
0.8194444444444444
0.778968253968254
0.7285714285714285
0.9230158730158731
0.8781746031746032
0.8595238095238096
0.8718253968253968
0.9369047619047619
0.9
0.9666666666666667
0.8797619047619047
0.9234126984126985
0.8920634920634921
0.8924603174603175
0.8654761904761905
0.8924603174603175
0.930952380952381
0.8865079365079365
0.9265873015873016
0.9099206349206349
0.915079365079365
0.6039682539682539
0.748015873015873
0.7865079365079365
0.7547619047619047
0.8575396825396825
0.26746031746031745
0.7003968253968254
0.8718253968253968
0.26031746031746034
0.8007936507936508
0.8944444444444445
0.9349206349206349
0.8523809523809524
0.8861111111111111
0.8587301587301587
0.8468253968253968
0.7476190476190476
0.8484126984126984
0.9603174603174603
0.8626984126984127
0.8353174603174603
0.46984126984126984
0.7896825396825397
0.8940476190476191
0.8896825396825396
0.9166666666666666
0.8869047619047619
0.44047619047619047
0.7865079365079365
0.8269841269841269
0.8408730158730159
0.7880952380952381
0.7265873015873016
0.9186507936507936
0.9277777777777778
0.8793650793650793
0.39206349206349206
0.7503968253968254
0.9261904761904762
0.8845238095238095
0.6876984126984127
0.9087301587301587
0.9047619047619048
0.9273809523809524
0.6440476190476191
0.8484126984126984
0.8297619047619048
0.9432539682539682
0.8257936507936507
0.5103174603174603
0.85
0.9321428571428572
0.8992063492063492
0.9099206349206349
0.7714285714285715
0.7980158730158731
0.8551587301587301
0.7115079365079365
0.6464285714285715
0.9126984126984127
0.8531746031746031
0.8658730158730159
0.8952380952380953
0.9277777777777778
0.001984126984126984
0.8805555555555555
0.7936507936507936
0.7242063492063492
0.3007936507936508
0.8964285714285715
0.8952380952380953
0.9722222222222222
0.9043650793650794
0.9388888888888889
0.8904761904761904
0.803968253968254
0.8976190476190476
0.9392857142857143
0.9
0.8027777777777778
0.9031746031746032
0.9507936507936507
0.7611111111111111
0.9317460317460318
0.8277777777777777
0.8884920634920634
0.8670634920634921
0.8130952380952381
0.8261904761904761
0.8277777777777777
0.3119047619047619
0.9234126984126985
0.8948412698412699
0.8702380952380953
0.7488095238095238
0.7595238095238095
0.8507936507936508
0.7968253968253968
0.8666666666666667
0.707936507936508
0.8150793650793651
0.8543650793650793
0.8281746031746032
0.8103174603174603
0.8531746031746031
0.7825396825396825
0.6246031746031746
0.898015873015873
0.8150793650793651
0.8976190476190476
0.8273809523809523
0.8825396825396825
0.8761904761904762
0.8623015873015873
0.8035714285714286
0.9261904761904762
0.8682539682539683
0.9007936507936508
0.8702380952380953
0.8964285714285715
0.8948412698412699
0.9083333333333333
0.9035714285714286
0.871031746031746
0.8551587301587301
0.26865079365079364
0.9047619047619048
0.8285714285714286
0.7896825396825397
0.8936507936507937
0.8527777777777777
0.776984126984127
0.7908730158730158
0.8095238095238095
0.8388888888888889
0.7678571428571429
0.665079365079365
0.7912698412698412
0.7845238095238095
0.8638888888888889
0.3011904761904762
0.9293650793650794
0.6702380952380952
0.9238095238095239
0.9281746031746032
0.851984126984127
0.9277777777777778
0.8384920634920635
0.778968253968254
0.8801587301587301
0.7825396825396825
0.7757936507936508
0.955952380952381
0.8043650793650794
0.9293650793650794
0.8107142857142857
0.6936507936507936
0.8591269841269841
0.9075396825396825
0.832936507936508
0.8277777777777777
0.9404761904761905
0.8984126984126984
0.8551587301587301
0.9007936507936508
0.9063492063492063
0.8238095238095238
0.8468253968253968
0.8706349206349207
0.8194444444444444
0.9380952380952381
0.8031746031746032
0.9492063492063492
0.7746031746031746
0.7837301587301587
0.9416666666666667
0.8087301587301587
0.7373015873015873
0.859920634920635
0.8361111111111111
0.8222222222222222
0.9007936507936508
0.834920634920635
0.7694444444444445
0.8325396825396826
0.8650793650793651
0.8412698412698413
0.8746031746031746
0.8555555555555555
0.8968253968253969
0.725
0.8722222222222222
0.8087301587301587
0.9630952380952381
0.8944444444444445
0.9023809523809524
0.8011904761904762
0.930952380952381
0.7694444444444445
0.9023809523809524
0.8884920634920634
0.9007936507936508
0.8916666666666667
0.7996031746031746
0.9119047619047619
0.85
0.8563492063492063
0.905952380952381
0.8936507936507937
0.917063492063492
0.8484126984126984
0.8956349206349207
0.7678571428571429
0.8496031746031746
0.8023809523809524
0.7095238095238096
0.8996031746031746
0.8412698412698413
0.9257936507936508
0.8202380952380952
0.8242063492063492
0.7551587301587301
0.3396825396825397
0.9166666666666666
0.8865079365079365
0.8158730158730159
0.8345238095238096
0.8539682539682539
0.7964285714285714
0.9626984126984127
0.8448412698412698
0.8373015873015873
0.8670634920634921
0.7488095238095238
0.796031746031746
0.9087301587301587
0.9202380952380952
0.9277777777777778
0.898015873015873
0.8472222222222222
0.8857142857142857
0.8658730158730159
0.8587301587301587
0.7936507936507936
0.8690476190476191
0.9325396825396826
0.8928571428571429
0.8960317460317461
0.32857142857142857
0.8952380952380953
0.8607142857142858
0.7821428571428571
0.3496031746031746
0.803968253968254
0.901984126984127
0.825
0.8365079365079365
0.9166666666666666
0.9130952380952381
0.8797619047619047
0.8333333333333334
0.7694444444444445
0.8373015873015873
0.8531746031746031
0.9797619047619047
0.7043650793650794
0.8912698412698413
0.7107142857142857
0.8984126984126984
0.7944444444444444
0.9095238095238095
0.8492063492063492
0.8218253968253968
0.9519841269841269
0.8865079365079365
0.9146825396825397
0.8884920634920634
0.7880952380952381
0.9638888888888889
0.7952380952380952
0.6924603174603174
0.5091269841269841
0.807936507936508
0.8773809523809524
0.7047619047619048
0.8813492063492063
0.9619047619047619
0.7734126984126984
0.8634920634920635
0.9242063492063493
0.8654761904761905
0.8805555555555555
0.21865079365079365
0.8535714285714285
0.8940476190476191
0.9376984126984127
0.859920634920635
0.9015873015873016
0.919047619047619
0.828968253968254
0.9071428571428571
0.8666666666666667
0.9166666666666666
0.7980158730158731
0.8992063492063492
0.9115079365079365
0.9865079365079366
0.7126984126984127
0.9273809523809524
0.9305555555555556
0.9083333333333333
0.8956349206349207
0.807936507936508
0.7746031746031746
0.7182539682539683
0.8829365079365079
0.8424603174603175
0.8539682539682539
0.7198412698412698
0.9158730158730158
0.6273809523809524
0.8408730158730159
0.8567460317460317
0.955952380952381
0.8543650793650793
0.8857142857142857
0.9119047619047619
0.8115079365079365
0.7968253968253968
0.917063492063492
0.8892857142857142
0.9162698412698412
0.9174603174603174
0.9107142857142857
0.34365079365079365
0.8896825396825396
0.8908730158730159
0.8523809523809524
0.6202380952380953
0.9416666666666667
0.9079365079365079
0.8488095238095238
0.9146825396825397
0.8285714285714286
0.9134920634920635
0.9587301587301588
0.9111111111111111
0.9484126984126984
0.9234126984126985
0.898015873015873
0.794047619047619
0.9007936507936508
0.9396825396825397
0.8253968253968254
0.7710317460317461
0.8916666666666667
0.8226190476190476
0.9095238095238095
0.9555555555555556
0.7904761904761904
0.6916666666666667
0.8793650793650793
0.9265873015873016
0.8142857142857143
0.8940476190476191
0.8976190476190476
0.830952380952381
0.6702380952380952
0.9706349206349206
0.8674603174603175
0.9075396825396825
0.8103174603174603
0.8111111111111111
0.8214285714285714
0.9611111111111111
0.9071428571428571
0.8226190476190476
0.9198412698412698
0.8825396825396825
0.9087301587301587
0.7841269841269841
0.6242063492063492
0.9202380952380952
0.8555555555555555
0.8805555555555555
0.7853174603174603
0.8492063492063492
0.8924603174603175
0.7674603174603175
0.8099206349206349
0.7611111111111111
0.7273809523809524
0.7583333333333333
0.9051587301587302
0.8765873015873016
0.7706349206349207
0.803968253968254
0.7968253968253968
0.8853174603174603
0.8365079365079365
0.875
0.7623015873015873
0.8809523809523809
0.3333333333333333
0.8873015873015873
0.9130952380952381
0.775
0.8047619047619048
0.9126984126984127
0.8448412698412698
0.6567460317460317
0.846031746031746
0.9638888888888889
0.707936507936508
0.8047619047619048
0.8456349206349206
0.7976190476190477
0.8476190476190476
0.8611111111111112
0.8134920634920635
0.8972222222222223
0.7634920634920634
0.9166666666666666
0.7753968253968254
0.8091269841269841
0.33174603174603173
0.7984126984126985
0.8686507936507937
0.8448412698412698
0.7496031746031746
0.7904761904761904
0.9047619047619048
0.8904761904761904
0.8547619047619047
0.821031746031746
0.8273809523809523
0.7472222222222222
0.8853174603174603
0.903968253968254
0.8539682539682539
0.9234126984126985
0.8702380952380953
0.9166666666666666
0.807936507936508
0.888095238095238
0.7107142857142857
0.9277777777777778
0.8277777777777777
0.8777777777777778
0.8400793650793651
0.7615079365079365
0.35634920634920636
0.8150793650793651
0.7416666666666667
0.8523809523809524
0.7527777777777778
0.7857142857142857
0.8527777777777777
0.8626984126984127
0.8488095238095238
0.8563492063492063
0.9281746031746032
0.8527777777777777
0.8503968253968254
0.9162698412698412
0.7916666666666666
0.8976190476190476
0.9091269841269841
0.7785714285714286
0.9111111111111111
0.7980158730158731
0.736904761904762
0.8523809523809524
0.8222222222222222
0.8801587301587301
0.8865079365079365
0.9408730158730159
0.7341269841269841
0.8623015873015873
0.8527777777777777
0.7718253968253969
0.8734126984126984
0.9230158730158731
0.8952380952380953
0.9436507936507936
0.8805555555555555
0.8301587301587302
0.8535714285714285
0.7944444444444444
0.8265873015873015
0.8924603174603175
0.7638888888888888
0.930952380952381
0.8380952380952381
0.9293650793650794
0.8031746031746032
0.9130952380952381
0.8678571428571429
0.32896825396825397
0.7984126984126985
0.8674603174603175
0.7670634920634921
0.8579365079365079
0.8876984126984127
0.8575396825396825
0.8253968253968254
0.8920634920634921
0.8603174603174604
0.8123015873015873
0.832936507936508
0.3337301587301587
0.7988095238095239
0.8305555555555556
0.932936507936508
0.8992063492063492
0.753968253968254
0.9115079365079365
0.9079365079365079
0.9023809523809524
0.7801587301587302
0.9535714285714286
0.6630952380952381
0.8936507936507937
0.8972222222222223
0.9242063492063493
0.9095238095238095
0.8722222222222222
0.7801587301587302
0.776984126984127
0.9222222222222223
0.8563492063492063
0.932936507936508
0.7158730158730159
0.3496031746031746
0.7567460317460317
0.8503968253968254
0.9075396825396825
0.8666666666666667
0.7595238095238095
0.9234126984126985
0.8865079365079365
0.95
0.7380952380952381
0.8988095238095238
0.7503968253968254
0.8563492063492063
0.5468253968253968
0.8273809523809523
0.8496031746031746
0.8960317460317461
0.8083333333333333
0.8166666666666667
0.8432539682539683
0.9301587301587302
0.9226190476190477
0.9027777777777778
0.8055555555555556
0.9428571428571428
0.7670634920634921
0.8936507936507937
0.6726190476190477
0.7956349206349206
0.8222222222222222
0.8400793650793651
0.7603174603174603
0.7464285714285714
0.905952380952381
0.8071428571428572
0.9376984126984127
0.9436507936507936
0.9202380952380952
0.8845238095238095
0.8186507936507936
0.807936507936508
0.7567460317460317
0.8202380952380952
0.37182539682539684
0.751984126984127
0.7718253968253969
0.8238095238095238
0.9376984126984127
0.8944444444444445
0.861904761904762
0.9503968253968254
0.7603174603174603
0.817063492063492
0.9261904761904762
0.9142857142857143
0.828968253968254
0.9277777777777778
0.6817460317460318
0.9063492063492063
0.7916666666666666
0.7146825396825397
0.8658730158730159
0.861904761904762
0.8539682539682539
0.8996031746031746
0.9154761904761904
0.7563492063492063
0.7785714285714286
0.8896825396825396
0.00753968253968254
0.8841269841269841
0.8301587301587302
0.8611111111111112
0.8873015873015873
0.7293650793650793
0.9416666666666667
0.9051587301587302
0.8432539682539683
0.8873015873015873
0.8785714285714286
0.8575396825396825
0.8154761904761905
0.9099206349206349
0.8178571428571428
0.8682539682539683
0.8206349206349206
0.8888888888888888
0.7555555555555555
0.7563492063492063
0.7527777777777778
0.8051587301587302
0.8567460317460317
0.9222222222222223
0.8384920634920635
0.796031746031746
0.8476190476190476
0.8146825396825397
0.8591269841269841
0.9253968253968254
0.890079365079365
0.9424603174603174
0.7281746031746031
0.8587301587301587
0.7646825396825396
0.8734126984126984
0.8031746031746032
0.8055555555555556
0.8833333333333333
0.9162698412698412
0.8138888888888889
0.8809523809523809
0.9408730158730159
0.8801587301587301
0.8920634920634921
0.921031746031746
