0.8050951503990178
0.8465316144874155
0.8146101903007981
0.7630448127685697
0.7885205647636587
0.7799263351749539
0.5739717618170657
0.7562922038060159
0.8038674033149171
0.8898096992019644
0.8627992633517495
0.6503990178023327
0.6114180478821363
0.7234499693063229
0.7111724984653162
0.6160220994475138
0.8959484346224678
0.787292817679558
0.7655003069367711
0.6132596685082873
0.7234499693063229
0.8167587476979742
0.6123388581952118
0.8017188459177409
0.8480662983425414
0.7108655616942909
0.9027010435850215
0.7323511356660528
0.7955801104972375
0.8806015960712094
0.7961939840392879
0.7633517495395948
0.7808471454880295
0.7068753836709638
0.694597912829957
0.8643339472068754
0.7685696746470227
0.7615101289134438
0.8677102516881522
0.6589932473910375
0.8919582565991406
0.8778391651319828
0.8646408839779005
0.7206875383670964
0.8173726212400245
0.8922651933701657
0.7667280540208717
0.8901166359729895
0.6586863106200123
0.7314303253529773
0.6304481276856968
0.7117863720073665
0.7430939226519337
0.7102516881522406
0.7747084100675261
0.8262737875997545
0.8701657458563536
0.7866789441375077
0.7958870472682628
0.7710251688152241
0.6942909760589319
0.5297728667894414
0.6872314303253529
0.7624309392265194
0.7722529158993248
0.8934929404542664
0.5675260896255372
0.7713321055862492
0.8649478207489257
0.4398403928790669
0.8830570902394107
0.8284223449969307
0.7041129527317372
0.6387354205033763
0.6967464702271332
0.7467771639042358
0.8305709023941068
0.903621853898097
0.6359729895641498
0.6543891958256599
0.7136279926335175
0.9171270718232044
0.6666666666666666
0.8486801718845918
0.9085328422344997
0.7925107427869859
0.7243707796193984
0.6651319828115408
0.665438919582566
0.8937998772252916
0.7323511356660528
0.5758133824432167
0.8143032535297728
0.8121546961325967
0.7590546347452425
0.7203806015960712
0.7314303253529773
0.9238796807857581
0.9097605893186004
0.6829343155310006
0.8225905463474524
0.6507059545733579
0.8551258440761204
0.7268262737875998
0.7529158993247391
0.6995089011663598
0.8864333947206875
0.9355432780847146
0.787292817679558
0.6365868631062002
0.7897483118477594
0.7059545733578882
0.8987108655616943
0.7731737262124002
0.6279926335174953
0.8505217925107428
0.785451197053407
0.7329650092081031
0.7713321055862492
0.805402087170043
0.6574585635359116
0.6384284837323512
0.49263351749539597
0.7406384284837324
0.7480049109883364
0.6774094536525476
0.7888275015346838
0.8069367710251688
0.8351749539594844
0.7016574585635359
0.6187845303867403
0.783609576427256
0.9155923879680786
0.6906077348066298
0.8155310006138735
0.7615101289134438
0.8143032535297728
0.5156537753222836
0.7888275015346838
0.8207489257213014
0.7811540822590546
0.8437691835481891
0.8069367710251688
0.7995702885205648
0.919889502762431
0.5432780847145487
0.8032535297728668
0.7894413750767342
0.8974831184775937
0.7768569674647022
0.7329650092081031
0.8468385512584408
0.7473910374462861
0.883670963781461
0.7894413750767342
0.6476365868631062
0.6583793738489871
0.6949048496009822
0.8624923265807244
0.6639042357274402
0.7283609576427256
0.7449355432780848
0.5392879066912216
0.7117863720073665
0.8001841620626151
0.5337630448127686
0.9192756292203806
0.7667280540208717
0.7206875383670964
0.001534683855125844
0.8520564763658687
0.6697360343769183
0.7848373235113567
0.7050337630448128
0.903621853898097
0.7384898710865562
0.9376918354818907
0.7759361571516268
0.8007980356046654
0.712707182320442
0.8569674647022714
0.8351749539594844
0.7213014119091468
0.7403314917127072
0.7569060773480663
0.8250460405156538
0.692756292203806
0.7814610190300798
0.8947206875383671
0.6835481890730509
0.694597912829957
0.9432166973603437
0.894413750767342
0.830877839165132
0.8050951503990178
0.6783302639656231
0.7219152854511971
0.6507059545733579
0.7676488643339472
0.7495395948434622
0.4518109269490485
0.7516881522406385
0.7262124002455494
0.7274401473296501
0.7814610190300798
0.7955801104972375
0.916206261510129
0.8434622467771639
0.7222222222222222
0.5899324739103745
0.6967464702271332
0.8106200122774708
0.6605279312461633
0.7793124616329036
0.8867403314917127
0.9079189686924494
0.621853898096992
0.927255985267035
0.6992019643953346
0.8038674033149171
0.9257213014119091
0.7443216697360344
0.7716390423572744
0.8471454880294659
0.7897483118477594
0.6104972375690608
0.6893799877225292
0.8001841620626151
0.4686924493554328
0.6442602823818293
0.4923265807243708
0.7636586863106201
0.7630448127685697
0.7225291589932474
0.8075506445672191
0.856353591160221
0.8017188459177409
0.6813996316758748
0.67280540208717
0.8333333333333334
0.6780233271945979
0.6949048496009822
0.8084714548802947
0.879987722529159
0.7897483118477594
0.7295887047268262
0.7648864333947207
0.7053406998158379
0.5874769797421732
0.7599754450583179
0.5319214241866176
0.8959484346224678
0.7252915899324739
0.6906077348066298
0.8075506445672191
0.8548189073050951
0.8677102516881522
0.7498465316144874
0.5724370779619399
0.8354818907305095
0.649171270718232
0.7111724984653162
0.6829343155310006
0.8035604665438919
0.596378146101903
0.6571516267648865
0.7980356046654389
0.7154696132596685
0.6243093922651933
0.565377532228361
0.7461632903621854
0.6104972375690608
0.8895027624309392
0.8956414978514426
0.8882750153468385
0.694597912829957
0.9174340085942296
0.6924493554327809
0.7252915899324739
0.670963781461019
0.7879066912216084
0.7713321055862492
0.885512584407612
0.7983425414364641
0.7194597912829958
0.8453038674033149
0.9561080417434008
0.8532842234499693
0.7682627378759975
0.8324125230202578
0.8474524248004911
0.43247391037446287
0.8001841620626151
0.8186003683241252
0.8922651933701657
0.7295887047268262
0.7206875383670964
0.7209944751381215
0.8971761817065684
0.7056476365868631
0.7016574585635359
0.7136279926335175
0.6307550644567219
0.7900552486187845
0.5095150399017803
0.7891344383057091
0.7434008594229589
0.7314303253529773
0.5009208103130756
0.8594229588704727
0.7394106813996317
0.47206875383670965
0.6774094536525476
0.6614487415592388
0.7292817679558011
0.8336402701043585
0.9631675874769797
0.6657458563535912
0.7090239410681399
0.903621853898097
0.6295273173726212
0.6663597298956415
0.6178637200736649
0.8603437691835482
0.7179251074278699
0.6522406384284838
0.6310620012277471
0.7750153468385512
0.638121546961326
0.6869244935543278
0.7415592387968079
0.6976672805402088
0.7188459177409454
0.8631062001227747
0.7209944751381215
0.8922651933701657
0.8953345610804174
0.8354818907305095
0.7124002455494168
0.8775322283609577
0.8035604665438919
0.8888888888888888
0.7639656230816452
0.8410067526089625
0.692756292203806
0.7765500306936771
0.6040515653775322
0.8907305095150398
0.6875383670963782
0.7295887047268262
0.6761817065684469
0.8360957642725598
0.8232044198895028
0.8704726826273788
0.7906691221608348
0.7526089625537139
0.38950276243093923
0.9241866175567833
0.5788827501534684
0.7968078575813382
0.6559238796807858
0.7025782688766115
0.7283609576427256
0.6771025168815225
0.4643953345610804
0.8133824432166974
0.8173726212400245
0.7915899324739104
0.7050337630448128
0.9005524861878453
0.852670349907919
0.7440147329650092
0.7694904849600982
0.8314917127071824
0.7968078575813382
0.5696746470227133
0.9287906691221608
0.47575199508901167
0.8127685696746471
0.8020257826887661
0.832719459791283
0.6675874769797422
0.8612645794966237
0.9324739103744628
0.8937998772252916
0.8624923265807244
0.923572744014733
0.7655003069367711
0.5260896255371393
0.8017188459177409
0.6497851442602823
0.8462246777163904
0.8848987108655617
0.5675260896255372
0.8330263965623081
0.7541436464088398
0.7550644567219152
0.7034990791896869
0.832719459791283
0.7793124616329036
0.4858809085328422
0.8262737875997545
0.4020871700429711
0.6593001841620626
0.5303867403314917
0.6930632289748312
0.7467771639042358
0.6405770411295273
0.7550644567219152
0.8440761203192142
0.8710865561694291
0.8339472068753837
0.7786985880908532
0.7596685082872928
0.4165131982811541
0.6786372007366482
0.7139349294045426
0.7814610190300798
0.7305095150399018
0.8769183548189073
0.6632903621853898
0.514426028238183
0.848987108655617
0.7608962553713935
0.8173726212400245
0.9229588704726827
0.6697360343769183
0.6893799877225292
0.7734806629834254
0.7028852056476366
0.8314917127071824
0.7682627378759975
0.7114794352363413
0.7679558011049724
0.7243707796193984
0.8385512584407612
0.7483118477593615
0.7900552486187845
0.9300184162062615
0.669122160834868
0.7541436464088398
0.9128299570288521
0.8299570288520565
0.9214241866175568
0.7697974217311234
0.7826887661141805
0.8492940454266421
0.9321669736034377
0.7885205647636587
0.7799263351749539
0.8394720687538367
0.8756906077348067
0.7651933701657458
0.7305095150399018
0.7139349294045426
0.6685082872928176
0.8314917127071824
0.8680171884591774
0.7734806629834254
0.7627378759975445
0.6341313689379988
0.6675874769797422
0.7673419275629221
0.7044198895027625
0.7569060773480663
0.474524248004911
0.6184775936157152
0.9069981583793738
0.8032535297728668
0.6160220994475138
0.7344996930632289
0.6869244935543278
0.7642725598526704
0.7915899324739104
0.8066298342541437
0.7569060773480663
0.7612031921424187
0.9211172498465316
0.870779619398404
0.9530386740331491
0.7219152854511971
0.8100061387354205
0.8182934315531001
0.5966850828729282
0.7833026396562308
0.7056476365868631
0.8569674647022714
0.8173726212400245
0.8496009821976673
0.7038060159607121
0.41282995702885206
0.4923265807243708
0.6135666052793125
0.670963781461019
0.6648250460405156
0.45150399017802334
0.6955187231430325
0.6847759361571516
0.7728667894413751
0.9106813996316758
0.8069367710251688
0.5733578882750153
0.6992019643953346
0.8139963167587477
0.7289748311847759
0.916206261510129
0.7397176181706568
0.6771025168815225
0.8014119091467158
0.7096378146101903
0.8330263965623081
0.7682627378759975
0.6740331491712708
0.8950276243093923
0.7378759975445058
0.8934929404542664
0.7946593001841621
0.8572744014732965
0.4125230202578269
0.7553713934929405
0.6992019643953346
0.8548189073050951
0.830877839165132
0.8664825046040515
0.7437077961939841
0.4717618170656845
0.7182320441988951
0.7016574585635359
0.7265193370165746
0.8299570288520565
0.6767955801104972
0.6958256599140578
0.7989564149785144
0.7071823204419889
0.8057090239410681
0.665438919582566
0.8677102516881522
0.6835481890730509
0.7747084100675261
0.7903621853898097
0.7222222222222222
0.8496009821976673
0.5687538367096379
0.7375690607734806
0.6826273787599755
0.5319214241866176
0.6117249846531615
0.8397790055248618
0.7354205033763045
0.7354205033763045
0.7731737262124002
0.8959484346224678
0.9106813996316758
0.4487415592387968
0.6789441375076735
0.7547575199508901
0.5960712093308779
0.9085328422344997
0.7182320441988951
0.8465316144874155
0.8505217925107428
0.7682627378759975
0.7783916513198281
0.7050337630448128
0.8750767341927563
0.9033149171270718
0.7931246163290362
0.8993247391037447
0.870779619398404
0.7289748311847759
0.7885205647636587
0.694597912829957
0.8121546961325967
0.8047882136279927
0.7443216697360344
0.8210558624923265
0.5113566605279313
0.7470841006752609
0.9039287906691221
0.7974217311233885
0.878146101903008
0.8370165745856354
0.8189073050951504
0.8585021485573971
0.7136279926335175
0.9014732965009208
0.6516267648864333
0.536525475751995
0.6543891958256599
0.6863106200122775
0.8661755678330264
0.7829957028852057
0.6307550644567219
0.7845303867403315
0.5098219766728054
0.7903621853898097
0.7897483118477594
0.7338858195211786
0.6903007980356046
0.8483732351135667
0.8419275629220381
0.6028238182934316
0.8247391037446286
0.7882136279926335
0.6749539594843462
0.8738489871086557
0.5887047268262738
0.7694904849600982
0.8575813382443217
0.9063842848373235
0.8821362799263351
0.9057704112952731
0.8729281767955801
0.8701657458563536
0.7213014119091468
0.7952731737262124
0.7523020257826888
0.7289748311847759
0.6025168815224063
0.8284223449969307
0.7965009208103131
0.8480662983425414
0.7302025782688766
0.6461019030079803
0.570902394106814
0.6009821976672806
0.9211172498465316
0.8431553100061387
0.7612031921424187
0.809085328422345
0.8802946593001841
0.7955801104972375
0.8167587476979742
0.8342541436464088
0.9576427255985267
0.7443216697360344
0.8750767341927563
0.6952117863720073
0.669122160834868
0.8876611418047882
0.7655003069367711
0.7701043585021485
0.8910374462860651
0.8219766728054021
0.8360957642725598
0.7246777163904236
0.7633517495395948
0.8020257826887661
0.8026396562308165
0.6648250460405156
0.8004910988336402
0.8397790055248618
0.6798649478207489
0.8987108655616943
0.550951503990178
0.6829343155310006
0.901780233271946
0.8520564763658687
0.6467157765500307
0.8572744014732965
0.7697974217311234
0.7931246163290362
0.6497851442602823
0.6774094536525476
0.09821976672805402
0.9573357888275016
0.7704112952731738
0.6847759361571516
0.8373235113566605
0.7608962553713935
0.8250460405156538
0.8262737875997545
0.7974217311233885
0.7633517495395948
0.6307550644567219
0.5874769797421732
0.9232658072437078
0.7685696746470227
0.8413136893799877
0.7977286678944138
0.670963781461019
0.8158379373848987
0.6764886433394721
0.7194597912829958
0.7151626764886433
0.7461632903621854
0.861878453038674
0.7203806015960712
0.7943523634131369
0.7596685082872928
0.641804788213628
0.7403314917127072
0.7744014732965009
0.6918354818907305
0.6970534069981584
0.6503990178023327
0.6528545119705341
0.7351135666052793
0.7332719459791283
0.785451197053407
0.8732351135666053
0.7065684468999386
0.8213627992633518
0.6553100061387355
0.7863720073664825
0.7434008594229589
0.8391651319828115
0.8898096992019644
0.6276856967464702
0.7697974217311234
0.7934315531000614
0.9478207489257213
0.6967464702271332
0.5445058317986495
0.545426642111725
0.8569674647022714
0.7157765500306936
0.8717004297114794
0.7105586249232658
0.42142418661755676
0.6408839779005525
0.8026396562308165
0.8775322283609577
0.8437691835481891
0.8928790669122161
0.7826887661141805
0.8465316144874155
0.7578268876611418
0.5742786985880909
0.7200736648250461
0.3984039287906691
0.7507673419275629
0.7679558011049724
0.7182320441988951
0.6678944137507673
0.8784530386740331
0.6350521792510743
0.7912829957028852
0.4849600982197667
0.9027010435850215
0.8627992633517495
0.870779619398404
0.7949662369551872
0.8661755678330264
0.7096378146101903
0.7357274401473296
0.8756906077348067
0.6427255985267035
0.5598526703499079
0.6860036832412523
0.6553100061387355
0.7796193984039288
0.8416206261510129
0.7087170042971148
0.7084100675260896
0.6958256599140578
0.7977286678944138
0.7139349294045426
0.6467157765500307
0.8772252915899325
0.494475138121547
0.8149171270718232
0.7630448127685697
0.7384898710865562
0.7366482504604052
0.8287292817679558
0.7679558011049724
0.7740945365254758
0.46193984039287905
0.6964395334561081
0.8649478207489257
0.8609576427255985
0.7651933701657458
0.8026396562308165
0.46500920810313073
0.9149785144260283
0.7688766114180479
0.7090239410681399
0.901780233271946
0.883670963781461
0.639963167587477
0.7949662369551872
0.6645181092694905
0.7599754450583179
0.8069367710251688
0.7222222222222222
0.6642111724984653
0.7501534683855126
0.7034990791896869
0.7427869858809085
0.651012891344383
0.690914671577655
0.8941068139963168
0.7912829957028852
0.7826887661141805
0.9183548189073051
0.7535297728667895
0.8830570902394107
0.6798649478207489
0.8403928790669122
0.7412523020257827
0.7513812154696132
0.7633517495395948
0.5245549416820136
0.8121546961325967
0.7811540822590546
0.525475751995089
0.6522406384284838
0.8735420503376304
0.8324125230202578
0.7670349907918969
0.7421731123388582
0.42602823818293434
0.8287292817679558
0.5448127685696746
0.8830570902394107
0.8928790669122161
0.6881522406384285
0.8492940454266421
0.7114794352363413
0.7651933701657458
0.6043585021485574
0.7612031921424187
0.6516267648864333
0.7053406998158379
0.5936157151626765
0.7750153468385512
0.8428483732351135
0.7084100675260896
0.9119091467157765
0.7802332719459791
0.879987722529159
0.7096378146101903
0.8044812768569675
0.5751995089011663
0.7879066912216084
0.6368937998772253
0.8222836095764272
0.7317372621240025
0.7765500306936771
0.7977286678944138
0.5392879066912216
0.7200736648250461
0.6365868631062002
0.7894413750767342
0.8017188459177409
0.612645794966237
0.42050337630448126
0.8268876611418048
0.8311847759361571
0.7495395948434622
0.6329036218538981
0.7283609576427256
0.7369551872314303
0.8606507059545734
0.4653161448741559
0.6669736034376919
0.7562922038060159
0.5730509515039902
0.505524861878453
0.8195211786372008
0.7031921424186618
0.6553100061387355
0.8198281154082259
0.6807857581338245
0.8370165745856354
0.8078575813382444
0.7182320441988951
0.6985880908532842
0.7305095150399018
0.8179864947820749
0.82719459791283
0.7980356046654389
0.8216697360343769
0.7682627378759975
0.8296500920810314
0.5834868017188459
0.7191528545119705
0.785451197053407
0.7737875997544506
0.8044812768569675
0.8336402701043585
0.7329650092081031
0.7553713934929405
0.8394720687538367
0.6316758747697975
0.7559852670349908
0.6252302025782689
0.7213014119091468
0.9030079803560467
0.7655003069367711
0.8416206261510129
0.7443216697360344
0.9278698588090853
0.6396562308164518
0.943523634131369
0.885512584407612
0.8609576427255985
0.8023327194597912
0.7467771639042358
0.8222836095764272
0.7344996930632289
0.6215469613259669
0.7093308778391652
0.6933701657458563
0.6553100061387355
0.7286678944137508
0.8864333947206875
0.8195211786372008
0.8867403314917127
0.8241252302025782
0.6562308164518109
0.616329036218539
0.8041743400859422
0.7839165131982812
0.651012891344383
0.8538980969920197
0.6995089011663598
0.4165131982811541
0.6433394720687539
0.6906077348066298
0.6421117249846532
0.6792510742786986
0.7341927562922038
0.7283609576427256
0.8529772866789441
0.7197667280540209
0.7188459177409454
0.7354205033763045
0.6939840392879066
0.8861264579496624
0.7673419275629221
0.8275015346838551
0.7154696132596685
0.6617556783302639
0.8225905463474524
0.7179251074278699
0.8459177409453652
0.7630448127685697
0.6924493554327809
0.9011663597298957
0.7084100675260896
0.8143032535297728
0.6810926949048496
0.7412523020257827
0.861878453038674
0.874462860650706
0.8167587476979742
0.7928176795580111
0.7461632903621854
0.7599754450583179
0.7176181706568447
0.8953345610804174
0.5957642725598526
0.7323511356660528
0.6942909760589319
0.6169429097605893
0.9340085942295887
0.5589318600368324
0.6546961325966851
0.539901780233272
0.7326580724370779
0.6550030693677102
0.6546961325966851
0.7311233885819521
0.872621240024555
0.8677102516881522
0.7486187845303868
0.9082259054634745
0.6792510742786986
0.8535911602209945
0.8256599140577041
0.7111724984653162
0.5960712093308779
0.8139963167587477
0.7584407612031921
0.7489257213014119
0.560159607120933
0.7928176795580111
0.8950276243093923
0.8947206875383671
0.6522406384284838
0.7977286678944138
0.9079189686924494
0.598219766728054
0.8026396562308165
0.7412523020257827
0.8569674647022714
0.783609576427256
0.7412523020257827
0.8931860036832413
0.7384898710865562
0.8901166359729895
0.8692449355432781
0.7833026396562308
0.6620626151012892
0.7363413136893799
0.7906691221608348
0.5033763044812769
0.6461019030079803
0.7001227747084101
0.7734806629834254
0.903621853898097
0.8155310006138735
0.7335788827501535
0.8496009821976673
0.7667280540208717
0.761817065684469
0.6918354818907305
0.8747697974217311
0.7955801104972375
0.5598526703499079
0.7308164518109269
0.7360343769183548
0.7882136279926335
0.878146101903008
0.9051565377532228
0.6912216083486802
0.8984039287906691
0.8937998772252916
0.8410067526089625
0.6062001227747084
0.8023327194597912
0.8293431553100061
0.8232044198895028
0.6967464702271332
0.7790055248618785
0.7661141804788214
0.6912216083486802
0.8959484346224678
0.7765500306936771
0.6209330877839165
0.639963167587477
0.5006138735420503
0.647329650092081
0.7848373235113567
0.6304481276856968
0.7277470841006752
0.7200736648250461
0.7139349294045426
0.8342541436464088
0.7737875997544506
0.7971147943523634
0.7338858195211786
0.6623695518723143
0.7265193370165746
0.7277470841006752
0.7259054634745242
0.9333947206875384
0.7240638428483732
0.7449355432780848
0.870779619398404
0.6319828115408226
0.7185389809699202
0.7154696132596685
0.7734806629834254
0.8542050337630448
0.6992019643953346
0.7440147329650092
0.8882750153468385
0.8195211786372008
0.7467771639042358
0.7639656230816452
0.7658072437077962
0.8075506445672191
0.8658686310620012
0.5739717618170657
0.8465316144874155
0.6445672191528545
0.6832412523020258
0.6114180478821363
0.7885205647636587
0.6675874769797422
0.7504604051565378
0.24248004910988336
0.6648250460405156
0.7986494782074892
0.7636586863106201
0.7483118477593615
0.8511356660527931
0.9069981583793738
0.7510742786985881
0.860036832412523
0.8047882136279927
0.7719459791282995
0.8710865561694291
0.8118477593615715
0.7725598526703499
0.6322897483118478
0.8876611418047882
0.7191528545119705
0.6660527931246163
0.829036218538981
0.7796193984039288
0.8931860036832413
0.7074892572130141
0.8993247391037447
0.7655003069367711
0.5561694290976059
0.7783916513198281
0.7639656230816452
0.8182934315531001
0.810926949048496
0.7415592387968079
0.67280540208717
0.8704726826273788
0.8305709023941068
0.9011663597298957
0.8965623081645181
0.8965623081645181
0.8385512584407612
0.7341927562922038
0.8692449355432781
0.883670963781461
0.7885205647636587
0.6660527931246163
0.5426642111724984
0.7556783302639656
0.6525475751995089
0.8425414364640884
0.7980356046654389
0.7679558011049724
0.5979128299570289
0.8959484346224678
0.7320441988950276
0.7722529158993248
0.8772252915899325
0.6445672191528545
0.7977286678944138
0.6562308164518109
0.7820748925721301
0.7108655616942909
0.08717004297114794
0.7532228360957642
0.6224677716390423
0.7019643953345611
0.7651933701657458
0.832719459791283
0.7151626764886433
0.6642111724984653
0.8753836709637814
0.639963167587477
0.6482504604051565
0.7081031307550645
0.7931246163290362
0.5905463474524248
0.7194597912829958
0.7501534683855126
0.7670349907918969
0.7013505217925108
0.7418661755678331
0.7274401473296501
0.8391651319828115
0.7918968692449355
0.625537139349294
0.8523634131368938
0.5534069981583793
0.939840392879067
0.5930018416206262
0.2826887661141805
0.7713321055862492
0.48250460405156537
0.580110497237569
0.6086556169429097
0.6906077348066298
0.8833640270104358
0.8241252302025782
0.6464088397790055
0.8809085328422345
0.8861264579496624
0.7952731737262124
0.6813996316758748
0.7108655616942909
0.625537139349294
0.8161448741559238
0.7114794352363413
0.7108655616942909
0.6626764886433395
0.8333333333333334
0.7062615101289135
0.8449969306322898
0.7504604051565378
0.6543891958256599
0.6942909760589319
0.7912829957028852
0.7747084100675261
0.8011049723756906
0.6390423572744015
0.8566605279312461
0.7513812154696132
0.9082259054634745
0.7151626764886433
0.7510742786985881
0.7722529158993248
0.6795580110497238
0.6258440761203192
0.8987108655616943
0.4772866789441375
0.8296500920810314
0.7332719459791283
0.6246163290362186
0.649171270718232
0.8870472682627378
0.8103130755064457
0.6350521792510743
0.6915285451197053
0.7664211172498465
0.5721301411909147
0.8646408839779005
0.8385512584407612
0.8020257826887661
0.783609576427256
0.6540822590546348
0.7458563535911602
0.7160834868017188
0.6712707182320442
0.7995702885205648
0.7022713321055862
0.7615101289134438
0.7274401473296501
0.8741559238796808
0.7455494168201351
0.7173112338858195
0.887354205033763
0.7298956414978515
0.6786372007366482
0.6289134438305709
0.7826887661141805
0.7725598526703499
0.7756292203806016
0.35267034990791896
0.7010435850214856
0.7547575199508901
0.7697974217311234
0.7550644567219152
0.7562922038060159
0.7624309392265194
0.7946593001841621
0.7513812154696132
0.6583793738489871
0.6028238182934316
0.6368937998772253
0.7111724984653162
0.7160834868017188
0.7556783302639656
0.7062615101289135
0.7894413750767342
0.7056476365868631
0.8723143032535298
0.82719459791283
0.7504604051565378
0.7989564149785144
0.8499079189686924
0.6193984039287906
0.7707182320441989
0.7940454266421118
0.8652547575199508
0.8919582565991406
0.925414364640884
0.8084714548802947
0.8827501534683855
0.7744014732965009
0.8370165745856354
0.7676488643339472
0.7722529158993248
0.7044198895027625
0.7879066912216084
0.898096992019644
0.501841620626151
0.7793124616329036
0.8971761817065684
0.7415592387968079
0.8486801718845918
0.7829957028852057
0.8827501534683855
0.7344996930632289
0.7955801104972375
0.9140577041129527
0.7265193370165746
0.6758747697974218
0.8790669122160835
0.6543891958256599
0.665438919582566
0.7535297728667895
0.7495395948434622
0.8081645181092695
0.887354205033763
0.8569674647022714
0.7786985880908532
0.7888275015346838
0.7406384284837324
0.8403928790669122
0.7679558011049724
0.8023327194597912
0.8882750153468385
0.6448741559238796
0.8293431553100061
0.8004910988336402
0.8947206875383671
0.7833026396562308
0.7866789441375077
0.8333333333333334
0.9008594229588704
0.7492326580724371
0.8520564763658687
0.7737875997544506
0.7022713321055862
0.7240638428483732
0.8603437691835482
0.7084100675260896
0.8627992633517495
0.7934315531000614
0.7200736648250461
0.7728667894413751
0.694597912829957
0.9404542664211173
0.7071823204419889
0.7989564149785144
0.8548189073050951
0.7206875383670964
0.7553713934929405
0.7246777163904236
0.7980356046654389
0.7685696746470227
0.7225291589932474
0.45733578882750153
0.7332719459791283
0.7547575199508901
0.8529772866789441
0.7440147329650092
0.6737262124002455
0.4736034376918355
0.8127685696746471
0.8778391651319828
0.8155310006138735
0.7096378146101903
0.6988950276243094
0.8302639656230817
0.690914671577655
0.576427255985267
0.899938612645795
0.5755064456721916
0.7354205033763045
0.7544505831798649
0.8244321669736034
0.3707796193984039
0.8339472068753837
0.7019643953345611
0.8870472682627378
0.8244321669736034
0.8477593615715162
0.8615715162676488
0.8916513198281154
0.9020871700429711
0.8453038674033149
0.6801718845917741
0.67280540208717
0.850828729281768
0.6958256599140578
0.7022713321055862
0.9386126457949663
0.667280540208717
0.6952117863720073
0.7556783302639656
0.7845303867403315
0.8124616329036218
0.8084714548802947
0.8891958256599141
0.6405770411295273
0.8809085328422345
0.8023327194597912
0.7240638428483732
0.7406384284837324
0.7894413750767342
0.7081031307550645
0.896255371393493
0.7375690607734806
0.7434008594229589
0.6448741559238796
0.7087170042971148
0.6571516267648865
0.7747084100675261
0.6807857581338245
0.7283609576427256
0.8121546961325967
0.6197053406998159
0.4020871700429711
0.7329650092081031
0.9079189686924494
0.521792510742787
0.8357888275015347
0.7688766114180479
0.7087170042971148
0.7154696132596685
0.562001227747084
0.8084714548802947
0.85451197053407
0.7047268262737876
0.8348680171884592
0.8907305095150398
0.6853898096992019
0.8941068139963168
0.7338858195211786
0.7716390423572744
0.7047268262737876
0.7219152854511971
0.6295273173726212
0.8523634131368938
0.572744014732965
0.8624923265807244
0.7298956414978515
0.8182934315531001
0.6810926949048496
0.570902394106814
0.32903621853898096
0.7492326580724371
0.8069367710251688
0.6675874769797422
0.7802332719459791
0.7099447513812155
0.4858809085328422
0.7108655616942909
0.7185389809699202
0.8548189073050951
0.9211172498465316
0.7596685082872928
0.8465316144874155
0.8357888275015347
0.5951503990178023
0.7434008594229589
0.7685696746470227
0.8959484346224678
0.8496009821976673
0.8357888275015347
0.9002455494168201
0.598219766728054
0.6844689993861265
0.9214241866175568
0.921731123388582
0.8977900552486188
0.6866175567833026
0.6988950276243094
0.6875383670963782
0.7071823204419889
0.7971147943523634
0.7274401473296501
0.3984039287906691
0.6556169429097606
0.8839779005524862
0.899938612645795
0.7774708410067526
0.8640270104358502
0.7750153468385512
0.8007980356046654
0.916206261510129
0.6365868631062002
0.7839165131982812
0.8624923265807244
0.7894413750767342
0.7802332719459791
0.6356660527931246
0.8253529772866789
0.7544505831798649
0.6998158379373849
0.5773480662983426
0.9063842848373235
0.783609576427256
0.8591160220994475
0.8468385512584408
0.6721915285451197
0.7777777777777778
0.6160220994475138
0.21608348680171885
0.7277470841006752
0.7335788827501535
0.6841620626151013
0.6878453038674033
0.8821362799263351
0.7283609576427256
0.8910374462860651
0.6608348680171885
0.5420503376304481
0.7305095150399018
0.6955187231430325
0.6786372007366482
0.7004297114794352
0.6546961325966851
0.7845303867403315
0.8041743400859422
0.6500920810313076
0.898096992019644
0.690914671577655
0.6804788213627992
0.008594229588704727
0.6663597298956415
0.7977286678944138
0.7593615715162676
0.6104972375690608
0.787292817679558
0.7538367096378146
0.9189686924493554
0.6651319828115408
0.6706568446899939
0.8585021485573971
0.7820748925721301
0.8677102516881522
0.40607734806629836
0.5095150399017803
0.7348066298342542
0.8047882136279927
0.4736034376918355
0.7777777777777778
0.8772252915899325
0.7842234499693064
0.6703499079189686
0.7928176795580111
0.7572130141190915
0.7096378146101903
0.8913443830570903
0.7762430939226519
0.7041129527317372
0.7682627378759975
0.9502762430939227
0.7728667894413751
0.9066912216083487
0.5696746470227133
0.8096992019643954
0.7375690607734806
0.503683241252302
0.8093922651933702
0.49938612645794966
0.7599754450583179
0.6470227133210559
0.8443830570902394
0.8646408839779005
0.9201964395334561
0.8216697360343769
0.689073050951504
0.8950276243093923
0.872621240024555
0.7943523634131369
0.7704112952731738
0.7875997544505832
0.7434008594229589
0.8759975445058318
0.7624309392265194
0.8004910988336402
0.7188459177409454
0.7965009208103131
0.8680171884591774
0.6832412523020258
0.7249846531614488
0.7971147943523634
0.6961325966850829
0.7489257213014119
0.8400859422958871
0.8627992633517495
0.7894413750767342
0.8910374462860651
0.7209944751381215
0.6589932473910375
0.7707182320441989
0.6062001227747084
0.6104972375690608
0.7869858809085328
0.738182934315531
0.692756292203806
0.8321055862492327
0.9045426642111725
0.7375690607734806
0.7139349294045426
0.7142418661755678
0.6632903621853898
0.7934315531000614
0.8093922651933702
0.9355432780847146
0.6755678330263966
0.7731737262124002
0.9567219152854513
0.7050337630448128
0.7510742786985881
0.6813996316758748
0.03990178023327195
0.8996316758747698
0.9478207489257213
0.7584407612031921
0.6599140577041129
0.7415592387968079
0.7295887047268262
0.42050337630448126
0.5076734192756293
0.8876611418047882
0.7053406998158379
0.8330263965623081
0.6958256599140578
0.8879680785758134
0.8879680785758134
0.603744628606507
0.8950276243093923
0.5662983425414365
0.6939840392879066
0.6439533456108042
0.7747084100675261
0.8093922651933702
0.7888275015346838
0.7682627378759975
0.670963781461019
0.5834868017188459
0.7989564149785144
0.8385512584407612
0.7774708410067526
0.6749539594843462
0.8910374462860651
0.8723143032535298
0.6246163290362186
0.47298956414978516
0.8210558624923265
0.7722529158993248
0.7691835481890731
0.7179251074278699
0.8032535297728668
0.7983425414364641
0.625537139349294
0.44014732965009207
0.8922651933701657
0.7544505831798649
0.5227133210558625
0.8922651933701657
0.7869858809085328
0.8011049723756906
0.9057704112952731
0.7633517495395948
0.558317986494782
0.46378146101903006
0.625537139349294
0.5733578882750153
0.7326580724370779
0.45426642111724985
0.7329650092081031
0.8827501534683855
0.7338858195211786
0.7302025782688766
0.7860650705954574
0.9410681399631676
0.8505217925107428
0.8931860036832413
0.8462246777163904
0.8624923265807244
0.9475138121546961
0.8425414364640884
0.8422344996930632
0.903621853898097
0.7096378146101903
0.48649478207489255
0.7593615715162676
0.8130755064456722
0.7928176795580111
0.7857581338244322
0.7314303253529773
0.8904235727440147
0.8370165745856354
0.7701043585021485
0.7753222836095764
0.8161448741559238
0.8655616942909761
0.7062615101289135
0.7866789441375077
0.7986494782074892
0.903621853898097
0.6574585635359116
0.8311847759361571
0.8934929404542664
0.8643339472068754
0.6620626151012892
0.8127685696746471
0.9192756292203806
0.7719459791282995
0.829036218538981
0.856353591160221
0.7547575199508901
0.8339472068753837
0.7111724984653162
0.5012277470841007
0.6893799877225292
0.7476979742173112
0.8492940454266421
0.7940454266421118
0.8885819521178637
0.7842234499693064
0.7673419275629221
0.7590546347452425
0.8824432166973604
0.7989564149785144
0.7989564149785144
0.6961325966850829
0.8876611418047882
0.8443830570902394
0.9373848987108656
0.7369551872314303
0.7931246163290362
0.7615101289134438
0.8483732351135667
0.8532842234499693
0.5242480049109883
0.8759975445058318
0.8017188459177409
0.7734806629834254
0.5893186003683242
0.8112338858195212
0.4165131982811541
0.8385512584407612
0.7799263351749539
0.7713321055862492
0.6906077348066298
0.954573357888275
0.7434008594229589
0.6329036218538981
0.6669736034376919
0.7314303253529773
0.6160220994475138
0.5957642725598526
0.7762430939226519
0.7025782688766115
0.7271332105586249
0.7937384898710865
0.7081031307550645
0.7974217311233885
0.8367096378146102
0.8446899938612645
0.4960098219766728
0.7179251074278699
0.8477593615715162
0.6992019643953346
0.8824432166973604
0.6872314303253529
0.7013505217925108
0.7323511356660528
0.830877839165132
0.8167587476979742
0.7314303253529773
0.947206875383671
0.6912216083486802
0.8858195211786372
0.8793738489871087
0.6359729895641498
0.7768569674647022
0.6875383670963782
0.7667280540208717
0.7998772252915899
0.8314917127071824
0.6586863106200123
0.8778391651319828
0.9192756292203806
0.7185389809699202
0.7114794352363413
0.7400245549416821
0.8093922651933702
0.6771025168815225
0.7642725598526704
0.8112338858195212
0.7786985880908532
0.8084714548802947
0.2756292203806016
0.6439533456108042
0.8766114180478821
0.7903621853898097
0.7992633517495396
0.7504604051565378
0.7615101289134438
0.8023327194597912
0.7713321055862492
0.7774708410067526
0.6522406384284838
0.7777777777777778
0.8720073664825047
0.6298342541436464
0.7262124002455494
0.7565991405770411
0.7246777163904236
0.8474524248004911
0.8575813382443217
0.8572744014732965
0.7541436464088398
0.8057090239410681
0.8351749539594844
0.7645794966236955
0.8238182934315531
0.8342541436464088
0.7298956414978515
0.567219152854512
0.9340085942295887
0.5190300798035604
0.7783916513198281
0.7909760589318601
0.7298956414978515
0.9195825659914058
0.6396562308164518
0.7507673419275629
0.8624923265807244
0.8842848373235114
0.8158379373848987
0.7569060773480663
0.6967464702271332
0.7667280540208717
0.8296500920810314
0.9214241866175568
0.8578882750153468
0.860036832412523
0.9238796807857581
0.7179251074278699
0.8222836095764272
0.9186617556783303
0.7391037446286065
0.7937384898710865
0.5865561694290976
0.6629834254143646
0.7615101289134438
0.7842234499693064
0.7308164518109269
0.8535911602209945
0.7980356046654389
0.7151626764886433
0.8305709023941068
0.7983425414364641
0.6356660527931246
0.7114794352363413
0.8885819521178637
0.7329650092081031
0.7289748311847759
0.7071823204419889
0.7148557397176182
0.6743400859422959
0.9088397790055248
0.8431553100061387
0.7885205647636587
0.6319828115408226
0.8014119091467158
0.6098833640270105
0.8585021485573971
0.8597298956414978
0.8413136893799877
0.7154696132596685
0.8520564763658687
0.7197667280540209
0.6826273787599755
0.7351135666052793
0.7059545733578882
0.8228974831184775
0.7504604051565378
0.7111724984653162
0.7317372621240025
0.7814610190300798
0.7446286065070595
0.7519950890116636
0.558317986494782
0.7980356046654389
0.7863720073664825
0.7351135666052793
0.5469613259668509
0.8210558624923265
0.9020871700429711
0.6006752608962553
0.8299570288520565
0.4444444444444444
0.7483118477593615
0.807243707796194
0.539901780233272
0.7016574585635359
0.8483732351135667
0.6792510742786986
0.8069367710251688
0.8934929404542664
0.8824432166973604
0.7983425414364641
0.8182934315531001
0.8824432166973604
0.6823204419889503
0.7694904849600982
0.7050337630448128
0.785451197053407
0.7016574585635359
0.7523020257826888
0.6810926949048496
0.6924493554327809
0.8342541436464088
0.7038060159607121
0.8456108041743401
0.8035604665438919
0.7590546347452425
0.7403314917127072
0.9023941068139963
0.8259668508287292
0.887354205033763
0.8121546961325967
0.58195211786372
0.8852056476365868
0.6203192142418662
0.9315531000613874
0.7989564149785144
0.5543278084714549
0.8453038674033149
0.7351135666052793
0.5948434622467772
0.6703499079189686
0.7559852670349908
0.6141804788213628
0.4530386740331492
0.560159607120933
0.7087170042971148
0.8400859422958871
0.7231430325352978
0.8431553100061387
0.8867403314917127
0.6279926335174953
0.6856967464702272
0.6365868631062002
0.6307550644567219
0.8118477593615715
0.8759975445058318
0.7044198895027625
0.7498465316144874
0.8333333333333334
0.8213627992633518
0.8428483732351135
0.7320441988950276
0.7271332105586249
0.6660527931246163
0.7114794352363413
0.6347452424800492
0.4843462246777164
0.7759361571516268
0.7234499693063229
0.6669736034376919
0.7691835481890731
0.8848987108655617
0.8302639656230817
0.783609576427256
0.7602823818293432
0.9097605893186004
0.7756292203806016
0.7651933701657458
0.8324125230202578
0.7682627378759975
0.8219766728054021
0.8904235727440147
0.5131982811540823
0.7774708410067526
0.7464702271332105
0.6571516267648865
0.8035604665438919
0.5085942295887047
0.7688766114180479
0.6903007980356046
0.8747697974217311
0.5196439533456108
0.7805402087170042
0.7351135666052793
0.7338858195211786
0.8112338858195212
0.7713321055862492
0.7366482504604052
0.7624309392265194
0.7584407612031921
0.7811540822590546
0.6697360343769183
0.7894413750767342
0.7262124002455494
0.8210558624923265
0.7513812154696132
0.870779619398404
0.9002455494168201
0.9340085942295887
0.7627378759975445
0.7188459177409454
0.8207489257213014
0.7372621240024555
0.7903621853898097
0.7050337630448128
0.8044812768569675
0.8695518723143032
0.8133824432166974
0.6774094536525476
0.8167587476979742
0.8984039287906691
0.7038060159607121
0.8038674033149171
0.9066912216083487
0.623695518723143
0.6341313689379988
0.8861264579496624
0.7366482504604052
0.7329650092081031
0.9220380601596071
0.7922038060159607
0.8324125230202578
0.8784530386740331
0.6375076734192756
0.6605279312461633
0.9269490484960098
0.8149171270718232
0.7421731123388582
0.6313689379987723
0.6792510742786986
0.6906077348066298
0.8772252915899325
0.8100061387354205
0.6832412523020258
0.8643339472068754
0.8287292817679558
0.8453038674033149
0.6712707182320442
0.6151012891344383
0.8738489871086557
0.6884591774094536
0.8170656844689994
0.7805402087170042
0.8351749539594844
0.8127685696746471
0.6286065070595457
0.7912829957028852
0.6952117863720073
0.6470227133210559
0.44014732965009207
0.8861264579496624
0.6605279312461633
0.7461632903621854
0.7013505217925108
0.7022713321055862
0.8011049723756906
0.8453038674033149
0.8222836095764272
0.861878453038674
0.7900552486187845
0.6703499079189686
0.7578268876611418
0.8155310006138735
0.7434008594229589
0.4766728054020872
0.8661755678330264
0.7335788827501535
0.8425414364640884
0.7931246163290362
0.8302639656230817
0.7225291589932474
0.892572130141191
0.7928176795580111
0.7774708410067526
0.829036218538981
0.7489257213014119
0.7498465316144874
0.05432780847145488
0.5874769797421732
0.8011049723756906
0.7544505831798649
0.7492326580724371
0.9358502148557397
0.8164518109269491
0.8710865561694291
0.9229588704726827
0.8179864947820749
0.8195211786372008
0.8321055862492327
0.91804788213628
0.6586863106200123
0.894413750767342
0.5985267034990792
0.872621240024555
0.7553713934929405
0.8950276243093923
0.7400245549416821
0.7608962553713935
0.8483732351135667
0.892572130141191
0.8204419889502762
0.7682627378759975
0.6688152240638429
0.7713321055862492
0.8603437691835482
0.7974217311233885
0.7099447513812155
0.6761817065684469
0.8278084714548803
0.8259668508287292
0.574585635359116
0.7992633517495396
0.692756292203806
0.7734806629834254
0.7998772252915899
0.8017188459177409
0.7943523634131369
0.5607734806629834
0.6700429711479435
0.9395334561080417
0.8649478207489257
0.8901166359729895
0.850828729281768
0.8704726826273788
0.8591160220994475
0.6801718845917741
0.8176795580110497
0.8057090239410681
0.7977286678944138
0.7903621853898097
0.7621240024554942
0.8333333333333334
0.8827501534683855
0.8787599754450584
0.7139349294045426
0.6310620012277471
0.5972989564149785
0.8170656844689994
0.7050337630448128
0.5844076120319214
0.7909760589318601
0.7869858809085328
0.6203192142418662
0.7179251074278699
0.534683855125844
0.7645794966236955
0.8959484346224678
0.6869244935543278
0.6586863106200123
0.7765500306936771
0.6835481890730509
0.7928176795580111
0.7722529158993248
0.7455494168201351
0.6043585021485574
0.8317986494782075
0.8382443216697361
0.7682627378759975
0.7050337630448128
0.8747697974217311
0.7707182320441989
0.7636586863106201
0.8198281154082259
0.7799263351749539
0.807243707796194
0.6335174953959485
0.7387968078575813
0.7885205647636587
0.6227747084100675
0.5534069981583793
0.6190914671577655
0.7458563535911602
0.6169429097605893
0.48342541436464087
0.6813996316758748
0.7467771639042358
0.7808471454880295
0.6921424186617556
0.712707182320442
0.7701043585021485
0.9165131982811541
0.9505831798649478
0.6804788213627992
0.8557397176181707
0.6804788213627992
0.8474524248004911
0.8339472068753837
0.7093308778391652
0.88182934315531
0.8342541436464088
0.6878453038674033
0.44045426642111724
0.8235113566605279
0.8139963167587477
0.8701657458563536
0.8069367710251688
0.8809085328422345
0.9226519337016574
0.7974217311233885
0.8947206875383671
0.7544505831798649
0.6906077348066298
0.7050337630448128
0.6623695518723143
0.5972989564149785
0.8275015346838551
0.8081645181092695
0.8977900552486188
0.7378759975445058
0.914364640883978
0.5699815837937385
0.7295887047268262
0.5917740945365255
0.870779619398404
0.7602823818293432
0.8228974831184775
0.7084100675260896
0.7817679558011049
0.5478821362799263
0.8821362799263351
0.7114794352363413
0.6559238796807858
0.7608962553713935
0.7839165131982812
0.7124002455494168
0.8235113566605279
0.7559852670349908
0.8403928790669122
0.7409453652547575
0.8139963167587477
0.7955801104972375
0.94536525475752
0.8806015960712094
0.7673419275629221
0.836402701043585
0.7237569060773481
0.8247391037446286
0.8333333333333334
0.5178023327194597
0.9039287906691221
0.7670349907918969
0.8594229588704727
0.7160834868017188
0.7157765500306936
0.8259668508287292
0.6550030693677102
0.8566605279312461
0.8456108041743401
0.8895027624309392
0.7857581338244322
0.6712707182320442
0.6832412523020258
0.7575199508901166
0.7931246163290362
0.919889502762431
0.8210558624923265
0.8824432166973604
0.7906691221608348
0.6427255985267035
0.7516881522406385
0.449048496009822
0.8228974831184775
0.5141190914671577
0.892572130141191
0.8235113566605279
0.7047268262737876
0.8916513198281154
0.496316758747698
0.7363413136893799
0.8084714548802947
0.7176181706568447
0.7875997544505832
0.852670349907919
0.7228360957642725
0.8038674033149171
0.7875997544505832
0.5951503990178023
0.7182320441988951
0.852670349907919
0.7170042971147943
0.7320441988950276
0.7065684468999386
0.8876611418047882
0.8428483732351135
0.5758133824432167
0.5371393492940454
0.449048496009822
0.7894413750767342
0.6639042357274402
0.8014119091467158
0.7120933087783916
0.8483732351135667
0.7728667894413751
0.7317372621240025
0.6500920810313076
0.714548802946593
0.7682627378759975
0.7581338244321669
0.7940454266421118
0.7713321055862492
0.9155923879680786
0.7918968692449355
0.7992633517495396
0.6924493554327809
0.7464702271332105
0.785451197053407
0.8235113566605279
0.7510742786985881
0.7986494782074892
0.7931246163290362
0.8035604665438919
0.7658072437077962
0.7102516881522406
0.8213627992633518
0.8578882750153468
0.9066912216083487
0.8643339472068754
0.8038674033149171
0.892572130141191
0.7237569060773481
0.8569674647022714
0.8284223449969307
0.7338858195211786
0.5847145488029466
0.8557397176181707
0.7394106813996317
0.7786985880908532
0.712707182320442
0.8720073664825047
0.8480662983425414
0.6089625537139349
0.6826273787599755
0.8078575813382444
0.7833026396562308
0.5730509515039902
0.8971761817065684
0.7544505831798649
0.6783302639656231
0.8081645181092695
0.8870472682627378
0.8093922651933702
0.7222222222222222
0.8179864947820749
0.7697974217311234
0.690914671577655
0.6411909146715776
0.6639042357274402
0.7038060159607121
0.8947206875383671
0.7734806629834254
0.9450583179864948
0.8459177409453652
0.7434008594229589
0.9241866175567833
0.7756292203806016
0.8689379987722529
0.8996316758747698
0.8087783916513198
0.8609576427255985
0.7793124616329036
0.7443216697360344
0.9223449969306323
0.7903621853898097
0.5463474524248005
0.6362799263351749
0.7412523020257827
0.8809085328422345
0.67280540208717
0.7977286678944138
0.8950276243093923
0.9076120319214241
0.8403928790669122
0.7458563535911602
0.7182320441988951
0.7581338244321669
0.8186003683241252
0.8615715162676488
0.7719459791282995
0.7900552486187845
0.8910374462860651
0.7501534683855126
0.5586249232658073
0.7903621853898097
0.7848373235113567
0.8112338858195212
0.9275629220380601
0.7971147943523634
0.7786985880908532
0.625537139349294
0.6813996316758748
0.8612645794966237
0.627378759975445
0.5451197053406999
0.7565991405770411
0.6746470227133211
0.6933701657458563
0.7495395948434622
0.9333947206875384
0.7885205647636587
0.8281154082259055
0.8299570288520565
0.8406998158379374
0.8759975445058318
0.8201350521792511
0.7912829957028852
0.4990791896869245
0.834561080417434
0.856353591160221
0.6243093922651933
0.8514426028238183
0.7612031921424187
0.7971147943523634
0.5776550030693677
0.9152854511970534
0.6860036832412523
0.7523020257826888
0.6046654389195826
0.8784530386740331
0.7252915899324739
0.46286065070595456
0.8839779005524862
0.7249846531614488
0.7136279926335175
0.8241252302025782
0.6936771025168815
0.810926949048496
0.6694290976058932
0.6804788213627992
0.7047268262737876
0.7421731123388582
0.6172498465316145
0.9426028238182934
0.8112338858195212
0.7240638428483732
0.536525475751995
0.7943523634131369
0.809085328422345
0.8348680171884592
0.7004297114794352
0.8164518109269491
0.8348680171884592
0.7209944751381215
0.7915899324739104
0.589011663597299
0.6697360343769183
0.7166973603437692
0.8667894413750767
0.8680171884591774
0.647329650092081
0.7311233885819521
0.8081645181092695
0.44106813996316757
0.8898096992019644
0.5976058931860037
0.8096992019643954
0.9146715776550031
0.614487415592388
0.7231430325352978
0.8802946593001841
0.805402087170043
0.7667280540208717
0.7661141804788214
0.8747697974217311
0.2814610190300798
0.7949662369551872
0.7860650705954574
0.7311233885819521
0.8867403314917127
0.7934315531000614
0.7228360957642725
0.4521178637200737
0.9404542664211173
0.7961939840392879
0.8434622467771639
0.8990178023327194
0.19337016574585636
0.8971761817065684
0.7363413136893799
0.903621853898097
0.6924493554327809
0.6721915285451197
0.8014119091467158
0.8750767341927563
0.8941068139963168
0.8551258440761204
0.7188459177409454
0.9020871700429711
0.7173112338858195
0.7004297114794352
0.7028852056476366
0.910988336402701
0.7949662369551872
0.7130141190914672
0.7694904849600982
0.7173112338858195
0.8609576427255985
0.7007366482504604
0.7869858809085328
0.5058317986494782
0.8827501534683855
0.7280540208717005
0.7277470841006752
0.6915285451197053
0.7541436464088398
0.6307550644567219
0.47022713321055865
0.7768569674647022
0.6952117863720073
0.7940454266421118
0.6286065070595457
0.7974217311233885
0.667280540208717
0.7903621853898097
0.6758747697974218
0.8462246777163904
0.88182934315531
0.6918354818907305
0.6958256599140578
0.6930632289748312
0.7553713934929405
0.8756906077348067
0.7645794966236955
0.4462860650705955
0.8554327808471455
0.6546961325966851
0.7790055248618785
0.7329650092081031
0.7894413750767342
0.7302025782688766
0.7553713934929405
0.8425414364640884
0.7940454266421118
0.7937384898710865
0.8646408839779005
0.7495395948434622
0.4972375690607735
0.8916513198281154
0.7602823818293432
0.7777777777777778
0.8311847759361571
0.8732351135666053
0.861878453038674
0.7897483118477594
0.7851442602823818
0.5448127685696746
0.7096378146101903
0.6820135052179251
0.8723143032535298
0.8232044198895028
0.6141804788213628
0.6138735420503376
0.7704112952731738
0.8443830570902394
0.8222836095764272
0.8759975445058318
0.7434008594229589
0.8096992019643954
0.903621853898097
0.7044198895027625
0.8609576427255985
0.6771025168815225
0.8314917127071824
0.8496009821976673
0.9008594229588704
0.7492326580724371
0.6807857581338245
0.9076120319214241
0.8385512584407612
0.7136279926335175
0.8413136893799877
0.8259668508287292
0.6979742173112339
0.7510742786985881
0.6197053406998159
0.7268262737875998
0.6844689993861265
0.8449969306322898
0.605586249232658
0.7240638428483732
0.6998158379373849
0.7188459177409454
0.8594229588704727
0.8063228974831185
0.43953345610804173
0.7203806015960712
0.7308164518109269
0.7047268262737876
0.8950276243093923
0.7707182320441989
0.8649478207489257
0.7292817679558011
0.5122774708410067
0.7995702885205648
0.7928176795580111
0.7397176181706568
0.601903007980356
0.9112952731737262
0.6669736034376919
0.7434008594229589
0.7249846531614488
0.7081031307550645
0.6470227133210559
0.7949662369551872
0.6789441375076735
0.910988336402701
0.7983425414364641
0.7130141190914672
0.5859422958870473
0.8388581952117864
0.5641497851442603
0.9011663597298957
0.7265193370165746
0.738182934315531
0.8597298956414978
0.45150399017802334
0.7114794352363413
0.7031921424186618
0.8492940454266421
0.7793124616329036
0.8278084714548803
0.9189686924493554
0.907305095150399
0.7839165131982812
0.6823204419889503
0.6933701657458563
0.6740331491712708
0.8268876611418048
0.552793124616329
0.7133210558624923
0.9122160834868017
0.5917740945365255
0.7922038060159607
0.647329650092081
0.7968078575813382
0.8373235113566605
0.7879066912216084
0.8195211786372008
0.6758747697974218
0.8324125230202578
0.8560466543891958
0.4548802946593002
0.7074892572130141
0.8311847759361571
0.785451197053407
0.5414364640883977
0.6721915285451197
0.8207489257213014
0.6040515653775322
0.5524861878453039
0.8861264579496624
0.6221608348680172
0.6233885819521179
0.8210558624923265
0.7796193984039288
0.5313075506445673
0.8265807243707797
0.7998772252915899
0.8382443216697361
0.9014732965009208
0.7286678944137508
0.7731737262124002
0.7338858195211786
0.9511970534069981
0.6531614487415592
0.7790055248618785
0.8093922651933702
0.7682627378759975
0.7578268876611418
0.7526089625537139
0.7633517495395948
0.7424800491098834
0.7697974217311234
0.5058317986494782
0.8299570288520565
0.7470841006752609
0.7519950890116636
0.7805402087170042
0.7452424800491099
0.7507673419275629
0.6433394720687539
0.6461019030079803
0.8477593615715162
0.7744014732965009
0.8640270104358502
0.7259054634745242
0.7578268876611418
0.5942295887047269
0.7759361571516268
0.8720073664825047
0.7185389809699202
0.6393492940454266
0.6344383057090239
0.7271332105586249
0.7449355432780848
0.5850214855739717
0.7360343769183548
0.8228974831184775
0.6513198281154082
0.8456108041743401
0.7056476365868631
0.7464702271332105
0.7949662369551872
0.6660527931246163
0.8139963167587477
0.8609576427255985
0.8170656844689994
0.7793124616329036
0.9294045426642111
0.7860650705954574
0.785451197053407
0.8096992019643954
0.8566605279312461
0.7891344383057091
0.7173112338858195
0.6792510742786986
0.8121546961325967
0.8149171270718232
0.6746470227133211
0.8124616329036218
0.6365868631062002
0.7286678944137508
0.4438305709023941
0.8351749539594844
0.7335788827501535
0.7719459791282995
0.6249232658072437
0.6789441375076735
0.7612031921424187
0.8069367710251688
0.714548802946593
0.8035604665438919
0.6282995702885206
0.8993247391037447
0.6767955801104972
0.7133210558624923
0.5429711479435236
0.9063842848373235
0.8606507059545734
0.21301411909146717
0.8971761817065684
0.9076120319214241
0.7464702271332105
0.5659914057704113
0.625537139349294
0.8941068139963168
0.7068753836709638
0.8146101903007981
0.7556783302639656
0.8164518109269491
0.9002455494168201
0.6193984039287906
0.5847145488029466
0.7096378146101903
0.7565991405770411
0.47391037446286066
0.7688766114180479
0.6632903621853898
0.7526089625537139
0.5917740945365255
0.9484346224677717
0.7639656230816452
0.8520564763658687
0.7329650092081031
0.7394106813996317
0.8198281154082259
0.8020257826887661
0.8201350521792511
0.4536525475751995
0.7265193370165746
0.8443830570902394
0.7989564149785144
0.7697974217311234
0.7710251688152241
0.7302025782688766
0.7191528545119705
0.6731123388581952
0.7897483118477594
0.5966850828729282
0.8870472682627378
0.8901166359729895
0.8149171270718232
0.8674033149171271
0.7366482504604052
0.6896869244935543
0.7034990791896869
0.6952117863720073
0.7814610190300798
0.9567219152854513
0.8173726212400245
0.8133824432166974
0.8456108041743401
0.8532842234499693
0.7538367096378146
0.9155923879680786
0.9134438305709024
0.7805402087170042
0.7510742786985881
0.7639656230816452
0.8400859422958871
0.7047268262737876
0.7820748925721301
0.5822590546347453
0.6184775936157152
0.8112338858195212
0.8683241252302025
0.8376304481276857
0.7971147943523634
0.7170042971147943
0.9088397790055248
0.6678944137507673
0.8041743400859422
0.5478821362799263
0.7406384284837324
0.7455494168201351
0.834561080417434
0.8990178023327194
0.7305095150399018
0.7271332105586249
0.6734192756292203
0.8431553100061387
0.7197667280540209
0.7651933701657458
0.6758747697974218
0.7298956414978515
0.7544505831798649
0.85451197053407
0.6209330877839165
0.692756292203806
0.8947206875383671
0.6614487415592388
0.7575199508901166
0.7707182320441989
0.7280540208717005
0.9438305709023941
0.7897483118477594
0.7639656230816452
0.7642725598526704
0.8741559238796808
0.7074892572130141
0.7473910374462861
0.8373235113566605
0.9536525475751995
0.7483118477593615
0.7139349294045426
0.7062615101289135
0.7559852670349908
0.7501534683855126
0.8253529772866789
0.7688766114180479
0.6405770411295273
0.6540822590546348
0.90914671577655
0.874462860650706
0.7928176795580111
0.7446286065070595
0.7857581338244322
0.8698588090853284
0.8275015346838551
0.7124002455494168
0.7332719459791283
0.621853898096992
0.7642725598526704
0.8612645794966237
0.8585021485573971
0.6884591774094536
0.7922038060159607
0.6645181092694905
0.6915285451197053
0.8434622467771639
0.8354818907305095
0.61817065684469
0.7673419275629221
0.8419275629220381
0.5279312461632903
0.8063228974831185
0.714548802946593
0.8339472068753837
0.6906077348066298
0.8732351135666053
0.8428483732351135
0.669122160834868
0.7194597912829958
0.7783916513198281
0.6077348066298343
0.7209944751381215
0.9103744628606507
0.7820748925721301
0.8895027624309392
0.9201964395334561
0.5739717618170657
0.7731737262124002
0.6479435236341313
0.5494168201350522
0.8646408839779005
0.7737875997544506
0.7780847145488029
0.6860036832412523
0.8244321669736034
0.8275015346838551
0.7793124616329036
0.592694904849601
0.7811540822590546
0.7952731737262124
0.7326580724370779
0.7452424800491099
0.7476979742173112
0.5033763044812769
0.8422344996930632
0.7584407612031921
0.6838551258440762
0.7615101289134438
0.7694904849600982
0.8413136893799877
0.8419275629220381
0.7421731123388582
0.7750153468385512
0.8100061387354205
0.67280540208717
0.8419275629220381
0.5475751995089012
0.6817065684468999
0.8615715162676488
0.7513812154696132
0.7965009208103131
0.8480662983425414
0.7053406998158379
0.7682627378759975
0.8480662983425414
0.8253529772866789
0.7958870472682628
0.8403928790669122
0.6372007366482505
0.7602823818293432
0.7001227747084101
0.6329036218538981
0.7391037446286065
0.7995702885205648
0.7667280540208717
0.7826887661141805
0.6203192142418662
0.6817065684468999
0.7848373235113567
0.7062615101289135
0.6915285451197053
0.809085328422345
0.8192142418661755
0.7725598526703499
0.6522406384284838
0.8385512584407612
0.7320441988950276
0.7958870472682628
0.860036832412523
0.8901166359729895
0.6310620012277471
0.6602209944751382
0.7363413136893799
0.7065684468999386
0.7108655616942909
0.8652547575199508
0.7348066298342542
0.952731737262124
0.7335788827501535
0.7255985267034991
0.7575199508901166
0.8400859422958871
0.6915285451197053
0.6856967464702272
0.8189073050951504
0.7931246163290362
0.9257213014119091
0.7820748925721301
0.8931860036832413
0.6461019030079803
0.7605893186003683
0.7277470841006752
0.6896869244935543
0.878146101903008
0.8735420503376304
0.8029465930018416
0.7842234499693064
0.8305709023941068
0.7562922038060159
0.7311233885819521
0.6068139963167587
0.7968078575813382
0.7707182320441989
0.7314303253529773
0.6755678330263966
0.8281154082259055
0.22160834868017187
0.7879066912216084
0.7252915899324739
0.714548802946593
0.7298956414978515
0.8029465930018416
0.6829343155310006
0.8382443216697361
0.7093308778391652
0.2136279926335175
0.9226519337016574
0.7185389809699202
0.8950276243093923
0.7974217311233885
0.7642725598526704
0.5914671577655003
0.7458563535911602
0.7829957028852057
0.7179251074278699
0.85451197053407
0.9122160834868017
0.7504604051565378
0.8594229588704727
0.6497851442602823
0.8173726212400245
0.874462860650706
0.7295887047268262
0.8888888888888888
0.8759975445058318
0.7142418661755678
0.9042357274401474
0.7185389809699202
0.8575813382443217
0.8898096992019644
0.6046654389195826
0.8152240638428484
0.7774708410067526
0.7556783302639656
0.6955187231430325
0.8572744014732965
0.8020257826887661
0.8437691835481891
0.8069367710251688
0.7845303867403315
0.7093308778391652
0.7225291589932474
0.7369551872314303
0.8852056476365868
0.8161448741559238
0.667280540208717
0.7823818293431553
0.8213627992633518
0.7851442602823818
0.7857581338244322
0.8284223449969307
0.8004910988336402
0.5463474524248005
0.6703499079189686
0.7599754450583179
0.8348680171884592
0.6602209944751382
0.8575813382443217
0.8087783916513198
0.8971761817065684
0.9195825659914058
0.85451197053407
0.8937998772252916
0.8492940454266421
0.5322283609576427
0.7559852670349908
0.7068753836709638
0.8965623081645181
0.6758747697974218
0.7995702885205648
0.7265193370165746
0.7863720073664825
0.7437077961939841
0.7363413136893799
0.8428483732351135
0.7642725598526704
0.6457949662369552
0.896255371393493
0.541743400859423
0.6307550644567219
0.5319214241866176
0.8170656844689994
0.8609576427255985
0.8354818907305095
0.616329036218539
0.9042357274401474
0.8367096378146102
0.8931860036832413
0.7449355432780848
0.7694904849600982
0.10374462860650706
0.6813996316758748
0.8293431553100061
0.5798035604665439
0.5531000613873542
0.7667280540208717
0.667280540208717
0.7513812154696132
0.6632903621853898
0.7004297114794352
0.8342541436464088
0.8511356660527931
0.6071209330877839
0.7774708410067526
0.7289748311847759
0.7298956414978515
0.8609576427255985
0.7922038060159607
0.7839165131982812
0.5853284223449969
0.4487415592387968
0.7992633517495396
0.7523020257826888
0.7366482504604052
0.9045426642111725
0.6976672805402088
0.7894413750767342
0.7077961939840393
0.8465316144874155
0.7157765500306936
0.8888888888888888
0.7209944751381215
0.8136893799877225
0.8198281154082259
0.7602823818293432
0.9343155310006138
0.7403314917127072
0.7538367096378146
0.7206875383670964
0.7529158993247391
0.6626764886433395
0.8867403314917127
0.8001841620626151
0.9033149171270718
0.7633517495395948
0.7968078575813382
0.7133210558624923
0.6488643339472069
0.7903621853898097
0.7624309392265194
0.6970534069981584
0.8588090853284224
0.8397790055248618
0.8413136893799877
0.7820748925721301
0.8502148557397177
0.7096378146101903
0.85451197053407
0.8139963167587477
0.7403314917127072
0.7547575199508901
0.7968078575813382
0.7311233885819521
0.7470841006752609
0.8839779005524862
0.90914671577655
0.6169429097605893
0.7869858809085328
0.7593615715162676
0.6003683241252302
0.7277470841006752
0.8717004297114794
0.8081645181092695
0.8993247391037447
0.8096992019643954
0.7716390423572744
0.7314303253529773
0.7808471454880295
0.8437691835481891
0.5868631062001227
0.8428483732351135
0.8195211786372008
0.7047268262737876
0.9192756292203806
0.6995089011663598
0.7808471454880295
0.7863720073664825
0.7777777777777778
0.669122160834868
0.8238182934315531
0.8624923265807244
0.7185389809699202
0.7621240024554942
0.8078575813382444
0.7449355432780848
0.8667894413750767
0.8007980356046654
0.9278698588090853
0.7915899324739104
0.5113566605279313
0.7833026396562308
0.41467157765500307
0.7050337630448128
0.8413136893799877
0.6700429711479435
0.8317986494782075
0.4358502148557397
0.7391037446286065
0.738182934315531
0.8806015960712094
0.7608962553713935
0.7378759975445058
0.8004910988336402
0.8428483732351135
0.7968078575813382
0.830877839165132
0.7974217311233885
0.6792510742786986
0.8492940454266421
0.6761817065684469
0.7418661755678331
0.7065684468999386
0.6924493554327809
0.7231430325352978
0.639963167587477
0.8302639656230817
0.832719459791283
0.8717004297114794
0.8505217925107428
0.6817065684468999
0.8480662983425414
0.7222222222222222
0.6617556783302639
0.7636586863106201
0.7375690607734806
0.809085328422345
0.5687538367096379
0.934622467771639
0.7943523634131369
0.8413136893799877
0.8189073050951504
0.7437077961939841
0.6823204419889503
0.7728667894413751
0.9487415592387968
0.7535297728667895
0.9521178637200737
0.7308164518109269
0.6694290976058932
0.5684468999386126
0.6632903621853898
0.8339472068753837
0.7243707796193984
0.9094536525475752
0.8686310620012277
0.6930632289748312
0.8621853898096992
0.8677102516881522
0.6411909146715776
0.929097605893186
0.8146101903007981
0.5712093308778392
0.7922038060159607
0.8007980356046654
0.7105586249232658
0.6485573971761817
0.576427255985267
0.7044198895027625
0.8422344996930632
0.7722529158993248
0.7802332719459791
0.9220380601596071
0.7783916513198281
0.6160220994475138
0.6780233271945979
0.7016574585635359
0.6390423572744015
0.8038674033149171
0.7259054634745242
0.7007366482504604
0.5699815837937385
0.6645181092694905
0.7756292203806016
0.7480049109883364
0.7455494168201351
0.5874769797421732
0.7584407612031921
0.8041743400859422
0.7237569060773481
0.8987108655616943
0.8069367710251688
0.6998158379373849
0.7237569060773481
0.7667280540208717
0.6599140577041129
0.7446286065070595
0.874462860650706
0.7117863720073665
0.8161448741559238
0.3876611418047882
0.8532842234499693
0.7799263351749539
0.6685082872928176
0.7584407612031921
0.9208103130755064
0.7575199508901166
0.8695518723143032
0.7455494168201351
0.6531614487415592
0.6467157765500307
0.9057704112952731
0.8692449355432781
0.6092694904849602
0.8023327194597912
0.9530386740331491
0.7943523634131369
0.8367096378146102
0.6995089011663598
0.8158379373848987
0.7283609576427256
0.930939226519337
0.8004910988336402
0.7808471454880295
0.8904235727440147
0.7875997544505832
0.7931246163290362
0.52731737262124
0.8118477593615715
0.7133210558624923
0.8118477593615715
0.7394106813996317
0.4389195825659914
0.5954573357888275
0.8186003683241252
0.887354205033763
0.7728667894413751
0.8146101903007981
0.7007366482504604
0.6792510742786986
0.7940454266421118
0.7796193984039288
0.6396562308164518
0.7022713321055862
0.7922038060159607
0.7673419275629221
0.6789441375076735
0.8161448741559238
0.7701043585021485
0.8189073050951504
0.8959484346224678
0.6212400245549416
0.7774708410067526
0.8410067526089625
0.7314303253529773
0.7378759975445058
0.6528545119705341
0.5432780847145487
0.8621853898096992
0.8410067526089625
0.8858195211786372
0.7790055248618785
0.641804788213628
0.8391651319828115
0.8281154082259055
0.8898096992019644
0.7028852056476366
0.7255985267034991
0.6556169429097606
0.7160834868017188
0.7728667894413751
0.8594229588704727
0.6396562308164518
0.8422344996930632
0.8603437691835482
0.7348066298342542
0.8695518723143032
0.852670349907919
0.7461632903621854
0.8096992019643954
0.8044812768569675
0.04696132596685083
0.8032535297728668
0.6028238182934316
0.5761203192142419
0.6998158379373849
0.7305095150399018
0.6559238796807858
0.7323511356660528
0.6869244935543278
0.7338858195211786
0.5076734192756293
0.7756292203806016
0.7974217311233885
0.8532842234499693
0.7415592387968079
0.33118477593615714
0.6365868631062002
0.6571516267648865
0.7961939840392879
0.8259668508287292
0.7486187845303868
0.7974217311233885
0.7084100675260896
0.7602823818293432
0.6405770411295273
0.8864333947206875
0.7575199508901166
0.532842234499693
0.7848373235113567
0.9033149171270718
0.7234499693063229
0.310926949048496
0.7937384898710865
0.9192756292203806
0.7461632903621854
0.7329650092081031
0.8864333947206875
0.7277470841006752
0.7667280540208717
0.6485573971761817
0.8499079189686924
0.8130755064456722
0.7289748311847759
0.8575813382443217
0.7602823818293432
0.5828729281767956
0.8314917127071824
0.7222222222222222
0.8968692449355433
0.6540822590546348
0.7949662369551872
0.9011663597298957
0.7013505217925108
0.9220380601596071
0.6863106200122775
0.7277470841006752
0.7839165131982812
0.8888888888888888
0.7262124002455494
0.8557397176181707
0.883670963781461
0.6295273173726212
0.8032535297728668
0.848987108655617
0.5211786372007366
0.6448741559238796
0.7992633517495396
0.8265807243707797
0.7483118477593615
0.6939840392879066
0.6384284837323512
0.8578882750153468
0.7311233885819521
0.5994475138121547
0.8112338858195212
0.6602209944751382
0.7498465316144874
0.6841620626151013
0.9152854511970534
0.8081645181092695
0.8207489257213014
0.6439533456108042
0.8904235727440147
0.6740331491712708
0.8585021485573971
0.7559852670349908
0.8232044198895028
0.651012891344383
0.7044198895027625
0.8947206875383671
0.9419889502762431
0.7771639042357275
0.8787599754450584
0.7685696746470227
0.5988336402701043
0.7900552486187845
0.7998772252915899
0.9131368937998773
0.8833640270104358
0.8103130755064457
0.9548802946593001
0.8063228974831185
0.8284223449969307
0.7559852670349908
0.6507059545733579
0.8017188459177409
0.003990178023327195
0.870779619398404
0.7885205647636587
0.879987722529159
0.7759361571516268
0.7679558011049724
0.8517495395948435
0.6884591774094536
0.8035604665438919
0.9376918354818907
0.6402701043585022
0.836402701043585
0.8041743400859422
0.6887661141804788
0.7483118477593615
0.7458563535911602
0.7348066298342542
0.5589318600368324
0.8839779005524862
0.7648864333947207
0.7191528545119705
0.7851442602823818
0.6461019030079803
0.6921424186617556
0.7320441988950276
0.8529772866789441
0.8437691835481891
0.7059545733578882
0.8603437691835482
0.7449355432780848
0.6362799263351749
0.8947206875383671
0.7946593001841621
0.6135666052793125
0.905463474524248
0.7965009208103131
0.8370165745856354
0.7412523020257827
0.7983425414364641
0.7504604051565378
0.7133210558624923
0.7983425414364641
0.2682627378759975
0.629220380601596
0.8965623081645181
0.8293431553100061
0.7114794352363413
0.7010435850214856
0.6675874769797422
0.7074892572130141
0.9100675260896255
0.6933701657458563
0.8597298956414978
0.8195211786372008
0.901780233271946
0.9020871700429711
0.7305095150399018
0.6875383670963782
0.7074892572130141
0.8081645181092695
0.511049723756906
0.6810926949048496
0.7492326580724371
0.598219766728054
0.8235113566605279
0.7547575199508901
0.9033149171270718
0.8879680785758134
0.9008594229588704
0.8606507059545734
0.6479435236341313
0.8723143032535298
0.6737262124002455
0.8729281767955801
0.8538980969920197
0.9011663597298957
0.7071823204419889
0.852670349907919
0.8017188459177409
0.9033149171270718
0.82719459791283
0.8968692449355433
0.7378759975445058
0.643646408839779
0.7848373235113567
0.8324125230202578
0.8655616942909761
0.8465316144874155
0.6117249846531615
0.8146101903007981
0.8465316144874155
0.7219152854511971
0.6626764886433395
0.805402087170043
0.8861264579496624
0.7305095150399018
0.8391651319828115
0.7740945365254758
0.641804788213628
0.4211172498465316
0.8121546961325967
0.8941068139963168
0.8158379373848987
0.7437077961939841
0.7940454266421118
0.6362799263351749
0.8367096378146102
0.8158379373848987
0.6390423572744015
0.7783916513198281
0.8367096378146102
0.6764886433394721
0.7826887661141805
0.9269490484960098
0.7133210558624923
0.8692449355432781
0.8483732351135667
0.6507059545733579
0.7409453652547575
0.9122160834868017
0.6774094536525476
0.7759361571516268
0.7725598526703499
0.7685696746470227
0.5979128299570289
0.7845303867403315
0.7019643953345611
0.4478207489257213
0.6310620012277471
0.6479435236341313
0.712707182320442
0.7016574585635359
0.8112338858195212
0.9263351749539595
0.9269490484960098
0.6724984653161449
0.6040515653775322
0.8410067526089625
0.7449355432780848
0.8244321669736034
0.6869244935543278
0.9192756292203806
0.7725598526703499
0.7661141804788214
0.8007980356046654
0.8904235727440147
0.7047268262737876
0.8281154082259055
0.7661141804788214
0.9131368937998773
0.7179251074278699
0.7903621853898097
0.8683241252302025
0.7004297114794352
0.7179251074278699
0.8250460405156538
0.7216083486801719
0.7783916513198281
0.7986494782074892
0.7673419275629221
0.7375690607734806
0.7387968078575813
0.7191528545119705
0.8133824432166974
0.7427869858809085
0.6992019643953346
0.858195211786372
0.689073050951504
0.7025782688766115
0.6384284837323512
0.8281154082259055
0.7740945365254758
0.7053406998158379
0.8014119091467158
0.6847759361571516
0.785451197053407
0.8060159607120934
0.6666666666666666
0.829036218538981
0.8907305095150398
0.7541436464088398
0.7341927562922038
0.5368324125230203
0.8738489871086557
0.008901166359729895
0.7842234499693064
0.6878453038674033
0.8775322283609577
0.47974217311233885
0.7406384284837324
0.7685696746470227
0.8759975445058318
0.8588090853284224
0.6546961325966851
0.8621853898096992
0.7200736648250461
0.507366482504604
0.7507673419275629
0.589011663597299
0.7268262737875998
0.7421731123388582
0.7949662369551872
0.4852670349907919
0.7651933701657458
0.8158379373848987
0.7406384284837324
0.7839165131982812
0.5500306936771026
0.8044812768569675
0.7565991405770411
0.9686924493554327
0.8870472682627378
0.7013505217925108
0.8538980969920197
0.7016574585635359
0.8112338858195212
0.8121546961325967
0.7197667280540209
0.8713934929404543
0.41866175567833025
0.8796807857581338
0.7989564149785144
0.8078575813382444
0.7197667280540209
0.7937384898710865
0.7213014119091468
0.670963781461019
0.8947206875383671
0.7627378759975445
0.8127685696746471
0.8324125230202578
0.32044198895027626
0.7553713934929405
0.7314303253529773
0.6838551258440762
0.7747084100675261
0.7875997544505832
0.8001841620626151
0.8591160220994475
0.7434008594229589
0.6132596685082873
0.6703499079189686
0.8152240638428484
0.9048496009821977
0.8615715162676488
0.7811540822590546
0.852670349907919
0.7203806015960712
0.9155923879680786
0.9149785144260283
0.8732351135666053
0.9048496009821977
0.5853284223449969
0.82719459791283
0.6774094536525476
0.8161448741559238
0.7455494168201351
0.7510742786985881
0.7400245549416821
0.8041743400859422
0.7756292203806016
0.6233885819521179
0.44014732965009207
0.7544505831798649
0.8296500920810314
0.8216697360343769
0.8551258440761204
0.7237569060773481
0.8195211786372008
0.7283609576427256
0.6850828729281768
0.42602823818293434
0.7790055248618785
0.4932473910374463
0.8950276243093923
0.55463474524248
0.6767955801104972
0.5641497851442603
0.7814610190300798
0.7071823204419889
0.7351135666052793
0.7461632903621854
0.6666666666666666
0.9554941682013505
0.7845303867403315
0.7857581338244322
0.8710865561694291
0.6841620626151013
0.8449969306322898
0.7541436464088398
0.7747084100675261
0.48465316144874154
0.7403314917127072
0.761817065684469
0.7918968692449355
0.7188459177409454
0.7958870472682628
0.4281767955801105
0.6276856967464702
0.7409453652547575
0.6896869244935543
0.8354818907305095
0.7274401473296501
0.7701043585021485
0.834561080417434
0.669122160834868
0.09116022099447514
0.6347452424800492
0.7783916513198281
0.8698588090853284
0.6022099447513812
0.665438919582566
0.38152240638428486
0.7986494782074892
0.6893799877225292
0.8615715162676488
0.7114794352363413
0.8661755678330264
0.923572744014733
0.6135666052793125
0.8674033149171271
0.694597912829957
0.8796807857581338
0.9340085942295887
0.6893799877225292
0.7295887047268262
0.4122160834868017
0.8867403314917127
0.9699201964395334
0.7918968692449355
0.6378146101903008
0.8342541436464088
0.7596685082872928
0.8612645794966237
0.8802946593001841
0.7961939840392879
0.5850214855739717
0.8624923265807244
0.7142418661755678
0.7302025782688766
0.6608348680171885
0.7105586249232658
0.885512584407612
0.8115408225905464
0.7728667894413751
0.7378759975445058
0.8124616329036218
0.8879680785758134
0.3956414978514426
0.8542050337630448
0.921731123388582
0.7909760589318601
0.6651319828115408
0.8084714548802947
0.9057704112952731
0.7443216697360344
0.7685696746470227
0.8502148557397177
0.8910374462860651
0.7998772252915899
0.7464702271332105
0.7403314917127072
0.6740331491712708
0.8198281154082259
0.9088397790055248
0.7906691221608348
0.9251074278698588
0.7262124002455494
0.7240638428483732
0.8907305095150398
0.8305709023941068
0.7875997544505832
0.429097605893186
0.629220380601596
0.7148557397176182
0.7311233885819521
0.04143646408839779
0.7790055248618785
0.7688766114180479
0.4634745242480049
0.7271332105586249
0.7028852056476366
0.9392265193370166
0.7148557397176182
0.6151012891344383
0.8146101903007981
0.7516881522406385
0.7569060773480663
0.7225291589932474
0.7019643953345611
0.8281154082259055
0.9238796807857581
0.7667280540208717
0.6111111111111112
0.8403928790669122
0.8106200122774708
0.8029465930018416
0.7701043585021485
0.6095764272559853
0.8333333333333334
0.8351749539594844
0.8615715162676488
0.7655003069367711
0.616329036218539
0.7440147329650092
0.7602823818293432
0.7357274401473296
0.7154696132596685
0.7142418661755678
0.6921424186617556
0.7421731123388582
0.8278084714548803
0.8784530386740331
0.6979742173112339
0.8649478207489257
0.858195211786372
0.6298342541436464
0.8937998772252916
0.6789441375076735
0.8186003683241252
0.8428483732351135
0.7768569674647022
0.9042357274401474
0.7031921424186618
0.7305095150399018
0.7136279926335175
0.8189073050951504
0.6574585635359116
0.7409453652547575
0.892572130141191
0.6743400859422959
0.7740945365254758
0.6430325352977286
0.7332719459791283
0.539901780233272
0.7317372621240025
0.8759975445058318
0.8947206875383671
0.3756906077348066
0.8477593615715162
0.7900552486187845
0.7096378146101903
0.689073050951504
0.6519337016574586
0.7750153468385512
0.6451810926949049
0.7366482504604052
0.7885205647636587
0.7796193984039288
0.7906691221608348
0.8720073664825047
0.8772252915899325
0.7627378759975445
0.8149171270718232
0.5138121546961326
0.7341927562922038
0.6470227133210559
0.6467157765500307
0.67280540208717
0.8339472068753837
0.7691835481890731
0.7636586863106201
0.9122160834868017
0.7384898710865562
0.6801718845917741
0.6703499079189686
0.7022713321055862
0.8244321669736034
0.9048496009821977
0.850828729281768
0.6936771025168815
0.7710251688152241
0.7087170042971148
0.8956414978514426
0.7415592387968079
0.858195211786372
0.7833026396562308
0.7728667894413751
0.8738489871086557
0.7897483118477594
0.7915899324739104
0.7087170042971148
0.7894413750767342
0.7753222836095764
0.8446899938612645
0.8615715162676488
0.7025782688766115
0.6212400245549416
0.5573971761817066
0.6528545119705341
0.7857581338244322
0.7501534683855126
0.8634131368937998
0.6912216083486802
0.7581338244321669
0.6841620626151013
0.6197053406998159
0.4941682013505218
0.7805402087170042
0.7584407612031921
0.8910374462860651
0.7716390423572744
0.6424186617556783
0.7983425414364641
0.6912216083486802
0.8575813382443217
0.8505217925107428
0.7605893186003683
0.7869858809085328
0.738182934315531
0.7430939226519337
0.8569674647022714
0.7255985267034991
0.761817065684469
0.8250460405156538
0.7762430939226519
0.8179864947820749
0.8486801718845918
0.8845917740945365
0.8870472682627378
0.8627992633517495
0.8035604665438919
0.6949048496009822
0.834561080417434
0.8155310006138735
0.7817679558011049
0.6347452424800492
0.8164518109269491
0.6433394720687539
0.7909760589318601
0.4468999386126458
0.8532842234499693
0.621853898096992
0.4487415592387968
0.7004297114794352
0.9030079803560467
0.8572744014732965
0.6344383057090239
0.7498465316144874
0.7734806629834254
0.7084100675260896
0.8403928790669122
0.6261510128913443
0.6949048496009822
0.8296500920810314
0.7007366482504604
0.7280540208717005
0.9251074278698588
0.8456108041743401
0.8511356660527931
0.9020871700429711
0.785451197053407
0.5104358502148557
0.7519950890116636
0.45702885205647636
0.8974831184775937
0.7504604051565378
0.7553713934929405
0.6261510128913443
0.6780233271945979
0.6924493554327809
0.7820748925721301
0.9002455494168201
0.6856967464702272
0.6826273787599755
0.8720073664825047
0.7044198895027625
0.7796193984039288
0.7565991405770411
0.6556169429097606
0.7486187845303868
0.5107427869858809
0.7756292203806016
0.8121546961325967
0.6973603437691835
0.8793738489871087
0.7918968692449355
0.5368324125230203
0.8238182934315531
0.8560466543891958
0.7495395948434622
0.848987108655617
0.6970534069981584
0.8032535297728668
0.7624309392265194
0.7615101289134438
0.8198281154082259
0.7243707796193984
0.7437077961939841
0.8198281154082259
0.6869244935543278
0.8852056476365868
0.7228360957642725
0.8268876611418048
0.8888888888888888
0.8324125230202578
0.7489257213014119
0.6798649478207489
0.5577041129527317
0.7280540208717005
0.7495395948434622
0.7894413750767342
0.6860036832412523
0.7391037446286065
0.8050951503990178
0.832719459791283
0.47391037446286066
0.7335788827501535
0.8895027624309392
0.8907305095150398
0.7704112952731738
0.6933701657458563
0.7028852056476366
0.8069367710251688
0.7237569060773481
0.8885819521178637
0.787292817679558
0.2452424800491099
0.8397790055248618
0.43830570902394106
0.6580724370779619
0.7934315531000614
0.8293431553100061
0.9269490484960098
0.8511356660527931
0.8713934929404543
0.7351135666052793
0.6850828729281768
0.919889502762431
0.7320441988950276
0.6408839779005525
0.6826273787599755
0.7639656230816452
0.7820748925721301
0.8216697360343769
0.858195211786372
0.6921424186617556
0.6783302639656231
0.8575813382443217
0.7467771639042358
0.8425414364640884
0.8732351135666053
0.6568446899938613
0.860036832412523
0.32228360957642727
0.8492940454266421
0.6132596685082873
0.7590546347452425
0.8689379987722529
0.8216697360343769
0.7176181706568447
0.7111724984653162
0.8655616942909761
0.8572744014732965
0.8695518723143032
0.7707182320441989
0.6860036832412523
0.7535297728667895
0.8385512584407612
0.7823818293431553
0.8891958256599141
0.651012891344383
0.8029465930018416
0.7308164518109269
0.7612031921424187
0.7206875383670964
0.8542050337630448
0.7661141804788214
0.6860036832412523
0.7117863720073665
0.7796193984039288
0.9005524861878453
0.8201350521792511
0.8201350521792511
0.7688766114180479
0.641804788213628
0.7268262737875998
0.9030079803560467
0.7443216697360344
0.7332719459791283
0.7903621853898097
0.7777777777777778
0.6092694904849602
0.7034990791896869
0.8397790055248618
0.7213014119091468
0.8336402701043585
0.8858195211786372
0.7117863720073665
0.8410067526089625
0.6780233271945979
0.8041743400859422
0.6820135052179251
0.7136279926335175
0.7338858195211786
0.5810313075506446
0.7476979742173112
0.7958870472682628
0.7909760589318601
0.899938612645795
0.7989564149785144
0.7688766114180479
0.7995702885205648
0.7173112338858195
0.8796807857581338
0.7829957028852057
0.7111724984653162
0.7879066912216084
0.8554327808471455
0.5411295273173726
0.7483118477593615
0.6896869244935543
0.7786985880908532
0.8360957642725598
0.7869858809085328
0.7421731123388582
0.7437077961939841
0.7559852670349908
0.88182934315531
0.8189073050951504
0.6651319828115408
0.8103130755064457
0.6823204419889503
0.5678330263965623
0.9192756292203806
0.93646408839779
0.7394106813996317
0.8499079189686924
0.7578268876611418
0.6924493554327809
0.8238182934315531
0.5859422958870473
0.8262737875997545
0.8443830570902394
0.7768569674647022
0.6445672191528545
0.8416206261510129
0.8207489257213014
0.8437691835481891
0.6470227133210559
0.9183548189073051
0.7363413136893799
0.7166973603437692
0.8047882136279927
0.8241252302025782
0.8413136893799877
0.6872314303253529
0.9122160834868017
0.6467157765500307
0.9352363413136894
0.7688766114180479
0.692756292203806
0.7001227747084101
0.6267648864333947
0.8695518723143032
0.7259054634745242
0.8502148557397177
0.9686924493554327
0.8241252302025782
0.8971761817065684
0.7943523634131369
0.879987722529159
0.7332719459791283
0.7903621853898097
0.5383670963781461
0.8403928790669122
0.7995702885205648
0.7918968692449355
0.8674033149171271
0.7406384284837324
0.8422344996930632
0.7142418661755678
0.8953345610804174
0.6006752608962553
0.8216697360343769
0.7222222222222222
0.8339472068753837
0.7384898710865562
0.8170656844689994
0.872621240024555
0.7974217311233885
0.7338858195211786
0.9140577041129527
0.9625537139349294
0.7173112338858195
0.8947206875383671
0.9002455494168201
0.8232044198895028
0.7286678944137508
0.7016574585635359
0.8044812768569675
0.7532228360957642
0.7176181706568447
0.8953345610804174
0.7888275015346838
0.9465930018416207
0.8121546961325967
0.856353591160221
0.8038674033149171
0.5779619398403929
0.9137507673419276
0.8348680171884592
0.8333333333333334
0.8222836095764272
0.8130755064456722
0.5359116022099447
0.641804788213628
0.7565991405770411
0.7636586863106201
0.8683241252302025
0.7796193984039288
0.9011663597298957
0.7559852670349908
0.8302639656230817
0.8977900552486188
0.8931860036832413
0.5592387968078576
0.7796193984039288
0.6906077348066298
0.7747084100675261
0.8609576427255985
0.807243707796194
0.9033149171270718
0.8775322283609577
0.7615101289134438
0.8186003683241252
0.8173726212400245
0.6365868631062002
0.9002455494168201
0.8075506445672191
0.7958870472682628
0.929097605893186
0.8244321669736034
0.6746470227133211
0.6792510742786986
0.885512584407612
0.9137507673419276
0.8253529772866789
0.7995702885205648
0.848987108655617
0.7928176795580111
0.8667894413750767
0.9561080417434008
0.887354205033763
0.9155923879680786
0.8397790055248618
0.8551258440761204
0.7200736648250461
0.921731123388582
0.6516267648864333
0.6648250460405156
0.7449355432780848
0.8459177409453652
0.7047268262737876
0.8232044198895028
0.7753222836095764
0.8833640270104358
0.8919582565991406
0.7486187845303868
0.7516881522406385
0.7722529158993248
0.8287292817679558
0.8827501534683855
0.7998772252915899
0.7888275015346838
0.7599754450583179
0.8063228974831185
0.9048496009821977
0.7357274401473296
0.7519950890116636
0.6553100061387355
0.9383057090239411
0.7427869858809085
0.8486801718845918
0.64548802946593
0.7470841006752609
0.5880908532842235
0.7090239410681399
0.7667280540208717
0.9125230202578268
0.8057090239410681
0.8235113566605279
0.43278084714548803
0.7323511356660528
0.8732351135666053
0.8787599754450584
0.7918968692449355
0.9352363413136894
0.6457949662369552
0.7437077961939841
0.783609576427256
0.8741559238796808
0.8146101903007981
0.7455494168201351
0.7384898710865562
0.7621240024554942
0.7952731737262124
0.7955801104972375
0.8103130755064457
0.6786372007366482
0.8100061387354205
0.7166973603437692
0.85451197053407
0.7259054634745242
0.7133210558624923
0.6841620626151013
0.7387968078575813
0.8701657458563536
0.8870472682627378
0.7965009208103131
0.6669736034376919
0.8701657458563536
0.8149171270718232
0.6921424186617556
0.6319828115408226
0.7062615101289135
0.7909760589318601
0.7584407612031921
0.805402087170043
0.7443216697360344
0.7961939840392879
0.7624309392265194
0.8431553100061387
0.6771025168815225
0.6761817065684469
0.7117863720073665
0.8087783916513198
0.8075506445672191
0.8950276243093923
0.7737875997544506
0.6009821976672806
0.8348680171884592
0.7998772252915899
0.8118477593615715
0.7096378146101903
0.9389195825659914
0.6771025168815225
0.7992633517495396
0.7569060773480663
0.7658072437077962
0.8149171270718232
0.7041129527317372
0.6700429711479435
0.9321669736034377
0.6062001227747084
0.6393492940454266
0.7584407612031921
0.8078575813382444
0.6589932473910375
0.8391651319828115
0.6559238796807858
0.7922038060159607
0.7311233885819521
0.785451197053407
0.7320441988950276
0.7569060773480663
0.8235113566605279
0.7255985267034991
0.6998158379373849
0.7031921424186618
0.8459177409453652
0.4106813996316759
0.7572130141190915
0.8971761817065684
0.7513812154696132
0.7326580724370779
0.7295887047268262
0.7704112952731738
0.8225905463474524
0.7968078575813382
0.6193984039287906
0.8376304481276857
0.8941068139963168
0.6580724370779619
0.7762430939226519
0.6810926949048496
0.8652547575199508
0.42357274401473294
0.7980356046654389
0.6789441375076735
0.7188459177409454
0.8864333947206875
0.8643339472068754
0.7532228360957642
0.7642725598526704
0.8821362799263351
0.7777777777777778
0.7980356046654389
0.5426642111724984
0.8023327194597912
0.7093308778391652
0.6721915285451197
0.6322897483118478
0.8422344996930632
0.6884591774094536
0.7639656230816452
0.7369551872314303
0.9561080417434008
0.7774708410067526
0.8096992019643954
0.6973603437691835
0.7311233885819521
0.8560466543891958
0.7050337630448128
0.8204419889502762
0.7495395948434622
0.8333333333333334
0.872621240024555
0.6519337016574586
0.8419275629220381
0.23173726212400245
0.6737262124002455
0.6912216083486802
0.6448741559238796
0.6175567833026396
0.7034990791896869
0.8422344996930632
0.7519950890116636
0.5589318600368324
0.8689379987722529
0.5736648250460405
0.7458563535911602
0.7995702885205648
0.6233885819521179
0.8182934315531001
0.8695518723143032
0.6783302639656231
0.905463474524248
0.7271332105586249
0.885512584407612
0.7093308778391652
0.583793738489871
0.6869244935543278
0.8075506445672191
0.6973603437691835
0.7989564149785144
0.7575199508901166
0.8434622467771639
0.7397176181706568
0.8937998772252916
0.7022713321055862
0.8919582565991406
0.8891958256599141
0.7974217311233885
0.7443216697360344
0.7734806629834254
0.7105586249232658
0.805402087170043
0.5997544505831799
0.5168815224063843
0.8848987108655617
0.8066298342541437
0.7891344383057091
0.8373235113566605
0.6657458563535912
0.7295887047268262
0.714548802946593
0.6513198281154082
0.7249846531614488
0.7685696746470227
0.6651319828115408
0.7489257213014119
0.8572744014732965
0.8339472068753837
0.7685696746470227
0.7222222222222222
0.7636586863106201
0.8176795580110497
0.8821362799263351
0.7216083486801719
0.6233885819521179
0.9576427255985267
0.8011049723756906
0.7799263351749539
0.6967464702271332
0.4791282995702885
0.7713321055862492
0.8259668508287292
0.8348680171884592
0.7308164518109269
0.7793124616329036
0.85451197053407
0.7418661755678331
0.8652547575199508
0.783609576427256
0.8793738489871087
0.8078575813382444
0.6553100061387355
0.5107427869858809
0.8084714548802947
0.8557397176181707
0.7289748311847759
0.8637200736648251
0.8011049723756906
0.9177409453652547
0.5239410681399632
0.7811540822590546
0.6599140577041129
0.8993247391037447
0.7403314917127072
0.6080417434008594
0.7335788827501535
0.7888275015346838
0.7231430325352978
0.8667894413750767
0.7569060773480663
0.8007980356046654
0.7427869858809085
0.7992633517495396
0.807243707796194
0.9008594229588704
0.892572130141191
0.7971147943523634
0.8216697360343769
0.8136893799877225
0.6178637200736649
0.9530386740331491
0.7262124002455494
0.8100061387354205
0.6783302639656231
0.16083486801718846
0.6522406384284838
0.7443216697360344
0.8133824432166974
0.7492326580724371
0.6519337016574586
0.5969920196439533
0.8827501534683855
0.8492940454266421
0.896255371393493
0.8710865561694291
0.7461632903621854
0.7391037446286065
0.8192142418661755
0.7031921424186618
0.7191528545119705
0.6313689379987723
0.6580724370779619
0.7176181706568447
0.8259668508287292
0.9119091467157765
0.6718845917740945
0.8806015960712094
0.9094536525475752
0.8637200736648251
0.6903007980356046
0.7532228360957642
0.9045426642111725
0.6620626151012892
0.8984039287906691
0.7197667280540209
0.8186003683241252
0.8928790669122161
0.8127685696746471
0.7599754450583179
0.6080417434008594
0.7875997544505832
0.7786985880908532
0.7535297728667895
0.8176795580110497
0.892572130141191
0.7326580724370779
0.7808471454880295
0.6304481276856968
0.8585021485573971
0.596378146101903
0.6316758747697975
0.8017188459177409
0.7473910374462861
0.7599754450583179
0.7918968692449355
0.3511356660527931
0.9063842848373235
0.7848373235113567
0.8238182934315531
0.8950276243093923
0.7302025782688766
0.7952731737262124
0.8063228974831185
0.7344996930632289
0.8640270104358502
0.6497851442602823
0.712707182320442
0.8778391651319828
0.425414364640884
0.7737875997544506
0.7909760589318601
0.7185389809699202
0.7234499693063229
0.6611418047882136
0.7799263351749539
0.7031921424186618
0.6949048496009822
0.7157765500306936
0.887354205033763
0.4462860650705955
0.7059545733578882
0.6764886433394721
0.45518723143032536
0.8342541436464088
0.9119091467157765
0.7882136279926335
0.5322283609576427
0.6160220994475138
0.6562308164518109
0.8876611418047882
0.8057090239410681
0.6193984039287906
0.8631062001227747
0.9241866175567833
0.6559238796807858
0.8305709023941068
0.6525475751995089
0.8093922651933702
0.8317986494782075
0.7289748311847759
0.7286678944137508
0.7630448127685697
0.6414978514426029
0.8443830570902394
0.7289748311847759
0.8993247391037447
0.7584407612031921
0.8431553100061387
0.5758133824432167
0.7314303253529773
0.8950276243093923
