0.8665730337078652
0.8907303370786517
0.873314606741573
0.8033707865168539
0.851123595505618
0.8415730337078652
0.8370786516853933
0.8980337078651686
0.9410112359550562
0.9036516853932585
0.7070224719101124
0.8401685393258427
0.880056179775281
0.8665730337078652
0.9174157303370787
0.8283707865168539
0.8216292134831461
0.6081460674157303
0.7955056179775281
0.8938202247191012
0.6353932584269663
0.9039325842696629
0.7865168539325843
0.9258426966292135
0.8426966292134831
0.8283707865168539
0.7679775280898876
0.9123595505617977
0.825
0.9064606741573034
0.7502808988764045
0.900561797752809
0.8592696629213483
0.9176966292134832
0.8058988764044944
0.8213483146067416
0.8567415730337079
0.8280898876404494
0.7025280898876405
0.7359550561797753
0.8339887640449438
0.8921348314606742
0.9036516853932585
0.8898876404494382
0.7887640449438202
0.9002808988764045
0.8067415730337079
0.9115168539325843
0.8258426966292135
0.8848314606741573
0.875
0.7786516853932585
0.6952247191011236
0.8070224719101123
0.8471910112359551
0.9365168539325842
0.7707865168539326
0.8008426966292135
0.8168539325842696
0.8317415730337079
0.8823033707865169
0.9058988764044944
0.9401685393258427
0.9213483146067416
0.9410112359550562
0.8109550561797753
0.895505617977528
0.8199438202247191
0.8811797752808989
0.8348314606741573
0.9609550561797753
0.9134831460674158
0.8351123595505618
0.9047752808988764
0.8382022471910112
0.7918539325842696
0.8410112359550562
0.9064606741573034
0.9589887640449438
0.8016853932584269
0.8601123595505618
0.8106741573033708
0.9421348314606741
0.8752808988764045
0.7418539325842697
0.775561797752809
0.800561797752809
0.8120786516853933
0.8050561797752809
0.8365168539325842
0.8578651685393258
0.7120786516853933
0.8480337078651685
0.9331460674157304
0.9146067415730337
0.8485955056179775
0.8884831460674157
0.8735955056179775
0.8671348314606742
0.8952247191011236
0.8530898876404495
0.9469101123595506
0.8974719101123596
0.6873595505617978
0.8410112359550562
0.9103932584269663
0.7957865168539325
0.8932584269662921
0.7292134831460674
0.6297752808988764
0.6811797752808989
0.7946629213483146
0.8025280898876405
0.8640449438202247
0.8002808988764045
0.8797752808988764
0.8042134831460674
0.8949438202247191
0.7603932584269663
0.9387640449438203
0.8033707865168539
0.7820224719101123
0.8412921348314607
0.7702247191011236
0.9410112359550562
0.8323033707865168
0.9747191011235955
0.8132022471910112
0.8904494382022472
0.7609550561797753
0.9334269662921348
0.8660112359550561
0.8025280898876405
0.8199438202247191
0.8539325842696629
0.8623595505617978
0.8365168539325842
0.9213483146067416
0.8317415730337079
0.772191011235955
0.9536516853932584
0.8997191011235955
0.9137640449438202
0.852808988764045
0.7547752808988764
0.776685393258427
0.7887640449438202
0.8859550561797753
0.8491573033707865
0.8078651685393259
0.9056179775280899
0.8337078651685393
0.9589887640449438
0.9036516853932585
0.8421348314606741
0.7410112359550561
0.8460674157303371
0.8373595505617978
0.922752808988764
0.9328651685393259
0.9014044943820225
0.7806179775280899
0.8264044943820225
0.8929775280898876
0.8856741573033707
0.6623595505617977
0.7592696629213483
0.7912921348314607
0.8008426966292135
0.8247191011235955
0.873314606741573
0.8921348314606742
0.8615168539325843
0.8036516853932584
0.7637640449438202
0.4901685393258427
0.7974719101123595
0.8915730337078651
0.898876404494382
0.8002808988764045
0.8174157303370787
0.5398876404494382
0.7612359550561798
0.797752808988764
0.926123595505618
0.8660112359550561
0.9087078651685393
0.9311797752808989
0.7283707865168539
0.901685393258427
0.748876404494382
0.1101123595505618
0.6887640449438203
0.8474719101123596
0.8370786516853933
0.7985955056179775
0.9019662921348315
0.7792134831460674
0.7235955056179775
0.7289325842696629
0.7637640449438202
0.8258426966292135
0.9176966292134832
0.9039325842696629
0.775
0.951123595505618
0.8452247191011236
0.8623595505617978
0.7424157303370786
0.8502808988764045
0.8109550561797753
0.721629213483146
0.9275280898876405
0.848314606741573
0.8584269662921349
0.9758426966292135
0.776685393258427
0.9047752808988764
0.8306179775280899
0.8882022471910113
0.7904494382022472
0.9064606741573034
0.9202247191011236
0.7247191011235955
0.8393258426966292
0.8637640449438202
0.1553370786516854
0.8106741573033708
0.8811797752808989
0.7308988764044944
0.7952247191011236
0.7098314606741573
0.8589887640449438
0.8713483146067416
0.9786516853932584
0.8811797752808989
0.821067415730337
0.9120786516853933
0.7047752808988764
0.8202247191011236
0.7794943820224719
0.8910112359550562
0.8247191011235955
0.7342696629213483
0.7435393258426967
0.8348314606741573
0.8202247191011236
0.8370786516853933
0.8353932584269663
0.8918539325842697
0.8112359550561797
0.9317415730337079
0.8873595505617977
0.9457865168539326
0.8550561797752809
0.9132022471910113
0.8359550561797753
0.8870786516853932
0.751685393258427
0.8317415730337079
0.9401685393258427
0.7696629213483146
0.8432584269662922
0.9047752808988764
0.925561797752809
0.8969101123595505
0.7654494382022472
0.8441011235955056
0.753370786516854
0.7199438202247191
0.9056179775280899
0.8514044943820225
0.8668539325842697
0.8095505617977528
0.7710674157303371
0.8471910112359551
0.8182584269662921
0.8845505617977528
0.8317415730337079
0.9407303370786517
0.9176966292134832
0.8657303370786517
0.3960674157303371
0.9328651685393259
0.7530898876404495
0.8323033707865168
0.8730337078651685
0.7570224719101124
0.9120786516853933
0.9514044943820225
0.922752808988764
0.903370786516854
0.9469101123595506
0.8412921348314607
0.7924157303370787
0.7297752808988764
0.8941011235955056
0.8949438202247191
0.8292134831460675
0.7882022471910113
0.8705056179775281
0.7803370786516854
0.7474719101123596
0.75
0.7879213483146067
0.7797752808988764
0.8314606741573034
0.8938202247191012
0.8890449438202247
0.9300561797752809
0.8915730337078651
0.8095505617977528
0.7778089887640449
0.8019662921348315
0.8320224719101124
0.8415730337078652
0.8134831460674158
0.9258426966292135
0.7764044943820225
0.895505617977528
0.898314606741573
0.9390449438202247
0.9224719101123595
0.8154494382022472
0.8376404494382023
0.8311797752808989
0.9564606741573034
0.8539325842696629
0.7637640449438202
0.8912921348314606
0.8404494382022472
0.8879213483146068
0.9390449438202247
0.9603932584269663
0.8960674157303371
0.9382022471910112
0.8154494382022472
0.8856741573033707
0.9719101123595506
0.852808988764045
0.9160112359550562
0.9297752808988764
0.75
0.4297752808988764
0.748876404494382
0.8884831460674157
0.9106741573033708
0.8460674157303371
0.8514044943820225
0.7353932584269663
0.7356741573033708
0.8932584269662921
0.847752808988764
0.7780898876404494
0.7674157303370787
0.7949438202247191
0.9362359550561797
0.8286516853932584
0.8845505617977528
0.7573033707865169
0.8379213483146067
0.8615168539325843
0.8589887640449438
0.8089887640449438
0.826123595505618
0.9483146067415731
0.8994382022471911
0.9713483146067415
0.6393258426966292
0.8985955056179775
0.7657303370786517
0.8137640449438203
0.8969101123595505
0.8213483146067416
0.7603932584269663
0.7342696629213483
0.8376404494382023
0.8379213483146067
0.9449438202247191
0.8457865168539326
0.7047752808988764
0.7193820224719101
0.8651685393258427
0.7856741573033708
0.798876404494382
0.8595505617977528
0.8581460674157303
0.6890449438202247
0.9061797752808989
0.8382022471910112
0.7856741573033708
0.7393258426966293
0.9193820224719101
0.8730337078651685
0.8292134831460675
0.8160112359550562
0.7778089887640449
0.8823033707865169
0.825
0.8938202247191012
0.7747191011235955
0.8443820224719101
0.7882022471910113
0.8820224719101124
0.7632022471910113
0.873314606741573
0.7890449438202247
0.8081460674157304
0.9014044943820225
0.7356741573033708
0.8185393258426966
0.8308988764044943
0.7817415730337078
0.8926966292134831
0.7893258426966292
0.7617977528089888
0.8851123595505618
0.1297752808988764
0.8401685393258427
0.9474719101123595
0.7297752808988764
0.8896067415730337
0.925
0.7794943820224719
0.8735955056179775
0.8896067415730337
0.8207865168539326
0.8598314606741573
0.7676966292134831
0.9101123595505618
0.8337078651685393
0.8685393258426967
0.9275280898876405
0.8769662921348315
0.8789325842696629
0.8025280898876405
0.8632022471910112
0.8154494382022472
0.9266853932584269
0.873876404494382
0.9160112359550562
0.8603932584269663
0.8646067415730337
0.9193820224719101
0.7387640449438202
0.9050561797752809
0.5289325842696629
0.7823033707865169
0.7587078651685393
0.9109550561797752
0.8471910112359551
0.7561797752808989
0.8367977528089887
0.7831460674157303
0.9042134831460674
0.8938202247191012
0.900561797752809
0.8365168539325842
0.9143258426966292
0.6724719101123595
0.8502808988764045
0.8901685393258427
0.9328651685393259
0.9120786516853933
0.9367977528089888
0.9162921348314607
0.8935393258426966
0.7182584269662922
0.8418539325842697
0.726123595505618
0.8980337078651686
0.8233146067415731
0.8960674157303371
0.8471910112359551
0.7665730337078651
0.7073033707865168
0.9463483146067416
0.9129213483146067
0.7497191011235955
0.8648876404494382
0.9120786516853933
0.7775280898876404
0.8390449438202248
0.878370786516854
0.9747191011235955
0.773314606741573
0.8977528089887641
0.7485955056179775
0.7469101123595505
0.8943820224719101
0.8359550561797753
0.9390449438202247
0.925
0.8359550561797753
0.8421348314606741
0.878370786516854
0.8980337078651686
0.9134831460674158
0.826123595505618
0.7609550561797753
0.9407303370786517
0.8946629213483146
0.7662921348314606
0.8991573033707865
0.8362359550561798
0.8036516853932584
0.7637640449438202
0.8323033707865168
0.4884831460674157
0.8157303370786517
0.9598314606741573
0.7528089887640449
0.7589887640449439
0.9165730337078651
0.897191011235955
0.8896067415730337
0.8707865168539326
0.8342696629213483
0.7915730337078651
0.9502808988764045
0.8848314606741573
0.7424157303370786
0.8550561797752809
0.8522471910112359
0.7617977528089888
0.876123595505618
0.7758426966292135
0.7949438202247191
0.8553370786516854
0.9129213483146067
0.8887640449438202
0.8
0.8452247191011236
0.753370786516854
0.696067415730337
0.8856741573033707
0.751685393258427
0.8154494382022472
0.7741573033707865
0.876123595505618
0.825561797752809
0.8702247191011236
0.8269662921348314
0.8264044943820225
0.8303370786516854
0.9002808988764045
0.7823033707865169
0.8117977528089888
0.8932584269662921
0.9564606741573034
0.75
0.8980337078651686
0.8564606741573034
0.8601123595505618
0.9241573033707865
0.7901685393258427
0.7997191011235955
0.6693820224719101
0.825
0.9179775280898876
0.8974719101123596
0.9058988764044944
0.8643258426966293
0.8446629213483146
0.7626404494382022
0.8367977528089887
0.8443820224719101
0.7544943820224719
0.7643258426966292
0.8887640449438202
0.8019662921348315
0.7620786516853932
0.9019662921348315
0.9143258426966292
0.9154494382022472
0.8820224719101124
0.8901685393258427
0.8873595505617977
0.9089887640449438
0.6764044943820224
0.7578651685393258
0.7761235955056179
0.8306179775280899
0.8974719101123596
0.7761235955056179
0.7786516853932585
0.8693820224719101
0.7969101123595506
0.6797752808988764
0.8926966292134831
0.8598314606741573
0.8601123595505618
0.8870786516853932
0.8323033707865168
0.7674157303370787
0.8148876404494382
0.8929775280898876
0.8441011235955056
0.8620786516853932
0.950561797752809
0.8567415730337079
0.874438202247191
0.9407303370786517
0.8297752808988764
0.8924157303370787
0.873876404494382
0.6724719101123595
0.8907303370786517
0.8002808988764045
0.8300561797752809
0.7856741573033708
0.7207865168539326
0.7949438202247191
0.9193820224719101
0.7620786516853932
0.8446629213483146
0.9483146067415731
0.7946629213483146
0.6859550561797753
0.9188202247191011
0.7778089887640449
0.8050561797752809
0.8154494382022472
0.8598314606741573
0.8471910112359551
0.744943820224719
0.926123595505618
0.8320224719101124
0.7578651685393258
0.9202247191011236
0.9216292134831461
0.9070224719101123
0.8179775280898877
0.8837078651685393
0.7469101123595505
0.8634831460674157
0.8182584269662921
0.8351123595505618
0.8505617977528089
0.9081460674157303
0.7997191011235955
0.9311797752808989
0.7932584269662921
0.9191011235955057
0.8474719101123596
0.8351123595505618
0.7786516853932585
0.8233146067415731
0.8960674157303371
0.8817415730337078
0.8323033707865168
0.8480337078651685
0.8412921348314607
0.8362359550561798
0.8794943820224719
0.7786516853932585
0.8943820224719101
0.8924157303370787
0.851123595505618
0.8398876404494382
0.8323033707865168
0.7339887640449438
0.8126404494382022
0.8904494382022472
0.7415730337078652
0.8132022471910112
0.8359550561797753
0.8556179775280899
0.9219101123595506
0.8497191011235955
0.7075842696629213
0.8780898876404495
0.746629213483146
0.8994382022471911
0.7542134831460674
0.8044943820224719
0.8789325842696629
0.9098314606741573
0.1404494382022472
0.8876404494382022
0.8845505617977528
0.8101123595505618
0.824438202247191
0.8334269662921349
0.8963483146067416
0.873314606741573
0.8896067415730337
0.7280898876404495
0.9233146067415731
0.8735955056179775
0.8502808988764045
0.7446629213483146
0.8629213483146068
0.9390449438202247
0.7351123595505618
0.9314606741573034
0.9202247191011236
0.9025280898876404
0.8839887640449439
0.8089887640449438
0.8233146067415731
0.9140449438202247
0.8044943820224719
0.6724719101123595
0.7502808988764045
0.8292134831460675
0.9103932584269663
0.8842696629213483
0.9028089887640449
0.9278089887640449
0.7480337078651685
0.7851123595505618
0.8620786516853932
0.8379213483146067
0.8550561797752809
0.9098314606741573
0.7691011235955056
0.7573033707865169
0.748314606741573
0.7443820224719101
0.6382022471910113
0.9014044943820225
0.776685393258427
0.8603932584269663
0.9042134831460674
0.8384831460674157
0.8893258426966292
0.8030898876404494
0.9162921348314607
0.7724719101123596
0.8415730337078652
0.9196629213483146
0.7452247191011236
0.8887640449438202
0.7632022471910113
0.8308988764044943
0.8890449438202247
0.8991573033707865
0.0005617977528089888
0.8058988764044944
0.8623595505617978
0.8058988764044944
0.9401685393258427
0.8053370786516854
0.821067415730337
0.8311797752808989
0.11544943820224719
0.9615168539325842
0.7202247191011236
0.8306179775280899
0.8008426966292135
0.7623595505617977
0.9140449438202247
0.8345505617977528
0.8977528089887641
0.9162921348314607
0.9123595505617977
0.8921348314606742
0.823876404494382
0.6971910112359551
0.8519662921348314
0.8485955056179775
0.8435393258426966
0.926123595505618
0.7519662921348315
0.8530898876404495
0.7457865168539326
0.8912921348314606
0.7522471910112359
0.9146067415730337
0.8533707865168539
0.7401685393258427
0.9317415730337079
0.7811797752808989
0.8317415730337079
0.8935393258426966
0.8957865168539326
0.8289325842696629
0.8609550561797753
0.8053370786516854
0.9412921348314607
0.8176966292134832
0.8556179775280899
0.9457865168539326
0.8775280898876404
0.8221910112359551
0.7887640449438202
0.8814606741573033
0.7882022471910113
0.8429775280898877
0.8092696629213483
0.9165730337078651
0.8702247191011236
0.7668539325842697
0.8030898876404494
0.8629213483146068
0.9123595505617977
0.95
0.7648876404494382
0.9078651685393259
0.9331460674157304
0.8907303370786517
0.6859550561797753
0.8775280898876404
0.8887640449438202
0.7519662921348315
0.5289325842696629
0.7915730337078651
0.7794943820224719
0.8382022471910112
0.8480337078651685
0.7589887640449439
0.7539325842696629
0.8724719101123596
0.878370786516854
0.8792134831460674
0.8589887640449438
0.7707865168539326
0.8407303370786516
0.9438202247191011
0.8193820224719102
0.9154494382022472
0.8025280898876405
0.8351123595505618
0.8935393258426966
0.7193820224719101
0.8132022471910112
0.927247191011236
0.8963483146067416
0.8943820224719101
0.848314606741573
0.875561797752809
0.9120786516853933
0.8865168539325843
0.7058988764044943
0.846629213483146
0.8449438202247191
0.8233146067415731
0.7744382022471911
0.7688202247191012
0.7747191011235955
0.9140449438202247
0.9334269662921348
0.8087078651685393
0.8946629213483146
0.8202247191011236
0.9030898876404494
0.8693820224719101
0.6800561797752809
0.9185393258426966
0.7980337078651686
0.7424157303370786
0.8997191011235955
0.8564606741573034
0.9
0.9042134831460674
0.7910112359550562
0.9109550561797752
0.800561797752809
0.8573033707865169
0.8612359550561798
0.8747191011235955
0.8724719101123596
0.8536516853932584
0.7808988764044944
0.9286516853932584
0.9280898876404494
0.9314606741573034
0.873876404494382
0.9120786516853933
0.9283707865168539
0.7626404494382022
0.7879213483146067
0.8101123595505618
0.4157303370786517
0.9019662921348315
0.8632022471910112
0.8573033707865169
0.8634831460674157
0.9376404494382022
0.7303370786516854
0.8747191011235955
0.903370786516854
0.7182584269662922
0.8432584269662922
0.7525280898876404
0.8502808988764045
0.8087078651685393
0.8342696629213483
0.8643258426966293
0.7039325842696629
0.8365168539325842
0.8932584269662921
0.7696629213483146
0.7570224719101124
0.9398876404494382
0.7300561797752809
0.7974719101123595
0.8008426966292135
0.7396067415730337
0.800561797752809
0.8219101123595506
0.8935393258426966
0.7578651685393258
0.8370786516853933
0.8814606741573033
0.8637640449438202
0.900561797752809
0.8120786516853933
0.9053370786516854
0.9441011235955056
0.7797752808988764
0.7775280898876404
0.7196629213483146
0.9154494382022472
0.8367977528089887
0.9120786516853933
0.9176966292134832
0.9019662921348315
0.7612359550561798
0.6890449438202247
0.7432584269662922
0.8042134831460674
0.7814606741573034
0.8123595505617978
0.8853932584269663
0.8629213483146068
0.900561797752809
0.8126404494382022
0.848314606741573
0.8654494382022472
0.8362359550561798
0.8561797752808988
0.7339887640449438
0.0005617977528089888
0.8609550561797753
0.9755617977528089
0.8359550561797753
0.8224719101123595
0.8202247191011236
0.7508426966292134
0.952808988764045
0.8966292134831461
0.8303370786516854
0.7848314606741573
0.8337078651685393
0.8174157303370787
0.6724719101123595
0.8202247191011236
0.8480337078651685
0.7823033707865169
0.8952247191011236
0.922752808988764
0.8463483146067415
0.8713483146067416
0.14325842696629212
0.8542134831460674
0.7870786516853933
0.8247191011235955
0.8938202247191012
0.825561797752809
0.8025280898876405
0.7941011235955057
0.847752808988764
0.8061797752808989
0.7323033707865169
0.8117977528089888
0.8418539325842697
0.7915730337078651
0.8575842696629213
0.8901685393258427
0.8367977528089887
0.7325842696629213
0.8598314606741573
0.7269662921348314
0.8325842696629213
0.8410112359550562
0.9382022471910112
0.8935393258426966
0.800561797752809
0.9
0.8646067415730337
0.8393258426966292
0.8581460674157303
0.9348314606741573
0.8589887640449438
0.926123595505618
0.9401685393258427
0.95
0.9216292134831461
0.8126404494382022
0.8862359550561798
0.8533707865168539
0.8126404494382022
0.8665730337078652
0.9328651685393259
0.9095505617977528
0.9188202247191011
0.8966292134831461
0.8789325842696629
0.9379213483146067
0.8042134831460674
0.8480337078651685
0.9457865168539326
0.8721910112359551
0.7328651685393258
0.9157303370786517
0.7508426966292134
0.7384831460674157
0.8994382022471911
0.7969101123595506
0.9359550561797753
0.9064606741573034
0.8300561797752809
0.8643258426966293
0.85
0.8887640449438202
0.8679775280898876
0.925561797752809
0.8963483146067416
0.9185393258426966
0.8404494382022472
0.7960674157303371
0.9435393258426966
0.721629213483146
0.9317415730337079
0.7165730337078652
0.8957865168539326
0.7174157303370786
0.8966292134831461
0.8078651685393259
0.7769662921348315
0.9603932584269663
0.898314606741573
0.8780898876404495
0.7384831460674157
0.8373595505617978
0.7901685393258427
0.7921348314606742
0.9061797752808989
0.847752808988764
0.7901685393258427
0.8120786516853933
0.9019662921348315
0.8713483146067416
0.8497191011235955
0.7929775280898876
0.8837078651685393
0.8643258426966293
0.6969101123595506
0.9317415730337079
0.797752808988764
0.898314606741573
0.871629213483146
0.8941011235955056
0.9317415730337079
0.9466292134831461
0.9258426966292135
0.8067415730337079
0.8502808988764045
0.7912921348314607
0.9084269662921348
0.7727528089887641
0.9705056179775281
0.7943820224719101
0.8300561797752809
0.8587078651685394
0.9168539325842696
0.7744382022471911
0.9143258426966292
0.7921348314606742
0.8780898876404495
0.8365168539325842
0.7713483146067416
0.9348314606741573
0.8095505617977528
0.773314606741573
0.8137640449438203
0.7884831460674158
0.8002808988764045
0.8348314606741573
0.8797752808988764
0.6196629213483146
0.6983146067415731
0.8550561797752809
0.9331460674157304
0.7654494382022472
0.8120786516853933
0.7963483146067416
0.8328651685393258
0.8064606741573034
0.6907303370786517
0.7800561797752809
0.9266853932584269
0.8224719101123595
0.7620786516853932
0.7446629213483146
0.9002808988764045
0.8831460674157303
0.7707865168539326
0.878370786516854
0.9230337078651686
0.8396067415730337
0.8820224719101124
0.7188202247191011
0.8682584269662922
0.869943820224719
0.75
0.9651685393258427
0.8165730337078652
0.8730337078651685
0.8595505617977528
0.8946629213483146
0.9042134831460674
0.9370786516853933
0.8575842696629213
0.9480337078651685
0.7390449438202247
0.9629213483146067
0.9345505617977528
0.7401685393258427
0.8129213483146067
0.8693820224719101
0.799438202247191
0.8803370786516854
0.9536516853932584
0.8643258426966293
0.8592696629213483
0.8803370786516854
0.7480337078651685
0.8351123595505618
0.9078651685393259
0.9011235955056179
0.7199438202247191
0.923876404494382
0.8688202247191011
0.6682584269662921
0.9469101123595506
0.8817415730337078
0.9115168539325843
0.9376404494382022
0.8564606741573034
0.7592696629213483
0.8682584269662922
0.8078651685393259
0.8182584269662921
0.8101123595505618
0.4443820224719101
0.927247191011236
0.8727528089887641
0.9438202247191011
0.7884831460674158
0.8120786516853933
0.7424157303370786
0.7553370786516854
0.8792134831460674
0.8530898876404495
0.755056179775281
0.9286516853932584
0.7676966292134831
0.726123595505618
0.0016853932584269663
0.7547752808988764
0.9134831460674158
0.8449438202247191
0.7455056179775281
0.8019662921348315
0.8764044943820225
0.8817415730337078
0.8974719101123596
0.8904494382022472
0.8460674157303371
0.8480337078651685
0.922752808988764
0.847752808988764
0.85
0.7764044943820225
0.8317415730337079
0.9064606741573034
0.803932584269663
0.7654494382022472
0.9713483146067415
0.8356741573033708
0.8
0.7544943820224719
0.9019662921348315
0.898876404494382
0.9140449438202247
0.8542134831460674
0.8741573033707866
0.8758426966292134
0.9370786516853933
0.725
0.7117977528089887
0.9553370786516854
0.9129213483146067
0.8443820224719101
0.8143258426966292
0.7941011235955057
0.8356741573033708
0.8530898876404495
0.8671348314606742
0.8370786516853933
0.8587078651685394
0.9171348314606742
0.773876404494382
0.7474719101123596
0.8522471910112359
0.8345505617977528
0.869943820224719
0.9179775280898876
0.8148876404494382
0.9351123595505618
0.8533707865168539
0.7404494382022472
0.7806179775280899
0.8297752808988764
0.7957865168539325
0.8915730337078651
0.7719101123595505
0.8606741573033708
0.873876404494382
0.898314606741573
0.9564606741573034
0.846629213483146
0.8966292134831461
0.847752808988764
0.7713483146067416
0.7432584269662922
0.9325842696629213
0.9646067415730337
0.848314606741573
0.8362359550561798
0.8
0.9258426966292135
0.8323033707865168
0.8806179775280899
0.7384831460674157
0.9196629213483146
0.9351123595505618
0.9443820224719102
0.7519662921348315
0.7640449438202247
0.7837078651685393
0.8671348314606742
0.8904494382022472
0.8567415730337079
0.8469101123595506
0.9258426966292135
0.7632022471910113
0.8896067415730337
0.8070224719101123
0.8053370786516854
0.927247191011236
0.9140449438202247
0.6696629213483146
0.8780898876404495
0.47162921348314607
0.873314606741573
0.8724719101123596
0.9182584269662921
0.8196629213483146
0.8612359550561798
0.9452247191011236
0.8904494382022472
0.7786516853932585
0.9530898876404494
0.8491573033707865
0.8553370786516854
0.7946629213483146
0.7620786516853932
0.7519662921348315
0.7859550561797752
0.9176966292134832
0.8460674157303371
0.770505617977528
0.9679775280898877
0.9151685393258427
0.8564606741573034
0.8926966292134831
0.9095505617977528
0.8997191011235955
0.900561797752809
0.8969101123595505
0.7932584269662921
0.8834269662921348
0.897191011235955
0.8424157303370786
0.8890449438202247
0.16348314606741574
0.7581460674157303
0.8853932584269663
0.8601123595505618
0.9247191011235955
0.9058988764044944
0.8918539325842697
0.9342696629213483
0.8435393258426966
0.9306179775280898
0.8862359550561798
0.6780898876404494
0.8901685393258427
0.8550561797752809
0.8202247191011236
0.7497191011235955
0.9174157303370787
0.8589887640449438
0.9393258426966292
0.6865168539325842
0.798876404494382
0.9168539325842696
0.17640449438202246
0.8803370786516854
0.851685393258427
0.8120786516853933
0.8901685393258427
0.8853932584269663
0.9634831460674157
0.7443820224719101
0.8396067415730337
0.9151685393258427
0.9235955056179775
0.7851123595505618
0.871629213483146
0.8949438202247191
0.8949438202247191
0.8553370786516854
0.7553370786516854
0.8966292134831461
0.798876404494382
0.6884831460674158
0.8393258426966292
0.6719101123595506
0.8151685393258427
0.8370786516853933
0.8233146067415731
0.925561797752809
0.8213483146067416
0.797191011235955
0.7654494382022472
0.8963483146067416
0.7910112359550562
0.7876404494382022
0.8207865168539326
0.8592696629213483
0.8901685393258427
0.8808988764044944
0.823876404494382
0.9502808988764045
0.9115168539325843
0.9410112359550562
0.8061797752808989
0.7300561797752809
0.7924157303370787
0.8564606741573034
0.8991573033707865
0.7292134831460674
0.9516853932584269
0.8578651685393258
0.8435393258426966
0.7522471910112359
0.8148876404494382
0.7542134831460674
0.8233146067415731
0.8671348314606742
0.8362359550561798
0.7952247191011236
0.8410112359550562
0.9424157303370787
0.8811797752808989
0.8348314606741573
0.7960674157303371
0.7376404494382023
0.7668539325842697
0.8620786516853932
0.9213483146067416
0.8266853932584269
0.7786516853932585
0.8519662921348314
0.8985955056179775
0.8882022471910113
0.8907303370786517
0.8056179775280898
0.900561797752809
0.8474719101123596
0.847752808988764
0.8514044943820225
0.8803370786516854
0.8929775280898876
0.895505617977528
0.8073033707865168
0.9570224719101124
0.8837078651685393
0.7741573033707865
0.9398876404494382
0.699438202247191
0.8418539325842697
0.8932584269662921
0.8485955056179775
0.9561797752808989
0.9058988764044944
0.9042134831460674
0.8323033707865168
0.8592696629213483
0.9412921348314607
0.8533707865168539
0.7713483146067416
0.775
0.8960674157303371
0.8910112359550562
0.7938202247191011
0.880056179775281
0.47921348314606743
0.8112359550561797
0.7314606741573034
0.9314606741573034
0.8320224719101124
0.876123595505618
0.9280898876404494
0.9078651685393259
0.8373595505617978
0.6955056179775281
0.8393258426966292
0.9292134831460674
0.9036516853932585
0.9064606741573034
0.8584269662921349
0.8592696629213483
0.8491573033707865
0.7528089887640449
0.8410112359550562
0.7286516853932584
0.8735955056179775
0.7800561797752809
0.8449438202247191
0.8598314606741573
0.7926966292134832
0.8185393258426966
0.8542134831460674
0.7834269662921348
0.9042134831460674
0.8606741573033708
0.7676966292134831
0.9328651685393259
0.8441011235955056
0.7477528089887641
0.8935393258426966
0.8359550561797753
0.7980337078651686
0.8303370786516854
0.7935393258426966
0.8151685393258427
0.8648876404494382
0.6353932584269663
0.8584269662921349
0.9382022471910112
0.9362359550561797
0.873876404494382
0.8662921348314607
0.9193820224719101
0.8140449438202247
0.8702247191011236
0.7719101123595505
0.7367977528089887
0.7558988764044944
0.8820224719101124
0.8401685393258427
0.7584269662921348
0.6185393258426967
0.7460674157303371
0.9095505617977528
0.8707865168539326
0.7870786516853933
0.9148876404494382
0.8412921348314607
0.8938202247191012
0.9393258426966292
0.8407303370786516
0.601123595505618
0.8974719101123596
0.7224719101123596
0.9705056179775281
0.7803370786516854
0.7491573033707866
0.7848314606741573
0.8171348314606741
0.7879213483146067
0.8924157303370787
0.7769662921348315
0.8530898876404495
0.8792134831460674
0.9120786516853933
0.7463483146067416
0.7735955056179775
0.09887640449438202
0.8140449438202247
0.9039325842696629
0.898314606741573
0.8398876404494382
0.8873595505617977
0.7955056179775281
0.8342696629213483
0.7129213483146067
0.800561797752809
0.7882022471910113
0.6693820224719101
0.8991573033707865
0.8084269662921348
0.8356741573033708
0.8977528089887641
0.8859550561797753
0.9196629213483146
0.8963483146067416
0.8140449438202247
0.8741573033707866
0.8471910112359551
0.8595505617977528
0.8834269662921348
0.8115168539325842
0.8429775280898877
0.8053370786516854
0.7300561797752809
0.8963483146067416
0.826123595505618
0.7317415730337079
0.8803370786516854
0.8904494382022472
0.7915730337078651
0.8617977528089887
0.7867977528089888
0.8530898876404495
0.7665730337078651
0.8848314606741573
0.7856741573033708
0.9134831460674158
0.9615168539325842
0.7820224719101123
0.7289325842696629
0.9011235955056179
0.7592696629213483
0.8957865168539326
0.8533707865168539
0.7710674157303371
0.9337078651685393
0.8101123595505618
0.8432584269662922
0.9292134831460674
0.7536516853932584
0.8176966292134832
0.8803370786516854
0.8106741573033708
0.9306179775280898
0.8859550561797753
0.8957865168539326
0.9373595505617978
0.7095505617977528
0.7033707865168539
0.950561797752809
0.8235955056179776
0.8612359550561798
0.8323033707865168
0.7727528089887641
0.8331460674157304
0.9196629213483146
0.9028089887640449
0.8848314606741573
0.8033707865168539
0.9148876404494382
0.9185393258426966
0.8193820224719102
0.8002808988764045
0.8845505617977528
0.8803370786516854
0.3
0.6929775280898877
0.7435393258426967
0.7943820224719101
0.8584269662921349
0.8252808988764045
0.8241573033707865
0.9126404494382022
0.8637640449438202
0.8921348314606742
0.8286516853932584
0.852808988764045
0.8587078651685394
0.7884831460674158
0.75
0.926123595505618
0.8216292134831461
0.9168539325842696
0.8789325842696629
0.8921348314606742
0.7761235955056179
0.9112359550561798
0.798876404494382
0.8502808988764045
0.8019662921348315
0.8120786516853933
0.8730337078651685
0.8379213483146067
0.8089887640449438
0.9676966292134831
0.898876404494382
0.9407303370786517
0.8721910112359551
0.8648876404494382
0.8893258426966292
0.9154494382022472
0.6480337078651686
0.9036516853932585
0.8522471910112359
0.9334269662921348
0.8401685393258427
0.8786516853932584
0.9407303370786517
0.7831460674157303
0.7915730337078651
0.6584269662921348
0.8432584269662922
0.9286516853932584
0.8460674157303371
0.7884831460674158
0.7519662921348315
0.8637640449438202
0.8157303370786517
0.8561797752808988
0.8907303370786517
0.8292134831460675
0.8342696629213483
0.8185393258426966
0.7199438202247191
0.9643258426966292
0.9075842696629214
0.9019662921348315
0.775
0.8985955056179775
0.8514044943820225
0.8508426966292135
0.7589887640449439
0.7741573033707865
0.8432584269662922
0.9028089887640449
0.898314606741573
0.7941011235955057
0.8345505617977528
0.849438202247191
0.7898876404494382
0.8019662921348315
0.8115168539325842
0.9483146067415731
0.7367977528089887
0.7952247191011236
0.8339887640449438
0.7955056179775281
0.8890449438202247
0.8317415730337079
0.8182584269662921
0.798876404494382
0.9
0.7966292134831461
0.9278089887640449
0.8415730337078652
0.7991573033707865
0.7393258426966293
0.849438202247191
0.7632022471910113
0.6946629213483146
0.7589887640449439
0.7050561797752809
0.8294943820224719
0.6342696629213483
0.7997191011235955
0.7632022471910113
0.8294943820224719
0.8182584269662921
0.7848314606741573
0.8727528089887641
0.9280898876404494
0.9752808988764045
0.7471910112359551
0.8629213483146068
0.85
0.8873595505617977
0.9151685393258427
0.7589887640449439
0.9075842696629214
0.6938202247191011
0.8907303370786517
0.7612359550561798
0.8522471910112359
0.9210674157303371
0.8856741573033707
0.9075842696629214
0.9323033707865168
0.9426966292134832
0.8901685393258427
0.8300561797752809
0.7949438202247191
0.6724719101123595
0.826123595505618
0.9379213483146067
0.950561797752809
0.8929775280898876
0.876685393258427
0.7657303370786517
0.8036516853932584
0.952808988764045
0.8275280898876405
0.7747191011235955
0.8502808988764045
0.8623595505617978
0.8351123595505618
0.8002808988764045
0.849438202247191
0.8842696629213483
0.8592696629213483
0.903370786516854
0.8320224719101124
0.8890449438202247
0.8794943820224719
0.9058988764044944
0.7570224719101124
0.9134831460674158
0.8443820224719101
0.7912921348314607
0.8893258426966292
0.7682584269662921
0.9098314606741573
0.9053370786516854
0.925561797752809
0.8668539325842697
0.7887640449438202
0.8514044943820225
0.8536516853932584
0.9606741573033708
0.8893258426966292
0.9224719101123595
0.8449438202247191
0.848314606741573
0.8949438202247191
0.8078651685393259
0.8867977528089888
0.9137640449438202
0.9207865168539325
0.9123595505617977
0.8595505617977528
0.9311797752808989
0.8530898876404495
0.8662921348314607
0.8089887640449438
0.8623595505617978
0.8935393258426966
0.8424157303370786
0.8598314606741573
0.8820224719101124
0.6842696629213483
0.8488764044943821
0.8915730337078651
0.7856741573033708
0.8033707865168539
0.7997191011235955
0.9418539325842696
0.7570224719101124
0.7814606741573034
0.8331460674157304
0.37275280898876406
0.8337078651685393
0.7893258426966292
0.7679775280898876
0.7969101123595506
0.20898876404494382
0.8370786516853933
0.8848314606741573
0.9112359550561798
0.8126404494382022
0.8252808988764045
0.8879213483146068
0.7845505617977528
0.8311797752808989
0.8508426966292135
0.8834269662921348
0.8387640449438202
0.7691011235955056
0.8707865168539326
0.7800561797752809
0.9269662921348315
0.8893258426966292
0.7764044943820225
0.9219101123595506
0.7853932584269663
0.9028089887640449
0.8033707865168539
0.49887640449438203
0.9030898876404494
0.8028089887640449
0.9252808988764045
0.8966292134831461
0.7002808988764045
0.8713483146067416
0.8556179775280899
0.9258426966292135
0.8
0.724438202247191
0.9429775280898877
0.9067415730337078
0.9081460674157303
0.7561797752808989
0.8640449438202247
0.9179775280898876
0.8825842696629214
0.8182584269662921
0.6971910112359551
0.7272471910112359
0.8098314606741573
0.9075842696629214
0.8573033707865169
0.9530898876404494
0.8867977528089888
0.9300561797752809
0.8174157303370787
0.8980337078651686
0.9213483146067416
0.8780898876404495
0.8491573033707865
0.928932584269663
0.876123595505618
0.6932584269662921
0.1592696629213483
0.726123595505618
0.8258426966292135
0.9407303370786517
0.947752808988764
0.8654494382022472
0.799438202247191
0.8275280898876405
0.8584269662921349
0.9025280898876404
0.7848314606741573
0.926123595505618
0.8151685393258427
0.9393258426966292
0.8480337078651685
0.9606741573033708
0.8856741573033707
0.7382022471910112
0.7817415730337078
0.7339887640449438
0.8581460674157303
0.9581460674157304
0.8446629213483146
0.8606741573033708
0.8994382022471911
0.8904494382022472
0.9014044943820225
0.8609550561797753
0.8912921348314606
0.8825842696629214
0.7792134831460674
0.9058988764044944
0.8300561797752809
0.8845505617977528
0.9384831460674158
0.31797752808988766
0.8160112359550562
0.7193820224719101
0.9379213483146067
0.7991573033707865
0.9073033707865169
0.8426966292134831
0.7578651685393258
0.8929775280898876
0.7935393258426966
0.7365168539325843
0.8932584269662921
0.753370786516854
0.6803370786516854
0.7932584269662921
0.8764044943820225
0.8918539325842697
0.8199438202247191
0.8912921348314606
0.8067415730337079
0.7991573033707865
0.7983146067415731
0.8050561797752809
0.9030898876404494
0.898314606741573
0.7651685393258427
0.7780898876404494
0.8455056179775281
0.901685393258427
0.7168539325842697
0.8671348314606742
0.9421348314606741
0.7002808988764045
0.7047752808988764
0.8851123595505618
0.8331460674157304
0.8165730337078652
0.9056179775280899
0.7485955056179775
0.8365168539325842
0.8654494382022472
0.8303370786516854
0.8157303370786517
0.9662921348314607
0.8938202247191012
0.8806179775280899
0.9233146067415731
0.9421348314606741
0.8174157303370787
0.8283707865168539
0.924438202247191
0.9151685393258427
0.9058988764044944
0.7884831460674158
0.949438202247191
0.7567415730337078
0.9429775280898877
0.7356741573033708
0.9216292134831461
0.848314606741573
0.726123595505618
0.903370786516854
0.7702247191011236
0.8735955056179775
0.6502808988764045
0.8132022471910112
0.5974719101123596
0.8193820224719102
0.9235955056179775
0.7584269662921348
0.8370786516853933
0.6632022471910113
0.8620786516853932
0.8634831460674157
0.7657303370786517
0.8365168539325842
0.7817415730337078
0.8674157303370786
0.8092696629213483
0.7842696629213484
0.900561797752809
0.7567415730337078
0.9098314606741573
0.8817415730337078
0.801123595505618
0.8219101123595506
0.8719101123595505
0.8474719101123596
0.8912921348314606
0.8221910112359551
0.9219101123595506
0.8146067415730337
0.9011235955056179
0.9205056179775281
0.8547752808988764
0.8676966292134831
0.773876404494382
0.821067415730337
0.7297752808988764
0.9182584269662921
0.6272471910112359
0.827808988764045
0.8834269662921348
0.7376404494382023
0.9176966292134832
0.8297752808988764
0.869943820224719
0.9230337078651686
0.75
0.8851123595505618
0.6634831460674158
0.9115168539325843
0.9252808988764045
0.8623595505617978
0.7724719101123596
0.8109550561797753
0.7966292134831461
0.9140449438202247
0.8014044943820224
0.7542134831460674
0.8047752808988764
0.7356741573033708
0.8859550561797753
0.653370786516854
0.8865168539325843
0.8151685393258427
0.8061797752808989
0.9230337078651686
0.8977528089887641
0.8160112359550562
0.8283707865168539
0.9064606741573034
0.8098314606741573
0.9109550561797752
0.7556179775280899
0.8890449438202247
0.7856741573033708
0.9328651685393259
0.8002808988764045
0.8171348314606741
0.8365168539325842
0.8471910112359551
0.7617977528089888
0.9367977528089888
0.775
0.8969101123595505
0.9258426966292135
0.7870786516853933
0.8929775280898876
0.8188202247191011
0.9432584269662921
0.7828651685393259
0.8828651685393258
0.8146067415730337
0.8693820224719101
0.9581460674157304
0.9143258426966292
0.6963483146067416
0.8429775280898877
0.8117977528089888
0.9514044943820225
0.9356741573033708
0.8662921348314607
0.7337078651685394
0.9050561797752809
0.8573033707865169
0.869943820224719
0.8407303370786516
0.901685393258427
0.7797752808988764
0.9126404494382022
0.8269662921348314
0.7508426966292134
0.8817415730337078
0.746629213483146
0.6617977528089888
0.9345505617977528
0.7589887640449439
0.7325842696629213
0.9061797752808989
0.9634831460674157
0.8412921348314607
0.8199438202247191
0.7311797752808988
0.8575842696629213
0.95
0.8061797752808989
0.8435393258426966
0.8882022471910113
0.8396067415730337
0.8601123595505618
0.8117977528089888
0.8070224719101123
0.827247191011236
0.8449438202247191
0.8907303370786517
0.8132022471910112
0.8752808988764045
0.849438202247191
0.7570224719101124
0.7665730337078651
0.8752808988764045
0.8623595505617978
0.7485955056179775
0.7573033707865169
0.8558988764044944
0.9202247191011236
0.8491573033707865
0.798876404494382
0.6278089887640449
0.9050561797752809
0.8314606741573034
0.6896067415730337
0.8772471910112359
0.7828651685393259
0.8522471910112359
0.9140449438202247
0.8508426966292135
0.8286516853932584
0.9471910112359551
0.7997191011235955
0.873876404494382
0.8859550561797753
0.9084269662921348
0.8977528089887641
0.7915730337078651
0.8828651685393258
0.7592696629213483
0.7323033707865169
0.824438202247191
0.8314606741573034
0.8398876404494382
0.7617977528089888
0.7213483146067415
0.8435393258426966
0.8963483146067416
0.7264044943820225
0.7598314606741573
0.0005617977528089888
0.9101123595505618
0.7573033707865169
0.9154494382022472
0.9345505617977528
0.8991573033707865
0.9384831460674158
0.8432584269662922
0.6682584269662921
0.9095505617977528
0.9258426966292135
0.9042134831460674
0.8129213483146067
0.8839887640449439
0.9224719101123595
0.7646067415730337
0.7134831460674157
0.8505617977528089
0.8207865168539326
0.7337078651685394
0.8058988764044944
0.9629213483146067
0.898876404494382
0.923876404494382
0.8146067415730337
0.8969101123595505
0.8502808988764045
0.5764044943820225
0.9011235955056179
0.8564606741573034
0.8266853932584269
0.8154494382022472
0.8337078651685393
0.7070224719101124
0.8275280898876405
0.7337078651685394
0.8969101123595505
0.9188202247191011
0.8705056179775281
0.875561797752809
0.7691011235955056
0.7831460674157303
0.724438202247191
0.9634831460674157
0.8480337078651685
0.7890449438202247
0.9039325842696629
0.9556179775280899
0.8176966292134832
0.8648876404494382
0.8283707865168539
0.8702247191011236
0.7744382022471911
0.8893258426966292
0.7997191011235955
0.7817415730337078
0.8691011235955056
0.9210674157303371
0.8724719101123596
0.9401685393258427
0.8075842696629213
0.8977528089887641
0.7019662921348314
0.8626404494382023
0.8
0.8182584269662921
0.8168539325842696
0.9328651685393259
0.848314606741573
0.7898876404494382
0.8960674157303371
0.8140449438202247
0.8721910112359551
0.7452247191011236
0.8367977528089887
0.8174157303370787
0.7042134831460675
0.9387640449438203
0.7567415730337078
0.8047752808988764
0.8533707865168539
0.8730337078651685
0.8126404494382022
0.8480337078651685
0.9258426966292135
0.8143258426966292
0.9039325842696629
0.9721910112359551
0.8266853932584269
0.9011235955056179
0.8808988764044944
0.8558988764044944
0.8294943820224719
0.8525280898876404
0.8702247191011236
0.8825842696629214
0.6528089887640449
0.9415730337078652
0.42528089887640447
0.8387640449438202
0.8176966292134832
0.8617977528089887
0.9160112359550562
0.8977528089887641
0.7870786516853933
0.14410112359550561
0.8174157303370787
0.9441011235955056
0.9089887640449438
0.7685393258426966
0.8741573033707866
0.7907303370786517
0.7297752808988764
0.8963483146067416
0.8735955056179775
0.8584269662921349
0.7960674157303371
0.8845505617977528
0.8884831460674157
0.8457865168539326
0.753370786516854
0.8924157303370787
0.7741573033707865
0.9014044943820225
0.8530898876404495
0.7912921348314607
0.797752808988764
0.8306179775280899
0.6876404494382022
0.9317415730337079
0.7839887640449438
0.8258426966292135
0.9067415730337078
0.7825842696629214
0.7907303370786517
0.7966292134831461
0.8188202247191011
0.8191011235955056
0.9168539325842696
0.8412921348314607
0.8053370786516854
0.7980337078651686
0.8682584269662922
0.8859550561797753
0.7862359550561798
0.8117977528089888
0.8317415730337079
0.778370786516854
0.8070224719101123
0.8356741573033708
0.8134831460674158
0.8230337078651685
0.8991573033707865
0.9120786516853933
0.8907303370786517
0.8460674157303371
0.8196629213483146
0.8657303370786517
0.7182584269662922
0.9028089887640449
0.9219101123595506
0.8264044943820225
0.9098314606741573
0.8896067415730337
0.8769662921348315
0.8533707865168539
0.876123595505618
0.6612359550561798
0.7758426966292135
0.7676966292134831
0.8075842696629213
0.8910112359550562
0.8028089887640449
0.7727528089887641
0.873314606741573
0.8328651685393258
0.873876404494382
0.898876404494382
0.8137640449438203
0.9115168539325843
0.928932584269663
0.6662921348314607
0.822752808988764
0.8084269662921348
0.9092696629213484
0.8165730337078652
0.9775280898876404
0.7317415730337079
0.8264044943820225
0.8078651685393259
0.9025280898876404
0.8120786516853933
0.746629213483146
0.7679775280898876
0.8404494382022472
0.9581460674157304
0.7303370786516854
0.8623595505617978
0.8
0.7786516853932585
0.9098314606741573
0.9396067415730337
0.10112359550561797
0.8808988764044944
0.8803370786516854
0.8095505617977528
0.827808988764045
0.7730337078651686
0.7146067415730337
0.8362359550561798
0.8747191011235955
0.723314606741573
0.897191011235955
0.6424157303370787
0.878370786516854
0.8393258426966292
0.8589887640449438
0.8693820224719101
0.7893258426966292
0.9058988764044944
0.7696629213483146
0.175561797752809
0.9533707865168539
0.8092696629213483
0.9115168539325843
0.8396067415730337
0.7879213483146067
0.8036516853932584
0.8575842696629213
0.7935393258426966
0.9300561797752809
0.9455056179775281
0.7811797752808989
0.14662921348314606
0.848314606741573
0.851685393258427
0.7426966292134831
0.8845505617977528
0.9053370786516854
0.8098314606741573
0.8081460674157304
0.8969101123595505
0.924438202247191
0.876685393258427
0.8233146067415731
0.7455056179775281
0.8550561797752809
0.852808988764045
0.8432584269662922
0.848314606741573
0.8808988764044944
0.7676966292134831
0.8404494382022472
0.7935393258426966
0.9202247191011236
0.8446629213483146
0.9134831460674158
0.8707865168539326
0.8792134831460674
0.8030898876404494
0.8539325842696629
0.9224719101123595
0.9441011235955056
0.9441011235955056
0.8991573033707865
0.9123595505617977
0.7789325842696629
0.799438202247191
0.7828651685393259
0.9328651685393259
0.7070224719101124
0.8564606741573034
0.8303370786516854
0.13764044943820225
0.8595505617977528
0.9171348314606742
0.8615168539325843
0.9390449438202247
0.8073033707865168
0.7800561797752809
0.9061797752808989
0.7160112359550562
0.9429775280898877
0.8960674157303371
0.9393258426966292
0.8769662921348315
0.8269662921348314
0.874438202247191
0.8323033707865168
0.8612359550561798
0.8314606741573034
0.8233146067415731
0.7941011235955057
0.8328651685393258
0.8817415730337078
0.8907303370786517
0.7297752808988764
0.8092696629213483
0.854494382022472
0.7898876404494382
0.8202247191011236
0.8918539325842697
0.8460674157303371
0.8176966292134832
0.7997191011235955
0.8446629213483146
0.8519662921348314
0.7955056179775281
0.8129213483146067
0.7974719101123595
0.9087078651685393
0.8966292134831461
0.8952247191011236
0.8634831460674157
0.8303370786516854
0.7786516853932585
0.8825842696629214
0.827247191011236
0.9078651685393259
0.8769662921348315
0.9362359550561797
0.8300561797752809
0.9126404494382022
0.7311797752808988
0.8337078651685393
0.8353932584269663
0.7328651685393258
0.8870786516853932
0.9283707865168539
0.7601123595505618
0.8820224719101124
0.8390449438202248
0.8702247191011236
0.7612359550561798
0.9011235955056179
0.8530898876404495
0.8758426966292134
0.7014044943820225
0.8002808988764045
0.9168539325842696
0.9373595505617978
0.8662921348314607
0.8123595505617978
0.7615168539325843
0.8289325842696629
0.8587078651685394
0.9179775280898876
0.7884831460674158
0.8643258426966293
0.7938202247191011
0.8724719101123596
0.8671348314606742
0.9098314606741573
0.7696629213483146
0.8415730337078652
0.8308988764044943
0.9112359550561798
0.8674157303370786
0.9533707865168539
0.8651685393258427
0.7938202247191011
0.5811797752808989
0.8112359550561797
0.8376404494382023
0.8957865168539326
0.8117977528089888
0.871629213483146
0.8
0.9014044943820225
0.8497191011235955
0.8508426966292135
0.8882022471910113
0.729494382022472
0.7578651685393258
0.9115168539325843
0.7424157303370786
0.8429775280898877
0.7949438202247191
0.8129213483146067
0.7629213483146068
0.9098314606741573
0.897191011235955
0.8921348314606742
0.9252808988764045
0.6932584269662921
0.873876404494382
0.7362359550561798
0.8898876404494382
0.7193820224719101
0.7314606741573034
0.8292134831460675
0.7820224719101123
0.2696629213483146
0.9199438202247191
0.827247191011236
0.7901685393258427
0.8213483146067416
0.9685393258426966
0.8370786516853933
0.9786516853932584
0.8957865168539326
0.8258426966292135
0.7674157303370787
0.8452247191011236
0.8561797752808988
0.8070224719101123
0.9446629213483146
0.9058988764044944
0.7867977528089888
0.9039325842696629
0.9134831460674158
0.7081460674157304
0.9516853932584269
0.8803370786516854
0.8587078651685394
0.8362359550561798
0.744943820224719
0.8157303370786517
0.8991573033707865
0.8974719101123596
0.8522471910112359
0.9438202247191011
0.7769662921348315
0.7707865168539326
0.7873595505617977
0.7960674157303371
0.7834269662921348
0.7376404494382023
0.7865168539325843
0.8219101123595506
0.851123595505618
0.8814606741573033
0.8162921348314607
0.9193820224719101
0.8789325842696629
0.7932584269662921
0.8078651685393259
0.801123595505618
0.947752808988764
0.7823033707865169
0.7867977528089888
0.9171348314606742
0.7724719101123596
0.9053370786516854
0.8957865168539326
0.8348314606741573
0.7719101123595505
0.8137640449438203
0.9553370786516854
0.8865168539325843
0.8188202247191011
0.648314606741573
0.8519662921348314
0.9612359550561798
0.9039325842696629
0.871629213483146
0.9719101123595506
0.8441011235955056
0.8112359550561797
0.7943820224719101
0.8452247191011236
0.9286516853932584
0.8463483146067415
0.8441011235955056
0.8679775280898876
0.8688202247191011
0.777247191011236
0.8679775280898876
0.895505617977528
0.9356741573033708
0.825561797752809
0.7323033707865169
0.8303370786516854
0.901685393258427
0.7682584269662921
0.7778089887640449
0.8435393258426966
0.9011235955056179
0.8547752808988764
0.8064606741573034
0.8452247191011236
0.8561797752808988
0.8831460674157303
0.9337078651685393
0.8115168539325842
0.8893258426966292
0.8157303370786517
0.726123595505618
0.854494382022472
0.9179775280898876
0.9073033707865169
0.924438202247191
0.9160112359550562
0.9112359550561798
0.8292134831460675
0.7176966292134831
0.8
0.7800561797752809
0.9050561797752809
0.8331460674157304
0.9286516853932584
0.9280898876404494
0.7674157303370787
0.9306179775280898
0.8929775280898876
0.873314606741573
0.8550561797752809
0.8199438202247191
0.8404494382022472
0.8
0.7530898876404495
0.8132022471910112
0.0800561797752809
0.852808988764045
0.8188202247191011
0.8182584269662921
0.7123595505617978
0.8570224719101124
0.9165730337078651
0.8019662921348315
0.8862359550561798
0.7626404494382022
0.8671348314606742
0.9387640449438203
0.7752808988764045
0.8148876404494382
0.897191011235955
0.8325842696629213
0.9620786516853933
0.7303370786516854
0.8115168539325842
0.7780898876404494
0.8497191011235955
0.8941011235955056
0.9078651685393259
0.7837078651685393
0.8620786516853932
0.8707865168539326
0.8915730337078651
0.9073033707865169
0.9297752808988764
0.8696629213483146
0.9064606741573034
0.8806179775280899
0.7558988764044944
0.8676966292134831
0.8623595505617978
0.8140449438202247
0.5783707865168539
0.9084269662921348
0.770505617977528
0.8735955056179775
0.7724719101123596
0.8117977528089888
0.7401685393258427
0.8404494382022472
0.8497191011235955
0.7640449438202247
0.7893258426966292
0.880056179775281
0.8044943820224719
0.8938202247191012
0.8735955056179775
0.7115168539325842
0.9387640449438203
0.8603932584269663
0.7067415730337079
0.773876404494382
0.9213483146067416
0.8918539325842697
0.6865168539325842
0.8036516853932584
0.9362359550561797
0.8845505617977528
0.8376404494382023
0.8165730337078652
0.6983146067415731
0.8539325842696629
0.8353932584269663
0.9134831460674158
0.880056179775281
0.9629213483146067
0.8806179775280899
0.7957865168539325
0.8407303370786516
0.0014044943820224719
0.7508426966292134
0.7983146067415731
0.822752808988764
0.9030898876404494
0.8353932584269663
0.9620786516853933
0.721629213483146
0.7171348314606741
0.8803370786516854
0.8589887640449438
0.7438202247191011
0.803932584269663
0.7800561797752809
0.8095505617977528
0.7842696629213484
0.8969101123595505
0.8412921348314607
0.7668539325842697
0.7595505617977528
0.8567415730337079
0.7921348314606742
0.9106741573033708
0.8443820224719101
0.7634831460674157
0.9075842696629214
0.8963483146067416
0.800561797752809
0.9294943820224719
0.8101123595505618
0.797191011235955
0.8668539325842697
0.8280898876404494
0.7794943820224719
0.854494382022472
0.651685393258427
0.7634831460674157
0.9129213483146067
0.8297752808988764
0.775
0.8014044943820224
0.8235955056179776
0.9334269662921348
0.8910112359550562
0.7182584269662922
0.8719101123595505
0.9182584269662921
0.9320224719101123
0.8688202247191011
0.48089887640449436
0.7735955056179775
0.7609550561797753
0.7463483146067416
0.8963483146067416
0.8609550561797753
0.7904494382022472
0.9446629213483146
0.8837078651685393
0.9160112359550562
0.9334269662921348
0.9078651685393259
0.9137640449438202
0.9050561797752809
0.948876404494382
0.8457865168539326
0.9294943820224719
0.7780898876404494
0.901685393258427
0.9297752808988764
0.8353932584269663
0.9435393258426966
0.8584269662921349
0.7808988764044944
0.900561797752809
0.9140449438202247
0.9387640449438203
0.900561797752809
0.7247191011235955
0.8896067415730337
0.7019662921348314
0.8862359550561798
0.9151685393258427
0.7879213483146067
0.8994382022471911
0.7865168539325843
0.6997191011235955
0.6971910112359551
0.8705056179775281
0.901685393258427
0.7879213483146067
0.8036516853932584
0.8629213483146068
0.7727528089887641
0.8747191011235955
0.9070224719101123
0.8134831460674158
0.8910112359550562
0.9550561797752809
0.9075842696629214
0.901685393258427
0.8485955056179775
0.9365168539325842
0.7932584269662921
0.8632022471910112
0.8221910112359551
0.8269662921348314
0.7752808988764045
0.8797752808988764
0.6797752808988764
0.8193820224719102
0.854494382022472
0.7882022471910113
0.8497191011235955
0.9415730337078652
0.9623595505617978
0.7671348314606742
0.7960674157303371
0.8342696629213483
0.8550561797752809
0.8092696629213483
0.9497191011235955
0.8890449438202247
0.7865168539325843
0.8929775280898876
0.8199438202247191
0.826123595505618
0.7848314606741573
0.9053370786516854
0.9373595505617978
0.748876404494382
0.7606741573033707
0.8915730337078651
0.8353932584269663
0.7851123595505618
0.8792134831460674
0.7592696629213483
0.7957865168539325
0.7806179775280899
0.9143258426966292
0.7193820224719101
0.8393258426966292
0.7873595505617977
0.8632022471910112
0.8893258426966292
0.821067415730337
0.8179775280898877
0.7089887640449438
0.8898876404494382
0.9247191011235955
0.7955056179775281
0.46601123595505617
0.9379213483146067
0.8320224719101124
0.7761235955056179
0.9070224719101123
0.8387640449438202
0.1101123595505618
0.9042134831460674
0.9165730337078651
0.8162921348314607
0.7853932584269663
0.8362359550561798
0.7716292134831461
0.7674157303370787
0.7095505617977528
0.8393258426966292
0.8488764044943821
0.8735955056179775
0.8648876404494382
0.895505617977528
0.9730337078651685
0.7811797752808989
0.7921348314606742
0.8435393258426966
0.8370786516853933
0.9056179775280899
0.9132022471910113
0.8575842696629213
0.7778089887640449
0.8382022471910112
0.8469101123595506
0.7356741573033708
0.8567415730337079
0.8764044943820225
0.8879213483146068
0.7564606741573033
0.847752808988764
0.8129213483146067
0.871629213483146
0.8662921348314607
0.8752808988764045
0.8252808988764045
0.7780898876404494
0.8061797752808989
0.9331460674157304
0.8926966292134831
0.8952247191011236
0.8129213483146067
0.9426966292134832
0.8241573033707865
0.9140449438202247
0.8247191011235955
0.8224719101123595
0.8488764044943821
0.8283707865168539
0.6974719101123595
0.9182584269662921
0.8564606741573034
0.8949438202247191
0.8095505617977528
0.8373595505617978
0.8213483146067416
0.7842696629213484
0.8174157303370787
0.802247191011236
0.8519662921348314
0.770505617977528
0.7165730337078652
0.7558988764044944
0.8050561797752809
0.7342696629213483
0.8769662921348315
0.848314606741573
0.8994382022471911
0.8525280898876404
0.8300561797752809
0.8233146067415731
0.8216292134831461
0.8660112359550561
0.8314606741573034
0.5665730337078652
0.7016853932584269
0.8202247191011236
0.7679775280898876
0.798876404494382
0.7587078651685393
0.9410112359550562
0.7901685393258427
0.149438202247191
0.7938202247191011
0.9056179775280899
0.7867977528089888
0.7325842696629213
0.8584269662921349
0.7825842696629214
0.9179775280898876
0.7842696629213484
0.9193820224719101
0.9480337078651685
0.8033707865168539
0.8786516853932584
0.8890449438202247
0.7654494382022472
0.8901685393258427
0.9457865168539326
0.7629213483146068
0.799438202247191
0.7345505617977528
0.9073033707865169
0.9882022471910112
0.8786516853932584
0.926123595505618
0.9115168539325843
0.7744382022471911
0.7716292134831461
0.7912921348314607
0.800561797752809
0.7497191011235955
0.9165730337078651
0.8904494382022472
0.8935393258426966
0.8592696629213483
0.8730337078651685
0.925561797752809
0.9544943820224719
0.8148876404494382
0.9362359550561797
0.8587078651685394
0.8831460674157303
0.9280898876404494
0.8786516853932584
0.8359550561797753
0.85
0.721629213483146
0.8584269662921349
0.9176966292134832
0.824438202247191
0.9098314606741573
0.8415730337078652
0.8112359550561797
0.7410112359550561
0.724438202247191
0.9283707865168539
0.8491573033707865
0.7435393258426967
0.7839887640449438
0.8542134831460674
0.7643258426966292
0.7713483146067416
0.8331460674157304
0.9323033707865168
0.8300561797752809
0.7834269662921348
0.8401685393258427
0.7474719101123596
0.802247191011236
0.9637640449438202
0.8314606741573034
0.8688202247191011
0.8252808988764045
0.8573033707865169
0.9025280898876404
0.9117977528089888
0.8463483146067415
0.852808988764045
0.619943820224719
0.7682584269662921
0.8252808988764045
0.9207865168539325
0.7887640449438202
0.8365168539325842
0.8817415730337078
0.7238764044943821
0.9213483146067416
0.6811797752808989
0.8747191011235955
0.8980337078651686
0.9398876404494382
0.7823033707865169
0.6047752808988764
0.822752808988764
0.9418539325842696
0.7724719101123596
0.6567415730337078
0.7828651685393259
0.7831460674157303
0.9334269662921348
0.895505617977528
0.8792134831460674
0.7811797752808989
0.8353932584269663
0.8752808988764045
0.7337078651685394
0.8873595505617977
0.8143258426966292
0.8747191011235955
0.8848314606741573
0.9308988764044944
0.9103932584269663
0.849438202247191
0.7882022471910113
0.9160112359550562
0.822752808988764
0.7219101123595506
0.9058988764044944
0.6915730337078652
0.8648876404494382
0.8898876404494382
0.8907303370786517
0.9632022471910112
0.8896067415730337
0.9042134831460674
0.9264044943820224
0.7575842696629214
0.7050561797752809
0.8786516853932584
0.9303370786516854
0.875561797752809
0.8146067415730337
0.851123595505618
0.9457865168539326
0.7747191011235955
0.7061797752808989
0.9089887640449438
0.8775280898876404
0.8168539325842696
0.7629213483146068
0.8730337078651685
0.8665730337078652
0.8974719101123596
0.8067415730337079
0.7674157303370787
0.7935393258426966
0.7008426966292135
0.802247191011236
0.772191011235955
0.7828651685393259
0.6983146067415731
0.7842696629213484
0.8028089887640449
0.8581460674157303
0.8089887640449438
0.8651685393258427
0.6839887640449438
0.7615168539325843
0.8890449438202247
0.823876404494382
0.7696629213483146
0.8960674157303371
0.8640449438202247
0.8789325842696629
0.8522471910112359
0.9103932584269663
0.9157303370786517
0.9182584269662921
0.9129213483146067
0.8915730337078651
0.900561797752809
0.871629213483146
0.8533707865168539
0.8789325842696629
0.8803370786516854
0.8601123595505618
0.825
0.7643258426966292
0.8966292134831461
0.871629213483146
0.7567415730337078
0.9365168539325842
0.8985955056179775
0.725
0.824438202247191
0.8449438202247191
0.7623595505617977
0.8890449438202247
0.6660112359550562
0.7929775280898876
0.8876404494382022
0.7879213483146067
0.7415730337078652
0.9325842696629213
0.9078651685393259
0.9224719101123595
0.9384831460674158
0.7373595505617978
0.8407303370786516
0.8314606741573034
0.9109550561797752
0.8252808988764045
0.8303370786516854
0.8803370786516854
0.5452247191011236
0.8629213483146068
0.9362359550561797
0.7612359550561798
0.9266853932584269
0.7682584269662921
0.7612359550561798
0.8314606741573034
0.8367977528089887
0.8502808988764045
0.825
0.8606741573033708
0.873314606741573
0.7626404494382022
0.9471910112359551
0.8382022471910112
0.6724719101123595
0.8851123595505618
0.9070224719101123
0.8907303370786517
0.8303370786516854
0.8915730337078651
0.8570224719101124
0.8325842696629213
0.8834269662921348
0.8230337078651685
0.8966292134831461
0.772191011235955
0.9320224719101123
0.8550561797752809
0.9407303370786517
0.8893258426966292
0.5980337078651685
0.6797752808988764
0.7634831460674157
0.8547752808988764
0.8106741573033708
0.8171348314606741
0.9081460674157303
0.8674157303370786
0.9191011235955057
0.8969101123595505
0.8724719101123596
0.8112359550561797
0.7955056179775281
0.8943820224719101
0.8101123595505618
0.7735955056179775
0.8946629213483146
0.8634831460674157
0.8620786516853932
0.9514044943820225
0.9185393258426966
0.8884831460674157
0.8421348314606741
0.8120786516853933
0.9483146067415731
0.7345505617977528
0.8098314606741573
0.7803370786516854
0.8707865168539326
0.8634831460674157
0.9123595505617977
0.8825842696629214
0.8401685393258427
0.7867977528089888
0.8924157303370787
0.9039325842696629
0.7679775280898876
0.8997191011235955
0.9081460674157303
0.7446629213483146
0.8407303370786516
0.9089887640449438
0.8921348314606742
0.8151685393258427
0.8859550561797753
0.9008426966292135
0.8264044943820225
0.9241573033707865
0.7542134831460674
0.8356741573033708
0.8306179775280899
0.7921348314606742
0.7036516853932584
0.8637640449438202
0.9188202247191011
0.8283707865168539
0.9311797752808989
0.8792134831460674
0.8615168539325843
0.8564606741573034
0.7497191011235955
0.7724719101123596
0.9558988764044943
0.8592696629213483
0.8556179775280899
0.7918539325842696
0.8168539325842696
0.8603932584269663
0.8067415730337079
0.8626404494382023
0.9081460674157303
0.8938202247191012
0.7634831460674157
0.8727528089887641
0.798876404494382
0.7514044943820225
0.798876404494382
0.8283707865168539
0.9101123595505618
0.8533707865168539
0.8595505617977528
0.8325842696629213
0.8123595505617978
0.9008426966292135
0.8396067415730337
0.8410112359550562
0.8230337078651685
0.846629213483146
0.7595505617977528
0.7382022471910112
0.8109550561797753
0.8398876404494382
0.875561797752809
0.7702247191011236
0.825561797752809
0.7668539325842697
0.9188202247191011
0.8912921348314606
0.8834269662921348
0.8808988764044944
0.7070224719101124
0.8379213483146067
0.8780898876404495
0.9747191011235955
0.849438202247191
0.922752808988764
0.7924157303370787
0.9550561797752809
0.7053370786516854
0.8615168539325843
0.9019662921348315
0.8213483146067416
0.7727528089887641
0.7688202247191012
0.9502808988764045
0.7525280898876404
0.8910112359550562
0.9106741573033708
0.7485955056179775
0.6896067415730337
0.9533707865168539
0.7134831460674157
0.7741573033707865
0.7862359550561798
0.7081460674157304
0.9008426966292135
0.7960674157303371
0.971629213483146
0.8705056179775281
0.8390449438202248
0.9325842696629213
0.8050561797752809
0.8688202247191011
0.873314606741573
0.7134831460674157
0.8747191011235955
0.876685393258427
0.8137640449438203
0.8929775280898876
0.873876404494382
0.8592696629213483
0.8848314606741573
0.7980337078651686
0.9129213483146067
0.8640449438202247
0.7859550561797752
0.8985955056179775
0.8929775280898876
0.8331460674157304
0.8342696629213483
0.9278089887640449
0.9842696629213483
0.8109550561797753
0.9345505617977528
0.8912921348314606
0.7985955056179775
0.8682584269662922
0.7929775280898876
0.8199438202247191
0.8317415730337079
0.9696629213483146
0.8376404494382023
0.8345505617977528
0.8887640449438202
0.8941011235955056
0.8682584269662922
0.8896067415730337
0.6898876404494382
0.6528089887640449
0.9053370786516854
0.8457865168539326
0.8205056179775281
0.8848314606741573
0.9258426966292135
0.9390449438202247
0.8918539325842697
0.8235955056179776
0.8314606741573034
0.8679775280898876
0.9126404494382022
0.8705056179775281
0.9331460674157304
0.8887640449438202
0.8432584269662922
0.8797752808988764
0.8938202247191012
0.7474719101123596
0.927247191011236
0.8896067415730337
0.8615168539325843
0.9544943820224719
0.9457865168539326
0.8946629213483146
0.9044943820224719
0.9325842696629213
0.8817415730337078
0.880056179775281
0.8803370786516854
0.9106741573033708
0.9112359550561798
0.9294943820224719
0.9014044943820225
0.9376404494382022
0.7882022471910113
0.7547752808988764
0.8109550561797753
0.9050561797752809
0.8817415730337078
0.8030898876404494
0.8103932584269663
0.8713483146067416
0.8702247191011236
0.9019662921348315
0.8491573033707865
0.9070224719101123
0.8806179775280899
0.8688202247191011
0.8342696629213483
0.8634831460674157
0.9162921348314607
0.8151685393258427
0.7387640449438202
0.7443820224719101
0.9623595505617978
0.8424157303370786
0.9269662921348315
0.7598314606741573
0.7353932584269663
0.7522471910112359
0.827247191011236
0.8092696629213483
0.9651685393258427
0.8637640449438202
0.7882022471910113
0.7247191011235955
0.9320224719101123
0.9367977528089888
0.8752808988764045
0.9682584269662922
0.7674157303370787
0.8808988764044944
0.9165730337078651
0.849438202247191
0.8488764044943821
0.7952247191011236
0.8202247191011236
0.8719101123595505
0.6921348314606741
0.8823033707865169
0.7716292134831461
0.8115168539325842
0.8098314606741573
0.8547752808988764
0.8884831460674157
0.8308988764044943
0.8294943820224719
0.7165730337078652
0.8980337078651686
0.851685393258427
0.6862359550561797
0.6401685393258427
0.8061797752808989
0.8682584269662922
0.7980337078651686
0.7463483146067416
0.7390449438202247
0.7901685393258427
0.9089887640449438
0.8910112359550562
0.9224719101123595
0.7707865168539326
0.8896067415730337
0.8396067415730337
0.8707865168539326
0.772191011235955
0.800561797752809
0.8216292134831461
0.8589887640449438
0.8365168539325842
0.750561797752809
0.7171348314606741
0.9556179775280899
0.8365168539325842
0.3351123595505618
0.8367977528089887
0.7485955056179775
0.898314606741573
0.798876404494382
0.8823033707865169
0.770505617977528
0.7095505617977528
0.7626404494382022
0.8539325842696629
0.7536516853932584
0.826123595505618
0.8294943820224719
0.7308988764044944
0.9081460674157303
0.8640449438202247
0.8957865168539326
0.8146067415730337
0.8171348314606741
0.8654494382022472
0.8929775280898876
0.8721910112359551
0.8789325842696629
0.9075842696629214
0.880056179775281
0.7039325842696629
0.8280898876404494
0.897191011235955
0.8070224719101123
0.8730337078651685
0.7502808988764045
0.7935393258426966
0.8179775280898877
0.8632022471910112
0.8904494382022472
0.8438202247191011
0.8067415730337079
0.7907303370786517
0.7561797752808989
0.7098314606741573
0.8679775280898876
0.6415730337078651
0.8162921348314607
0.7219101123595506
0.9741573033707865
0.8367977528089887
0.8308988764044943
0.8275280898876405
0.8168539325842696
0.9075842696629214
0.8693820224719101
0.7912921348314607
0.8823033707865169
0.8648876404494382
0.9174157303370787
0.9014044943820225
0.9230337078651686
0.776685393258427
0.7946629213483146
0.8176966292134832
0.7435393258426967
0.8856741573033707
0.9109550561797752
0.8176966292134832
0.871629213483146
0.3912921348314607
0.8148876404494382
0.873876404494382
0.9337078651685393
0.8769662921348315
0.7067415730337079
0.7573033707865169
0.8058988764044944
0.9
0.7831460674157303
0.9325842696629213
0.8362359550561798
0.9303370786516854
0.8323033707865168
0.8219101123595506
0.7612359550561798
0.8202247191011236
0.8418539325842697
0.7941011235955057
0.9047752808988764
0.8578651685393258
0.8814606741573033
0.821067415730337
0.7983146067415731
0.7820224719101123
0.7893258426966292
0.898876404494382
0.8115168539325842
0.8595505617977528
0.901685393258427
0.7929775280898876
0.8890449438202247
0.8070224719101123
0.7848314606741573
0.9808988764044944
0.8396067415730337
0.7536516853932584
0.8179775280898877
0.5314606741573034
0.8898876404494382
0.9241573033707865
0.8867977528089888
0.8561797752808988
0.9143258426966292
0.7241573033707865
0.8542134831460674
0.9418539325842696
0.8646067415730337
0.7632022471910113
0.8143258426966292
0.8960674157303371
0.7932584269662921
0.7702247191011236
0.9143258426966292
0.9410112359550562
0.8828651685393258
0.7418539325842697
0.9193820224719101
0.8117977528089888
0.848314606741573
0.9036516853932585
0.8219101123595506
0.9134831460674158
0.8176966292134832
0.8337078651685393
0.8165730337078652
0.8460674157303371
0.9317415730337079
0.9432584269662921
0.8626404494382023
0.7764044943820225
0.973314606741573
0.8654494382022472
0.8603932584269663
0.7637640449438202
0.648314606741573
0.9519662921348314
0.8359550561797753
0.8578651685393258
0.7502808988764045
0.6966292134831461
0.7966292134831461
0.9123595505617977
0.9126404494382022
0.8660112359550561
0.7985955056179775
0.7098314606741573
0.672752808988764
0.8064606741573034
0.8598314606741573
0.7112359550561798
0.9053370786516854
0.9205056179775281
0.8191011235955056
0.9514044943820225
0.751685393258427
0.8853932584269663
0.9514044943820225
0.8643258426966293
0.7893258426966292
0.9058988764044944
0.8019662921348315
0.8823033707865169
0.9117977528089888
0.9019662921348315
0.5974719101123596
0.8556179775280899
0.8519662921348314
0.7859550561797752
0.848314606741573
0.9247191011235955
0.8387640449438202
0.8182584269662921
0.6564606741573034
0.8525280898876404
0.0025280898876404493
0.8536516853932584
0.7070224719101124
0.7865168539325843
0.8615168539325843
0.9429775280898877
0.9064606741573034
0.8480337078651685
0.9140449438202247
0.8337078651685393
0.8668539325842697
0.9056179775280899
0.7859550561797752
0.848314606741573
0.6221910112359551
0.8137640449438203
0.8648876404494382
0.7615168539325843
0.8457865168539326
0.7859550561797752
0.7823033707865169
0.9134831460674158
0.8536516853932584
0.697752808988764
0.876685393258427
0.9345505617977528
0.7918539325842696
0.7424157303370786
0.8286516853932584
0.9314606741573034
0.9438202247191011
0.6974719101123595
0.8693820224719101
0.7331460674157303
0.8926966292134831
0.8932584269662921
0.777247191011236
0.7460674157303371
0.8514044943820225
0.897191011235955
0.775561797752809
0.9578651685393258
0.8393258426966292
0.871629213483146
0.9064606741573034
