0.892502756339581
0.9120727673649394
0.9038037486218302
0.8197353914002206
0.8729327453142227
0.8687982359426681
0.8679713340683572
0.9531422271223815
0.9073869900771775
0.9076626240352812
0.9468026460859978
0.8241455347298787
0.8850606394707828
0.6888092613009923
0.7974090407938258
0.8889195148842337
0.8522601984564498
0.8834068357221609
0.8773428886438809
0.9162072767364939
0.8610804851157663
0.9338478500551268
0.8561190738699008
0.8459206174200662
0.9200661521499449
0.8630099228224918
0.8178059536934951
0.8200110253583242
0.8175303197353914
0.794928335170893
0.9095920617420066
0.9035281146637266
0.8280044101433297
0.8395810363836824
0.9010474090407938
0.8450937155457552
0.9117971334068358
0.9082138919514884
0.8472987872105844
0.7703969128996693
0.8470231532524807
0.8930540242557883
0.8784454244762955
0.8139470782800441
0.8122932745314223
0.9558985667034179
0.912348401323043
0.9321940463065049
0.9570011025358324
0.8839581036383682
0.856670341786108
0.9060088202866593
0.8767916207276737
0.86742006615215
0.8889195148842337
0.8244211686879823
0.9539691289966924
0.8373759647188533
0.8120176405733186
0.8423373759647188
0.851433296582139
0.9299889746416758
0.8313120176405733
0.8585997794928335
0.850606394707828
0.8528114663726571
0.9443219404630651
0.8949834619625138
0.8219404630650496
0.7985115766262404
0.8511576626240352
0.7836273428886439
0.8883682469680264
0.8869900771775082
0.7293274531422271
0.8795479603087101
0.9465270121278941
0.9410143329658214
0.902425578831312
0.8809261300992283
0.8922271223814774
0.929162072767365
0.8726571113561191
0.9644432194046306
0.8326901874310915
0.9071113561190739
0.8384785005512679
0.8373759647188533
0.8249724366041896
0.7938257993384785
0.7932745314222712
0.8180815876515987
0.831587651598677
0.8701764057331863
0.8657662624035282
0.9258544652701213
0.8296582138919515
0.9388092613009923
0.9625137816979051
0.896361631753032
0.8541896361631753
0.8197353914002206
0.9415656008820287
0.8442668136714443
0.8996692392502756
0.8878169790518192
0.8789966923925028
0.8572216097023153
0.9203417861080485
0.9349503858875413
0.8759647188533627
0.7943770672546858
0.8467475192943771
0.8120176405733186
0.8958103638368247
0.8486769570011026
0.8619073869900772
0.8219404630650496
0.8880926130099228
0.8417861080485116
0.9186879823594267
0.9699558985667034
0.9324696802646086
0.893329658213892
0.7990628445424476
0.9126240352811467
0.8693495038588754
0.8547409040793826
0.8439911797133407
0.9393605292171996
0.8577728776185226
0.789691289966924
0.8412348401323043
0.8202866593164277
0.8282800441014333
0.9228224917309813
0.9355016538037486
0.9175854465270121
0.811742006615215
0.8748621830209482
0.7739801543550165
0.9244762954796031
0.8947078280044102
0.9233737596471885
0.8299338478500551
0.8442668136714443
0.9164829106945975
0.7852811466372657
0.8693495038588754
0.8682469680264608
0.9137265711135611
0.820837927232635
0.8467475192943771
0.88257993384785
0.8580485115766262
0.9236493936052922
0.9374310915104741
0.935226019845645
0.8040242557883132
0.8415104740904079
0.8762403528114664
0.8453693495038589
0.9374310915104741
0.9407386990077178
0.8621830209481808
0.9164829106945975
0.8767916207276737
0.9060088202866593
0.9219955898566703
0.7808710033076075
0.9330209481808158
0.8343439911797134
0.9230981256890849
0.8905733186328556
0.9029768467475193
0.8434399117971334
0.8073318632855567
0.857497243660419
0.8213891951488423
0.8649393605292172
0.7885887541345094
0.8966372657111357
0.9773980154355016
0.8905733186328556
0.7816979051819184
0.834619625137817
0.8233186328555678
0.7560639470782801
0.8497794928335171
0.8699007717750827
0.8723814773980154
0.802646085997795
0.8936052921719956
0.863561190738699
0.9308158765159867
0.8834068357221609
0.9479051819184123
0.935226019845645
0.8481256890848953
0.9117971334068358
0.8307607497243661
0.8991179713340683
0.769845644983462
0.7833517089305403
0.8434399117971334
0.9076626240352812
0.9239250275633958
0.9167585446527012
0.7866593164277839
0.9412899669239251
0.8690738699007717
0.7916207276736494
0.8528114663726571
0.8550165380374862
0.8172546857772878
0.8602535832414554
0.8613561190738699
0.9079382579933848
0.9098676957001103
0.9517640573318633
0.8952590959206174
0.9007717750826902
0.9049062844542448
0.8740352811466373
0.954244762954796
0.9156560088202866
0.9412899669239251
0.8627342888643881
0.8200110253583242
0.7861080485115767
0.9181367144432194
0.8778941565600882
0.8610804851157663
0.8938809261300992
0.8417861080485116
0.8980154355016539
0.9272326350606395
0.9396361631753032
0.8776185226019846
0.9073869900771775
0.9004961411245865
0.7781146637265711
0.86742006615215
0.7985115766262404
0.8373759647188533
0.8456449834619625
0.8296582138919515
0.8795479603087101
0.9578280044101434
0.8478500551267916
0.8891951488423374
0.8541896361631753
0.922271223814774
0.9534178610804851
0.8541896361631753
0.8729327453142227
0.8660418963616318
0.9071113561190739
0.8908489525909592
0.9517640573318633
0.7927232635060639
0.8244211686879823
0.9520396912899669
0.9219955898566703
0.9638919514884233
0.8125689084895259
0.8610804851157663
0.9082138919514884
0.8974641675854466
0.9586549062844543
0.9782249173098125
0.8842337375964718
0.9244762954796031
0.9412899669239251
0.8307607497243661
0.8348952590959207
0.8120176405733186
0.925303197353914
0.8701764057331863
0.8359977949283351
0.7624035281146637
0.8610804851157663
0.7216097023153253
0.934399117971334
0.8583241455347299
0.8175303197353914
0.8726571113561191
0.730154355016538
0.8519845644983461
0.8541896361631753
0.9556229327453142
0.9242006615214995
0.9754685777287762
0.8302094818081588
0.7943770672546858
0.8371003307607497
0.86742006615215
0.844542447629548
0.8511576626240352
0.8153252480705623
0.8555678059536935
0.836824696802646
0.7921719955898566
0.8649393605292172
0.9454244762954797
0.8260749724366042
0.7613009922822491
0.795755237045204
0.8687982359426681
0.8205622932745315
0.9396361631753032
0.8630099228224918
0.8448180815876516
0.9203417861080485
0.8900220507166483
0.8417861080485116
0.8812017640573319
0.8685226019845645
0.905457552370452
0.9137265711135611
0.8878169790518192
0.87651598676957
0.7792171995589857
0.8897464167585446
0.7805953693495039
0.9007717750826902
0.9363285556780595
0.7750826901874311
0.8599779492833517
0.8759647188533627
0.8561190738699008
0.8379272326350606
0.9203417861080485
0.8770672546857773
0.8222160970231532
0.7447629547960308
0.8781697905181919
0.8470231532524807
0.7888643880926131
0.9043550165380375
0.935226019845645
0.9377067254685777
0.8009922822491731
0.8759647188533627
0.8150496141124587
0.9219955898566703
0.8260749724366042
0.8911245865490628
0.8194597574421169
0.9115214994487321
0.9360529217199559
0.9321940463065049
0.8351708930540243
0.8313120176405733
0.8800992282249173
0.8911245865490628
0.8980154355016539
0.8988423373759648
0.8357221609702316
0.9448732083792724
0.9043550165380375
0.8365490628445424
0.9330209481808158
0.724090407938258
0.8552921719955898
0.7954796030871003
0.9021499448732084
0.8630099228224918
0.8034729878721059
0.8426130099228225
0.850606394707828
0.8922271223814774
0.9035281146637266
0.9043550165380375
0.9173098125689085
0.9316427783902976
0.9332965821389195
0.840683572216097
0.8627342888643881
0.8701764057331863
0.7577177508269018
0.9167585446527012
0.8448180815876516
0.9027012127894156
0.8718302094818081
0.8321389195148843
0.9418412348401323
0.9277839029768468
0.8106394707828004
0.8756890848952591
0.8737596471885336
0.8861631753031973
0.9614112458654906
0.8533627342888643
0.6628996692392503
0.8834068357221609
0.8517089305402425
0.8938809261300992
0.9126240352811467
0.8922271223814774
0.8641124586549063
0.9327453142227122
0.7863836824696803
0.9514884233737596
0.906284454244763
0.8274531422271224
0.7993384785005513
0.8599779492833517
0.850606394707828
0.9112458654906285
0.75303197353914
0.906284454244763
0.9630650496141124
0.8795479603087101
0.8767916207276737
0.9264057331863286
0.8417861080485116
0.8897464167585446
0.9305402425578831
0.8869900771775082
0.8798235942668137
0.8495038588754135
0.7963065049614112
0.7982359426681367
0.9040793825799338
0.8191841234840133
0.8211135611907387
0.7979603087100331
0.9214443219404631
0.8845093715545755
0.7974090407938258
0.8004410143329658
0.902425578831312
0.8470231532524807
0.8133958103638368
0.9035281146637266
0.8889195148842337
0.8748621830209482
0.8652149944873209
0.7775633958103638
0.8982910694597575
0.9140022050716649
0.9002205071664829
0.8671444321940464
0.8180815876515987
0.8120176405733186
0.8428886438809261
0.7679162072767365
0.9250275633958104
0.8594266813671444
0.8337927232635061
0.8988423373759648
0.8982910694597575
0.8668687982359427
0.7739801543550165
0.8073318632855567
0.7847298787210585
0.8365490628445424
0.8291069459757442
0.8842337375964718
0.8558434399117971
0.7635060639470783
0.9076626240352812
0.8792723263506064
0.8789966923925028
0.8087100330760749
0.8980154355016539
0.8373759647188533
0.8508820286659317
0.9156560088202866
0.8778941565600882
0.9517640573318633
0.8850606394707828
0.8652149944873209
0.9443219404630651
0.8340683572216097
0.8743109151047409
0.8081587651598677
0.8492282249173098
0.7998897464167586
0.8539140022050716
0.9567254685777288
0.8682469680264608
0.9266813671444322
0.8638368246968027
0.8326901874310915
0.8952590959206174
0.8550165380374862
0.8404079382579934
0.807883131201764
0.9525909592061742
0.8762403528114664
0.7257442116868799
0.9175854465270121
0.8133958103638368
0.938257993384785
0.8847850055126791
0.8699007717750827
0.7847298787210585
0.8880926130099228
0.8712789415656009
0.7577177508269018
0.8814773980154355
0.7541345093715546
0.9528665931642778
0.8944321940463065
0.9283351708930541
0.8778941565600882
0.8795479603087101
0.9189636163175303
0.8930540242557883
0.9106945975744212
0.765986769570011
0.9013230429988974
0.9068357221609702
0.8428886438809261
0.807883131201764
0.8348952590959207
0.8911245865490628
0.8415104740904079
0.9164829106945975
0.8836824696802646
0.8820286659316428
0.8478500551267916
0.9098676957001103
0.9060088202866593
0.804851157662624
0.8362734288864389
0.9015986769570011
0.9007717750826902
0.8905733186328556
0.8836824696802646
0.8646637265711136
0.9068357221609702
0.8649393605292172
0.8891951488423374
0.8911245865490628
0.8743109151047409
0.9321940463065049
0.8861631753031973
0.8252480705622933
0.811742006615215
0.8955347298787211
0.9630650496141124
0.9095920617420066
0.9043550165380375
0.8200110253583242
0.9443219404630651
0.7654355016538037
0.7805953693495039
0.8552921719955898
0.8619073869900772
0.9117971334068358
0.9357772877618522
0.8806504961411246
0.6612458654906285
0.7516538037486218
0.905457552370452
0.8244211686879823
0.7163726571113561
0.898566703417861
0.8883682469680264
0.8395810363836824
0.8550165380374862
0.9294377067254685
0.8302094818081588
0.9423925027563396
0.8040242557883132
0.87348401323043
0.8335170893054025
0.9597574421168688
0.8528114663726571
0.8638368246968027
0.8282800441014333
0.8630099228224918
0.8401323042998897
0.9098676957001103
0.9189636163175303
0.9051819184123484
0.802646085997795
0.8919514884233738
0.9239250275633958
0.8969128996692393
0.8282800441014333
0.8977398015435502
0.9399117971334069
0.7830760749724366
0.9038037486218302
0.8676957001102535
0.8996692392502756
0.8748621830209482
0.6240352811466373
0.9357772877618522
0.8762403528114664
0.9189636163175303
0.8831312017640573
0.8858875413450937
0.8902976846747519
0.9498346196251378
0.9115214994487321
0.880374862183021
0.9189636163175303
0.860529217199559
0.8619073869900772
0.8415104740904079
0.9162072767364939
0.8955347298787211
0.8395810363836824
0.8271775082690187
0.9021499448732084
0.8723814773980154
0.9164829106945975
0.8266262403528115
0.9374310915104741
0.9363285556780595
0.9002205071664829
0.8034729878721059
0.9027012127894156
0.9208930540242558
0.9029768467475193
0.899393605292172
0.7902425578831312
0.8869900771775082
0.8685226019845645
0.820837927232635
0.7786659316427784
0.913175303197354
0.8839581036383682
0.8106394707828004
0.9536934950385888
0.8641124586549063
0.9060088202866593
0.9272326350606395
0.7720507166482911
0.8847850055126791
0.8084343991179713
0.8955347298787211
0.853638368246968
0.8472987872105844
0.8861631753031973
0.9035281146637266
0.8599779492833517
0.9035281146637266
0.9120727673649394
0.7665380374862183
0.8729327453142227
0.8481256890848953
0.9057331863285557
0.8624586549062845
0.9349503858875413
0.8398566703417861
0.9330209481808158
0.8649393605292172
0.9051819184123484
0.8541896361631753
0.918412348401323
0.8781697905181919
0.9082138919514884
0.9175854465270121
0.8200110253583242
0.7974090407938258
0.8960859977949284
0.922271223814774
0.8828555678059536
0.9186879823594267
0.9258544652701213
0.7668136714443219
0.9104189636163176
0.8291069459757442
0.8721058434399118
0.8996692392502756
0.788037486218302
0.8415104740904079
0.929162072767365
0.9203417861080485
0.9622381477398015
0.9498346196251378
0.8213891951488423
0.853638368246968
0.8900220507166483
0.7913450937155457
0.9004961411245865
0.9206174200661521
0.7364939360529217
0.8324145534729879
0.8282800441014333
0.8828555678059536
0.8971885336273429
0.6802646085997794
0.8914002205071665
0.8257993384785005
0.8450937155457552
0.9219955898566703
0.8908489525909592
0.8266262403528115
0.8420617420066152
0.8850606394707828
0.8291069459757442
0.8908489525909592
0.889470782800441
0.8169790518191842
0.8751378169790518
0.8577728776185226
0.7924476295479603
0.7899669239250275
0.942116868798236
0.8715545755237045
0.9167585446527012
0.9305402425578831
0.9049062844542448
0.8020948180815877
0.7648842337375965
0.8020948180815877
0.8676957001102535
0.844542447629548
0.9013230429988974
0.8908489525909592
0.9035281146637266
0.8393054024255788
0.8608048511576626
0.8908489525909592
0.8723814773980154
0.8610804851157663
0.697353914002205
0.9071113561190739
0.8541896361631753
0.9321940463065049
0.8577728776185226
0.8139470782800441
0.8914002205071665
0.824696802646086
0.857497243660419
0.6689636163175303
0.8216648291069459
0.886438809261301
0.8845093715545755
0.9195148842337376
0.9484564498346196
0.7974090407938258
0.8902976846747519
0.8767916207276737
0.9272326350606395
0.8627342888643881
0.8701764057331863
0.9065600882028666
0.8431642778390298
0.9007717750826902
0.8161521499448732
0.8654906284454245
0.8412348401323043
0.8577728776185226
0.8930540242557883
0.8395810363836824
0.7425578831312017
0.8511576626240352
0.8371003307607497
0.8721058434399118
0.8304851157662624
0.8365490628445424
0.9021499448732084
0.8999448732083792
0.8756890848952591
0.9197905181918412
0.880374862183021
0.938257993384785
0.9443219404630651
0.9589305402425579
0.938257993384785
0.9120727673649394
0.8908489525909592
0.8122932745314223
0.9297133406835723
0.9536934950385888
0.9065600882028666
0.8266262403528115
0.931367144432194
0.7985115766262404
0.8621830209481808
0.8583241455347299
0.9341234840132304
0.8930540242557883
0.8996692392502756
0.8980154355016539
0.8930540242557883
0.8908489525909592
0.8897464167585446
0.8131201764057332
0.9200661521499449
0.8073318632855567
0.9170341786108048
0.8889195148842337
0.8371003307607497
0.8508820286659317
0.9732635060639471
0.8632855567805954
0.9109702315325248
0.7684674751929438
0.8569459757442117
0.8313120176405733
0.8676957001102535
0.9046306504961411
0.8365490628445424
0.9156560088202866
0.8412348401323043
0.934399117971334
0.8687982359426681
0.7651598676957001
0.9098676957001103
0.9095920617420066
0.8660418963616318
0.9247519294377067
0.9341234840132304
0.8599779492833517
0.8420617420066152
0.9423925027563396
0.8255237045203969
0.7632304299889746
0.8641124586549063
0.8952590959206174
0.9076626240352812
0.9164829106945975
0.8690738699007717
0.8495038588754135
0.8927783902976847
0.9495589856670342
0.8461962513781698
0.8654906284454245
0.7748070562293274
0.8310363836824697
0.8886438809261301
0.8371003307607497
0.8657662624035282
0.7670893054024256
0.9035281146637266
0.9261300992282249
0.9459757442116868
0.827728776185226
0.8971885336273429
0.8042998897464168
0.9170341786108048
0.8787210584343991
0.844542447629548
0.9140022050716649
0.8067805953693495
0.8602535832414554
0.8610804851157663
0.8114663726571113
0.9644432194046306
0.8257993384785005
0.9175854465270121
0.9501102535832414
0.7921719955898566
0.9255788313120177
0.9738147739801544
0.8944321940463065
0.7916207276736494
0.8715545755237045
0.8891951488423374
0.851433296582139
0.9462513781697905
0.8891951488423374
0.8632855567805954
0.906284454244763
0.6289966923925028
0.929162072767365
0.8817530319735392
0.7761852260198456
0.8850606394707828
0.8660418963616318
0.8470231532524807
0.8883682469680264
0.8321389195148843
0.8685226019845645
0.955071664829107
0.8382028665931642
0.851433296582139
0.7524807056229328
0.8657662624035282
0.7618522601984564
0.8817530319735392
0.8966372657111357
0.7971334068357222
0.9440463065049615
0.87348401323043
0.7353914002205072
0.8150496141124587
0.772877618522602
0.8729327453142227
0.892502756339581
0.721058434399118
0.8660418963616318
0.8861631753031973
0.9015986769570011
0.9126240352811467
0.9164829106945975
0.9468026460859978
0.8977398015435502
0.8310363836824697
0.8550165380374862
0.9018743109151047
0.9677508269018743
0.8401323042998897
0.8318632855567806
0.9310915104740904
0.9175854465270121
0.7861080485115767
0.9178610804851157
0.8778941565600882
0.9156560088202866
0.7913450937155457
0.8467475192943771
0.9509371554575524
0.909316427783903
0.8778941565600882
0.8561190738699008
0.8754134509371555
0.9230981256890849
0.8282800441014333
0.8847850055126791
0.8751378169790518
0.9010474090407938
0.9170341786108048
0.8337927232635061
0.824696802646086
0.9038037486218302
0.8442668136714443
0.9501102535832414
0.814773980154355
0.8795479603087101
0.7869349503858876
0.7709481808158766
0.836824696802646
0.9492833517089305
0.8426130099228225
0.8619073869900772
0.8690738699007717
0.9021499448732084
0.9658213891951488
0.7375964718853363
0.8671444321940464
0.8357221609702316
0.8180815876515987
0.9404630650496141
0.8996692392502756
0.8800992282249173
0.8550165380374862
0.934399117971334
0.9178610804851157
0.951212789415656
0.8227673649393605
0.902425578831312
0.8580485115766262
0.8619073869900772
0.8619073869900772
0.9189636163175303
0.8304851157662624
0.8045755237045203
0.9368798235942668
0.9335722160970231
0.7571664829106945
0.8839581036383682
0.8718302094818081
0.9128996692392503
0.9647188533627343
0.8682469680264608
0.896361631753032
0.8831312017640573
0.8120176405733186
0.834619625137817
0.8382028665931642
0.918412348401323
0.8296582138919515
0.964167585446527
0.915380374862183
0.8834068357221609
0.9729878721058435
0.9148291069459757
0.8244211686879823
0.9021499448732084
0.8773428886438809
0.9095920617420066
0.9117971334068358
0.8699007717750827
0.906284454244763
0.9261300992282249
0.7921719955898566
0.9170341786108048
0.8902976846747519
0.947353914002205
0.8266262403528115
0.9164829106945975
0.8872657111356119
0.9032524807056229
0.9151047409040793
0.8949834619625138
0.8999448732083792
0.8569459757442117
0.9007717750826902
0.8023704520396913
0.8977398015435502
0.8919514884233738
0.850606394707828
0.8745865490628445
0.8958103638368247
0.9625137816979051
0.8274531422271224
0.9415656008820287
0.9076626240352812
0.9360529217199559
0.7786659316427784
0.906284454244763
0.8084343991179713
0.9120727673649394
0.87651598676957
0.8608048511576626
0.9638919514884233
0.9038037486218302
0.8120176405733186
0.8329658213891952
0.7411797133406836
0.8762403528114664
0.8558434399117971
0.8329658213891952
0.8398566703417861
0.7748070562293274
0.906284454244763
0.9355016538037486
0.7841786108048512
0.9233737596471885
0.8065049614112458
0.8337927232635061
0.9206174200661521
0.8787210584343991
0.9244762954796031
0.9509371554575524
0.8947078280044102
0.8723814773980154
0.9142778390297684
0.964167585446527
0.847574421168688
0.8721058434399118
0.9004961411245865
0.9401874310915105
0.8070562293274531
0.8789966923925028
0.9418412348401323
0.8495038588754135
0.8632855567805954
0.8800992282249173
0.9046306504961411
0.9192392502756339
0.9087651598676957
0.8759647188533627
0.9627894156560088
0.9531422271223815
0.7819735391400221
0.8991179713340683
0.8517089305402425
0.8525358324145534
0.9611356119073869
0.8966372657111357
0.9217199558985667
0.9487320837927232
0.8853362734288864
0.8712789415656009
0.7899669239250275
0.8721058434399118
0.9073869900771775
0.8792723263506064
0.8456449834619625
0.8743109151047409
0.8412348401323043
0.7800441014332966
0.9087651598676957
0.8836824696802646
0.7298787210584344
0.7946527012127894
0.9032524807056229
0.9316427783902976
0.8872657111356119
0.8878169790518192
0.8335170893054025
0.8861631753031973
0.8693495038588754
0.8676957001102535
0.8654906284454245
0.8654906284454245
0.8528114663726571
0.7874862183020949
0.898566703417861
0.8710033076074972
0.8944321940463065
0.8759647188533627
0.8357221609702316
0.8580485115766262
0.905457552370452
0.8977398015435502
0.8712789415656009
0.8858875413450937
0.7907938257993384
0.8585997794928335
0.896361631753032
0.8359977949283351
0.8905733186328556
0.798787210584344
0.9151047409040793
0.880374862183021
0.8621830209481808
0.8754134509371555
0.5804851157662624
0.9264057331863286
0.8249724366041896
0.7596471885336273
0.9625137816979051
0.9162072767364939
0.905457552370452
0.8224917309812569
0.8845093715545755
0.773704520396913
0.7850055126791621
0.8235942668136714
0.8668687982359427
0.893329658213892
0.9545203969128997
0.831587651598677
0.8817530319735392
0.9027012127894156
0.7367695700110254
0.7028665931642778
0.8594266813671444
0.9236493936052922
0.880374862183021
0.8756890848952591
0.8740352811466373
0.7941014332965821
0.8759647188533627
0.8748621830209482
0.9297133406835723
0.8158765159867696
0.9357772877618522
0.8812017640573319
0.918412348401323
0.9208930540242558
0.9106945975744212
0.831587651598677
0.896361631753032
0.8795479603087101
0.9151047409040793
0.8211135611907387
0.906284454244763
0.7447629547960308
0.9217199558985667
0.8897464167585446
0.7816979051819184
0.898566703417861
0.9043550165380375
0.8751378169790518
0.9004961411245865
0.8095369349503859
0.8699007717750827
0.8938809261300992
0.8936052921719956
0.9308158765159867
0.9718853362734289
0.86742006615215
0.8100882028665931
0.8809261300992283
0.8073318632855567
0.9206174200661521
0.9043550165380375
0.8340683572216097
0.9013230429988974
0.9360529217199559
0.8158765159867696
0.847574421168688
0.7921719955898566
0.9203417861080485
0.9327453142227122
0.8748621830209482
0.951212789415656
0.6835722160970231
0.9495589856670342
0.8613561190738699
0.9275082690187431
0.863561190738699
0.9228224917309813
0.892502756339581
0.889470782800441
0.8065049614112458
0.9137265711135611
0.7770121278941565
0.8792723263506064
0.8608048511576626
0.840683572216097
0.9040793825799338
0.8869900771775082
0.8701764057331863
0.8572216097023153
0.9432194046306505
0.8459206174200662
0.9076626240352812
0.8927783902976847
0.9084895259095921
0.8484013230429989
0.7885887541345094
0.8660418963616318
0.8348952590959207
0.8847850055126791
0.851433296582139
0.9716097023153253
0.9611356119073869
0.9462513781697905
0.9087651598676957
0.6149393605292172
0.9255788313120177
0.8922271223814774
0.9418412348401323
0.8960859977949284
0.847574421168688
0.9117971334068358
0.88561190738699
0.8497794928335171
0.8814773980154355
0.8133958103638368
0.893329658213892
0.7888643880926131
0.7334619625137817
0.8982910694597575
0.8503307607497244
0.7174751929437707
0.7695700110253583
0.9567254685777288
0.8889195148842337
0.9098676957001103
0.9239250275633958
0.8178059536934951
0.9197905181918412
0.88561190738699
0.7783902976846747
0.8544652701212789
0.8930540242557883
0.9120727673649394
0.7635060639470783
0.8365490628445424
0.8583241455347299
0.9479051819184123
0.8037486218302095
0.8767916207276737
0.9043550165380375
0.8464718853362734
0.8682469680264608
0.8891951488423374
0.9239250275633958
0.945148842337376
0.8632855567805954
0.8828555678059536
0.8654906284454245
0.5620176405733186
0.8756890848952591
0.7869349503858876
0.8340683572216097
0.7734288864388092
0.8955347298787211
0.7635060639470783
0.8492282249173098
0.9106945975744212
0.8646637265711136
0.9115214994487321
0.948180815876516
0.9749173098125689
0.8172546857772878
0.9004961411245865
0.9338478500551268
0.8059536934950385
0.9272326350606395
0.9175854465270121
0.8919514884233738
0.922271223814774
0.9090407938257994
0.9082138919514884
0.9117971334068358
0.9167585446527012
0.7420066152149944
0.87348401323043
0.8470231532524807
0.9525909592061742
0.9051819184123484
0.8525358324145534
0.8966372657111357
0.9492833517089305
0.8120176405733186
0.8324145534729879
0.8792723263506064
0.8977398015435502
0.8977398015435502
0.8869900771775082
0.8974641675854466
0.9040793825799338
0.836824696802646
0.8927783902976847
0.9310915104740904
0.880374862183021
0.7885887541345094
0.8558434399117971
0.929162072767365
0.8800992282249173
0.8886438809261301
0.86742006615215
0.9007717750826902
0.8729327453142227
0.88561190738699
0.8952590959206174
0.9280595369349504
0.913175303197354
0.824696802646086
0.9426681367144433
0.8484013230429989
0.8944321940463065
0.8260749724366042
0.8836824696802646
0.9098676957001103
0.8544652701212789
0.7781146637265711
0.8533627342888643
0.8690738699007717
0.8307607497243661
0.8426130099228225
0.8395810363836824
0.9432194046306505
0.8412348401323043
0.8076074972436604
0.9181367144432194
0.8167034178610805
0.8103638368246968
0.8056780595369349
0.8665931642778391
0.9404630650496141
0.8723814773980154
0.8351708930540243
0.9228224917309813
0.8814773980154355
0.8384785005512679
0.8120176405733186
0.892502756339581
0.925303197353914
0.8845093715545755
0.9029768467475193
0.9434950385887542
0.8417861080485116
0.8911245865490628
0.7712238147739802
0.9106945975744212
0.8539140022050716
0.9112458654906285
0.8668687982359427
0.9112458654906285
0.7535832414553473
0.8850606394707828
0.8812017640573319
0.9368798235942668
0.8999448732083792
0.8999448732083792
0.86742006615215
0.8685226019845645
0.9151047409040793
0.886438809261301
0.7921719955898566
0.8150496141124587
0.9360529217199559
0.9592061742006616
0.8952590959206174
0.951212789415656
0.8701764057331863
0.9426681367144433
0.9098676957001103
0.8955347298787211
0.9142778390297684
0.9117971334068358
0.7990628445424476
0.9145534729878722
0.8420617420066152
0.9134509371554576
0.9087651598676957
0.8497794928335171
0.8839581036383682
0.8470231532524807
0.8710033076074972
0.8996692392502756
0.8442668136714443
0.958103638368247
0.7968577728776185
0.8759647188533627
0.7929988974641676
0.8652149944873209
0.9525909592061742
0.8602535832414554
0.8958103638368247
0.8834068357221609
0.899393605292172
0.9214443219404631
0.906284454244763
0.7985115766262404
0.8982910694597575
0.8704520396912899
0.905457552370452
0.9536934950385888
0.6954244762954797
0.8740352811466373
0.7695700110253583
0.9286108048511577
0.8817530319735392
0.8409592061742006
0.27067254685777287
0.9175854465270121
0.782800441014333
0.8999448732083792
0.7963065049614112
0.7805953693495039
0.7960308710033076
0.9060088202866593
0.896361631753032
0.9002205071664829
0.9007717750826902
0.8296582138919515
0.7679162072767365
0.9396361631753032
0.8597023153252481
0.8966372657111357
0.8936052921719956
0.8293825799338479
0.9101433296582139
0.7483461962513782
0.9032524807056229
0.9264057331863286
0.7442116868798236
0.9057331863285557
0.8817530319735392
0.8944321940463065
0.9065600882028666
0.8393054024255788
0.9625137816979051
0.8712789415656009
0.9233737596471885
0.9423925027563396
0.9443219404630651
0.7712238147739802
0.9379823594266814
0.9228224917309813
0.9385336273428887
0.9192392502756339
0.9531422271223815
0.9401874310915105
0.7783902976846747
0.8362734288864389
0.9283351708930541
0.7833517089305403
0.8960859977949284
0.8737596471885336
0.8224917309812569
0.9230981256890849
0.8067805953693495
0.820837927232635
0.7588202866593164
0.8481256890848953
0.8969128996692393
0.8743109151047409
0.8748621830209482
0.8936052921719956
0.8412348401323043
0.8630099228224918
0.8947078280044102
0.8550165380374862
0.9283351708930541
0.8845093715545755
0.801819184123484
0.8660418963616318
0.8792723263506064
0.9029768467475193
0.9109702315325248
0.8952590959206174
0.8412348401323043
0.9098676957001103
0.9214443219404631
0.8792723263506064
0.9040793825799338
0.7232635060639471
0.8260749724366042
0.898566703417861
0.9324696802646086
0.8599779492833517
0.9457001102535832
0.896361631753032
0.9027012127894156
0.7651598676957001
0.9060088202866593
0.8886438809261301
0.9010474090407938
0.8271775082690187
0.8051267916207276
0.9360529217199559
0.730154355016538
0.8263506063947078
0.8792723263506064
0.9035281146637266
0.8241455347298787
0.9390848952590959
0.8081587651598677
0.8781697905181919
0.88257993384785
0.9109702315325248
0.8326901874310915
0.8106394707828004
0.8676957001102535
0.8357221609702316
0.8348952590959207
0.8426130099228225
0.8834068357221609
0.8897464167585446
0.9349503858875413
0.8495038588754135
0.7472436604189636
0.8751378169790518
0.863561190738699
0.8431642778390298
0.9178610804851157
0.7593715545755237
0.8905733186328556
0.9622381477398015
0.9258544652701213
0.8721058434399118
0.8106394707828004
0.8699007717750827
0.7874862183020949
0.9388092613009923
0.954244762954796
0.8971885336273429
0.9002205071664829
0.8715545755237045
0.8481256890848953
0.899393605292172
0.9239250275633958
0.9272326350606395
0.8872657111356119
0.7963065049614112
0.9305402425578831
0.7753583241455347
0.8781697905181919
0.8616317530319736
0.8889195148842337
0.8878169790518192
0.9073869900771775
0.964167585446527
0.9076626240352812
0.9705071664829107
0.801819184123484
0.8869900771775082
0.8500551267916208
0.8034729878721059
0.9288864388092613
0.86742006615215
0.892502756339581
0.905457552370452
0.8627342888643881
0.9060088202866593
0.8729327453142227
0.8938809261300992
0.8178059536934951
0.8362734288864389
0.88257993384785
0.925303197353914
0.8726571113561191
0.8335170893054025
0.9167585446527012
0.8638368246968027
0.8916758544652701
0.7428335170893055
0.8809261300992283
0.88561190738699
0.8461962513781698
0.8853362734288864
0.9095920617420066
0.9142778390297684
0.844542447629548
0.9647188533627343
0.8528114663726571
0.8900220507166483
0.8941565600882029
0.9244762954796031
0.8307607497243661
0.9117971334068358
0.8034729878721059
0.8051267916207276
0.8798235942668137
0.820837927232635
0.7932745314222712
0.8748621830209482
0.9159316427783903
0.8183572216097024
0.8941565600882029
0.8125689084895259
0.7993384785005513
0.9479051819184123
0.7574421168687983
0.9578280044101434
0.9288864388092613
0.8481256890848953
0.896361631753032
0.7924476295479603
0.8599779492833517
0.8880926130099228
0.9228224917309813
0.7670893054024256
0.9669239250275634
0.9415656008820287
0.8947078280044102
0.9360529217199559
0.9010474090407938
0.8891951488423374
0.8916758544652701
0.8610804851157663
0.3202866593164278
0.8693495038588754
0.9186879823594267
0.8616317530319736
0.8150496141124587
0.8412348401323043
0.8401323042998897
0.9749173098125689
0.8897464167585446
0.8638368246968027
0.8966372657111357
0.9073869900771775
0.8858875413450937
0.9148291069459757
0.8125689084895259
0.8630099228224918
0.899393605292172
0.8401323042998897
0.8919514884233738
0.7954796030871003
0.8905733186328556
0.9269570011025359
0.8927783902976847
0.8991179713340683
0.778941565600882
0.8916758544652701
0.8789966923925028
0.8663175303197354
0.9104189636163176
0.9385336273428887
0.9156560088202866
0.8012679162072768
0.899393605292172
0.9002205071664829
0.8426130099228225
0.9134509371554576
0.9195148842337376
0.8042998897464168
0.8792723263506064
0.9652701212789415
0.909316427783903
0.9002205071664829
0.9374310915104741
0.8340683572216097
0.9556229327453142
0.8122932745314223
0.8905733186328556
0.7519294377067255
0.8131201764057332
0.9035281146637266
0.9095920617420066
0.8293825799338479
0.9553472987872106
0.8682469680264608
0.9294377067254685
0.8853362734288864
0.86742006615215
0.8194597574421169
0.8781697905181919
0.9203417861080485
0.8122932745314223
0.8756890848952591
0.8252480705622933
0.8120176405733186
0.9189636163175303
0.8969128996692393
0.8235942668136714
0.913175303197354
0.8867144432194046
0.7676405733186329
0.9101433296582139
0.8144983461962514
0.9104189636163176
0.8371003307607497
0.8478500551267916
0.7963065049614112
0.8252480705622933
0.8357221609702316
0.8023704520396913
0.8831312017640573
0.8489525909592062
0.935226019845645
0.8908489525909592
0.8630099228224918
0.8914002205071665
0.8991179713340683
0.8544652701212789
0.8723814773980154
0.8745865490628445
0.8329658213891952
0.8663175303197354
0.8379272326350606
0.9060088202866593
0.8718302094818081
0.9084895259095921
0.8679713340683572
0.8922271223814774
0.8889195148842337
0.8839581036383682
0.8332414553472988
0.8324145534729879
0.8569459757442117
0.8478500551267916
0.88257993384785
0.8814773980154355
0.8136714443219405
0.7916207276736494
0.8608048511576626
0.9013230429988974
0.8280044101433297
0.8398566703417861
0.88561190738699
0.9181367144432194
0.9454244762954797
0.7800441014332966
0.8533627342888643
0.8988423373759648
0.8729327453142227
0.9068357221609702
0.856670341786108
0.8194597574421169
0.794928335170893
0.8398566703417861
0.8131201764057332
0.9286108048511577
0.8337927232635061
0.8382028665931642
0.8439911797133407
0.9228224917309813
0.9509371554575524
0.86438809261301
0.8337927232635061
0.8238699007717751
0.7695700110253583
0.8321389195148843
0.8426130099228225
0.9101433296582139
0.827728776185226
0.934399117971334
0.8944321940463065
0.8563947078280044
0.8949834619625138
0.9120727673649394
0.8111907386990077
0.7792171995589857
0.8718302094818081
0.8235942668136714
0.8814773980154355
0.9440463065049615
0.9407386990077178
0.9272326350606395
0.7433847850055126
0.863561190738699
0.9084895259095921
0.8958103638368247
0.8991179713340683
0.942116868798236
0.8602535832414554
0.9173098125689085
0.8296582138919515
0.886438809261301
0.9112458654906285
0.8500551267916208
0.8539140022050716
0.9073869900771775
0.8751378169790518
0.8966372657111357
0.8845093715545755
0.843715545755237
0.834619625137817
0.9349503858875413
0.8988423373759648
0.9112458654906285
0.847574421168688
0.9013230429988974
0.8525358324145534
0.9206174200661521
0.9528665931642778
0.8930540242557883
0.9195148842337376
0.948180815876516
0.8329658213891952
0.8329658213891952
0.9412899669239251
0.8580485115766262
0.8916758544652701
0.8958103638368247
0.9170341786108048
0.9445975744211687
0.8423373759647188
0.8478500551267916
0.912348401323043
0.9258544652701213
0.8591510474090408
0.9288864388092613
0.8897464167585446
0.9732635060639471
0.8401323042998897
0.7712238147739802
0.8478500551267916
0.9002205071664829
0.8660418963616318
0.8919514884233738
0.9197905181918412
0.7877618522601985
0.87651598676957
0.8401323042998897
0.8869900771775082
0.7993384785005513
0.8222160970231532
0.8572216097023153
0.9134509371554576
0.9195148842337376
0.8762403528114664
0.8701764057331863
0.9068357221609702
0.8613561190738699
0.9007717750826902
0.9181367144432194
0.9021499448732084
0.9294377067254685
0.7571664829106945
0.9068357221609702
0.8111907386990077
0.7386990077177509
0.7894156560088202
0.8668687982359427
0.8936052921719956
0.8382028665931642
0.9247519294377067
0.8878169790518192
0.7378721058434399
0.8555678059536935
0.9357772877618522
0.8966372657111357
0.9448732083792724
0.8354465270121278
0.9151047409040793
0.850606394707828
0.8880926130099228
0.8291069459757442
0.8897464167585446
0.8732083792723263
0.8539140022050716
0.918412348401323
0.843715545755237
0.8930540242557883
0.8850606394707828
0.8486769570011026
0.934399117971334
0.9625137816979051
0.9032524807056229
0.8610804851157663
0.86438809261301
0.8891951488423374
0.8936052921719956
0.8103638368246968
0.8544652701212789
0.8784454244762955
0.9071113561190739
0.8836824696802646
0.88257993384785
0.8200110253583242
0.8878169790518192
0.7593715545755237
0.8282800441014333
0.9145534729878722
0.9079382579933848
0.9101433296582139
0.8106394707828004
0.9049062844542448
0.7883131201764058
0.8630099228224918
0.8216648291069459
0.9677508269018743
0.8318632855567806
0.8916758544652701
0.9228224917309813
0.8613561190738699
0.818632855567806
0.8814773980154355
0.9669239250275634
0.8519845644983461
0.9680264608599779
0.7910694597574421
0.8324145534729879
0.9545203969128997
0.9203417861080485
0.7265711135611908
0.9266813671444322
0.9117971334068358
0.8114663726571113
0.9087651598676957
0.8029217199558986
0.8996692392502756
0.8823042998897465
0.9283351708930541
0.8561190738699008
0.8288313120176406
0.7929988974641676
0.840683572216097
0.8158765159867696
0.7885887541345094
0.8533627342888643
0.8784454244762955
0.906284454244763
0.938257993384785
0.7985115766262404
0.8321389195148843
0.827728776185226
0.9366041896361632
0.8886438809261301
0.8812017640573319
0.8409592061742006
0.8707276736493936
0.9570011025358324
0.8357221609702316
0.7290518191841234
0.9534178610804851
0.9076626240352812
0.899393605292172
0.909316427783903
0.8944321940463065
0.912348401323043
0.898566703417861
0.9195148842337376
0.8685226019845645
0.8497794928335171
0.8434399117971334
0.7913450937155457
0.9007717750826902
0.8040242557883132
0.8235942668136714
0.8996692392502756
0.8831312017640573
0.8227673649393605
0.8809261300992283
0.8897464167585446
0.8905733186328556
0.8693495038588754
0.8602535832414554
0.8164277839029769
0.8100882028665931
0.7960308710033076
0.9112458654906285
0.9027012127894156
0.9388092613009923
0.8065049614112458
0.9324696802646086
0.7985115766262404
0.8244211686879823
0.9294377067254685
0.8191841234840133
0.9393605292171996
0.9286108048511577
0.8949834619625138
0.8511576626240352
0.8955347298787211
0.8770672546857773
0.7684674751929438
0.8266262403528115
0.7772877618522602
0.8492282249173098
0.8040242557883132
0.8144983461962514
0.847574421168688
0.8900220507166483
0.7166482910694597
0.893329658213892
0.639470782800441
0.8183572216097024
0.906284454244763
0.9393605292171996
0.8745865490628445
0.8054024255788313
0.7690187431091511
0.886438809261301
0.791896361631753
0.955071664829107
0.8337927232635061
0.8503307607497244
0.9484564498346196
0.8936052921719956
0.8914002205071665
0.8960859977949284
0.9230981256890849
0.8555678059536935
0.9170341786108048
0.9586549062844543
0.8715545755237045
0.8751378169790518
0.9335722160970231
0.801819184123484
0.8911245865490628
0.9051819184123484
0.8552921719955898
0.8748621830209482
0.7800441014332966
0.8230429988974641
0.9236493936052922
0.8439911797133407
0.9208930540242558
0.8908489525909592
0.8745865490628445
0.889470782800441
0.8161521499448732
0.9043550165380375
0.7816979051819184
0.9283351708930541
0.8142227122381478
0.9167585446527012
0.7544101433296582
0.8486769570011026
0.9399117971334069
0.9561742006615215
0.8417861080485116
0.7453142227122381
0.8938809261300992
0.8850606394707828
0.8883682469680264
0.8919514884233738
0.8133958103638368
0.856670341786108
0.7805953693495039
0.8541896361631753
0.8828555678059536
0.9195148842337376
0.7601984564498346
0.8955347298787211
0.8459206174200662
0.8285556780595369
0.8351708930540243
0.8224917309812569
0.8668687982359427
0.9228224917309813
0.8726571113561191
0.8371003307607497
0.8120176405733186
0.8310363836824697
0.9087651598676957
0.9219955898566703
0.8977398015435502
0.8004410143329658
0.9308158765159867
0.955071664829107
0.7739801543550165
0.8897464167585446
0.896361631753032
0.7852811466372657
0.8834068357221609
0.8180815876515987
0.9266813671444322
0.9228224917309813
0.8373759647188533
0.8357221609702316
0.922271223814774
0.8911245865490628
0.6995589856670342
0.87651598676957
0.8682469680264608
0.9192392502756339
0.8649393605292172
0.8213891951488423
0.8812017640573319
0.7640573318632855
0.7257442116868799
0.8585997794928335
0.8348952590959207
0.9490077177508269
0.9013230429988974
0.9319184123484013
0.9203417861080485
0.9258544652701213
0.9159316427783903
0.9242006615214995
0.9465270121278941
0.9186879823594267
0.8371003307607497
0.9294377067254685
0.857497243660419
0.8944321940463065
0.8095369349503859
0.912348401323043
0.9299889746416758
0.9462513781697905
0.7869349503858876
0.9217199558985667
0.9186879823594267
0.7458654906284454
0.9275082690187431
0.8999448732083792
0.7577177508269018
0.8646637265711136
0.8941565600882029
0.8875413450937155
0.9208930540242558
0.8459206174200662
0.9638919514884233
0.8756890848952591
0.9244762954796031
0.4605843439911797
0.8652149944873209
0.9492833517089305
0.8478500551267916
0.8340683572216097
0.8999448732083792
0.8685226019845645
0.8845093715545755
0.836824696802646
0.9396361631753032
0.9683020948180816
0.8285556780595369
0.8665931642778391
0.8619073869900772
0.9288864388092613
0.863561190738699
0.8991179713340683
0.8969128996692393
0.947353914002205
0.9156560088202866
0.9440463065049615
0.8109151047409041
0.7935501653803748
0.8624586549062845
0.8335170893054025
0.8563947078280044
0.9412899669239251
0.8111907386990077
0.8461962513781698
0.7433847850055126
0.8395810363836824
0.8632855567805954
0.8012679162072768
0.9288864388092613
0.6673098125689085
0.8122932745314223
0.9071113561190739
0.8357221609702316
0.8398566703417861
0.9206174200661521
0.8897464167585446
0.8781697905181919
0.9082138919514884
0.7604740904079382
0.8668687982359427
0.7767364939360529
0.8641124586549063
0.8657662624035282
0.9214443219404631
0.9071113561190739
0.8597023153252481
0.9250275633958104
0.7976846747519294
0.902425578831312
0.8770672546857773
0.9140022050716649
0.9173098125689085
0.8359977949283351
0.9095920617420066
0.8191841234840133
0.8980154355016539
0.889470782800441
0.7681918412348401
0.9338478500551268
0.8872657111356119
0.9090407938257994
0.8461962513781698
0.8693495038588754
0.880374862183021
0.9065600882028666
0.8715545755237045
0.827728776185226
0.9242006615214995
0.9341234840132304
0.8255237045203969
0.9558985667034179
0.9112458654906285
0.9330209481808158
0.8831312017640573
0.8679713340683572
0.8814773980154355
0.8610804851157663
0.8472987872105844
0.8800992282249173
0.8439911797133407
0.7681918412348401
0.7770121278941565
0.8613561190738699
0.9283351708930541
0.8354465270121278
0.8679713340683572
0.8649393605292172
0.8255237045203969
0.929162072767365
0.8417861080485116
0.8941565600882029
0.7816979051819184
0.8762403528114664
0.8393054024255788
0.782800441014333
0.8233186328555678
0.8759647188533627
0.8773428886438809
0.892502756339581
0.8409592061742006
0.8114663726571113
0.880374862183021
0.8390297684674752
0.7436604189636163
0.8533627342888643
0.8660418963616318
0.8657662624035282
0.7681918412348401
0.8307607497243661
0.8616317530319736
0.8657662624035282
0.8654906284454245
0.9098676957001103
0.961962513781698
0.8936052921719956
0.8150496141124587
0.8897464167585446
0.9655457552370452
0.8798235942668137
0.951212789415656
0.931367144432194
0.8415104740904079
0.8335170893054025
0.8412348401323043
0.9258544652701213
0.9140022050716649
0.9098676957001103
0.9462513781697905
0.8831312017640573
0.8329658213891952
0.955071664829107
0.8778941565600882
0.8927783902976847
0.8718302094818081
0.886438809261301
0.7604740904079382
0.880374862183021
0.9616868798235942
0.8492282249173098
0.9065600882028666
0.9137265711135611
0.7938257993384785
0.7626791620727673
0.8299338478500551
0.8710033076074972
0.8255237045203969
0.9509371554575524
0.8332414553472988
0.880374862183021
0.8784454244762955
0.847574421168688
0.9616868798235942
0.8632855567805954
0.88257993384785
0.8329658213891952
0.9106945975744212
0.8919514884233738
0.918412348401323
0.8836824696802646
0.7703969128996693
0.844542447629548
0.8759647188533627
0.7679162072767365
0.8263506063947078
0.7885887541345094
0.9170341786108048
0.9151047409040793
0.9239250275633958
0.8588754134509372
0.886438809261301
0.8668687982359427
0.9366041896361632
0.8191841234840133
0.8227673649393605
0.863561190738699
0.8335170893054025
0.8464718853362734
0.9534178610804851
0.9217199558985667
0.8194597574421169
0.8144983461962514
0.8966372657111357
0.9142778390297684
0.8467475192943771
0.9412899669239251
0.8089856670341786
0.9120727673649394
0.8357221609702316
0.7596471885336273
0.909316427783903
0.9013230429988974
0.8687982359426681
0.9553472987872106
0.902425578831312
0.905457552370452
0.8591510474090408
0.8128445424476296
0.9140022050716649
0.9319184123484013
0.8751378169790518
0.8902976846747519
0.9691289966923925
0.9244762954796031
0.9327453142227122
0.9051819184123484
0.8329658213891952
0.8343439911797134
0.8500551267916208
0.915380374862183
0.8732083792723263
0.8853362734288864
0.8280044101433297
0.7767364939360529
0.8528114663726571
0.8555678059536935
0.8004410143329658
0.8348952590959207
0.9117971334068358
0.8632855567805954
0.8426130099228225
0.7833517089305403
0.8348952590959207
0.8610804851157663
0.8977398015435502
0.9027012127894156
0.6918412348401323
0.9156560088202866
0.8150496141124587
0.925303197353914
0.6863285556780595
0.892502756339581
0.9159316427783903
0.893329658213892
0.8977398015435502
0.9013230429988974
0.8707276736493936
0.8729327453142227
0.9095920617420066
0.8054024255788313
0.9495589856670342
0.9101433296582139
0.8544652701212789
0.8930540242557883
0.8122932745314223
0.9217199558985667
0.8486769570011026
0.9418412348401323
0.9374310915104741
0.9396361631753032
0.8745865490628445
0.8530871003307607
0.9255788313120177
0.8665931642778391
0.8712789415656009
0.9465270121278941
0.7894156560088202
0.8285556780595369
0.9492833517089305
0.8619073869900772
0.8834068357221609
0.9029768467475193
0.857497243660419
0.8836824696802646
0.8539140022050716
0.9434950385887542
0.7398015435501654
0.906284454244763
0.9297133406835723
0.8371003307607497
0.8930540242557883
0.8274531422271224
0.8729327453142227
0.853638368246968
0.889470782800441
0.8484013230429989
0.8357221609702316
0.775909592061742
0.8900220507166483
0.9462513781697905
0.7566152149944874
0.850606394707828
0.88561190738699
0.8977398015435502
0.889470782800441
0.9004961411245865
0.8671444321940464
0.8834068357221609
0.8585997794928335
0.9073869900771775
0.8293825799338479
0.9181367144432194
0.8952590959206174
0.8318632855567806
0.961962513781698
0.9057331863285557
0.820837927232635
0.8062293274531422
0.9611356119073869
0.8401323042998897
0.788037486218302
0.8525358324145534
0.8814773980154355
0.9040793825799338
0.8949834619625138
0.7913450937155457
0.9258544652701213
0.869625137816979
0.9115214994487321
0.9178610804851157
0.9264057331863286
0.8936052921719956
0.8847850055126791
0.9140022050716649
0.7965821389195149
0.9305402425578831
0.8519845644983461
0.8944321940463065
0.7794928335170893
0.7982359426681367
0.8252480705622933
0.7706725468577729
0.8191841234840133
0.9120727673649394
0.9407386990077178
0.8886438809261301
0.8329658213891952
0.7894156560088202
0.9622381477398015
0.8936052921719956
0.8930540242557883
0.898566703417861
0.7899669239250275
0.8252480705622933
0.9087651598676957
0.8867144432194046
0.8690738699007717
0.9117971334068358
0.8872657111356119
0.9156560088202866
0.8544652701212789
0.8577728776185226
0.863561190738699
0.8012679162072768
0.880374862183021
0.853638368246968
0.8737596471885336
0.8726571113561191
0.8304851157662624
0.8393054024255788
0.9101433296582139
0.8541896361631753
0.8572216097023153
0.7910694597574421
0.844542447629548
0.8076074972436604
0.9258544652701213
0.8831312017640573
0.8051267916207276
0.8836824696802646
0.9594818081587652
0.8814773980154355
0.9286108048511577
0.7386990077177509
0.8960859977949284
0.9280595369349504
0.8059536934950385
0.8103638368246968
0.9082138919514884
0.9214443219404631
0.7946527012127894
0.9545203969128997
0.7767364939360529
0.8241455347298787
0.8249724366041896
0.9396361631753032
0.9594818081587652
0.9060088202866593
0.8767916207276737
0.9261300992282249
0.8065049614112458
0.8869900771775082
0.8745865490628445
0.9018743109151047
0.9495589856670342
0.7830760749724366
0.8999448732083792
0.8042998897464168
0.9189636163175303
0.8398566703417861
0.9355016538037486
0.9886990077177509
0.8619073869900772
0.9151047409040793
0.8781697905181919
0.8528114663726571
0.9211686879823594
0.8619073869900772
0.9071113561190739
0.9098676957001103
0.9038037486218302
0.8610804851157663
0.8459206174200662
0.8715545755237045
0.9195148842337376
0.9536934950385888
0.8781697905181919
0.8938809261300992
0.8685226019845645
0.9230981256890849
0.8602535832414554
0.8340683572216097
0.9244762954796031
0.9043550165380375
0.9407386990077178
0.9156560088202866
0.9390848952590959
0.8809261300992283
0.9228224917309813
0.9564498346196252
0.8999448732083792
0.9156560088202866
0.9729878721058435
0.9360529217199559
0.9049062844542448
0.9101433296582139
0.8792723263506064
0.9104189636163176
0.8902976846747519
0.9561742006615215
0.8296582138919515
0.9101433296582139
0.9065600882028666
0.8340683572216097
0.8960859977949284
0.909316427783903
0.847574421168688
0.8958103638368247
0.8991179713340683
0.9181367144432194
0.8756890848952591
0.8100882028665931
0.9655457552370452
0.88561190738699
0.7654355016538037
0.8470231532524807
0.6987320837927232
0.8092613009922822
0.8707276736493936
0.9592061742006616
0.8555678059536935
0.9211686879823594
0.8883682469680264
0.9666482910694597
0.8362734288864389
0.8762403528114664
0.8657662624035282
0.8282800441014333
0.8387541345093715
0.8773428886438809
0.8971885336273429
0.7946527012127894
0.9004961411245865
0.9239250275633958
0.8274531422271224
0.8291069459757442
0.851433296582139
0.8737596471885336
0.8197353914002206
0.9233737596471885
0.8897464167585446
0.7869349503858876
0.7626791620727673
0.827728776185226
0.8280044101433297
0.8296582138919515
0.8836824696802646
0.8836824696802646
0.8167034178610805
0.7844542447629548
0.9308158765159867
0.8255237045203969
0.8671444321940464
0.8288313120176406
0.7723263506063948
0.8834068357221609
0.8412348401323043
0.8042998897464168
0.8883682469680264
0.8029217199558986
0.8062293274531422
0.898566703417861
0.8178059536934951
0.8260749724366042
0.8693495038588754
0.8051267916207276
0.9142778390297684
0.9084895259095921
0.9010474090407938
0.8638368246968027
0.8588754134509372
0.8252480705622933
0.8263506063947078
0.9104189636163176
0.8781697905181919
0.9082138919514884
0.9341234840132304
0.7805953693495039
0.9266813671444322
0.7464167585446527
0.7910694597574421
0.9035281146637266
0.7938257993384785
0.8638368246968027
0.837651598676957
0.8867144432194046
0.9236493936052922
0.8861631753031973
0.8773428886438809
0.8241455347298787
0.7891400220507166
0.9090407938257994
0.8982910694597575
0.8690738699007717
0.8947078280044102
0.8495038588754135
0.9170341786108048
0.8495038588754135
0.8952590959206174
0.850606394707828
0.9170341786108048
0.9217199558985667
0.9178610804851157
0.8285556780595369
0.789691289966924
0.8550165380374862
0.7982359426681367
0.9015986769570011
0.5192943770672547
0.8842337375964718
0.8784454244762955
0.8164277839029769
0.9236493936052922
0.9247519294377067
0.8649393605292172
0.8756890848952591
0.8434399117971334
0.8131201764057332
0.8420617420066152
0.9418412348401323
0.9071113561190739
0.8602535832414554
0.9115214994487321
0.9084895259095921
0.8665931642778391
0.8547409040793826
0.8671444321940464
0.863561190738699
0.8470231532524807
0.8974641675854466
0.8202866593164277
0.8936052921719956
0.8393054024255788
0.7770121278941565
0.8781697905181919
0.8522601984564498
0.8938809261300992
0.8787210584343991
0.863561190738699
0.9366041896361632
0.8800992282249173
0.7905181918412348
0.8373759647188533
0.8448180815876516
0.8969128996692393
0.8911245865490628
0.8180815876515987
0.9468026460859978
0.8900220507166483
0.814773980154355
0.8511576626240352
0.8743109151047409
0.8646637265711136
0.9203417861080485
0.9021499448732084
0.8676957001102535
0.9575523704520397
0.9517640573318633
0.9230981256890849
0.88561190738699
0.8100882028665931
0.9773980154355016
0.8326901874310915
0.8001653803748622
0.9517640573318633
0.8398566703417861
0.836824696802646
0.9255788313120177
0.8040242557883132
0.8861631753031973
0.9357772877618522
0.915380374862183
0.8781697905181919
0.8883682469680264
0.8384785005512679
0.9106945975744212
0.9454244762954797
0.87651598676957
0.844542447629548
0.856670341786108
0.9087651598676957
0.938257993384785
0.8511576626240352
0.9128996692392503
0.8249724366041896
0.7651598676957001
0.8930540242557883
0.8814773980154355
0.86438809261301
0.9043550165380375
0.9332965821389195
0.7943770672546858
0.9068357221609702
0.8900220507166483
0.8291069459757442
0.8905733186328556
0.9319184123484013
0.8955347298787211
0.9286108048511577
0.8415104740904079
0.8872657111356119
0.840683572216097
0.8897464167585446
0.8001653803748622
0.8671444321940464
0.9214443219404631
0.8638368246968027
0.7916207276736494
0.87348401323043
0.7329106945975744
0.8337927232635061
0.9390848952590959
0.8787210584343991
0.912348401323043
0.7734288864388092
0.75
0.9217199558985667
0.896361631753032
0.9002205071664829
0.8065049614112458
0.9363285556780595
