0.8101851851851852
0.8431712962962963
0.8136574074074074
0.7844328703703703
0.8041087962962963
0.5934606481481481
0.8052662037037037
0.7491319444444444
0.8998842592592593
0.8616898148148148
0.6721643518518519
0.7572337962962963
0.8431712962962963
0.8920717592592593
0.7702546296296297
0.8023726851851852
0.6362847222222222
0.7280092592592593
0.1724537037037037
0.5590277777777778
0.7471064814814815
0.8229166666666666
0.7751736111111112
0.78125
0.8848379629629629
0.7844328703703703
0.7887731481481481
0.6941550925925926
0.9013310185185185
0.7364004629629629
0.8683449074074074
0.8614004629629629
0.8807870370370371
0.8492476851851852
0.7925347222222222
0.8608217592592593
0.8964120370370371
0.8391203703703703
0.7844328703703703
0.7731481481481481
0.8168402777777778
0.7838541666666666
0.6140046296296297
0.5943287037037037
0.7352430555555556
0.8041087962962963
0.8561921296296297
0.8017939814814815
0.6504629629629629
0.859375
0.7326388888888888
0.7557870370370371
0.8654513888888888
0.7633101851851852
0.8755787037037037
0.8449074074074074
0.7019675925925926
0.6875
0.7398726851851852
0.8116319444444444
0.8443287037037037
0.890625
0.7213541666666666
0.7251157407407407
0.6163194444444444
0.9157986111111112
0.8226273148148148
0.8269675925925926
0.90625
0.7777777777777778
0.9042245370370371
0.7638888888888888
0.7511574074074074
0.8342013888888888
0.8012152777777778
0.7552083333333334
0.8958333333333334
0.7754629629629629
0.7196180555555556
0.8602430555555556
0.7152777777777778
0.7630208333333334
0.7167245370370371
0.7905092592592593
0.8651620370370371
0.8998842592592593
0.8032407407407407
0.7971643518518519
0.7682291666666666
0.8894675925925926
0.8188657407407407
0.7994791666666666
0.8825231481481481
0.7983217592592593
0.7144097222222222
0.7977430555555556
0.8237847222222222
0.6961805555555556
0.7664930555555556
0.2769097222222222
0.6666666666666666
0.8009259259259259
0.6698495370370371
0.8324652777777778
0.7534722222222222
0.7288773148148148
0.7728587962962963
0.9079861111111112
0.7390046296296297
0.7864583333333334
0.7592592592592593
0.8469328703703703
0.8240740740740741
0.8553240740740741
0.8252314814814815
0.9212962962962963
0.7809606481481481
0.8139467592592593
0.8828125
0.7989004629629629
0.7193287037037037
0.8527199074074074
0.7740162037037037
0.6605902777777778
0.7378472222222222
0.7398726851851852
0.8469328703703703
0.7326388888888888
0.8015046296296297
0.8469328703703703
0.7714120370370371
0.6527777777777778
0.8972800925925926
0.6151620370370371
0.7630208333333334
0.7152777777777778
0.9346064814814815
0.8284143518518519
0.7077546296296297
0.890625
0.8263888888888888
0.7737268518518519
0.7731481481481481
0.7485532407407407
0.7960069444444444
0.8399884259259259
0.8145254629629629
0.8061342592592593
0.8917824074074074
0.9175347222222222
0.8917824074074074
0.8434606481481481
0.7974537037037037
0.7311921296296297
0.7416087962962963
0.7714120370370371
0.3723958333333333
0.8203125
0.7945601851851852
0.8298611111111112
0.8064236111111112
0.7806712962962963
0.7809606481481481
0.7491319444444444
0.8142361111111112
0.7858796296296297
0.8865740740740741
0.8993055555555556
0.6791087962962963
0.8648726851851852
0.9079861111111112
0.7644675925925926
0.8917824074074074
0.7664930555555556
0.4045138888888889
0.8489583333333334
0.7896412037037037
0.8208912037037037
0.4782986111111111
0.7349537037037037
0.7693865740740741
0.71875
0.7798032407407407
0.7954282407407407
0.7566550925925926
0.8602430555555556
0.8087384259259259
0.7497106481481481
0.6984953703703703
0.8579282407407407
0.7352430555555556
0.7734375
0.8671875
0.8726851851851852
0.7931134259259259
0.7445023148148148
0.6843171296296297
0.7832754629629629
0.8865740740740741
0.8136574074074074
0.7581018518518519
0.8263888888888888
0.8616898148148148
0.8460648148148148
0.7274305555555556
0.8275462962962963
0.8330439814814815
0.8478009259259259
0.6498842592592593
0.7618634259259259
0.8070023148148148
0.5830439814814815
0.8608217592592593
0.7511574074074074
0.6938657407407407
0.7592592592592593
0.7887731481481481
0.8049768518518519
0.8932291666666666
0.8885995370370371
0.8608217592592593
0.9137731481481481
0.8142361111111112
0.6796875
0.8165509259259259
0.7479745370370371
0.7375578703703703
0.27835648148148145
0.8153935185185185
0.8313078703703703
0.9395254629629629
0.7598379629629629
0.8608217592592593
0.7740162037037037
0.8454861111111112
0.8408564814814815
0.8810763888888888
0.7685185185185185
0.7378472222222222
0.7957175925925926
0.8836805555555556
0.7821180555555556
0.7337962962962963
0.7919560185185185
0.8104745370370371
0.7737268518518519
0.7456597222222222
0.7844328703703703
0.8029513888888888
0.7751736111111112
0.6741898148148148
0.7039930555555556
0.8162615740740741
0.8295717592592593
0.9539930555555556
0.8177083333333334
0.7705439814814815
0.8865740740740741
0.6984953703703703
0.7589699074074074
0.8446180555555556
0.7398726851851852
0.6883680555555556
0.8211805555555556
0.7939814814814815
0.7303240740740741
0.6429398148148148
0.875
0.7711226851851852
0.890625
0.8804976851851852
0.8388310185185185
0.7404513888888888
0.8857060185185185
0.8695023148148148
0.8344907407407407
0.7488425925925926
0.8923611111111112
0.6652199074074074
0.7531828703703703
0.8556134259259259
0.8602430555555556
0.8524305555555556
0.4982638888888889
0.6322337962962963
0.9094328703703703
0.7919560185185185
0.8217592592592593
0.7601273148148148
0.8017939814814815
0.7375578703703703
0.765625
0.7688078703703703
0.8897569444444444
0.8848379629629629
0.6209490740740741
0.8043981481481481
0.9149305555555556
0.8819444444444444
0.8232060185185185
0.8532986111111112
0.7355324074074074
0.8993055555555556
0.9123263888888888
0.8807870370370371
0.8492476851851852
0.9068287037037037
0.7867476851851852
0.7471064814814815
0.7193287037037037
0.7728587962962963
0.8527199074074074
0.8431712962962963
0.7702546296296297
0.7566550925925926
0.8408564814814815
0.7473958333333334
0.7155671296296297
0.6539351851851852
0.5457175925925926
0.7838541666666666
0.4988425925925926
0.7734375
0.7962962962962963
0.8990162037037037
0.7919560185185185
0.7693865740740741
0.7459490740740741
0.7754629629629629
0.7994791666666666
0.7899305555555556
0.7719907407407407
0.6672453703703703
0.6576967592592593
0.8492476851851852
0.8373842592592593
0.9059606481481481
0.7994791666666666
0.7711226851851852
0.8518518518518519
0.8764467592592593
0.7682291666666666
0.7256944444444444
0.7459490740740741
0.8255208333333334
0.9042245370370371
0.7306134259259259
0.9134837962962963
0.8336226851851852
0.9111689814814815
0.7019675925925926
0.7991898148148148
0.7971643518518519
0.8451967592592593
0.9282407407407407
0.8608217592592593
0.78125
0.8504050925925926
0.8017939814814815
0.7624421296296297
0.7583912037037037
0.7294560185185185
0.8828125
0.8104745370370371
0.8078703703703703
0.6817129629629629
0.8385416666666666
0.8133680555555556
0.7294560185185185
0.7285879629629629
0.8156828703703703
0.7288773148148148
0.8333333333333334
0.8159722222222222
0.8423032407407407
0.7563657407407407
0.9114583333333334
0.8654513888888888
0.9409722222222222
0.7459490740740741
0.7439236111111112
0.8547453703703703
0.7641782407407407
0.8787615740740741
0.7907986111111112
0.7624421296296297
0.6987847222222222
0.7907986111111112
0.6935763888888888
0.5379050925925926
0.6956018518518519
0.7653356481481481
0.7844328703703703
0.7876157407407407
0.7853009259259259
0.7803819444444444
0.7378472222222222
0.8177083333333334
0.7685185185185185
0.7497106481481481
0.6244212962962963
0.7433449074074074
0.8573495370370371
0.7517361111111112
0.734375
0.8799189814814815
0.8394097222222222
0.8478009259259259
0.7693865740740741
0.7621527777777778
0.7262731481481481
0.8431712962962963
0.7155671296296297
0.8518518518518519
0.7798032407407407
0.8188657407407407
0.7569444444444444
0.7795138888888888
0.7445023148148148
0.7103587962962963
0.8385416666666666
0.7068865740740741
0.7884837962962963
0.5865162037037037
0.7627314814814815
0.8758680555555556
0.6733217592592593
0.7546296296296297
0.7719907407407407
0.8194444444444444
0.7566550925925926
0.8446180555555556
0.7664930555555556
0.6808449074074074
0.8287037037037037
0.7994791666666666
0.7702546296296297
0.7962962962962963
0.8813657407407407
0.9076967592592593
0.6617476851851852
0.7245370370370371
0.8000578703703703
0.875
0.7589699074074074
0.7664930555555556
0.7884837962962963
0.7563657407407407
0.7106481481481481
0.8680555555555556
0.8842592592592593
0.8917824074074074
0.8078703703703703
0.8125
0.8165509259259259
0.8023726851851852
0.7824074074074074
0.8385416666666666
0.4308449074074074
0.8243634259259259
0.7913773148148148
0.8825231481481481
0.7861689814814815
0.8460648148148148
0.8396990740740741
0.7230902777777778
0.8822337962962963
0.6684027777777778
0.7468171296296297
0.7100694444444444
0.8573495370370371
0.7803819444444444
0.6339699074074074
0.7722800925925926
0.8185763888888888
0.7384259259259259
0.7494212962962963
0.7722800925925926
0.8041087962962963
0.8168402777777778
0.8211805555555556
0.6073495370370371
0.8417245370370371
0.5810185185185185
0.8914930555555556
0.6779513888888888
0.8162615740740741
0.8729745370370371
0.8758680555555556
0.8822337962962963
0.8622685185185185
0.7236689814814815
0.7838541666666666
0.7905092592592593
0.7832754629629629
0.6854745370370371
0.8738425925925926
0.8637152777777778
0.7667824074074074
0.8110532407407407
0.7659143518518519
0.9085648148148148
0.6901041666666666
0.7907986111111112
0.8425925925925926
0.7835648148148148
0.8411458333333334
0.8399884259259259
0.7673611111111112
0.8385416666666666
0.7161458333333334
0.7806712962962963
0.8781828703703703
0.8122106481481481
0.8917824074074074
0.6200810185185185
0.8524305555555556
0.8347800925925926
0.8185763888888888
0.8078703703703703
0.6993634259259259
0.3871527777777778
0.8923611111111112
0.8148148148148148
0.7152777777777778
0.8929398148148148
0.8287037037037037
0.7375578703703703
0.7233796296296297
0.8420138888888888
0.8342013888888888
0.7705439814814815
0.6203703703703703
0.7485532407407407
0.7662037037037037
0.7688078703703703
0.9282407407407407
0.7575231481481481
0.7728587962962963
0.8350694444444444
0.8104745370370371
0.8423032407407407
0.7957175925925926
0.7013888888888888
0.9198495370370371
0.8240740740740741
0.8096064814814815
0.7300347222222222
0.8020833333333334
0.7416087962962963
0.8229166666666666
0.8695023148148148
0.7511574074074074
0.7751736111111112
0.8087384259259259
0.8171296296296297
0.8072916666666666
0.7505787037037037
0.7063078703703703
0.8046875
0.7456597222222222
0.7841435185185185
0.5839120370370371
0.8854166666666666
0.8165509259259259
0.7818287037037037
0.8110532407407407
0.8017939814814815
0.8000578703703703
0.8385416666666666
0.7065972222222222
0.7913773148148148
0.8032407407407407
0.9221643518518519
0.8043981481481481
0.6724537037037037
0.8434606481481481
0.8292824074074074
0.8263888888888888
0.7612847222222222
0.7699652777777778
0.6721643518518519
0.8845486111111112
0.8564814814814815
0.8903356481481481
0.7983217592592593
0.7815393518518519
0.7164351851851852
0.7390046296296297
0.7118055555555556
0.6912615740740741
0.8223379629629629
0.7366898148148148
0.8741319444444444
0.8718171296296297
0.8232060185185185
0.8402777777777778
0.7960069444444444
0.8770254629629629
0.6935763888888888
0.6817129629629629
0.7115162037037037
0.8029513888888888
0.8689236111111112
0.7508680555555556
0.7745949074074074
0.7641782407407407
0.7899305555555556
0.7650462962962963
0.6513310185185185
0.8735532407407407
0.8405671296296297
0.4933449074074074
0.8153935185185185
0.8336226851851852
0.36574074074074076
0.7829861111111112
0.6866319444444444
0.7743055555555556
0.8289930555555556
0.6837384259259259
0.9120370370370371
0.7986111111111112
0.7989004629629629
0.8897569444444444
0.8946759259259259
0.7511574074074074
0.765625
0.7364004629629629
0.8200231481481481
0.6177662037037037
0.7447916666666666
0.7887731481481481
0.6739004629629629
0.7358217592592593
0.8382523148148148
0.7566550925925926
0.8226273148148148
0.7922453703703703
0.8631365740740741
0.7621527777777778
0.7931134259259259
0.8148148148148148
0.7928240740740741
0.6339699074074074
0.7222222222222222
0.8776041666666666
0.8585069444444444
0.6984953703703703
0.8475115740740741
0.7184606481481481
0.8781828703703703
0.8764467592592593
0.7445023148148148
0.8689236111111112
0.7731481481481481
0.7236689814814815
0.8098958333333334
0.7780671296296297
0.8003472222222222
0.8559027777777778
0.6637731481481481
0.9085648148148148
0.7563657407407407
0.8602430555555556
0.7815393518518519
0.8359375
0.7881944444444444
0.8278356481481481
0.7913773148148148
0.7861689814814815
0.8217592592592593
0.6608796296296297
0.8125
0.8344907407407407
0.7132523148148148
0.6053240740740741
0.8486689814814815
0.8304398148148148
0.8119212962962963
0.7688078703703703
0.7621527777777778
0.7783564814814815
0.8515625
0.5147569444444444
0.7057291666666666
0.7725694444444444
0.8287037037037037
0.6267361111111112
0.8466435185185185
0.6148726851851852
0.8153935185185185
0.7520254629629629
0.8547453703703703
0.828125
0.7277199074074074
0.6403356481481481
0.7387152777777778
0.8295717592592593
0.8078703703703703
0.8501157407407407
0.8382523148148148
0.796875
0.8142361111111112
0.7647569444444444
0.8324652777777778
0.8055555555555556
0.8330439814814815
0.8220486111111112
0.8104745370370371
0.7378472222222222
0.8726851851851852
0.8203125
0.5940393518518519
0.7245370370370371
0.6759259259259259
0.8784722222222222
0.8194444444444444
0.8208912037037037
0.7152777777777778
0.9334490740740741
0.8839699074074074
0.8541666666666666
0.8255208333333334
0.734375
0.8579282407407407
0.7259837962962963
0.6906828703703703
0.734375
0.8663194444444444
0.8336226851851852
0.8677662037037037
0.8032407407407407
0.7037037037037037
0.8058449074074074
0.8799189814814815
0.7699652777777778
0.7326388888888888
0.6684027777777778
0.8417245370370371
0.7410300925925926
0.7491319444444444
0.8619791666666666
0.7502893518518519
0.7219328703703703
0.7607060185185185
0.7008101851851852
0.8726851851851852
0.8208912037037037
0.8478009259259259
0.7586805555555556
0.8993055555555556
0.7488425925925926
0.8252314814814815
0.7546296296296297
0.8735532407407407
0.7554976851851852
0.7245370370370371
0.5923032407407407
0.8344907407407407
0.7476851851851852
0.8151041666666666
0.7210648148148148
0.8862847222222222
0.7523148148148148
0.7905092592592593
0.7491319444444444
0.9111689814814815
0.7552083333333334
0.7650462962962963
0.7734375
0.7372685185185185
0.8101851851851852
0.8761574074074074
0.7983217592592593
0.8582175925925926
0.859375
0.8781828703703703
0.8394097222222222
0.7178819444444444
0.8451967592592593
0.8000578703703703
0.7546296296296297
0.5555555555555556
0.7870370370370371
0.8333333333333334
0.890625
0.7242476851851852
0.8200231481481481
0.5960648148148148
0.8356481481481481
0.8310185185185185
0.7905092592592593
0.7167245370370371
0.8342013888888888
0.9021990740740741
0.7578125
0.7838541666666666
0.8663194444444444
0.8524305555555556
0.7618634259259259
0.7922453703703703
0.8391203703703703
0.7942708333333334
0.9039351851851852
0.8324652777777778
0.27835648148148145
0.8145254629629629
0.8454861111111112
0.7826967592592593
0.7647569444444444
0.8359375
0.7236689814814815
0.7358217592592593
0.8078703703703703
0.7673611111111112
0.8697916666666666
0.8900462962962963
0.7271412037037037
0.8793402777777778
0.8993055555555556
0.6096643518518519
0.6574074074074074
0.8321759259259259
0.8489583333333334
0.7057291666666666
0.8026620370370371
0.7259837962962963
0.7696759259259259
0.8032407407407407
0.7505787037037037
0.7065972222222222
0.8451967592592593
0.8061342592592593
0.8119212962962963
0.8168402777777778
0.5630787037037037
0.7456597222222222
0.8524305555555556
0.7806712962962963
0.9016203703703703
0.7986111111111112
0.7991898148148148
0.4994212962962963
0.8072916666666666
0.8344907407407407
0.7381365740740741
0.7245370370370371
0.8781828703703703
0.8310185185185185
0.8182870370370371
0.8469328703703703
0.7685185185185185
0.7922453703703703
0.8582175925925926
0.6707175925925926
0.8399884259259259
0.8226273148148148
0.7754629629629629
0.40943287037037035
0.6380208333333334
0.7821180555555556
0.8072916666666666
0.8608217592592593
0.7899305555555556
0.8451967592592593
0.7468171296296297
0.8564814814814815
0.6640625
0.7604166666666666
0.7057291666666666
0.009548611111111112
0.8301504629629629
0.8874421296296297
0.6267361111111112
0.6672453703703703
0.8359375
0.8321759259259259
0.8104745370370371
0.765625
0.7450810185185185
0.8854166666666666
0.8642939814814815
0.9013310185185185
0.7983217592592593
0.8923611111111112
0.8883101851851852
0.8478009259259259
0.7282986111111112
0.8350694444444444
0.8776041666666666
0.7190393518518519
0.7913773148148148
0.7479745370370371
0.8130787037037037
0.8324652777777778
0.7876157407407407
0.8819444444444444
0.7271412037037037
0.8263888888888888
0.8547453703703703
0.6663773148148148
0.7919560185185185
0.703125
0.8055555555555556
0.7540509259259259
0.8015046296296297
0.6875
0.7210648148148148
0.8081597222222222
0.8362268518518519
0.7158564814814815
0.6559606481481481
0.8810763888888888
0.7042824074074074
0.7239583333333334
0.8098958333333334
0.6721643518518519
0.7225115740740741
0.7795138888888888
0.8266782407407407
0.6982060185185185
0.8145254629629629
0.8206018518518519
0.8321759259259259
0.8446180555555556
0.8509837962962963
0.9221643518518519
0.7505787037037037
0.6848958333333334
0.7757523148148148
0.8298611111111112
0.7256944444444444
0.7060185185185185
0.8064236111111112
0.8648726851851852
0.7916666666666666
0.8790509259259259
0.8478009259259259
0.8359375
0.7230902777777778
0.7146990740740741
0.6655092592592593
0.8070023148148148
0.8104745370370371
0.7152777777777778
0.7786458333333334
0.6443865740740741
0.8289930555555556
0.8214699074074074
0.7337962962962963
0.8208912037037037
0.8055555555555556
0.8191550925925926
0.7025462962962963
0.8087384259259259
0.2612847222222222
0.7688078703703703
0.8081597222222222
0.7378472222222222
0.8799189814814815
0.7375578703703703
0.8379629629629629
0.7728587962962963
0.6678240740740741
0.7905092592592593
0.7989004629629629
0.6342592592592593
0.7682291666666666
0.7711226851851852
0.8394097222222222
0.8912037037037037
0.7497106481481481
0.8451967592592593
0.7855902777777778
0.7291666666666666
0.7129629629629629
0.8003472222222222
0.8287037037037037
0.8075810185185185
0.6345486111111112
0.7612847222222222
0.5891203703703703
0.734375
0.6828703703703703
0.8026620370370371
0.5480324074074074
0.7459490740740741
0.7740162037037037
0.7708333333333334
0.7931134259259259
0.8177083333333334
0.7884837962962963
0.5978009259259259
0.7919560185185185
0.7016782407407407
0.7560763888888888
0.7896412037037037
0.7861689814814815
0.7497106481481481
0.8718171296296297
0.8495370370370371
0.7934027777777778
0.8532986111111112
0.8084490740740741
0.8307291666666666
0.8981481481481481
0.8857060185185185
0.9010416666666666
0.9299768518518519
0.8784722222222222
0.765625
0.8243634259259259
0.6617476851851852
0.7919560185185185
0.7311921296296297
0.8289930555555556
0.6035879629629629
0.8917824074074074
0.84375
0.8214699074074074
0.8747106481481481
0.7384259259259259
0.7748842592592593
0.9178240740740741
0.7974537037037037
0.8214699074074074
0.7335069444444444
0.8260995370370371
0.7653356481481481
0.8347800925925926
0.8813657407407407
0.8061342592592593
0.8388310185185185
0.796875
0.8229166666666666
0.7806712962962963
0.8188657407407407
0.8501157407407407
0.7280092592592593
0.8142361111111112
0.8072916666666666
0.8807870370370371
0.7899305555555556
0.7954282407407407
0.9048032407407407
0.6817129629629629
0.8541666666666666
0.8379629629629629
0.8425925925925926
0.7439236111111112
0.8611111111111112
0.9152199074074074
0.7806712962962963
0.8359375
0.8295717592592593
0.7366898148148148
0.7948495370370371
0.8197337962962963
0.7531828703703703
0.8454861111111112
0.7488425925925926
0.7251157407407407
0.4019097222222222
0.7928240740740741
0.7902199074074074
0.6967592592592593
0.6012731481481481
0.78125
0.9021990740740741
0.8119212962962963
0.7627314814814815
0.8119212962962963
0.5474537037037037
0.8926504629629629
0.7607060185185185
0.7818287037037037
0.8347800925925926
0.7537615740740741
0.8718171296296297
0.8758680555555556
0.8741319444444444
0.9074074074074074
0.8842592592592593
0.7763310185185185
0.6487268518518519
0.8556134259259259
0.4007523148148148
0.7502893518518519
0.7173032407407407
0.8790509259259259
0.9409722222222222
0.7771990740740741
0.7745949074074074
0.8622685185185185
0.7798032407407407
0.8587962962962963
0.6293402777777778
0.8674768518518519
0.8553240740740741
0.7685185185185185
0.6270254629629629
0.7329282407407407
0.8234953703703703
0.9091435185185185
0.7884837962962963
0.8090277777777778
0.7537615740740741
0.8075810185185185
0.7745949074074074
0.8006365740740741
0.6828703703703703
0.6203703703703703
0.7913773148148148
0.8909143518518519
0.7248263888888888
0.7199074074074074
0.7763310185185185
0.7294560185185185
0.390625
0.8032407407407407
0.8356481481481481
0.8868634259259259
0.7780671296296297
0.8799189814814815
0.8394097222222222
0.7572337962962963
0.7384259259259259
0.8631365740740741
0.7592592592592593
0.8052662037037037
0.8553240740740741
0.7962962962962963
0.8570601851851852
0.5416666666666666
0.7977430555555556
0.7384259259259259
0.7485532407407407
0.6672453703703703
0.7207754629629629
0.8041087962962963
0.9114583333333334
0.7644675925925926
0.8362268518518519
0.8194444444444444
0.7688078703703703
0.8758680555555556
0.8689236111111112
0.9094328703703703
0.7505787037037037
0.9065393518518519
0.9233217592592593
0.8935185185185185
0.7416087962962963
0.6756365740740741
0.7427662037037037
0.8165509259259259
0.7311921296296297
0.6649305555555556
0.5046296296296297
0.8767361111111112
0.9030671296296297
0.7552083333333334
0.7962962962962963
0.8217592592592593
0.8382523148148148
0.7635995370370371
0.7650462962962963
0.8671875
0.8272569444444444
0.8683449074074074
0.8191550925925926
0.7309027777777778
0.6412037037037037
0.9082754629629629
0.8075810185185185
0.8715277777777778
0.8434606481481481
0.7459490740740741
0.7939814814814815
0.6950231481481481
0.8356481481481481
0.7734375
0.7320601851851852
0.6918402777777778
0.7864583333333334
0.8758680555555556
0.8119212962962963
0.8923611111111112
0.7445023148148148
0.6961805555555556
0.7638888888888888
0.7835648148148148
0.6151620370370371
0.7690972222222222
0.7230902777777778
0.8090277777777778
0.7106481481481481
0.8995949074074074
0.75
0.00636574074074074
0.7256944444444444
0.6678240740740741
0.6643518518518519
0.8072916666666666
0.7858796296296297
0.7068865740740741
0.7485532407407407
0.8090277777777778
0.7986111111111112
0.8229166666666666
0.8252314814814815
0.8550347222222222
0.7905092592592593
0.6987847222222222
0.8041087962962963
0.8938078703703703
0.7077546296296297
0.8038194444444444
0.7601273148148148
0.7280092592592593
0.8350694444444444
0.9372106481481481
0.7633101851851852
0.9074074074074074
0.6412037037037037
0.8564814814814815
0.8200231481481481
0.8298611111111112
0.8446180555555556
0.8020833333333334
0.8527199074074074
0.8081597222222222
0.8767361111111112
0.9186921296296297
0.8654513888888888
0.6999421296296297
0.7039930555555556
0.8938078703703703
0.8454861111111112
0.8315972222222222
0.8249421296296297
0.7913773148148148
0.8029513888888888
0.7638888888888888
0.8168402777777778
0.8776041666666666
0.7798032407407407
0.8394097222222222
0.7702546296296297
0.8637152777777778
0.7560763888888888
0.8972800925925926
0.8009259259259259
0.7207754629629629
0.6799768518518519
0.7676504629629629
0.7236689814814815
0.7928240740740741
0.6556712962962963
0.7907986111111112
0.9137731481481481
0.7245370370370371
0.7815393518518519
0.8116319444444444
0.8327546296296297
0.8368055555555556
0.9311342592592593
0.75
0.7800925925925926
0.7089120370370371
0.7375578703703703
0.8877314814814815
0.7948495370370371
0.7537615740740741
0.7256944444444444
0.78125
0.8506944444444444
0.8715277777777778
0.8894675925925926
0.6646412037037037
0.9010416666666666
0.7199074074074074
0.7239583333333334
0.7465277777777778
0.8243634259259259
0.8284143518518519
0.7734375
0.7884837962962963
0.6941550925925926
0.8015046296296297
0.7887731481481481
0.7714120370370371
0.7763310185185185
0.8845486111111112
0.8674768518518519
0.6620370370370371
0.8041087962962963
0.8116319444444444
0.7879050925925926
0.8420138888888888
0.8214699074074074
0.6927083333333334
0.8845486111111112
0.7951388888888888
0.8616898148148148
0.9163773148148148
0.8023726851851852
0.6472800925925926
0.6090856481481481
0.7635995370370371
0.8605324074074074
0.8087384259259259
0.7696759259259259
0.9450231481481481
0.5755208333333334
0.8926504629629629
0.8333333333333334
0.8379629629629629
0.8489583333333334
0.7777777777777778
0.8171296296296297
0.7922453703703703
0.8420138888888888
0.8070023148148148
0.8587962962962963
0.6915509259259259
0.8524305555555556
0.8935185185185185
0.7994791666666666
0.8220486111111112
0.9036458333333334
0.8648726851851852
0.8952546296296297
0.7893518518518519
0.8530092592592593
0.8654513888888888
0.8171296296296297
0.8229166666666666
0.8035300925925926
0.6235532407407407
0.7213541666666666
0.8767361111111112
0.8223379629629629
0.8903356481481481
0.7465277777777778
0.7696759259259259
0.8926504629629629
0.8289930555555556
0.8266782407407407
0.7543402777777778
0.8712384259259259
0.8243634259259259
0.9285300925925926
0.7884837962962963
0.7439236111111112
0.8289930555555556
0.8657407407407407
0.8729745370370371
0.8003472222222222
0.7236689814814815
0.8237847222222222
0.7262731481481481
0.8469328703703703
0.8292824074074074
0.7800925925925926
0.7262731481481481
0.84375
0.7398726851851852
0.7013888888888888
0.7803819444444444
0.08622685185185185
0.7829861111111112
0.6947337962962963
0.7404513888888888
0.8764467592592593
0.8310185185185185
0.7809606481481481
0.8188657407407407
0.7170138888888888
0.8527199074074074
0.6831597222222222
0.7685185185185185
0.7245370370370371
0.8359375
0.7806712962962963
0.9175347222222222
0.8799189814814815
0.8972800925925926
0.7595486111111112
0.6793981481481481
0.7780671296296297
0.8848379629629629
0.7219328703703703
0.9157986111111112
0.7311921296296297
0.7835648148148148
0.7485532407407407
0.7115162037037037
0.8061342592592593
0.7925347222222222
0.5853587962962963
0.9019097222222222
0.8339120370370371
0.7809606481481481
0.7957175925925926
0.6261574074074074
0.6929976851851852
0.8093171296296297
0.8781828703703703
0.7146990740740741
0.7670717592592593
0.8304398148148148
0.8336226851851852
0.8530092592592593
0.8527199074074074
0.8122106481481481
0.8096064814814815
0.8185763888888888
0.8420138888888888
0.9265046296296297
0.8168402777777778
0.8333333333333334
0.7774884259259259
0.9221643518518519
0.6776620370370371
0.8043981481481481
0.7960069444444444
0.8423032407407407
0.6244212962962963
0.8084490740740741
0.8017939814814815
0.9094328703703703
0.8570601851851852
0.8758680555555556
0.9236111111111112
0.7991898148148148
0.7734375
0.9091435185185185
0.8035300925925926
0.7858796296296297
0.6973379629629629
0.7228009259259259
0.8072916666666666
0.8278356481481481
0.8376736111111112
0.7774884259259259
0.8472222222222222
0.7060185185185185
0.7178819444444444
0.8851273148148148
0.7731481481481481
0.8020833333333334
0.8151041666666666
0.859375
0.6163194444444444
0.6701388888888888
0.6996527777777778
0.8735532407407407
0.8425925925925926
0.8489583333333334
0.6892361111111112
0.8310185185185185
0.8026620370370371
0.7300347222222222
0.8107638888888888
0.7297453703703703
0.8067129629629629
0.7806712962962963
0.7595486111111112
0.8229166666666666
0.6626157407407407
0.8203125
0.7242476851851852
0.8790509259259259
0.8388310185185185
0.8237847222222222
0.8359375
0.8871527777777778
0.6134259259259259
0.7633101851851852
0.8240740740740741
0.6001157407407407
0.8266782407407407
0.8067129629629629
0.9021990740740741
0.9076967592592593
0.7887731481481481
0.8206018518518519
0.8747106481481481
0.7152777777777778
0.7445023148148148
0.7468171296296297
0.7491319444444444
0.7673611111111112
0.7936921296296297
0.7326388888888888
0.8046875
0.7285879629629629
0.8634259259259259
0.8116319444444444
0.7766203703703703
0.8330439814814815
0.7957175925925926
0.9007523148148148
0.7589699074074074
0.8260995370370371
0.8770254629629629
0.7818287037037037
0.6533564814814815
0.8318865740740741
0.6996527777777778
0.9418402777777778
0.7447916666666666
0.6964699074074074
0.7748842592592593
0.7612847222222222
0.8365162037037037
0.7277199074074074
0.8075810185185185
0.8865740740740741
0.7149884259259259
0.8067129629629629
0.8573495370370371
0.7204861111111112
0.7951388888888888
0.8504050925925926
0.7236689814814815
0.7375578703703703
0.8475115740740741
0.7997685185185185
0.8472222222222222
0.7670717592592593
0.4994212962962963
0.7100694444444444
0.7896412037037037
0.7858796296296297
0.7800925925925926
0.7465277777777778
0.8862847222222222
0.7381365740740741
0.7526041666666666
0.8752893518518519
0.7803819444444444
0.5028935185185185
0.8217592592592593
0.8671875
0.8755787037037037
0.6779513888888888
0.7664930555555556
0.7708333333333334
0.8553240740740741
0.7210648148148148
0.8142361111111112
0.7361111111111112
0.5972222222222222
0.8020833333333334
0.8093171296296297
0.7760416666666666
0.7485532407407407
0.8098958333333334
0.8278356481481481
0.7384259259259259
0.8029513888888888
0.7381365740740741
0.8182870370370371
0.8174189814814815
0.6912615740740741
0.8399884259259259
0.9262152777777778
0.7850115740740741
0.6863425925925926
0.8139467592592593
0.8177083333333334
0.8185763888888888
0.8226273148148148
0.7317708333333334
0.8067129629629629
0.8333333333333334
0.890625
0.7676504629629629
0.8174189814814815
0.8868634259259259
0.6932870370370371
0.7445023148148148
0.7679398148148148
0.5717592592592593
0.8825231481481481
0.8414351851851852
0.8255208333333334
0.9007523148148148
0.7647569444444444
0.7129629629629629
0.6866319444444444
0.8990162037037037
0.8266782407407407
0.7826967592592593
0.7948495370370371
0.8619791666666666
0.8075810185185185
0.7450810185185185
0.8752893518518519
0.8394097222222222
0.8648726851851852
0.7566550925925926
0.7595486111111112
0.8883101851851852
0.8480902777777778
0.8903356481481481
0.7835648148148148
0.7502893518518519
0.8842592592592593
0.8365162037037037
0.6918402777777778
0.7841435185185185
0.6640625
0.6603009259259259
0.6597222222222222
0.8819444444444444
0.6478587962962963
0.7404513888888888
0.7858796296296297
0.7476851851851852
0.7896412037037037
0.8275462962962963
0.8284143518518519
0.8339120370370371
0.8263888888888888
0.6050347222222222
0.8020833333333334
0.7960069444444444
0.5419560185185185
0.7459490740740741
0.8619791666666666
0.8177083333333334
0.8243634259259259
0.7309027777777778
0.8932291666666666
0.7853009259259259
0.7847222222222222
0.7919560185185185
0.8049768518518519
0.6744791666666666
0.8237847222222222
0.8119212962962963
0.7841435185185185
0.7861689814814815
0.6064814814814815
0.9265046296296297
0.8402777777777778
0.8237847222222222
0.8744212962962963
0.9262152777777778
0.7962962962962963
0.6617476851851852
0.8480902777777778
0.9114583333333334
0.8359375
0.6281828703703703
0.8478009259259259
0.7528935185185185
0.8961226851851852
0.8425925925925926
0.7884837962962963
0.8576388888888888
0.8917824074074074
0.7783564814814815
0.7780671296296297
0.7832754629629629
0.7413194444444444
0.6524884259259259
0.8362268518518519
0.6848958333333334
0.7962962962962963
0.7473958333333334
0.5529513888888888
0.8561921296296297
0.7850115740740741
0.5489004629629629
0.7986111111111112
0.9241898148148148
0.8883101851851852
0.8747106481481481
0.8411458333333334
0.875
0.8616898148148148
0.7575231481481481
0.8295717592592593
0.8046875
0.7673611111111112
0.7586805555555556
0.8258101851851852
0.8605324074074074
0.8362268518518519
0.7777777777777778
0.8133680555555556
0.6108217592592593
0.7916666666666666
0.7910879629629629
0.7818287037037037
0.9036458333333334
0.18373842592592593
0.8347800925925926
0.7170138888888888
0.7991898148148148
0.8556134259259259
0.8342013888888888
0.8912037037037037
0.8266782407407407
0.7265625
0.7771990740740741
0.8796296296296297
0.7821180555555556
0.7242476851851852
0.7664930555555556
0.7977430555555556
0.6863425925925926
0.7219328703703703
0.7167245370370371
0.7627314814814815
0.7387152777777778
0.7928240740740741
0.8284143518518519
0.5859375
0.7887731481481481
0.7520254629629629
0.9091435185185185
0.9528356481481481
0.7317708333333334
0.8072916666666666
0.8475115740740741
0.8640046296296297
0.7207754629629629
0.8923611111111112
0.8423032407407407
0.7291666666666666
0.7919560185185185
0.8003472222222222
0.8483796296296297
0.8373842592592593
0.9094328703703703
0.8909143518518519
0.8663194444444444
0.84375
0.7745949074074074
0.9123263888888888
0.7925347222222222
0.9131944444444444
0.8509837962962963
0.7841435185185185
0.8125
0.7607060185185185
0.7821180555555556
0.9059606481481481
0.7135416666666666
0.7526041666666666
0.7913773148148148
0.8289930555555556
0.5671296296296297
0.7948495370370371
0.5818865740740741
0.8376736111111112
0.7546296296296297
0.9357638888888888
0.8680555555555556
0.7934027777777778
0.7650462962962963
0.7925347222222222
0.6455439814814815
0.9039351851851852
0.7528935185185185
0.8770254629629629
0.7358217592592593
0.6837384259259259
0.8689236111111112
0.8530092592592593
0.8923611111111112
0.6686921296296297
0.6351273148148148
0.7853009259259259
0.9146412037037037
0.8055555555555556
0.8938078703703703
0.7905092592592593
0.7277199074074074
0.7821180555555556
0.7404513888888888
0.7563657407407407
0.8758680555555556
0.8420138888888888
0.8156828703703703
0.7392939814814815
0.8920717592592593
0.7803819444444444
0.8084490740740741
0.7196180555555556
0.6484375
0.8596643518518519
0.8174189814814815
0.8075810185185185
0.6918402777777778
0.8072916666666666
0.7528935185185185
0.35358796296296297
0.7213541666666666
0.8909143518518519
0.7780671296296297
0.7991898148148148
0.84375
0.8266782407407407
0.7404513888888888
0.6773726851851852
0.7149884259259259
0.7479745370370371
0.8153935185185185
0.7826967592592593
0.9010416666666666
0.8203125
0.8391203703703703
0.7743055555555556
0.7855902777777778
0.8003472222222222
0.8246527777777778
0.7809606481481481
0.7361111111111112
0.8423032407407407
0.7601273148148148
0.8900462962962963
0.8576388888888888
0.8125
0.9033564814814815
0.7265625
0.7633101851851852
0.6765046296296297
0.8663194444444444
0.7818287037037037
0.8087384259259259
0.5847800925925926
0.7390046296296297
0.8067129629629629
0.7896412037037037
0.8758680555555556
0.6770833333333334
0.7262731481481481
0.8764467592592593
0.8457754629629629
0.7714120370370371
0.6961805555555556
0.6935763888888888
0.6967592592592593
0.6964699074074074
0.8582175925925926
0.796875
0.8816550925925926
0.8420138888888888
0.8237847222222222
0.8602430555555556
0.8897569444444444
0.8356481481481481
0.8101851851851852
0.7925347222222222
0.8880208333333334
0.8234953703703703
0.8148148148148148
0.6947337962962963
0.5526620370370371
0.8518518518518519
0.6773726851851852
0.8055555555555556
0.9160879629629629
0.6608796296296297
0.7743055555555556
0.7777777777777778
0.8559027777777778
0.8616898148148148
0.8035300925925926
0.7583912037037037
0.8998842592592593
0.7890625
0.8833912037037037
0.8237847222222222
0.8211805555555556
0.9192708333333334
0.8249421296296297
0.6990740740740741
0.7178819444444444
0.7346643518518519
0.7497106481481481
0.6964699074074074
0.7991898148148148
0.9270833333333334
0.8119212962962963
0.8342013888888888
0.8382523148148148
0.7416087962962963
0.8272569444444444
0.8573495370370371
0.8263888888888888
0.6886574074074074
0.8602430555555556
0.7890625
0.8162615740740741
0.9103009259259259
0.7789351851851852
0.5983796296296297
0.8671875
0.8778935185185185
0.6464120370370371
0.7164351851851852
0.7013888888888888
0.8559027777777778
0.6657986111111112
0.8307291666666666
0.7447916666666666
0.6918402777777778
0.8842592592592593
0.8208912037037037
0.8217592592592593
0.7598379629629629
0.8391203703703703
0.7910879629629629
0.8214699074074074
0.7809606481481481
0.6232638888888888
0.5792824074074074
0.7789351851851852
0.8752893518518519
0.8822337962962963
0.7442129629629629
0.7641782407407407
0.7627314814814815
0.8527199074074074
0.6970486111111112
0.7936921296296297
0.9056712962962963
0.5332754629629629
0.7100694444444444
0.8376736111111112
0.7835648148148148
0.7991898148148148
0.6027199074074074
0.8657407407407407
0.7974537037037037
0.8035300925925926
0.7505787037037037
0.8449074074074074
0.7618634259259259
0.9212962962962963
0.8489583333333334
0.6140046296296297
0.8920717592592593
0.7245370370370371
0.9079861111111112
0.6006944444444444
0.6982060185185185
0.8550347222222222
0.8541666666666666
0.8900462962962963
0.8570601851851852
0.7421875
0.9308449074074074
0.7051504629629629
0.8958333333333334
0.7690972222222222
0.7971643518518519
0.5321180555555556
0.8654513888888888
0.6906828703703703
0.8301504629629629
0.6958912037037037
0.8472222222222222
0.7491319444444444
0.7670717592592593
0.5645254629629629
0.7459490740740741
0.6828703703703703
0.5691550925925926
0.7123842592592593
0.8104745370370371
0.7549189814814815
0.8171296296296297
0.7282986111111112
0.7838541666666666
0.6597222222222222
0.7100694444444444
0.7358217592592593
0.7835648148148148
0.8761574074074074
0.7997685185185185
0.8726851851851852
0.7699652777777778
0.7997685185185185
0.8333333333333334
0.7928240740740741
0.8038194444444444
0.8478009259259259
0.5358796296296297
0.8810763888888888
0.7199074074074074
0.7803819444444444
0.7962962962962963
0.8920717592592593
0.7774884259259259
0.8229166666666666
0.7369791666666666
0.7476851851851852
0.7337962962962963
0.7986111111111112
0.8197337962962963
0.7931134259259259
0.8912037037037037
0.6206597222222222
0.8012152777777778
0.8969907407407407
0.8784722222222222
0.8443287037037037
0.7184606481481481
0.8747106481481481
0.8984375
0.7358217592592593
0.8041087962962963
0.7207754629629629
0.7349537037037037
0.8628472222222222
0.7317708333333334
0.7609953703703703
0.5778356481481481
0.8020833333333334
0.7282986111111112
0.7609953703703703
0.8472222222222222
0.6614583333333334
0.8420138888888888
0.7274305555555556
0.7259837962962963
0.8790509259259259
0.7407407407407407
0.8006365740740741
0.8012152777777778
0.8741319444444444
0.7476851851851852
0.8156828703703703
0.7737268518518519
0.8090277777777778
0.8295717592592593
0.8952546296296297
0.7485532407407407
0.7471064814814815
0.7627314814814815
0.8206018518518519
0.6736111111111112
0.9131944444444444
0.7557870370370371
0.8547453703703703
0.8929398148148148
0.7809606481481481
0.7800925925925926
0.7204861111111112
0.7534722222222222
0.7690972222222222
0.7844328703703703
0.8573495370370371
0.8072916666666666
0.8379629629629629
0.9406828703703703
0.8628472222222222
0.7586805555555556
0.7453703703703703
0.7991898148148148
0.7624421296296297
0.7586805555555556
0.8880208333333334
0.6941550925925926
0.8064236111111112
0.8585069444444444
0.8020833333333334
0.8142361111111112
0.7016782407407407
0.8483796296296297
0.7766203703703703
0.7068865740740741
0.8712384259259259
0.7942708333333334
0.4114583333333333
0.7624421296296297
0.8191550925925926
0.7523148148148148
0.6880787037037037
0.7748842592592593
0.7861689814814815
0.8162615740740741
0.8232060185185185
0.8978587962962963
0.4910300925925926
0.8200231481481481
0.9369212962962963
0.7228009259259259
0.8289930555555556
0.7838541666666666
0.8133680555555556
0.7604166666666666
0.7867476851851852
0.7230902777777778
0.7919560185185185
0.8368055555555556
0.7826967592592593
0.8203125
0.7948495370370371
0.8012152777777778
0.7763310185185185
0.6550925925925926
0.8544560185185185
0.8032407407407407
0.7520254629629629
0.8110532407407407
0.8182870370370371
0.7607060185185185
0.7554976851851852
0.7847222222222222
0.7126736111111112
0.8104745370370371
0.6834490740740741
0.8423032407407407
0.8101851851851852
0.8457754629629629
0.8376736111111112
0.8046875
0.9241898148148148
0.7841435185185185
0.7361111111111112
0.8287037037037037
0.8101851851851852
0.7800925925925926
0.7462384259259259
0.8440393518518519
0.8226273148148148
0.7777777777777778
0.7939814814814815
0.8518518518518519
0.7520254629629629
0.7931134259259259
0.0011574074074074073
0.8810763888888888
0.6970486111111112
0.7361111111111112
0.8382523148148148
0.8359375
0.5486111111111112
0.8993055555555556
0.7873263888888888
0.8547453703703703
0.7971643518518519
0.7991898148148148
0.7615740740740741
0.8032407407407407
0.6970486111111112
0.7430555555555556
0.5836226851851852
0.7540509259259259
0.9288194444444444
0.8017939814814815
0.8793402777777778
0.47280092592592593
0.8333333333333334
0.8110532407407407
0.7225115740740741
0.7745949074074074
0.8530092592592593
0.7954282407407407
0.8113425925925926
0.6145833333333334
0.7685185185185185
0.7193287037037037
0.6903935185185185
0.7039930555555556
0.875
0.8460648148148148
0.8307291666666666
0.7479745370370371
0.7103587962962963
0.7491319444444444
0.6629050925925926
0.8365162037037037
0.7925347222222222
0.8637152777777778
0.6403356481481481
0.9163773148148148
0.9172453703703703
0.6889467592592593
0.8165509259259259
0.8009259259259259
0.7453703703703703
0.8417245370370371
0.3810763888888889
0.7508680555555556
0.8234953703703703
0.8454861111111112
0.7213541666666666
0.8984375
0.7798032407407407
0.8339120370370371
0.6756365740740741
0.7575231481481481
0.7760416666666666
0.8831018518518519
0.7893518518518519
0.6597222222222222
0.7346643518518519
0.8263888888888888
0.8125
0.6359953703703703
0.7442129629629629
0.7783564814814815
0.7731481481481481
0.6487268518518519
0.8804976851851852
0.5384837962962963
0.7456597222222222
0.7118055555555556
0.7783564814814815
0.9360532407407407
0.8208912037037037
0.8206018518518519
0.8900462962962963
0.7430555555555556
0.8240740740740741
0.9380787037037037
0.7795138888888888
0.7115162037037037
0.7413194444444444
0.7291666666666666
0.7925347222222222
0.6779513888888888
0.8234953703703703
0.8179976851851852
0.6140046296296297
0.6776620370370371
0.8909143518518519
0.8365162037037037
0.6958912037037037
0.7861689814814815
0.8712384259259259
0.8310185185185185
0.7152777777777778
0.8055555555555556
0.7630208333333334
0.8576388888888888
0.8700810185185185
0.7528935185185185
0.8035300925925926
0.6886574074074074
0.6712962962962963
0.8683449074074074
0.8443287037037037
0.8151041666666666
0.7841435185185185
0.6221064814814815
0.8480902777777778
0.8298611111111112
0.7352430555555556
0.7592592592592593
0.7890625
0.7690972222222222
0.7824074074074074
0.8414351851851852
0.6383101851851852
0.7971643518518519
0.6666666666666666
0.7332175925925926
0.8741319444444444
0.7957175925925926
0.7890625
0.7340856481481481
0.7517361111111112
0.8009259259259259
0.7798032407407407
0.7717013888888888
0.7621527777777778
0.7986111111111112
0.7905092592592593
0.7531828703703703
0.7664930555555556
0.8041087962962963
0.7384259259259259
0.8058449074074074
0.7705439814814815
0.8318865740740741
0.8524305555555556
0.7861689814814815
0.7745949074074074
0.8666087962962963
0.7236689814814815
0.7531828703703703
0.8735532407407407
0.7352430555555556
0.7222222222222222
0.7650462962962963
0.7876157407407407
0.8182870370370371
0.7818287037037037
0.6837384259259259
0.7777777777777778
0.7939814814814815
0.8145254629629629
0.7893518518518519
0.7479745370370371
0.7430555555555556
0.7731481481481481
0.7936921296296297
0.8368055555555556
0.7352430555555556
0.8544560185185185
0.8738425925925926
0.6197916666666666
0.6611689814814815
0.8101851851851852
0.7957175925925926
0.7983217592592593
0.8723958333333334
0.7288773148148148
0.9534143518518519
0.7201967592592593
0.7806712962962963
0.6715856481481481
0.7497106481481481
0.8177083333333334
0.7251157407407407
0.8041087962962963
0.9021990740740741
0.8900462962962963
0.7916666666666666
0.7572337962962963
0.6655092592592593
0.8504050925925926
0.8964120370370371
0.8061342592592593
0.8067129629629629
0.7595486111111112
0.7838541666666666
0.8064236111111112
0.7118055555555556
0.6432291666666666
0.7769097222222222
0.8478009259259259
0.7349537037037037
0.8313078703703703
0.7989004629629629
0.7714120370370371
0.7381365740740741
0.8304398148148148
0.8454861111111112
0.8142361111111112
0.7311921296296297
0.8263888888888888
0.8232060185185185
0.7309027777777778
0.7792245370370371
0.9221643518518519
0.7540509259259259
0.8917824074074074
0.78125
0.7748842592592593
0.7965856481481481
0.7213541666666666
0.8255208333333334
0.7222222222222222
0.8776041666666666
0.8943865740740741
0.7928240740740741
0.8804976851851852
0.6779513888888888
0.8009259259259259
0.7395833333333334
0.6493055555555556
0.8049768518518519
0.7294560185185185
0.8379629629629629
0.8755787037037037
0.7936921296296297
0.8084490740740741
0.7511574074074074
0.7291666666666666
0.8527199074074074
0.8165509259259259
0.6160300925925926
0.8122106481481481
0.7774884259259259
0.8067129629629629
0.765625
0.7699652777777778
0.8833912037037037
0.17650462962962962
0.8324652777777778
0.8460648148148148
0.8087384259259259
0.8344907407407407
0.7832754629629629
0.7696759259259259
0.8449074074074074
0.7381365740740741
0.8804976851851852
0.8208912037037037
0.9050925925925926
0.8929398148148148
0.8651620370370371
0.890625
0.8336226851851852
0.7609953703703703
0.8955439814814815
0.7346643518518519
0.8104745370370371
0.7864583333333334
0.8035300925925926
0.7465277777777778
0.8888888888888888
0.7722800925925926
0.7447916666666666
0.8454861111111112
0.8544560185185185
0.6666666666666666
0.9030671296296297
0.8298611111111112
0.8903356481481481
0.8226273148148148
0.8084490740740741
0.8521412037037037
0.7219328703703703
0.7175925925925926
0.8301504629629629
0.8052662037037037
0.7881944444444444
0.7910879629629629
0.8151041666666666
0.7673611111111112
0.7430555555555556
0.8055555555555556
0.7008101851851852
0.7572337962962963
0.8350694444444444
0.7534722222222222
0.8125
0.7905092592592593
0.7523148148148148
0.7890625
0.8087384259259259
0.7653356481481481
0.7427662037037037
0.8958333333333334
0.7809606481481481
0.6333912037037037
0.7442129629629629
0.8663194444444444
0.7899305555555556
0.8622685185185185
0.7442129629629629
0.8614004629629629
0.8564814814814815
0.8064236111111112
0.9120370370370371
0.7847222222222222
0.7604166666666666
0.6805555555555556
0.6692708333333334
0.8324652777777778
0.8958333333333334
0.8116319444444444
0.40480324074074076
0.6614583333333334
0.7699652777777778
0.7766203703703703
0.6947337962962963
0.8527199074074074
0.6510416666666666
0.8081597222222222
0.8075810185185185
0.7242476851851852
0.8382523148148148
0.8428819444444444
0.8194444444444444
0.7693865740740741
0.8683449074074074
0.8851273148148148
0.8041087962962963
0.8208912037037037
0.6380208333333334
0.7757523148148148
0.8654513888888888
0.6990740740740741
0.8885995370370371
0.7855902777777778
0.8043981481481481
0.8399884259259259
0.7152777777777778
0.7349537037037037
0.8252314814814815
0.7954282407407407
0.8961226851851852
0.7722800925925926
0.7436342592592593
0.8017939814814815
0.7615740740740741
0.8067129629629629
0.7534722222222222
0.8353587962962963
0.8469328703703703
0.7097800925925926
0.8171296296296297
0.8130787037037037
0.7722800925925926
0.8298611111111112
0.8078703703703703
0.9244791666666666
0.8263888888888888
0.7717013888888888
0.7653356481481481
0.3990162037037037
0.7664930555555556
0.7986111111111112
0.7311921296296297
0.8032407407407407
0.5815972222222222
0.7207754629629629
0.7725694444444444
0.5853587962962963
0.8072916666666666
0.6877893518518519
0.875
0.7607060185185185
0.7722800925925926
0.7598379629629629
0.7777777777777778
0.7135416666666666
0.8440393518518519
0.8336226851851852
0.8446180555555556
0.8680555555555556
0.8449074074074074
0.7445023148148148
0.8356481481481481
0.7317708333333334
0.7216435185185185
0.8098958333333334
0.7355324074074074
0.9340277777777778
0.8385416666666666
0.9091435185185185
0.7679398148148148
0.7447916666666666
0.7693865740740741
0.9212962962962963
0.7673611111111112
0.9343171296296297
0.7390046296296297
0.6085069444444444
0.6695601851851852
0.6805555555555556
0.5150462962962963
0.7008101851851852
0.9126157407407407
0.8712384259259259
0.7207754629629629
0.8408564814814815
0.8645833333333334
0.7135416666666666
0.9296875
0.8544560185185185
0.6956018518518519
0.7997685185185185
0.7433449074074074
0.8214699074074074
0.8006365740740741
0.8995949074074074
0.7826967592592593
0.7039930555555556
0.7303240740740741
0.7196180555555556
0.8266782407407407
0.7259837962962963
0.7129629629629629
0.6559606481481481
0.7957175925925926
0.8026620370370371
0.7604166666666666
0.6739004629629629
0.8269675925925926
0.7644675925925926
0.7601273148148148
0.8064236111111112
0.78125
0.9085648148148148
0.7390046296296297
0.8776041666666666
0.7991898148148148
0.8197337962962963
0.6935763888888888
0.7806712962962963
0.9091435185185185
0.8394097222222222
0.7867476851851852
0.7635995370370371
0.8142361111111112
0.9131944444444444
0.8851273148148148
0.8188657407407407
0.8327546296296297
0.8515625
0.8342013888888888
0.7664930555555556
0.9114583333333334
0.7864583333333334
0.7751736111111112
0.8787615740740741
0.8156828703703703
0.7777777777777778
0.7233796296296297
0.8304398148148148
0.7965856481481481
0.7826967592592593
0.6657986111111112
0.8049768518518519
0.8900462962962963
0.7939814814814815
0.8232060185185185
0.7635995370370371
0.7158564814814815
0.7274305555555556
0.8353587962962963
0.6843171296296297
0.7881944444444444
0.7282986111111112
0.7682291666666666
0.8350694444444444
0.8330439814814815
0.6160300925925926
0.8046875
0.7508680555555556
0.7945601851851852
0.8327546296296297
0.9036458333333334
0.7630208333333334
0.7725694444444444
0.8454861111111112
0.7771990740740741
0.7337962962962963
0.7008101851851852
0.7445023148148148
0.8781828703703703
0.8307291666666666
0.8912037037037037
0.7037037037037037
0.8738425925925926
0.7916666666666666
0.8061342592592593
0.7410300925925926
0.5980902777777778
0.8758680555555556
0.7884837962962963
0.8848379629629629
0.8700810185185185
0.7664930555555556
0.7884837962962963
0.8344907407407407
0.8420138888888888
0.7228009259259259
0.7265625
0.7149884259259259
0.7607060185185185
0.7598379629629629
0.7161458333333334
0.7676504629629629
0.8255208333333334
0.7505787037037037
0.8648726851851852
0.7743055555555556
0.6869212962962963
0.7867476851851852
0.8628472222222222
0.7612847222222222
0.7601273148148148
0.7190393518518519
0.7792245370370371
0.7737268518518519
0.8946759259259259
0.8029513888888888
0.7254050925925926
0.8382523148148148
0.9091435185185185
0.7925347222222222
0.6061921296296297
0.3559027777777778
0.7722800925925926
0.9166666666666666
0.8457754629629629
0.8940972222222222
0.7173032407407407
0.8046875
0.7442129629629629
0.8747106481481481
0.8226273148148148
0.8148148148148148
0.8457754629629629
0.8732638888888888
0.5888310185185185
0.8718171296296297
0.6571180555555556
0.8851273148148148
0.8223379629629629
0.8857060185185185
0.7754629629629629
0.7132523148148148
0.7980324074074074
0.8026620370370371
0.7604166666666666
0.8425925925925926
0.8938078703703703
0.7259837962962963
0.8000578703703703
0.6947337962962963
0.8125
0.7751736111111112
0.7488425925925926
0.7413194444444444
0.7763310185185185
0.8009259259259259
0.6304976851851852
0.8038194444444444
0.7158564814814815
0.8877314814814815
0.8376736111111112
0.7369791666666666
0.8831018518518519
0.7274305555555556
0.8385416666666666
0.8483796296296297
0.7126736111111112
0.7549189814814815
0.8935185185185185
0.9250578703703703
0.7855902777777778
0.7010995370370371
0.6351273148148148
0.8165509259259259
0.8703703703703703
0.8321759259259259
0.9311342592592593
0.8139467592592593
0.7688078703703703
0.8191550925925926
0.7725694444444444
0.7673611111111112
0.7699652777777778
0.7855902777777778
0.8535879629629629
0.7873263888888888
0.8347800925925926
0.9389467592592593
0.6267361111111112
0.8414351851851852
0.8434606481481481
0.7262731481481481
0.6012731481481481
0.7097800925925926
0.7832754629629629
0.6076388888888888
0.7806712962962963
0.8810763888888888
0.8223379629629629
0.7552083333333334
0.7152777777777778
0.734375
0.7193287037037037
0.8492476851851852
0.78125
0.7068865740740741
0.8781828703703703
0.8229166666666666
0.6319444444444444
0.9079861111111112
0.7254050925925926
0.8229166666666666
0.8038194444444444
0.7540509259259259
0.8350694444444444
0.7688078703703703
0.8836805555555556
0.8674768518518519
0.7601273148148148
0.7485532407407407
0.7268518518518519
0.7427662037037037
0.6032986111111112
0.7416087962962963
0.8347800925925926
0.8967013888888888
0.8981481481481481
0.7931134259259259
0.7928240740740741
0.7416087962962963
0.7922453703703703
0.6973379629629629
0.8122106481481481
0.78125
0.7517361111111112
0.9178240740740741
0.8932291666666666
0.8807870370370371
0.6912615740740741
0.8700810185185185
0.8590856481481481
0.90625
0.7838541666666666
0.8877314814814815
0.7780671296296297
0.8420138888888888
0.7965856481481481
0.8715277777777778
0.8194444444444444
0.7407407407407407
0.8590856481481481
0.8822337962962963
0.8732638888888888
0.8168402777777778
0.6892361111111112
0.8541666666666666
0.8744212962962963
0.7818287037037037
0.6854745370370371
0.7786458333333334
0.7526041666666666
0.8949652777777778
0.7905092592592593
0.8240740740740741
0.7149884259259259
0.8391203703703703
0.8657407407407407
0.7939814814814815
0.9267939814814815
0.7054398148148148
0.8631365740740741
0.7071759259259259
0.8987268518518519
0.7349537037037037
0.7398726851851852
0.8133680555555556
0.7262731481481481
0.7094907407407407
0.7045717592592593
0.7855902777777778
0.7855902777777778
0.7155671296296297
0.8081597222222222
0.9033564814814815
0.9267939814814815
0.7427662037037037
0.7430555555555556
0.8153935185185185
0.7792245370370371
0.8156828703703703
0.7083333333333334
0.9019097222222222
0.8211805555555556
0.7858796296296297
0.8535879629629629
0.7534722222222222
0.8761574074074074
0.8608217592592593
0.7173032407407407
0.7210648148148148
0.8139467592592593
0.8043981481481481
0.828125
0.7540509259259259
0.7670717592592593
0.6403356481481481
0.6545138888888888
0.7673611111111112
0.7355324074074074
0.6756365740740741
0.8075810185185185
0.7291666666666666
0.8249421296296297
0.7676504629629629
0.5928819444444444
0.8342013888888888
0.7468171296296297
0.7853009259259259
0.6869212962962963
0.8313078703703703
0.8822337962962963
0.7560763888888888
0.7910879629629629
0.8619791666666666
0.7734375
0.8706597222222222
0.8038194444444444
0.7711226851851852
0.6880787037037037
0.8478009259259259
0.7057291666666666
0.8032407407407407
0.0014467592592592592
0.7815393518518519
0.7835648148148148
0.6747685185185185
0.8015046296296297
0.6779513888888888
0.8373842592592593
0.8208912037037037
0.9458912037037037
0.8854166666666666
0.4704861111111111
0.8133680555555556
0.7907986111111112
0.7112268518518519
0.8891782407407407
0.8842592592592593
0.8182870370370371
0.7919560185185185
0.8029513888888888
0.7754629629629629
0.6469907407407407
0.8897569444444444
0.8148148148148148
0.8289930555555556
0.23697916666666666
0.7881944444444444
0.7699652777777778
0.8428819444444444
0.8394097222222222
0.7702546296296297
0.7757523148148148
0.7948495370370371
0.9123263888888888
0.8579282407407407
0.7462384259259259
0.9103009259259259
0.8703703703703703
0.8784722222222222
0.7962962962962963
0.7008101851851852
0.7465277777777778
0.8587962962962963
0.7502893518518519
0.7630208333333334
0.7789351851851852
0.7728587962962963
0.7722800925925926
0.7549189814814815
0.6652199074074074
0.7662037037037037
0.8512731481481481
0.8153935185185185
0.8573495370370371
0.7294560185185185
0.8064236111111112
0.7595486111111112
0.7245370370370371
0.8090277777777778
0.8049768518518519
0.7317708333333334
0.8049768518518519
0.7115162037037037
0.7311921296296297
0.7230902777777778
0.9348958333333334
0.8104745370370371
0.8428819444444444
0.8035300925925926
0.8145254629629629
0.7473958333333334
0.26099537037037035
0.7757523148148148
0.7262731481481481
0.6875
0.7526041666666666
0.7094907407407407
0.6591435185185185
0.7358217592592593
0.7838541666666666
0.6935763888888888
0.6961805555555556
0.8174189814814815
0.8359375
0.7994791666666666
0.7294560185185185
0.8162615740740741
0.7335069444444444
0.7245370370370371
0.8732638888888888
0.9178240740740741
0.8721064814814815
0.6750578703703703
0.8385416666666666
0.7436342592592593
0.7841435185185185
0.7074652777777778
0.8761574074074074
0.9447337962962963
0.8515625
0.9016203703703703
0.8695023148148148
0.8012152777777778
0.7352430555555556
0.7581018518518519
0.7737268518518519
0.6588541666666666
0.7196180555555556
0.8619791666666666
0.8203125
0.8778935185185185
0.8998842592592593
0.890625
0.7905092592592593
0.8284143518518519
0.7526041666666666
0.8590856481481481
0.8206018518518519
0.7465277777777778
0.7925347222222222
0.8747106481481481
0.7667824074074074
0.6877893518518519
0.8799189814814815
0.8408564814814815
0.7818287037037037
0.7074652777777778
0.6739004629629629
0.78125
0.8735532407407407
0.828125
0.7413194444444444
0.5558449074074074
0.7132523148148148
0.9270833333333334
0.7696759259259259
0.8232060185185185
0.7664930555555556
0.7983217592592593
0.7815393518518519
0.7439236111111112
0.8318865740740741
0.9126157407407407
0.6614583333333334
0.7826967592592593
0.8098958333333334
0.7780671296296297
0.8038194444444444
0.6322337962962963
0.8449074074074074
0.8315972222222222
0.8179976851851852
0.765625
0.7864583333333334
0.7838541666666666
0.7910879629629629
0.7436342592592593
0.5833333333333334
0.8796296296296297
0.8043981481481481
0.8243634259259259
0.6996527777777778
0.6834490740740741
0.8926504629629629
0.8174189814814815
0.6869212962962963
0.8315972222222222
0.8153935185185185
0.7494212962962963
0.8862847222222222
0.7549189814814815
0.7644675925925926
0.7760416666666666
0.7717013888888888
0.9033564814814815
0.7277199074074074
0.47453703703703703
0.7462384259259259
0.7520254629629629
0.8894675925925926
0.8541666666666666
0.6145833333333334
0.6976273148148148
0.8171296296296297
0.6825810185185185
0.8096064814814815
0.8107638888888888
0.8524305555555556
0.8561921296296297
0.7884837962962963
0.8538773148148148
0.8425925925925926
0.7760416666666666
0.6915509259259259
0.8324652777777778
0.7358217592592593
0.8220486111111112
0.5182291666666666
0.9013310185185185
0.7925347222222222
0.7662037037037037
0.8399884259259259
0.9007523148148148
0.8246527777777778
0.7832754629629629
0.8275462962962963
0.9045138888888888
0.7583912037037037
0.7769097222222222
0.8799189814814815
0.7786458333333334
0.7887731481481481
0.9024884259259259
0.8321759259259259
0.6918402777777778
0.7210648148148148
0.8136574074074074
0.8723958333333334
0.8596643518518519
0.7508680555555556
0.6504629629629629
0.7019675925925926
0.7896412037037037
0.6840277777777778
0.7792245370370371
0.7615740740740741
0.8434606481481481
0.7349537037037037
0.7664930555555556
0.7155671296296297
0.6145833333333334
0.8217592592592593
0.7980324074074074
0.8993055555555556
0.7627314814814815
0.7980324074074074
0.7060185185185185
0.8640046296296297
0.6490162037037037
0.7433449074074074
0.7907986111111112
0.7054398148148148
0.8185763888888888
0.7957175925925926
0.8090277777777778
0.7977430555555556
0.8605324074074074
0.8770254629629629
0.8611111111111112
0.7800925925925926
0.8475115740740741
0.8333333333333334
0.7777777777777778
0.8417245370370371
0.6548032407407407
0.8616898148148148
0.3912037037037037
0.7826967592592593
0.7120949074074074
0.9056712962962963
0.7384259259259259
0.7199074074074074
0.7962962962962963
0.7340856481481481
0.8590856481481481
0.8434606481481481
0.6987847222222222
0.7957175925925926
0.7404513888888888
0.9108796296296297
0.8776041666666666
0.8700810185185185
0.8923611111111112
0.7731481481481481
0.7230902777777778
0.7832754629629629
0.8984375
0.7881944444444444
0.8122106481481481
0.7745949074074074
0.8263888888888888
0.7531828703703703
0.7873263888888888
0.8955439814814815
0.8787615740740741
0.7022569444444444
0.5214120370370371
0.7960069444444444
0.7850115740740741
0.8203125
0.7630208333333334
0.8125
0.7262731481481481
0.8932291666666666
0.8206018518518519
0.6903935185185185
0.8460648148148148
0.8425925925925926
0.8622685185185185
0.8125
0.8026620370370371
0.7401620370370371
0.8153935185185185
0.7659143518518519
0.8052662037037037
0.7815393518518519
0.8651620370370371
0.7219328703703703
0.8260995370370371
0.8958333333333334
0.625
0.7083333333333334
0.8029513888888888
0.8122106481481481
0.8370949074074074
0.7873263888888888
0.8093171296296297
0.8651620370370371
0.8940972222222222
0.7740162037037037
0.7259837962962963
0.7647569444444444
0.8200231481481481
0.8619791666666666
0.8020833333333334
0.5711805555555556
0.8498263888888888
0.7462384259259259
0.9149305555555556
0.8816550925925926
0.8142361111111112
0.7505787037037037
0.8993055555555556
0.0008680555555555555
0.6365740740740741
0.7815393518518519
0.6953125
0.8564814814814815
0.8614004629629629
0.6438078703703703
0.7242476851851852
0.8611111111111112
0.8394097222222222
0.8668981481481481
0.8379629629629629
0.7256944444444444
0.8619791666666666
0.7986111111111112
0.8614004629629629
0.8318865740740741
0.7835648148148148
0.8532986111111112
0.7254050925925926
0.7256944444444444
0.8489583333333334
0.8006365740740741
0.9059606481481481
0.7311921296296297
0.7647569444444444
0.7653356481481481
0.5856481481481481
0.7465277777777778
0.6782407407407407
0.7071759259259259
0.7676504629629629
0.8738425925925926
0.8252314814814815
0.8038194444444444
0.7537615740740741
0.6967592592592593
0.9126157407407407
0.7638888888888888
0.8043981481481481
0.7835648148148148
0.6802662037037037
0.8072916666666666
0.8055555555555556
0.7219328703703703
0.8449074074074074
0.7149884259259259
0.8417245370370371
0.7942708333333334
0.7135416666666666
0.8015046296296297
0.8078703703703703
0.8891782407407407
0.8174189814814815
0.7887731481481481
0.8642939814814815
0.8070023148148148
0.6834490740740741
0.7881944444444444
0.8020833333333334
0.7876157407407407
0.7798032407407407
0.8573495370370371
0.8391203703703703
0.765625
0.7942708333333334
0.5836226851851852
0.7471064814814815
0.7989004629629629
0.8165509259259259
0.8110532407407407
0.7297453703703703
0.8064236111111112
0.9189814814814815
0.8573495370370371
0.7282986111111112
0.3880208333333333
0.7653356481481481
0.6495949074074074
0.8307291666666666
0.8492476851851852
0.7879050925925926
0.7355324074074074
0.8697916666666666
0.7265625
0.2378472222222222
0.8310185185185185
0.8616898148148148
0.8318865740740741
0.8949652777777778
0.6973379629629629
0.9134837962962963
0.6686921296296297
0.6015625
0.6964699074074074
0.8637152777777778
0.7717013888888888
0.8582175925925926
0.9412615740740741
0.7517361111111112
0.8292824074074074
0.8802083333333334
0.7424768518518519
0.8159722222222222
0.8356481481481481
0.8287037037037037
0.7893518518518519
0.8428819444444444
0.7907986111111112
0.7989004629629629
0.8457754629629629
0.7517361111111112
0.8854166666666666
0.7873263888888888
0.7456597222222222
0.7418981481481481
0.8304398148148148
0.8813657407407407
0.7560763888888888
0.7583912037037037
0.9065393518518519
0.9670138888888888
0.8726851851851852
0.7508680555555556
0.7980324074074074
0.8324652777777778
0.7100694444444444
0.7676504629629629
0.9325810185185185
0.8501157407407407
0.8125
0.8168402777777778
0.8515625
0.8582175925925926
0.6710069444444444
0.7638888888888888
0.7690972222222222
0.8122106481481481
0.8932291666666666
0.7876157407407407
0.8177083333333334
0.9021990740740741
0.9068287037037037
0.8411458333333334
0.8243634259259259
0.7641782407407407
0.7317708333333334
0.8697916666666666
0.8139467592592593
0.8900462962962963
0.7520254629629629
0.8139467592592593
0.8778935185185185
0.8139467592592593
0.7907986111111112
0.8964120370370371
0.7280092592592593
0.7459490740740741
0.5818865740740741
0.8990162037037037
0.9126157407407407
0.8642939814814815
0.8492476851851852
0.8420138888888888
0.6516203703703703
0.8865740740740741
0.9528356481481481
0.8570601851851852
0.90625
0.8405671296296297
0.8469328703703703
0.6171875
0.9140625
0.6059027777777778
0.75
0.8611111111111112
0.8324652777777778
0.7508680555555556
0.8897569444444444
0.7774884259259259
0.8460648148148148
0.7821180555555556
0.8026620370370371
0.8721064814814815
0.8081597222222222
0.7826967592592593
0.7065972222222222
0.9276620370370371
0.7844328703703703
0.8489583333333334
0.6947337962962963
0.7609953703703703
0.7118055555555556
0.7673611111111112
0.8026620370370371
0.9166666666666666
0.7847222222222222
0.7010995370370371
0.7586805555555556
0.8683449074074074
0.9016203703703703
0.8315972222222222
0.9117476851851852
0.7254050925925926
0.8171296296296297
0.8703703703703703
0.8269675925925926
0.7274305555555556
0.8171296296296297
0.8110532407407407
0.8049768518518519
0.8139467592592593
0.7103587962962963
0.8489583333333334
0.7578125
0.7690972222222222
0.6423611111111112
0.7991898148148148
0.3862847222222222
0.7259837962962963
0.875
0.8023726851851852
0.6944444444444444
0.7612847222222222
0.8168402777777778
0.7803819444444444
0.20804398148148148
0.7890625
0.7285879629629629
0.6996527777777778
0.7702546296296297
0.8423032407407407
0.8214699074074074
0.8833912037037037
0.7763310185185185
0.6206597222222222
0.8619791666666666
0.7526041666666666
0.6947337962962963
0.7349537037037037
0.8020833333333334
0.7774884259259259
0.7864583333333334
0.8631365740740741
0.7465277777777778
0.9241898148148148
0.7207754629629629
0.6235532407407407
0.6982060185185185
0.8478009259259259
0.7083333333333334
0.8240740740740741
0.7615740740740741
0.6996527777777778
0.7855902777777778
0.7693865740740741
0.6626157407407407
0.7462384259259259
0.7537615740740741
0.8637152777777778
0.8153935185185185
0.8405671296296297
0.7783564814814815
0.7005208333333334
0.8342013888888888
0.7537615740740741
0.4129050925925926
0.8790509259259259
0.7832754629629629
0.6779513888888888
0.8304398148148148
0.7809606481481481
0.8119212962962963
0.6860532407407407
0.8478009259259259
0.7178819444444444
0.8049768518518519
0.859375
0.7708333333333334
0.6061921296296297
0.7971643518518519
0.7595486111111112
0.7060185185185185
0.8619791666666666
0.6828703703703703
0.8582175925925926
0.7063078703703703
0.7369791666666666
0.9476273148148148
0.8229166666666666
0.8214699074074074
0.7725694444444444
0.7870370370370371
0.7965856481481481
0.7858796296296297
0.8434606481481481
0.8023726851851852
0.8723958333333334
0.8686342592592593
0.6996527777777778
0.8810763888888888
0.6793981481481481
0.7242476851851852
0.7612847222222222
0.7552083333333334
0.7184606481481481
0.8585069444444444
0.8651620370370371
0.5746527777777778
0.7653356481481481
0.8078703703703703
0.7089120370370371
0.8179976851851852
0.8726851851851852
0.9033564814814815
0.8622685185185185
0.5943287037037037
0.7983217592592593
0.7974537037037037
0.7352430555555556
0.8116319444444444
0.7511574074074074
0.8396990740740741
0.7462384259259259
0.8955439814814815
0.7989004629629629
0.8790509259259259
0.8275462962962963
0.41984953703703703
0.7821180555555556
0.8049768518518519
0.8379629629629629
0.8174189814814815
0.8220486111111112
0.7094907407407407
0.8046875
0.6750578703703703
0.734375
0.7196180555555556
0.7783564814814815
0.8599537037037037
0.8417245370370371
0.7578125
0.8159722222222222
0.859375
0.7983217592592593
0.7019675925925926
0.9534143518518519
0.8347800925925926
0.6579861111111112
0.7847222222222222
0.7479745370370371
0.8495370370370371
0.8472222222222222
0.8058449074074074
0.8098958333333334
0.7696759259259259
0.8723958333333334
0.7971643518518519
0.8790509259259259
0.8070023148148148
0.7230902777777778
0.8023726851851852
0.8489583333333334
0.8015046296296297
0.7230902777777778
0.8602430555555556
0.8116319444444444
0.8891782407407407
0.8171296296296297
0.7097800925925926
0.8958333333333334
0.7884837962962963
0.7850115740740741
0.8125
0.7879050925925926
0.7442129629629629
0.8396990740740741
0.7583912037037037
0.8075810185185185
0.9004629629629629
0.6851851851851852
0.8903356481481481
0.8214699074074074
0.8353587962962963
0.8182870370370371
0.6935763888888888
0.6990740740740741
0.9539930555555556
0.8258101851851852
0.7471064814814815
0.4380787037037037
0.9088541666666666
0.5905671296296297
0.796875
0.8119212962962963
0.7734375
0.8544560185185185
0.7277199074074074
0.8822337962962963
0.7980324074074074
0.8819444444444444
0.8423032407407407
0.8058449074074074
0.7850115740740741
0.8260995370370371
0.7228009259259259
0.7494212962962963
0.7445023148148148
0.8298611111111112
0.8828125
0.7870370370370371
0.4288194444444444
0.8587962962962963
0.8938078703703703
0.7528935185185185
0.8272569444444444
0.9166666666666666
0.7913773148148148
0.8885995370370371
0.6362847222222222
0.8098958333333334
0.8547453703703703
0.8408564814814815
0.6472800925925926
0.7329282407407407
0.7800925925925926
0.8119212962962963
0.8868634259259259
0.7786458333333334
0.7792245370370371
0.8495370370370371
0.7526041666666666
0.8026620370370371
0.7633101851851852
0.8171296296296297
0.5865162037037037
0.9175347222222222
0.8159722222222222
0.8891782407407407
0.7800925925925926
0.7853009259259259
0.8165509259259259
0.7925347222222222
0.875
0.6909722222222222
0.7077546296296297
0.7332175925925926
0.5037615740740741
0.7630208333333334
0.7583912037037037
0.7800925925925926
0.7497106481481481
0.7346643518518519
0.7803819444444444
0.7737268518518519
0.7511574074074074
0.8628472222222222
0.8125
0.6924189814814815
0.8289930555555556
0.8912037037037037
0.7685185185185185
0.6559606481481481
0.7297453703703703
0.8651620370370371
0.7934027777777778
0.7057291666666666
0.8550347222222222
0.9166666666666666
0.8032407407407407
0.7019675925925926
0.8637152777777778
0.7737268518518519
0.7714120370370371
0.7320601851851852
0.8049768518518519
0.6403356481481481
0.84375
0.7361111111111112
0.7708333333333334
0.8599537037037037
0.7679398148148148
