0.7408585055643879
0.8778484366719661
0.904610492845787
0.8905670376258612
0.820084790673026
0.8529411764705882
0.8526762056173821
0.814785373608903
0.90646528881823
0.9470058293587705
0.9289878113407525
0.712241653418124
0.6857445680975093
0.859565447800742
0.8969263381028086
0.8804981452040276
0.9533651298357181
0.8571807101218866
0.8577106518282989
0.8232644409114998
0.8394276629570747
0.6420243773184949
0.8282988871224165
0.8950715421303657
0.9231584525702172
0.8296237413884473
0.8521462639109698
0.8606253312135665
0.8738738738738738
0.8590355060943297
0.7170111287758346
0.9051404345521993
0.9040805511393747
0.8757286698463169
0.8407525172231055
0.9019607843137255
0.9295177530471648
0.920773714891362
0.9422363540010599
0.9210386857445682
0.8131955484896661
0.9573396926338102
0.859830418653948
0.8547959724430313
0.8534711181770005
0.8685744568097509
0.8728139904610492
0.8396926338102809
0.741123476417594
0.730259671436142
0.8683094859565448
0.8818229994700583
0.9160042395336513
0.8913619501854796
0.9313725490196079
0.8492315845257021
0.8436671966083731
0.9165341812400636
0.7567567567567568
0.9030206677265501
0.901165871754107
0.7813990461049285
0.9191838897721251
0.9014308426073132
0.7872284048754637
0.7437731849496555
0.8751987281399046
0.8778484366719661
0.9472708002119767
0.8905670376258612
0.7591414944356121
0.805776364599894
0.791467938526762
0.870429252782194
0.9531001589825119
0.8873873873873874
0.9122946475887652
0.9557498675145734
0.8744038155802861
0.904610492845787
0.7281399046104928
0.954954954954955
0.8211446740858506
0.854266030736619
0.9213036565977742
0.8998410174880763
0.8714891361950186
0.8799682034976153
0.8463169051404346
0.7700052994170641
0.933492315845257
0.8836777954425014
0.7541070482246953
0.9252782193958664
0.8500264970853206
0.8020667726550079
0.8243243243243243
0.9395866454689984
0.9446210916799153
0.8643349231584526
0.8900370959194489
0.9520402755696873
0.8987811340752517
0.8282988871224165
0.8275039745627981
0.9080551139374669
0.7350291467938527
0.8868574456809751
0.8479067302596714
0.8169051404345522
0.8547959724430313
0.7376788553259142
0.7978272390037096
0.8412824589295178
0.7888182299947006
0.8264440911499735
0.825649178590355
0.7962374138844727
0.8802331743508214
0.9247482776894541
0.8979862215156332
0.7747747747747747
0.7061473237943826
0.8818229994700583
0.9544250132485427
0.926338102808691
0.8558558558558559
0.9573396926338102
0.893746687864335
0.8365129835718071
0.8593004769475358
0.8966613672496025
0.8701642819289878
0.9311075781664017
0.8696343402225755
0.8664546899841018
0.9629040805511394
0.7564917859035506
0.8701642819289878
0.9491255961844197
0.8280339162692104
0.8545310015898251
0.915474297827239
0.9520402755696873
0.8338632750397457
0.7935877053524112
0.7729199788023318
0.7639109697933227
0.8868574456809751
0.7755696873343932
0.8566507684154743
0.8203497615262321
0.8966613672496025
0.8158452570217276
0.8921568627450981
0.665606783253842
0.9422363540010599
0.7326444091149974
0.7957074721780604
0.7996820349761526
0.8971913089560148
0.7265500794912559
0.9321674615792263
0.9790673025967144
0.8995760466348701
0.7845786963434023
0.8023317435082141
0.9509803921568627
0.829093799682035
0.8285638579756227
0.8163751987281399
0.8232644409114998
0.895866454689984
0.7819289878113408
0.8627450980392157
0.9520402755696873
0.8137254901960784
0.9713831478537361
0.9284578696343402
0.9226285108638049
0.8611552729199788
0.7851086380498146
0.7798092209856916
0.854266030736619
0.8571807101218866
0.8823529411764706
0.8693693693693694
0.7909379968203497
0.8934817170111288
0.8659247482776895
0.8002119766825649
0.954954954954955
0.9088500264970854
0.8460519342872284
0.8301536830948596
0.8521462639109698
0.8675145733969264
0.8691043985161632
0.9459459459459459
0.7053524112347642
0.9080551139374669
0.9668786433492316
0.7713301536830949
0.954954954954955
0.8198198198198198
0.904610492845787
0.885002649708532
0.8002119766825649
0.9332273449920508
0.6793852676205617
0.7048224695283519
0.8203497615262321
0.8455219925808161
0.8497615262321144
0.8585055643879174
0.7975622681505035
0.8585055643879174
0.9422363540010599
0.834658187599364
0.7954425013248543
0.8025967143614202
0.9236883942766295
0.7885532591414944
0.8131955484896661
0.9358770535241123
0.9001059883412824
0.794912559618442
0.8691043985161632
0.8142554319024907
0.7845786963434023
0.8235294117647058
0.9258081611022787
0.9353471118177
0.8754636989931107
0.6462639109697933
0.9236883942766295
0.8476417594064652
0.8908320084790673
0.7429782723900371
0.8781134075251722
0.7596714361420244
0.8182299947005829
0.8216746157922629
0.854266030736619
0.7737148913619502
0.7898781134075251
0.9191838897721251
0.8049814520402756
0.7480127186009539
0.7482776894541601
0.8320084790673026
0.7927927927927928
0.8606253312135665
0.9165341812400636
0.933492315845257
0.901165871754107
0.9631690514043455
0.7427133015368309
0.8357180710121886
0.809220985691574
0.8834128245892952
0.8619501854795972
0.7541070482246953
0.9480657127715951
0.9507154213036566
0.8497615262321144
0.974827768945416
0.7811340752517223
0.9220985691573926
0.8672496025437202
0.9165341812400636
0.8807631160572337
0.8950715421303657
0.9361420243773185
0.7684154742978272
0.6481187069422364
0.825649178590355
0.78060413354531
0.918918918918919
0.8963963963963963
0.816640169581346
0.9417064122946476
0.7350291467938527
0.7922628510863805
0.8606253312135665
0.6894541600423953
0.8714891361950186
0.7758346581875993
0.8611552729199788
0.8179650238473768
0.7344992050874404
0.8497615262321144
0.7885532591414944
0.741123476417594
0.8383677795442501
0.8897721250662427
0.9830418653948065
0.8184949655537891
0.8600953895071543
0.7901430842607313
0.9483306836248012
0.7326444091149974
0.8108108108108109
0.769740328563858
0.9138844727080021
0.8190249072602014
0.7946475887652358
0.7186009538950715
0.8799682034976153
0.8494965553789083
0.8253842077371489
0.8126656067832538
0.910174880763116
0.8404875463698993
0.9472708002119767
0.9311075781664017
0.8868574456809751
0.7872284048754637
0.9663487016428193
0.9213036565977742
0.8545310015898251
0.9149443561208267
0.8434022257551669
0.8818229994700583
0.7289348171701113
0.9358770535241123
0.8060413354531002
0.8497615262321144
0.8762586115527292
0.915474297827239
0.9125596184419714
0.8908320084790673
0.7366189719130896
0.9652888182299947
0.8807631160572337
0.8979862215156332
0.7278749337572867
0.8259141494435612
0.8918918918918919
0.834658187599364
0.8526762056173821
0.8577106518282989
0.8404875463698993
0.9342872284048754
0.9287228404875464
0.8524112347641759
0.9432962374138845
0.8635400105988341
0.787758346581876
0.9599894011658717
0.7700052994170641
0.915474297827239
0.8828828828828829
0.8969263381028086
0.7673555908850026
0.926338102808691
0.9679385267620562
0.9459459459459459
0.9178590355060944
0.9520402755696873
0.8836777954425014
0.8688394276629571
0.7628510863804981
0.8826179120296768
0.7270800211976682
0.81293057763646
0.9160042395336513
0.9128245892951775
0.893746687864335
0.8593004769475358
0.8500264970853206
0.7729199788023318
0.8945416004239534
0.8677795442501325
0.7872284048754637
0.9350821409644939
0.7072072072072072
0.924483306836248
0.7405935347111817
0.7837837837837838
0.7843137254901961
0.7835188129305777
0.8783783783783784
0.9199788023317436
0.9152093269740329
0.8897721250662427
0.8139904610492846
0.8153153153153153
0.8587705352411235
0.7549019607843137
0.8047164811870694
0.8378378378378378
0.9252782193958664
0.9512453630100689
0.7962374138844727
0.7925278219395866
0.908320084790673
0.8402225755166932
0.9048754636989931
0.9634340222575517
0.9425013248542661
0.8574456809750928
0.8190249072602014
0.9271330153683095
0.8569157392686805
0.805776364599894
0.8436671966083731
0.895601483836778
0.87413884472708
0.951510333863275
0.8044515103338633
0.8280339162692104
0.963963963963964
0.9109697933227345
0.9650238473767886
0.8534711181770005
0.8476417594064652
0.8871224165341812
0.8979862215156332
0.974827768945416
0.9080551139374669
0.9848966613672496
0.9199788023317436
0.9467408585055644
0.8600953895071543
0.8261791202967673
0.8198198198198198
0.791467938526762
0.7829888712241654
0.8953365129835718
0.9401165871754107
0.8577106518282989
0.8929517753047165
0.7437731849496555
0.8969263381028086
0.7599364069952306
0.8579756226815051
0.890302066772655
0.7784843667196608
0.7912029676735559
0.8940116587175411
0.7965023847376789
0.9430312665606784
0.9273979862215156
0.8831478537360891
0.8052464228934817
0.8306836248012719
0.8603603603603603
0.8852676205617382
0.8351881293057764
0.8328033916269211
0.9581346051934287
0.9205087440381559
0.974827768945416
0.8587705352411235
0.8041865394806571
0.9099099099099099
0.9165341812400636
0.8328033916269211
0.8357180710121886
0.8267090620031796
0.9377318494965554
0.8301536830948596
0.7493375728669847
0.8320084790673026
0.7723900370959195
0.7527821939586645
0.848966613672496
0.8476417594064652
0.8680445151033387
0.9544250132485427
0.8876523582405935
0.834393216746158
0.7220455749867515
0.8664546899841018
0.8124006359300477
0.9536301006889242
0.8174350821409645
0.8116057233704292
0.7933227344992051
0.9160042395336513
0.8447270800211977
0.8333333333333334
0.8184949655537891
0.9451510333863276
0.8900370959194489
0.9162692103868575
0.9085850556438791
0.796767355590885
0.854266030736619
0.8113407525172232
0.9006359300476947
0.8667196608373079
0.9059353471118177
0.8593004769475358
0.8571807101218866
0.8675145733969264
0.8396926338102809
0.7882882882882883
0.8500264970853206
0.8932167461579227
0.7472178060413355
0.7710651828298887
0.899311075781664
0.7996820349761526
0.8182299947005829
0.9350821409644939
0.7289348171701113
0.8449920508744038
0.8892421833598304
0.798622151563328
0.9120296767355591
0.8810280869104399
0.8505564387917329
0.7591414944356121
0.7207207207207207
0.9022257551669316
0.7745098039215687
0.8579756226815051
0.8439321674615792
0.9382617912029677
0.9613142554319025
0.7180710121886592
0.7824589295177531
0.9152093269740329
0.8600953895071543
0.915474297827239
0.7583465818759937
0.8987811340752517
0.9091149973502914
0.8423423423423423
0.8961314255431903
0.7745098039215687
0.9398516163222046
0.9446210916799153
0.8990461049284578
0.9523052464228935
0.9356120826709062
0.8518812930577636
0.8865924748277689
0.8222045574986752
0.8916269210386858
0.8304186539480657
0.8757286698463169
0.9038155802861685
0.8312135665076842
0.8982511923688394
0.9507154213036566
0.9417064122946476
0.8754636989931107
0.9191838897721251
0.9122946475887652
0.8333333333333334
0.838102808691044
0.9398516163222046
0.8041865394806571
0.929782723900371
0.7095919448860626
0.9422363540010599
0.8036565977742448
0.7972972972972973
0.8161102278749337
0.913619501854796
0.8619501854795972
0.8680445151033387
0.9003709591944886
0.7005829358770536
0.8502914679385267
0.7919978802331743
0.8357180710121886
0.8677795442501325
0.8924218335983042
0.9099099099099099
0.9003709591944886
0.8929517753047165
0.7800741918388977
0.9276629570747218
0.730259671436142
0.8876523582405935
0.9255431902490726
0.9491255961844197
0.9181240063593005
0.8333333333333334
0.8614202437731849
0.8317435082140965
0.8494965553789083
0.9038155802861685
0.7480127186009539
0.9152093269740329
0.9130895601483837
0.8569157392686805
0.956809750927398
0.9104398516163222
0.8333333333333334
0.8799682034976153
0.920773714891362
0.839957604663487
0.8852676205617382
0.9107048224695283
0.794912559618442
0.9051404345521993
0.789613142554319
0.7178060413354531
0.9350821409644939
0.823794382617912
0.8547959724430313
0.9377318494965554
0.8500264970853206
0.9109697933227345
0.8783783783783784
0.8677795442501325
0.8863275039745628
0.7885532591414944
0.5116587175410705
0.9133545310015898
0.9493905670376258
0.8826179120296768
0.7800741918388977
0.9642289348171701
0.9093799682034976
0.7798092209856916
0.7509273979862215
0.9109697933227345
0.8932167461579227
0.8775834658187599
0.8431372549019608
0.7636459989401165
0.7898781134075251
0.15633280339162692
0.895601483836778
0.758876523582406
0.9761526232114467
0.758876523582406
0.8661897191308956
0.8513513513513513
0.8775834658187599
0.9030206677265501
0.8709591944886063
0.7490726020137785
0.969263381028087
0.8807631160572337
0.8799682034976153
0.8455219925808161
0.7617912029676736
0.8804981452040276
0.8208797032326444
0.8386327503974563
0.8587705352411235
0.8797032326444091
0.9051404345521993
0.7760996290408055
0.8725490196078431
0.8203497615262321
0.7782193958664547
0.8738738738738738
0.8664546899841018
0.71595124536301
0.7209856915739269
0.8799682034976153
0.794912559618442
0.8675145733969264
0.863275039745628
0.8041865394806571
0.9311075781664017
0.8929517753047165
0.8828828828828829
0.8990461049284578
0.870429252782194
0.8966613672496025
0.746422893481717
0.7665606783253842
0.8736089030206677
0.9742978272390037
0.8232644409114998
0.06597774244833068
0.7011128775834659
0.9096449390567037
0.8619501854795972
0.6711711711711712
0.8807631160572337
0.8253842077371489
0.8897721250662427
0.8126656067832538
0.9167991520932698
0.9268680445151033
0.8791732909379968
0.888447270800212
0.829093799682035
0.8031266560678325
0.7872284048754637
0.820084790673026
0.8460519342872284
0.834658187599364
0.8412824589295178
0.7599364069952306
0.933492315845257
0.8280339162692104
0.8950715421303657
0.8012718600953895
0.9069952305246423
0.9369369369369369
0.8823529411764706
0.9223635400105988
0.8428722840487546
0.8463169051404346
0.9372019077901431
0.6875993640699523
0.7933227344992051
0.712241653418124
0.8396926338102809
0.9170641229464759
0.7917329093799682
0.7904080551139374
0.8640699523052464
0.7941176470588235
0.8963963963963963
0.7901430842607313
0.6955484896661367
0.9125596184419714
0.901165871754107
0.8563857975622682
0.8900370959194489
0.8481717011128775
0.8214096449390567
0.0010598834128245894
0.8701642819289878
0.9149443561208267
0.8839427662957074
0.9077901430842608
0.8775834658187599
0.9557498675145734
0.8807631160572337
0.8624801271860095
0.9602543720190779
0.9379968203497615
0.830948595654478
0.9236883942766295
0.8423423423423423
0.8272390037095919
0.8627450980392157
0.9080551139374669
0.8118706942236354
0.8206147323794383
0.8645998940116587
0.8253842077371489
0.8275039745627981
0.744568097509274
0.7927927927927928
0.9430312665606784
0.8359830418653948
0.8624801271860095
0.9523052464228935
0.859565447800742
0.7117117117117117
0.9038155802861685
0.8349231584525703
0.8113407525172232
0.8600953895071543
0.854266030736619
0.8563857975622682
0.8354531001589826
0.9385267620561738
0.9281928987811341
0.9499205087440381
0.823794382617912
0.7360890302066773
0.9133545310015898
0.7853736089030207
0.9462109167991521
0.9464758876523582
0.7416534181240063
0.9250132485426603
0.8224695283518813
0.9072602013778485
0.8214096449390567
0.8691043985161632
0.8463169051404346
0.8579756226815051
0.890302066772655
0.8762586115527292
0.7421833598304186
0.8823529411764706
0.9085850556438791
0.7991520932697403
0.954954954954955
0.8012718600953895
0.9369369369369369
0.81293057763646
0.8722840487546369
0.7575516693163752
0.8457869634340223
0.7771595124536301
0.9202437731849497
0.8953365129835718
0.8574456809750928
0.9014308426073132
0.8333333333333334
0.7503974562798092
0.8402225755166932
0.8900370959194489
0.7517223105458399
0.5617382087970323
0.9080551139374669
0.9120296767355591
0.8722840487546369
0.854266030736619
0.8457869634340223
0.8235294117647058
0.9183889772125067
0.6563328033916269
0.8428722840487546
0.7795442501324854
0.8468468468468469
0.8643349231584526
0.9109697933227345
0.8240593534711181
0.8818229994700583
0.9035506094329624
0.8182299947005829
0.9051404345521993
0.879438261791203
0.7856385797562269
0.7623211446740858
0.7604663487016429
0.8675145733969264
0.9085850556438791
0.9088500264970854
0.9075251722310546
0.8664546899841018
0.8791732909379968
0.8775834658187599
0.8261791202967673
0.8932167461579227
0.8420773714891362
0.904610492845787
0.9099099099099099
0.8550609432962374
0.9332273449920508
0.8736089030206677
0.8211446740858506
0.8041865394806571
0.8593004769475358
0.8033916269210387
0.9157392686804452
0.8714891361950186
0.920773714891362
0.9623741388447271
0.7641759406465288
0.9862215156332803
0.9366719660837308
0.9258081611022787
0.8897721250662427
0.8929517753047165
0.8391626921038686
0.9210386857445682
0.7906730259671436
0.6542130365659777
0.7917329093799682
0.8577106518282989
0.9247482776894541
0.8614202437731849
0.895866454689984
0.9337572866984631
0.8799682034976153
0.7583465818759937
0.7851086380498146
0.8402225755166932
0.8683094859565448
0.875993640699523
0.8749337572866984
0.9231584525702172
0.8338632750397457
0.7978272390037096
0.7514573396926338
0.8852676205617382
0.7628510863804981
0.7941176470588235
0.9138844727080021
0.8298887122416534
0.809220985691574
0.8243243243243243
0.7098569157392687
0.9438261791202968
0.893746687864335
0.8990461049284578
0.8410174880763116
0.9345521992580816
0.8124006359300477
0.9173290937996821
0.8577106518282989
0.9281928987811341
0.8052464228934817
0.8235294117647058
0.8566507684154743
0.910174880763116
0.8932167461579227
0.8359830418653948
0.8881822999470058
0.7991520932697403
0.8897721250662427
0.8264440911499735
0.9562798092209857
0.8375728669846317
0.796767355590885
0.8569157392686805
0.6711711711711712
0.9443561208267091
0.791467938526762
0.78404875463699
0.9175940646528882
0.8097509273979863
0.7631160572337043
0.8579756226815051
0.9215686274509803
0.8378378378378378
0.8918918918918919
0.8510863804981452
0.9488606253312135
0.9342872284048754
0.8407525172231055
0.9109697933227345
0.9054054054054054
0.7779544250132485
0.7686804451510334
0.8778484366719661
0.8669846316905141
0.8614202437731849
0.5906200317965024
0.8240593534711181
0.9183889772125067
0.9427662957074722
0.7930577636459989
0.8643349231584526
0.9538950715421304
0.6958134605193429
0.8969263381028086
0.8934817170111288
0.9167991520932698
0.8407525172231055
0.8709591944886063
0.9279279279279279
0.8521462639109698
0.8497615262321144
0.9183889772125067
0.9022257551669316
0.8669846316905141
0.8608903020667726
0.8669846316905141
0.7726550079491256
0.9403815580286169
0.8394276629570747
0.8412824589295178
0.9467408585055644
0.9075251722310546
0.8391626921038686
0.8015368309485956
0.899311075781664
0.8484366719660837
0.8174350821409645
0.7965023847376789
0.9181240063593005
0.8810280869104399
0.7893481717011129
0.8791732909379968
0.8611552729199788
0.920773714891362
0.9560148383677796
0.7037625861155273
0.9369369369369369
0.9358770535241123
0.8963963963963963
0.629570747217806
0.8746687864334923
0.8948065712771595
0.9038155802861685
0.9059353471118177
0.9062003179650239
0.8653948065712772
0.7681505034446211
0.9138844727080021
0.7503974562798092
0.8378378378378378
0.7472178060413355
0.8677795442501325
0.8383677795442501
0.8190249072602014
0.7819289878113408
0.8537360890302067
0.8714891361950186
0.8579756226815051
0.8449920508744038
0.7541070482246953
0.8137254901960784
0.9231584525702172
0.9289878113407525
0.8198198198198198
0.8720190779014309
0.8545310015898251
0.9114997350291468
0.7912029676735559
0.8916269210386858
0.8908320084790673
0.8102808691043986
0.7951775304716481
0.8325384207737149
0.9427662957074722
0.8932167461579227
0.9024907260201378
0.9003709591944886
0.8706942236354
0.7138314785373608
0.8725490196078431
0.9205087440381559
0.7127715951245363
0.9141494435612083
0.8444621091679915
0.8757286698463169
0.8484366719660837
0.9003709591944886
0.859830418653948
0.8526762056173821
0.9321674615792263
0.8767885532591415
0.8789083200847907
0.8134605193428723
0.8312135665076842
0.9099099099099099
0.9128245892951775
0.9287228404875464
0.895866454689984
0.854266030736619
0.7909379968203497
0.9223635400105988
0.8320084790673026
0.8677795442501325
0.6478537360890302
0.9117647058823529
0.8153153153153153
0.7424483306836248
0.8810280869104399
0.9122946475887652
0.9054054054054054
0.9133545310015898
0.9183889772125067
0.8232644409114998
0.9170641229464759
0.863275039745628
0.8375728669846317
0.854266030736619
0.8934817170111288
0.8645998940116587
0.8688394276629571
0.7999470058293587
0.9419713831478538
0.9141494435612083
0.9448860625331214
0.764440911499735
0.9491255961844197
0.9443561208267091
0.8706942236354
0.8025967143614202
0.9019607843137255
0.9393216746157923
0.7721250662427133
0.8073661897191309
0.8033916269210387
0.890302066772655
0.8198198198198198
0.9038155802861685
0.888447270800212
0.8706942236354
0.8913619501854796
0.8116057233704292
0.8834128245892952
0.9040805511393747
0.7461579226285109
0.8638049814520403
0.8441971383147854
0.8293587705352411
0.7951775304716481
0.8860625331213566
0.6894541600423953
0.7148913619501854
0.8502914679385267
0.9014308426073132
0.7708002119766826
0.7665606783253842
0.9488606253312135
0.7090620031796503
0.8118706942236354
0.8232644409114998
0.8139904610492846
0.7236354001059884
0.7912029676735559
0.8661897191308956
0.9266030736618972
0.8036565977742448
0.8423423423423423
0.8606253312135665
0.9107048224695283
0.8797032326444091
0.9030206677265501
0.9218335983041865
0.9674085850556439
0.8264440911499735
0.7824589295177531
0.8396926338102809
0.8823529411764706
0.7199258081611023
0.7917329093799682
0.8966613672496025
0.9276629570747218
0.8494965553789083
0.7551669316375199
0.9422363540010599
0.9337572866984631
0.8985161632220455
0.7289348171701113
0.6915739268680445
0.7845786963434023
0.8328033916269211
0.8465818759936407
0.7620561738208798
0.8645998940116587
0.8815580286168522
0.9117647058823529
0.9268680445151033
0.8587705352411235
0.829093799682035
0.7549019607843137
0.8751987281399046
0.8510863804981452
0.8942766295707473
0.7175410704822469
0.8971913089560148
0.8418124006359301
0.9803921568627451
0.8134605193428723
0.8153153153153153
0.8198198198198198
0.9326974032856385
0.7633810280869104
0.8738738738738738
0.8555908850026497
0.7898781134075251
0.881293057763646
0.7935877053524112
0.6989931107578167
0.7912029676735559
0.6809750927397986
0.8606253312135665
0.7533121356650768
0.78404875463699
0.8298887122416534
0.8566507684154743
0.9146793852676206
0.9512453630100689
0.8563857975622682
0.8404875463698993
0.8669846316905141
0.8619501854795972
0.7564917859035506
0.8190249072602014
0.8487016428192898
0.8071012188659248
0.9186539480657128
0.8714891361950186
0.9054054054054054
0.8052464228934817
0.8192898781134075
0.7972972972972973
0.8153153153153153
0.8857975622681505
0.8908320084790673
0.7268150503444621
0.8071012188659248
0.9236883942766295
0.9067302596714362
0.834658187599364
0.8259141494435612
0.8322734499205088
0.8696343402225755
0.8852676205617382
0.8569157392686805
0.7851086380498146
0.8317435082140965
0.6939586645468998
0.8698993110757817
0.7326444091149974
0.8619501854795972
0.8190249072602014
0.8709591944886063
0.6836248012718601
0.9414414414414415
0.9051404345521993
0.8351881293057764
0.8410174880763116
0.899311075781664
0.8073661897191309
0.8712241653418124
0.9414414414414415
0.8985161632220455
0.9467408585055644
0.9591944886062533
0.9613142554319025
0.9697933227344993
0.9435612082670907
0.8449920508744038
0.9210386857445682
0.8460519342872284
0.8730789613142554
0.7162162162162162
0.8998410174880763
0.9250132485426603
0.9279279279279279
0.9260731319554849
0.9141494435612083
0.9199788023317436
0.8775834658187599
0.9321674615792263
0.8314785373608903
0.8312135665076842
0.9594594594594594
0.8370429252782194
0.820084790673026
0.8163751987281399
0.9379968203497615
0.798622151563328
0.9069952305246423
0.8918918918918919
0.834393216746158
0.8367779544250132
0.9252782193958664
0.8979862215156332
0.8640699523052464
0.8818229994700583
0.863275039745628
0.8842077371489137
0.8683094859565448
0.890302066772655
0.9218335983041865
0.7562268150503445
0.9077901430842608
0.9340222575516693
0.8688394276629571
0.8388977212506624
0.9205087440381559
0.9523052464228935
0.8224695283518813
0.9226285108638049
0.8505564387917329
0.9069952305246423
0.9223635400105988
0.7851086380498146
0.9178590355060944
0.8921568627450981
0.8418124006359301
0.7843137254901961
0.9785373608903021
0.8177000529941706
0.9146793852676206
0.8865924748277689
0.7861685214626392
0.8638049814520403
0.8892421833598304
0.829093799682035
0.9112347641759406
0.84525702172761
0.7631160572337043
0.5098039215686274
0.8476417594064652
0.856120826709062
0.7938526762056174
0.78404875463699
0.9218335983041865
0.8773184949655538
0.8195548489666137
0.8550609432962374
0.6687864334923158
0.926338102808691
0.885002649708532
0.8865924748277689
0.8555908850026497
0.9218335983041865
0.8698993110757817
0.9321674615792263
0.9016958134605193
0.8195548489666137
0.9292527821939587
0.9483306836248012
0.8272390037095919
0.9175940646528882
0.8855325914149443
0.7609962904080552
0.9329623741388448
0.8222045574986752
0.9682034976152624
0.8028616852146264
0.8325384207737149
0.885002649708532
0.8971913089560148
0.9390567037625861
0.8208797032326444
0.944091149973503
0.9062003179650239
0.8683094859565448
0.9009009009009009
0.7599364069952306
0.7763645998940116
0.8868574456809751
0.9417064122946476
0.8500264970853206
0.8439321674615792
0.814785373608903
0.7639109697933227
0.8102808691043986
0.8497615262321144
0.7941176470588235
0.8460519342872284
0.8834128245892952
0.7040275569687334
0.6701112877583466
0.8516163222045575
0.931637519872814
0.8216746157922629
0.8659247482776895
0.7991520932697403
0.8116057233704292
0.7954425013248543
0.8015368309485956
0.8121356650768415
0.8012718600953895
0.890302066772655
0.8932167461579227
0.8396926338102809
0.7472178060413355
0.9337572866984631
0.8351881293057764
0.9509803921568627
0.879438261791203
0.8420773714891362
0.7636459989401165
0.7723900370959195
0.9162692103868575
0.6316905140434552
0.9072602013778485
0.7965023847376789
0.8720190779014309
0.9120296767355591
0.8630100688924218
0.8820879703232645
0.7469528351881293
0.8579756226815051
0.8097509273979863
0.8404875463698993
0.8691043985161632
0.7919978802331743
0.8924218335983042
0.9697933227344993
0.8394276629570747
0.8918918918918919
0.8953365129835718
0.8245892951775304
0.8961314255431903
0.9152093269740329
0.9491255961844197
0.913619501854796
0.8762586115527292
0.9480657127715951
0.8402225755166932
0.4994700582935877
0.9570747217806042
0.9552199258081611
0.9213036565977742
0.7843137254901961
0.712241653418124
0.8447270800211977
0.895866454689984
0.8155802861685215
0.7241653418124007
0.9472708002119767
0.9570747217806042
0.8301536830948596
0.9258081611022787
0.8783783783783784
0.8873873873873874
0.8224695283518813
0.8698993110757817
0.7930577636459989
0.798622151563328
0.9062003179650239
0.8921568627450981
0.8905670376258612
0.7509273979862215
0.9167991520932698
0.8828828828828829
0.7268150503444621
0.7095919448860626
0.643879173290938
0.958664546899841
0.8762586115527292
0.9202437731849497
0.9324324324324325
0.8036565977742448
0.8987811340752517
0.8145204027556969
0.8653948065712772
0.8240593534711181
0.787758346581876
0.8404875463698993
0.7790143084260731
0.9470058293587705
0.8590355060943297
0.9576046634870164
0.760731319554849
0.8616852146263911
0.847111817700053
0.8497615262321144
0.7090620031796503
0.8765235824059353
0.7106518282988871
0.885002649708532
0.8924218335983042
0.7655007949125596
0.9411764705882353
0.8810280869104399
0.7432432432432432
0.002649708532061473
0.7935877053524112
0.84525702172761
0.6693163751987281
0.8706942236354
0.854266030736619
0.895601483836778
0.895866454689984
0.8969263381028086
0.8839427662957074
0.9062003179650239
0.8643349231584526
0.7517223105458399
0.8834128245892952
0.8518812930577636
0.8590355060943297
0.9390567037625861
0.8677795442501325
0.7217806041335453
0.859830418653948
0.8388977212506624
0.7615262321144675
0.823794382617912
0.8600953895071543
0.8630100688924218
0.9753577106518283
0.850821409644939
0.8868574456809751
0.9541600423953365
0.8293587705352411
0.9178590355060944
0.8696343402225755
0.885002649708532
0.9069952305246423
0.8738738738738738
0.7994170641229464
0.9194488606253313
0.8889772125066243
0.9175940646528882
0.918918918918919
0.7888182299947006
0.7480127186009539
0.958664546899841
0.9210386857445682
0.8852676205617382
0.8815580286168522
0.863275039745628
0.8773184949655538
0.9109697933227345
0.870429252782194
0.8314785373608903
0.9001059883412824
0.9279279279279279
0.8402225755166932
0.8460519342872284
0.8860625331213566
0.8484366719660837
0.8839427662957074
0.9194488606253313
0.9107048224695283
0.823794382617912
0.9472708002119767
0.8338632750397457
0.7506624271330153
0.821939586645469
0.7556968733439322
0.7779544250132485
0.9075251722310546
0.9761526232114467
0.7994170641229464
0.8330683624801272
0.8494965553789083
0.8990461049284578
0.8966613672496025
0.9668786433492316
0.737413884472708
0.8725490196078431
0.976682564917859
0.764440911499735
0.8540010598834128
0.7281399046104928
0.8124006359300477
0.940646528881823
0.8529411764705882
0.7946475887652358
0.8192898781134075
0.8301536830948596
0.8317435082140965
0.7448330683624801
0.910174880763116
0.8587705352411235
0.8934817170111288
0.7980922098569158
0.9199788023317436
0.924483306836248
0.636724960254372
0.951510333863275
0.7339692633810281
0.7201907790143084
0.785903550609433
0.8857975622681505
0.8871224165341812
0.8402225755166932
0.8680445151033387
0.714096449390567
0.8463169051404346
0.8900370959194489
0.9284578696343402
0.8335983041865395
0.8227344992050875
0.9398516163222046
0.9043455219925808
0.7098569157392687
0.8709591944886063
0.8887122416534181
0.8818229994700583
0.8603603603603603
0.8441971383147854
0.84525702172761
0.9199788023317436
0.8582405935347112
0.9546899841017488
0.8712241653418124
0.8722840487546369
0.9501854795972443
0.8521462639109698
0.9099099099099099
0.6738208797032327
0.8500264970853206
0.850821409644939
0.8306836248012719
0.9215686274509803
0.8208797032326444
0.8404875463698993
0.9716481187069422
0.884737678855326
0.9401165871754107
0.8974562798092209
0.8913619501854796
0.9120296767355591
0.9830418653948065
0.9250132485426603
0.8897721250662427
0.9059353471118177
0.8301536830948596
0.9697933227344993
0.8905670376258612
0.8664546899841018
0.8558558558558559
0.913619501854796
0.8532061473237944
0.8653948065712772
0.9385267620561738
0.7766295707472178
0.9138844727080021
0.8593004769475358
0.9488606253312135
0.7432432432432432
0.8905670376258612
0.9467408585055644
0.9181240063593005
0.7458929517753047
0.8945416004239534
0.958664546899841
0.8516163222045575
0.940646528881823
0.9141494435612083
0.8897721250662427
0.9175940646528882
0.8712241653418124
0.8420773714891362
0.8314785373608903
0.8243243243243243
0.9284578696343402
0.9138844727080021
0.9578696343402225
0.8566507684154743
0.771595124536301
0.8712241653418124
0.9144144144144144
0.8447270800211977
0.884737678855326
0.8688394276629571
0.8585055643879174
0.9234234234234234
0.9149443561208267
0.9533651298357181
0.8320084790673026
0.8661897191308956
0.9157392686804452
0.926338102808691
0.9210386857445682
0.816640169581346
0.8585055643879174
0.8643349231584526
0.9001059883412824
0.7760996290408055
0.8995760466348701
0.8921568627450981
0.8375728669846317
0.7864334923158453
0.9788023317435082
0.8839427662957074
0.7620561738208798
0.7496025437201908
0.8426073131955485
0.7893481717011129
0.7819289878113408
0.838102808691044
0.8439321674615792
0.8261791202967673
0.8102808691043986
0.8113407525172232
0.9215686274509803
0.8410174880763116
0.8055113937466879
0.8526762056173821
0.7694753577106518
0.9152093269740329
0.7856385797562269
0.8926868044515104
0.8094859565447801
0.8314785373608903
0.8179650238473768
0.8953365129835718
0.9157392686804452
0.8304186539480657
0.9353471118177
0.8187599364069952
0.9443561208267091
0.9305776364599894
0.8513513513513513
0.7803391626921039
0.823794382617912
0.8693693693693694
0.9141494435612083
0.6838897721250663
0.9745627980922098
0.8423423423423423
0.825649178590355
0.829093799682035
0.7114467408585056
0.7758346581875993
0.8892421833598304
0.8537360890302067
0.879438261791203
0.9493905670376258
0.9006359300476947
0.8325384207737149
0.8714891361950186
0.7390037095919448
0.8301536830948596
0.8158452570217276
0.7768945416004239
0.8675145733969264
0.9348171701112877
0.7692103868574457
0.8439321674615792
0.8370429252782194
0.8447270800211977
0.9197138314785374
0.8895071542130366
0.9016958134605193
0.8815580286168522
0.9128245892951775
0.850821409644939
0.8502914679385267
0.8887122416534181
0.8683094859565448
0.8002119766825649
0.9014308426073132
0.7983571807101218
0.9682034976152624
0.8691043985161632
0.8744038155802861
0.9040805511393747
0.8248542660307366
0.8267090620031796
0.9544250132485427
0.7310545839957605
0.84525702172761
0.8969263381028086
0.9125596184419714
0.8722840487546369
0.8855325914149443
0.8365129835718071
0.8630100688924218
0.8669846316905141
0.9629040805511394
0.895866454689984
0.9035506094329624
0.965818759936407
0.8926868044515104
0.8373078961314255
0.9491255961844197
0.8773184949655538
0.8863275039745628
0.7901430842607313
0.8338632750397457
0.7784843667196608
0.904610492845787
0.9273979862215156
0.9138844727080021
0.8492315845257021
0.9001059883412824
0.6202967673555909
0.7559618441971383
0.93879173290938
0.8025967143614202
0.001589825119236884
0.8910969793322735
0.8349231584525703
0.9319024907260202
0.9199788023317436
0.8010068892421833
0.6788553259141494
0.9303126656067833
0.9385267620561738
0.9332273449920508
0.9016958134605193
0.915474297827239
0.8696343402225755
0.7509273979862215
0.865129835718071
0.7636459989401165
0.9093799682034976
0.7837837837837838
0.830948595654478
0.8672496025437202
0.829093799682035
0.7988871224165341
0.8709591944886063
0.7901430842607313
0.8876523582405935
0.8574456809750928
0.9038155802861685
0.0029146793852676206
0.9072602013778485
0.9472708002119767
0.8484366719660837
0.7567567567567568
0.908320084790673
0.8545310015898251
0.8208797032326444
0.8312135665076842
0.7898781134075251
0.8900370959194489
0.8667196608373079
0.9372019077901431
0.859830418653948
0.9040805511393747
0.9149443561208267
0.791467938526762
0.847111817700053
0.9006359300476947
0.7660307366189719
0.8362480127186009
0.803921568627451
0.8985161632220455
0.8184949655537891
0.8375728669846317
0.8502914679385267
0.8664546899841018
0.7556968733439322
0.8767885532591415
0.8081611022787494
0.9112347641759406
0.890302066772655
0.8463169051404346
0.9395866454689984
0.8338632750397457
0.9260731319554849
0.8918918918918919
0.9342872284048754
0.8971913089560148
0.6825649178590355
0.9088500264970854
0.7652358240593534
0.9753577106518283
0.9077901430842608
0.8624801271860095
0.7872284048754637
0.7935877053524112
0.8155802861685215
0.8394276629570747
0.8073661897191309
0.7872284048754637
0.7000529941706413
0.8863275039745628
0.7938526762056174
0.8619501854795972
0.9332273449920508
0.7774244833068362
0.908320084790673
0.7344992050874404
0.6632220455749868
0.7541070482246953
0.8661897191308956
0.9117647058823529
0.7273449920508744
0.8012718600953895
0.9109697933227345
0.7965023847376789
0.915474297827239
0.8388977212506624
0.5400105988341283
0.746422893481717
0.870429252782194
0.8171701112877583
0.8791732909379968
0.7604663487016429
0.7474827768945416
0.9533651298357181
0.1815050344462109
0.8664546899841018
0.9414414414414415
0.9051404345521993
0.8876523582405935
0.8116057233704292
0.9300476947535771
0.8736089030206677
0.859830418653948
0.9218335983041865
0.9228934817170111
0.9319024907260202
0.7620561738208798
0.8500264970853206
0.8661897191308956
0.7239003709591945
0.8714891361950186
0.888447270800212
0.7943826179120297
0.8865924748277689
0.7427133015368309
0.9332273449920508
0.7307896131425543
0.8940116587175411
0.839957604663487
0.8744038155802861
0.7655007949125596
0.8669846316905141
0.8918918918918919
0.821939586645469
0.6746157922628511
0.8786433492315845
0.7988871224165341
0.8815580286168522
0.8463169051404346
0.8831478537360891
0.893746687864335
0.8426073131955485
0.8942766295707473
0.9114997350291468
0.965818759936407
0.9724430312665607
0.8232644409114998
0.8116057233704292
0.9165341812400636
0.7440381558028617
0.8672496025437202
0.8881822999470058
0.8895071542130366
0.7252252252252253
0.7493375728669847
0.8889772125066243
0.8910969793322735
0.9591944886062533
0.7665606783253842
0.8987811340752517
0.9276629570747218
0.7694753577106518
0.8089560148383678
0.9133545310015898
0.8479067302596714
0.9403815580286169
0.9279279279279279
0.8873873873873874
0.9451510333863276
0.7660307366189719
0.7506624271330153
0.9538950715421304
0.8375728669846317
0.834658187599364
0.8537360890302067
0.8023317435082141
0.933492315845257
0.8569157392686805
0.8033916269210387
0.9170641229464759
0.8895071542130366
0.8945416004239534
0.7821939586645469
0.7567567567567568
0.9213036565977742
0.9446210916799153
0.8831478537360891
0.8155802861685215
0.9493905670376258
0.901165871754107
0.7543720190779014
0.7432432432432432
0.7496025437201908
0.7403285638579756
0.8998410174880763
0.8073661897191309
0.8696343402225755
0.8630100688924218
0.8802331743508214
0.8855325914149443
0.9112347641759406
0.8722840487546369
0.8055113937466879
0.8587705352411235
0.8736089030206677
0.8402225755166932
0.8484366719660837
0.8357180710121886
0.9054054054054054
0.8979862215156332
0.9170641229464759
0.7917329093799682
0.9308426073131956
0.8158452570217276
0.8500264970853206
0.8253842077371489
0.8963963963963963
0.8267090620031796
0.7946475887652358
0.9038155802861685
0.8208797032326444
0.8296237413884473
0.8025967143614202
0.9774774774774775
0.8918918918918919
0.9054054054054054
0.2933227344992051
0.960519342872284
0.8720190779014309
0.8818229994700583
0.8913619501854796
0.9533651298357181
0.9520402755696873
0.652888182299947
0.9287228404875464
0.8921568627450981
0.9385267620561738
0.8971913089560148
0.8497615262321144
0.9099099099099099
0.7972972972972973
0.933492315845257
0.9107048224695283
0.8518812930577636
0.6783253842077371
0.9292527821939587
0.865129835718071
0.7705352411234764
0.741123476417594
0.9056703762586116
0.6873343932167462
0.8696343402225755
0.6936936936936937
0.8558558558558559
0.7988871224165341
0.920773714891362
0.8362480127186009
0.7162162162162162
0.8831478537360891
0.7379438261791202
0.9713831478537361
0.9032856385797562
0.9247482776894541
0.9178590355060944
0.9361420243773185
0.9319024907260202
0.8145204027556969
0.9141494435612083
0.87413884472708
0.8749337572866984
0.8378378378378378
0.8306836248012719
0.9035506094329624
0.9223635400105988
0.9122946475887652
0.8177000529941706
0.8534711181770005
0.8184949655537891
0.8031266560678325
0.8746687864334923
0.8465818759936407
0.7983571807101218
0.8253842077371489
0.8116057233704292
0.9369369369369369
0.8044515103338633
0.7604663487016429
0.8701642819289878
0.8229994700582935
0.8879173290937997
0.8328033916269211
0.8648648648648649
0.865129835718071
0.7731849496555379
0.8725490196078431
0.9099099099099099
0.9009009009009009
0.7941176470588235
0.9538950715421304
0.8963963963963963
0.8394276629570747
0.3447270800211977
0.7474827768945416
0.8714891361950186
0.8479067302596714
0.7154213036565977
0.7315845257021728
0.7461579226285109
0.8749337572866984
0.8163751987281399
0.8298887122416534
0.8932167461579227
0.8593004769475358
0.8537360890302067
0.7935877053524112
0.8762586115527292
0.9578696343402225
0.9790673025967144
0.7631160572337043
0.8887122416534181
0.8945416004239534
0.8916269210386858
0.9284578696343402
0.78404875463699
0.8945416004239534
0.7138314785373608
0.8892421833598304
0.760731319554849
0.9390567037625861
0.899311075781664
0.9295177530471648
0.9464758876523582
0.9215686274509803
0.8897721250662427
0.5906200317965024
0.8031266560678325
0.6783253842077371
0.9236883942766295
0.8921568627450981
0.9470058293587705
0.8468468468468469
0.9621091679915209
0.8487016428192898
0.8177000529941706
0.8797032326444091
0.9022257551669316
0.2514573396926338
0.8910969793322735
0.78060413354531
0.778749337572867
0.9332273449920508
0.8105458399576047
0.8060413354531002
0.8839427662957074
0.8823529411764706
0.8124006359300477
0.859565447800742
0.7676205617382088
0.8701642819289878
0.8373078961314255
0.9138844727080021
0.8757286698463169
0.9059353471118177
0.8725490196078431
0.8627450980392157
0.8940116587175411
0.8383677795442501
0.9152093269740329
0.9456809750927399
0.8206147323794383
0.9162692103868575
0.7739798622151564
0.8916269210386858
0.7488076311605724
0.9197138314785374
0.9438261791202968
0.8648648648648649
0.8897721250662427
0.7893481717011129
0.8169051404345522
0.9610492845786963
0.8873873873873874
0.9488606253312135
0.8945416004239534
0.8510863804981452
0.8985161632220455
0.8335983041865395
0.9385267620561738
0.9032856385797562
0.9054054054054054
0.9337572866984631
0.9022257551669316
0.8857975622681505
0.771595124536301
0.9435612082670907
0.8608903020667726
0.875993640699523
0.8105458399576047
0.901165871754107
0.8145204027556969
0.8839427662957074
0.863275039745628
0.7000529941706413
0.8593004769475358
0.888447270800212
0.8055113937466879
0.8966613672496025
0.7586115527291998
0.7040275569687334
0.9247482776894541
0.8253842077371489
0.791467938526762
0.7538420773714891
0.8828828828828829
0.8428722840487546
0.9146793852676206
0.7456279809220986
0.8736089030206677
0.7996820349761526
0.6915739268680445
0.8078961314255432
0.8142554319024907
0.8317435082140965
0.9446210916799153
0.9077901430842608
0.9009009009009009
0.8357180710121886
0.7594064652888183
0.8288288288288288
0.8545310015898251
0.9385267620561738
0.8330683624801272
0.8815580286168522
0.8630100688924218
0.9080551139374669
0.8603603603603603
0.7705352411234764
0.8940116587175411
0.8855325914149443
0.7996820349761526
0.9382617912029677
0.8728139904610492
0.9009009009009009
0.9523052464228935
0.8028616852146264
0.9215686274509803
0.8269740328563858
0.78404875463699
0.9226285108638049
0.8722840487546369
0.8680445151033387
0.9215686274509803
0.9231584525702172
0.7170111287758346
0.8873873873873874
0.8736089030206677
0.9372019077901431
0.856120826709062
0.9146793852676206
0.8407525172231055
0.8333333333333334
0.8709591944886063
0.9284578696343402
0.9024907260201378
0.8328033916269211
0.6997880233174351
0.778749337572867
0.8153153153153153
0.7922628510863805
0.8995760466348701
0.8354531001589826
0.9552199258081611
0.7673555908850026
0.9199788023317436
0.9618441971383148
0.8269740328563858
0.9446210916799153
0.8971913089560148
0.8757286698463169
0.8330683624801272
0.9448860625331214
0.8942766295707473
0.8836777954425014
0.8002119766825649
0.8275039745627981
0.8818229994700583
0.775039745627981
0.8709591944886063
0.9125596184419714
0.9636989931107578
0.8797032326444091
0.8195548489666137
0.8354531001589826
0.884737678855326
0.9202437731849497
0.8338632750397457
0.9289878113407525
0.8259141494435612
0.9152093269740329
0.8942766295707473
0.9009009009009009
0.9562798092209857
0.8781134075251722
0.8751987281399046
0.7130365659777425
0.758876523582406
0.915474297827239
0.8028616852146264
0.7628510863804981
0.8661897191308956
0.974827768945416
0.8971913089560148
0.8426073131955485
0.9062003179650239
0.9014308426073132
0.8465818759936407
0.8746687864334923
0.8929517753047165
0.8921568627450981
0.904610492845787
0.7395336512983571
0.9032856385797562
0.8879173290937997
0.8916269210386858
0.9464758876523582
0.7919978802331743
0.8463169051404346
0.7368839427662957
0.9663487016428193
0.9358770535241123
0.814785373608903
0.7951775304716481
0.5434552199258081
0.8722840487546369
0.8211446740858506
0.7864334923158453
0.901165871754107
0.7586115527291998
0.7424483306836248
0.7665606783253842
0.7620561738208798
0.9623741388447271
0.888447270800212
0.8404875463698993
0.8441971383147854
0.8725490196078431
0.9032856385797562
0.9181240063593005
0.7135665076841547
0.9504504504504504
0.7718600953895072
0.8481717011128775
0.7069422363540011
0.8023317435082141
0.8394276629570747
0.9231584525702172
0.9170641229464759
0.7808691043985162
0.8097509273979863
0.9260731319554849
0.7000529941706413
0.8661897191308956
0.9478007419183889
0.6955484896661367
0.7994170641229464
0.9242183359830418
0.8669846316905141
0.8487016428192898
0.7655007949125596
0.8725490196078431
0.9226285108638049
0.8068362480127186
0.9570747217806042
0.839957604663487
0.8285638579756227
0.7400635930047694
0.9772125066242713
0.8953365129835718
0.9255431902490726
0.9348171701112877
0.7996820349761526
0.9501854795972443
0.771595124536301
0.6934287228404875
0.8836777954425014
0.9117647058823529
0.93879173290938
0.9138844727080021
0.8102808691043986
0.9687334393216747
0.829093799682035
0.9475357710651828
0.8010068892421833
0.9170641229464759
0.856120826709062
0.8367779544250132
0.7419183889772125
0.9218335983041865
0.7790143084260731
0.8733439321674615
0.8510863804981452
0.9186539480657128
0.8033916269210387
0.8672496025437202
0.8285638579756227
0.9218335983041865
0.7599364069952306
0.8139904610492846
0.9107048224695283
0.7511923688394276
0.8524112347641759
0.8214096449390567
0.8839427662957074
0.7533121356650768
0.8261791202967673
0.8722840487546369
0.8108108108108109
0.37148913619501855
0.8799682034976153
0.8229994700582935
0.8852676205617382
0.9326974032856385
0.8802331743508214
0.7291997880233174
0.8012718600953895
0.8733439321674615
0.9099099099099099
0.9321674615792263
0.9311075781664017
0.7101218865924749
0.9062003179650239
0.8018018018018018
0.8921568627450981
0.7774244833068362
0.8717541070482246
0.865129835718071
0.9054054054054054
0.8455219925808161
0.9266030736618972
0.9138844727080021
0.8547959724430313
0.9324324324324325
0.926338102808691
0.8526762056173821
0.8815580286168522
0.811075781664017
0.8015368309485956
0.7652358240593534
0.8977212506624271
0.9364069952305246
0.7933227344992051
0.901165871754107
0.8253842077371489
0.9427662957074722
0.8484366719660837
0.865129835718071
0.9533651298357181
0.7951775304716481
0.7734499205087441
0.8900370959194489
0.924483306836248
0.9576046634870164
0.8921568627450981
0.8593004769475358
0.7737148913619502
0.8953365129835718
0.8502914679385267
0.9085850556438791
0.8921568627450981
0.7975622681505035
0.7549019607843137
0.8306836248012719
0.830948595654478
0.7851086380498146
0.8802331743508214
0.7469528351881293
0.791467938526762
0.9197138314785374
0.8301536830948596
0.762586115527292
0.9422363540010599
0.8746687864334923
0.7652358240593534
0.8391626921038686
0.8537360890302067
0.8415474297827239
0.9125596184419714
0.8333333333333334
0.9268680445151033
0.7527821939586645
0.8550609432962374
0.8534711181770005
0.9149443561208267
0.9462109167991521
0.8479067302596714
0.8325384207737149
0.8481717011128775
0.8394276629570747
0.8908320084790673
0.7994170641229464
0.9470058293587705
0.8333333333333334
0.9353471118177
0.9520402755696873
0.8010068892421833
0.8277689454160042
0.8948065712771595
0.7469528351881293
0.8439321674615792
0.7930577636459989
0.8367779544250132
0.8431372549019608
0.9271330153683095
0.8738738738738738
0.9030206677265501
0.969528351881293
0.9470058293587705
0.8683094859565448
0.7713301536830949
0.7702702702702703
0.7493375728669847
0.8600953895071543
0.9446210916799153
0.8810280869104399
0.7864334923158453
0.8929517753047165
0.8608903020667726
0.885002649708532
0.8131955484896661
0.8971913089560148
0.9167991520932698
0.809220985691574
0.9242183359830418
0.8744038155802861
0.7700052994170641
0.825649178590355
0.9099099099099099
0.701377848436672
0.6089030206677265
0.8041865394806571
0.7443031266560678
0.8929517753047165
0.8918918918918919
0.8820879703232645
0.8738738738738738
0.8897721250662427
0.8998410174880763
0.9581346051934287
0.8934817170111288
0.8402225755166932
0.9703232644409115
0.8055113937466879
0.8293587705352411
0.9030206677265501
0.8280339162692104
0.8696343402225755
0.8497615262321144
0.859830418653948
0.8815580286168522
0.8804981452040276
0.8977212506624271
0.859565447800742
0.9027556968733439
0.8391626921038686
0.8569157392686805
0.7766295707472178
0.888447270800212
0.8550609432962374
0.8277689454160042
0.8608903020667726
0.8142554319024907
0.859565447800742
0.9409114997350292
0.8102808691043986
0.7670906200317965
0.7522522522522522
0.9051404345521993
0.8338632750397457
0.7093269740328564
0.4501854795972443
0.8577106518282989
0.6822999470058294
0.8913619501854796
0.8569157392686805
0.8916269210386858
0.9236883942766295
0.9075251722310546
0.8373078961314255
0.8094859565447801
0.8865924748277689
0.8910969793322735
0.875993640699523
0.9130895601483837
0.8926868044515104
0.7872284048754637
0.8834128245892952
0.8762586115527292
0.6913089560148383
0.8786433492315845
0.7223105458399576
0.8086910439851617
0.8918918918918919
0.8932167461579227
0.8229994700582935
0.8683094859565448
0.7281399046104928
0.8394276629570747
0.8979862215156332
0.7869634340222575
0.8354531001589826
0.0013248542660307366
0.9403815580286169
0.7572866984631691
0.8142554319024907
0.9382617912029677
0.9133545310015898
0.8494965553789083
0.9390567037625861
0.9464758876523582
0.7827239003709592
0.7191308956014838
0.6301006889242183
0.9236883942766295
0.9104398516163222
0.8979862215156332
0.8426073131955485
0.8913619501854796
0.9390567037625861
0.7019077901430842
0.9091149973502914
0.8720190779014309
0.8073661897191309
0.7872284048754637
0.972972972972973
0.8900370959194489
0.9356120826709062
0.8751987281399046
0.9093799682034976
0.8688394276629571
0.9019607843137255
0.8373078961314255
0.915474297827239
0.9009009009009009
0.8693693693693694
0.8184949655537891
0.8534711181770005
0.8118706942236354
0.7591414944356121
0.7930577636459989
0.9512453630100689
0.9390567037625861
0.8897721250662427
0.8905670376258612
0.7731849496555379
0.8208797032326444
0.8608903020667726
0.9769475357710652
0.8863275039745628
0.8330683624801272
0.9107048224695283
0.9117647058823529
0.8341282458929518
0.9051404345521993
0.9703232644409115
0.8373078961314255
0.8948065712771595
0.8804981452040276
0.8971913089560148
0.7954425013248543
0.893746687864335
0.800476947535771
0.8317435082140965
0.8918918918918919
0.9043455219925808
0.884737678855326
0.9493905670376258
0.8275039745627981
0.8897721250662427
0.7313195548489666
0.7586115527291998
0.854266030736619
0.8487016428192898
0.750132485426603
0.9308426073131956
0.8375728669846317
0.7978272390037096
0.90646528881823
0.8622151563328034
0.8897721250662427
0.7652358240593534
0.8068362480127186
0.805776364599894
0.9260731319554849
0.6497085320614733
0.9432962374138845
0.7591414944356121
0.8097509273979863
0.8097509273979863
0.8736089030206677
0.9785373608903021
0.8815580286168522
0.8887122416534181
0.929782723900371
0.8524112347641759
0.8961314255431903
0.958664546899841
0.8871224165341812
0.7925278219395866
0.9048754636989931
0.8587705352411235
0.8593004769475358
0.8701642819289878
0.8426073131955485
0.8807631160572337
0.8961314255431903
0.7980922098569158
0.9546899841017488
0.9197138314785374
0.9181240063593005
0.7273449920508744
0.8566507684154743
0.7774244833068362
0.9165341812400636
0.8926868044515104
0.8264440911499735
0.8243243243243243
0.7853736089030207
0.8722840487546369
0.9369369369369369
0.9266030736618972
0.7596714361420244
0.8948065712771595
0.7890832008479067
0.7321144674085851
0.9001059883412824
0.9072602013778485
0.8924218335983042
0.9107048224695283
0.8881822999470058
0.8553259141494436
0.8007419183889772
0.8918918918918919
0.8028616852146264
0.9035506094329624
0.929782723900371
0.8717541070482246
0.8492315845257021
0.7639109697933227
0.8330683624801272
0.8624801271860095
0.8163751987281399
0.9125596184419714
0.8394276629570747
0.8439321674615792
0.9340222575516693
0.6727609962904081
0.8312135665076842
0.8264440911499735
0.7800741918388977
0.9210386857445682
0.8439321674615792
0.8365129835718071
0.6441441441441441
0.9220985691573926
0.8987811340752517
0.823794382617912
0.8161102278749337
0.8328033916269211
0.8031266560678325
0.8526762056173821
0.8253842077371489
0.8195548489666137
0.8860625331213566
0.9197138314785374
0.8378378378378378
0.9236883942766295
0.7798092209856916
0.847111817700053
0.8431372549019608
0.9072602013778485
0.910174880763116
0.8667196608373079
0.838102808691044
0.8063063063063063
0.875993640699523
0.7344992050874404
0.9075251722310546
0.7684154742978272
0.9120296767355591
0.8712241653418124
0.8423423423423423
0.9266030736618972
0.7808691043985162
0.895601483836778
0.8664546899841018
0.8749337572866984
0.8802331743508214
0.9149443561208267
0.9356120826709062
0.7771595124536301
0.81293057763646
0.7461579226285109
0.8338632750397457
0.9027556968733439
0.8688394276629571
0.8545310015898251
0.8487016428192898
0.7527821939586645
0.8616852146263911
0.8426073131955485
0.8171701112877583
0.8688394276629571
0.8683094859565448
0.9120296767355591
0.8264440911499735
0.7880233174350821
0.9358770535241123
0.7424483306836248
0.7005829358770536
0.8473767885532592
0.9035506094329624
0.8420773714891362
0.9170641229464759
0.8415474297827239
0.9846316905140434
0.8383677795442501
0.7795442501324854
0.8653948065712772
0.8102808691043986
0.9175940646528882
0.9043455219925808
0.7580816110227875
0.7946475887652358
0.8873873873873874
0.8585055643879174
0.9451510333863276
0.9427662957074722
0.7824589295177531
0.863275039745628
0.8078961314255432
0.7803391626921039
0.9138844727080021
0.9403815580286169
0.8645998940116587
0.9019607843137255
0.839957604663487
0.8351881293057764
0.7281399046104928
0.825649178590355
0.6767355590885002
0.8532061473237944
0.7972972972972973
0.8979862215156332
0.13222045574986752
0.8728139904610492
0.8476417594064652
0.7909379968203497
0.8940116587175411
0.9345521992580816
0.848966613672496
0.7281399046104928
0.9003709591944886
0.8261791202967673
0.8857975622681505
0.8362480127186009
0.9472708002119767
0.8320084790673026
0.9239533651298357
0.9242183359830418
0.850821409644939
0.8593004769475358
0.8137254901960784
0.787758346581876
0.8367779544250132
0.8571807101218866
0.9255431902490726
0.8116057233704292
0.9536301006889242
0.8216746157922629
0.9226285108638049
0.8953365129835718
0.9218335983041865
0.8325384207737149
0.9130895601483837
0.9377318494965554
0.8473767885532592
0.9183889772125067
0.9358770535241123
0.7813990461049285
0.8836777954425014
0.9001059883412824
0.8192898781134075
0.8227344992050875
0.9220985691573926
0.8940116587175411
0.8736089030206677
0.8905670376258612
0.9125596184419714
0.7721250662427133
0.8317435082140965
0.796767355590885
0.8285638579756227
0.931637519872814
0.8010068892421833
0.9009009009009009
0.9213036565977742
0.8709591944886063
0.9311075781664017
0.8312135665076842
0.8436671966083731
0.8664546899841018
0.8892421833598304
0.8055113937466879
0.7731849496555379
0.9361420243773185
0.9358770535241123
0.9546899841017488
0.9493905670376258
0.9266030736618972
0.9443561208267091
0.9022257551669316
0.8563857975622682
0.7901430842607313
0.9432962374138845
0.7623211446740858
0.8497615262321144
0.8656597774244833
0.7922628510863805
0.9255431902490726
0.895601483836778
0.9501854795972443
0.8272390037095919
0.8214096449390567
0.9202437731849497
0.9175940646528882
0.6971383147853736
0.9438261791202968
0.8773184949655538
0.9464758876523582
0.8802331743508214
0.8500264970853206
0.913619501854796
0.8328033916269211
0.8100158982511924
0.8897721250662427
0.8214096449390567
0.8717541070482246
0.8558558558558559
0.8608903020667726
0.8383677795442501
0.7755696873343932
0.7556968733439322
0.8910969793322735
0.9250132485426603
0.9048754636989931
0.7665606783253842
0.8985161632220455
0.8354531001589826
0.8081611022787494
0.8889772125066243
0.8998410174880763
0.7978272390037096
0.8357180710121886
0.8073661897191309
0.8373078961314255
0.7882882882882883
0.8672496025437202
0.9284578696343402
0.8025967143614202
0.7890832008479067
0.918918918918919
0.8169051404345522
0.9266030736618972
0.6218865924748278
0.7448330683624801
0.9247482776894541
0.9035506094329624
0.8174350821409645
0.9652888182299947
0.8426073131955485
0.8728139904610492
0.6971383147853736
0.9144144144144144
0.7980922098569158
0.7970323264440912
0.9342872284048754
0.8971913089560148
0.8577106518282989
0.9255431902490726
0.670906200317965
0.8516163222045575
0.8585055643879174
0.7541070482246953
0.9056703762586116
0.8908320084790673
0.8537360890302067
0.8910969793322735
0.8169051404345522
0.8998410174880763
0.8208797032326444
0.8950715421303657
0.8492315845257021
0.8187599364069952
0.8494965553789083
0.9379968203497615
0.9462109167991521
0.8182299947005829
0.8645998940116587
0.735559088500265
0.8831478537360891
0.7045574986751457
0.7962374138844727
0.9401165871754107
0.8982511923688394
0.9501854795972443
0.8224695283518813
0.8373078961314255
0.8500264970853206
0.9260731319554849
0.8113407525172232
0.9048754636989931
0.8926868044515104
0.8208797032326444
0.8436671966083731
0.8966613672496025
0.8574456809750928
0.8261791202967673
0.8971913089560148
0.9337572866984631
0.785903550609433
0.8897721250662427
0.8622151563328034
0.8235294117647058
0.9091149973502914
0.9218335983041865
0.8500264970853206
0.969263381028087
0.8908320084790673
0.81293057763646
0.8396926338102809
0.5339162692103868
0.7943826179120297
0.8590355060943297
0.8330683624801272
0.875993640699523
0.7988871224165341
0.8571807101218866
0.8134605193428723
0.8396926338102809
0.8275039745627981
0.9080551139374669
0.8505564387917329
0.8818229994700583
0.8693693693693694
0.7241653418124007
0.9128245892951775
0.8558558558558559
0.7965023847376789
0.7482776894541601
0.8333333333333334
0.8081611022787494
0.9279279279279279
0.908320084790673
0.901165871754107
0.676205617382088
0.8948065712771595
0.775304716481187
0.9173290937996821
0.847111817700053
0.7758346581875993
0.8434022257551669
0.8214096449390567
0.9684684684684685
0.875993640699523
0.9027556968733439
0.9427662957074722
0.7861685214626392
0.7917329093799682
0.8108108108108109
0.9682034976152624
0.985691573926868
0.8926868044515104
0.8945416004239534
0.8643349231584526
0.7371489136195019
0.7138314785373608
0.8558558558558559
0.9377318494965554
0.9583995760466348
0.8990461049284578
0.8063063063063063
0.9038155802861685
0.8940116587175411
0.7368839427662957
0.969528351881293
0.9120296767355591
0.825649178590355
0.8844727080021197
0.8754636989931107
0.7816640169581346
0.8288288288288288
0.8492315845257021
0.9104398516163222
0.9165341812400636
0.8770535241123476
0.9491255961844197
0.7832538420773715
0.7604663487016429
0.7975622681505035
0.8341282458929518
0.8155802861685215
0.9107048224695283
0.8428722840487546
0.7866984631690515
0.9003709591944886
0.7514573396926338
0.8532061473237944
0.8441971383147854
0.8158452570217276
0.8653948065712772
0.913619501854796
0.8203497615262321
0.9162692103868575
0.9006359300476947
0.8431372549019608
0.8624801271860095
0.838102808691044
0.9599894011658717
0.7869634340222575
0.8386327503974563
0.9178590355060944
0.798622151563328
0.9027556968733439
0.854266030736619
0.8969263381028086
0.8521462639109698
0.8169051404345522
0.8182299947005829
0.9700582935877053
0.9019607843137255
0.794912559618442
0.7829888712241654
0.895601483836778
0.9610492845786963
0.9122946475887652
0.7291997880233174
0.8998410174880763
0.5119236883942766
0.8932167461579227
0.7615262321144675
0.9470058293587705
0.8659247482776895
0.9340222575516693
0.8683094859565448
0.8722840487546369
0.8820879703232645
0.8977212506624271
0.885002649708532
0.8871224165341812
0.8404875463698993
0.8667196608373079
0.8918918918918919
0.9215686274509803
0.8105458399576047
0.8640699523052464
0.8163751987281399
0.778749337572867
0.8887122416534181
0.7549019607843137
0.9120296767355591
0.7965023847376789
0.8619501854795972
0.8897721250662427
0.8505564387917329
0.7276099629040805
0.8712241653418124
0.7384737678855325
0.8844727080021197
0.8863275039745628
0.9454160042395336
0.7294647588765236
0.8635400105988341
0.9080551139374669
0.8510863804981452
0.8002119766825649
0.7880233174350821
0.7027027027027027
0.924483306836248
0.9054054054054054
0.9252782193958664
0.8773184949655538
0.8044515103338633
0.924483306836248
0.9112347641759406
0.8908320084790673
0.7686804451510334
0.8224695283518813
0.9218335983041865
0.8285638579756227
0.9295177530471648
0.9149443561208267
0.6886592474827768
0.9077901430842608
0.8608903020667726
0.8995760466348701
0.8566507684154743
0.8897721250662427
0.703232644409115
0.7824589295177531
0.7874933757286698
0.8375728669846317
0.7676205617382088
0.7851086380498146
0.7090620031796503
0.6263910969793323
0.8420773714891362
0.8553259141494436
0.8068362480127186
0.9287228404875464
0.839957604663487
0.7466878643349232
0.8733439321674615
0.918918918918919
0.8351881293057764
0.9122946475887652
0.7890832008479067
0.7525172231054584
0.9345521992580816
0.8701642819289878
0.8025967143614202
0.7570217276099629
0.8751987281399046
0.9411764705882353
0.8534711181770005
0.888447270800212
0.8529411764705882
0.9554848966613673
0.8855325914149443
0.7477477477477478
0.8423423423423423
0.8680445151033387
0.9075251722310546
0.746422893481717
0.915474297827239
0.8640699523052464
0.8712241653418124
0.8815580286168522
0.9175940646528882
0.9287228404875464
0.9250132485426603
0.8823529411764706
0.895601483836778
0.9374668786433492
0.8744038155802861
0.9636989931107578
0.8484366719660837
0.8985161632220455
0.8714891361950186
0.9409114997350292
0.8296237413884473
0.908320084790673
0.8948065712771595
0.8174350821409645
0.8137254901960784
0.9024907260201378
0.7352941176470589
0.9128245892951775
0.8781134075251722
0.8622151563328034
0.6894541600423953
0.7768945416004239
0.913619501854796
0.8298887122416534
0.8733439321674615
0.6936936936936937
0.9040805511393747
0.8012718600953895
0.8600953895071543
0.8068362480127186
0.954954954954955
0.8839427662957074
0.8879173290937997
0.7130365659777425
0.9234234234234234
0.8174350821409645
0.9016958134605193
0.8889772125066243
0.7440381558028617
0.8229994700582935
0.8314785373608903
0.9303126656067833
0.958664546899841
0.8415474297827239
0.8685744568097509
0.8288288288288288
0.7403285638579756
0.8765235824059353
0.8810280869104399
0.9419713831478538
0.90646528881823
0.9719130895601484
0.8966613672496025
0.9114997350291468
0.8243243243243243
0.7890832008479067
0.8908320084790673
0.8388977212506624
0.84525702172761
0.9361420243773185
0.8558558558558559
0.8579756226815051
0.924483306836248
0.859565447800742
0.8749337572866984
0.972972972972973
0.724695283518813
0.7824589295177531
0.895601483836778
0.8688394276629571
0.8192898781134075
0.809220985691574
0.8028616852146264
0.8267090620031796
0.9260731319554849
0.8383677795442501
0.7739798622151564
0.8169051404345522
0.8288288288288288
0.7763645998940116
0.9022257551669316
0.7710651828298887
0.895866454689984
0.8643349231584526
0.7888182299947006
0.9213036565977742
0.8593004769475358
0.753577106518283
0.9422363540010599
0.8529411764705882
0.7962374138844727
0.9432962374138845
0.8139904610492846
0.8306836248012719
0.8680445151033387
0.8714891361950186
0.78060413354531
0.8908320084790673
0.7912029676735559
0.6987281399046105
0.9255431902490726
0.9319024907260202
0.7922628510863805
0.8320084790673026
0.8214096449390567
0.8298887122416534
0.9038155802861685
0.820084790673026
0.8725490196078431
0.8834128245892952
0.9395866454689984
0.9557498675145734
0.8571807101218866
0.7821939586645469
0.7522522522522522
0.8661897191308956
0.6229464758876524
0.7726550079491256
0.7726550079491256
0.9146793852676206
0.8889772125066243
0.8020667726550079
0.9504504504504504
0.9366719660837308
0.9194488606253313
0.7297297297297297
0.8908320084790673
0.9144144144144144
0.9043455219925808
0.9459459459459459
0.8706942236354
0.9462109167991521
0.7933227344992051
0.8855325914149443
0.848966613672496
0.972972972972973
0.8765235824059353
0.9499205087440381
0.8635400105988341
0.7758346581875993
0.8985161632220455
0.9348171701112877
0.8476417594064652
0.9348171701112877
0.9231584525702172
0.7329093799682035
0.9069952305246423
0.7599364069952306
0.8810280869104399
0.8280339162692104
0.8415474297827239
0.8675145733969264
0.8502914679385267
0.7731849496555379
0.8786433492315845
0.9324324324324325
0.8910969793322735
0.8656597774244833
0.9091149973502914
0.8910969793322735
0.7541070482246953
0.8717541070482246
0.8979862215156332
0.81293057763646
0.8855325914149443
0.9626391096979332
0.8720190779014309
0.9183889772125067
0.8950715421303657
0.8865924748277689
0.9552199258081611
0.7549019607843137
0.8600953895071543
0.8375728669846317
0.8865924748277689
0.7710651828298887
0.8990461049284578
0.7763645998940116
0.6836248012718601
0.8449920508744038
0.8624801271860095
0.7885532591414944
0.8722840487546369
0.9663487016428193
0.9544250132485427
0.7821939586645469
0.7686804451510334
0.854266030736619
0.8624801271860095
0.8929517753047165
0.8161102278749337
0.9454160042395336
0.8540010598834128
0.8600953895071543
0.9258081611022787
0.8982511923688394
0.8412824589295178
0.8889772125066243
0.8802331743508214
0.940646528881823
0.8174350821409645
0.8216746157922629
0.9032856385797562
0.9470058293587705
0.7729199788023318
0.8065712771595125
0.9022257551669316
0.834393216746158
0.8820879703232645
0.8100158982511924
0.8691043985161632
0.7559618441971383
0.805776364599894
0.9234234234234234
0.7231054583995761
0.8730789613142554
0.798622151563328
0.9001059883412824
0.6910439851616322
0.8545310015898251
0.8108108108108109
0.8611552729199788
0.8063063063063063
0.7072072072072072
0.8979862215156332
0.9210386857445682
0.8073661897191309
0.7893481717011129
0.9260731319554849
0.848966613672496
0.8487016428192898
0.9202437731849497
0.8979862215156332
0.8781134075251722
0.895601483836778
0.8762586115527292
0.7580816110227875
0.9133545310015898
0.8145204027556969
0.8304186539480657
0.8728139904610492
0.7135665076841547
0.800476947535771
0.8362480127186009
0.8494965553789083
0.7731849496555379
0.8248542660307366
0.8863275039745628
0.854266030736619
0.8696343402225755
0.9125596184419714
0.901165871754107
0.9777424483306836
0.9374668786433492
0.9162692103868575
0.7864334923158453
0.9022257551669316
0.8134605193428723
0.8577106518282989
0.8325384207737149
0.9329623741388448
0.7718600953895072
0.9186539480657128
0.875993640699523
0.8611552729199788
0.7975622681505035
0.8770535241123476
0.7299947005829359
0.9435612082670907
0.8667196608373079
0.901165871754107
0.8648648648648649
0.8269740328563858
0.8304186539480657
0.8722840487546369
0.8762586115527292
0.9027556968733439
0.8502914679385267
0.7538420773714891
0.8571807101218866
0.8137254901960784
0.9578696343402225
0.895601483836778
0.9144144144144144
0.9125596184419714
0.798622151563328
0.9578696343402225
0.9319024907260202
0.9276629570747218
0.7005829358770536
0.8839427662957074
0.6825649178590355
0.9199788023317436
0.8206147323794383
0.8762586115527292
0.8351881293057764
0.8378378378378378
0.8645998940116587
0.8667196608373079
0.7183359830418654
0.6952835188129306
0.9165341812400636
0.8908320084790673
0.9236883942766295
0.8171701112877583
0.8839427662957074
0.7935877053524112
0.7570217276099629
0.7477477477477478
0.870429252782194
0.6796502384737679
0.9430312665606784
0.7771595124536301
0.8063063063063063
0.8751987281399046
0.847111817700053
0.8171701112877583
0.7239003709591945
0.9750927397986221
0.8571807101218866
0.791467938526762
0.895601483836778
0.9067302596714362
0.8905670376258612
0.8661897191308956
0.881293057763646
0.8272390037095919
0.8749337572866984
0.885002649708532
0.8839427662957074
0.8431372549019608
0.7673555908850026
0.7583465818759937
0.8322734499205088
0.7657657657657657
0.0940646528881823
0.8537360890302067
0.8285638579756227
0.9361420243773185
0.7763645998940116
0.7760996290408055
0.7188659247482777
0.881293057763646
0.9369369369369369
0.856120826709062
0.7196608373078961
0.5567037625861155
0.8656597774244833
0.8182299947005829
0.7829888712241654
0.9167991520932698
0.9220985691573926
0.7019077901430842
0.8969263381028086
0.5657127715951246
0.766295707472178
0.8468468468468469
0.39878113407525173
0.9345521992580816
0.9907260201377849
0.8942766295707473
0.762586115527292
0.9374668786433492
0.9358770535241123
0.8887122416534181
0.7382087970323264
0.7397986221515633
0.8282988871224165
0.6632220455749868
0.7681505034446211
0.9300476947535771
0.899311075781664
0.9104398516163222
0.7845786963434023
0.9308426073131956
0.8177000529941706
0.8280339162692104
0.9560148383677796
0.8672496025437202
0.9432962374138845
0.8744038155802861
0.8942766295707473
0.850821409644939
0.9048754636989931
0.9016958134605193
0.850821409644939
0.8330683624801272
0.9313725490196079
0.7090620031796503
0.9228934817170111
0.875993640699523
0.9552199258081611
0.8314785373608903
0.9181240063593005
0.8879173290937997
0.8571807101218866
0.7080021197668257
0.7196608373078961
0.8608903020667726
0.8288288288288288
0.703232644409115
0.8645998940116587
0.8373078961314255
0.728404875463699
0.816640169581346
0.951510333863275
0.8015368309485956
0.8929517753047165
0.8746687864334923
0.8590355060943297
0.7631160572337043
0.7893481717011129
0.8357180710121886
0.9703232644409115
0.834658187599364
0.8192898781134075
0.8606253312135665
0.9067302596714362
0.8203497615262321
0.879438261791203
0.8855325914149443
0.9040805511393747
0.9319024907260202
0.7954425013248543
0.9003709591944886
0.7095919448860626
0.8555908850026497
0.8497615262321144
0.870429252782194
0.7898781134075251
0.8455219925808161
0.8521462639109698
0.8627450980392157
0.9287228404875464
0.7943826179120297
0.8863275039745628
0.9014308426073132
0.7755696873343932
0.7366189719130896
0.9430312665606784
0.9260731319554849
0.7416534181240063
0.9030206677265501
0.8836777954425014
0.9459459459459459
0.811075781664017
0.8036565977742448
0.8081611022787494
0.9636989931107578
0.7684154742978272
0.8134605193428723
0.6581875993640699
0.7885532591414944
0.7792792792792793
0.9390567037625861
0.9218335983041865
0.9448860625331214
0.893746687864335
0.7972972972972973
0.8317435082140965
0.881293057763646
0.7639109697933227
0.8910969793322735
0.8714891361950186
0.881293057763646
0.9220985691573926
0.954954954954955
0.8240593534711181
0.7427133015368309
0.8971913089560148
0.8540010598834128
0.7898781134075251
0.6897191308956014
0.9260731319554849
0.7556968733439322
0.8908320084790673
0.893746687864335
0.9610492845786963
0.8948065712771595
0.9146793852676206
0.9552199258081611
0.750132485426603
0.737413884472708
0.7575516693163752
0.893746687864335
0.9480657127715951
0.885002649708532
0.8150503444621092
0.8174350821409645
0.7307896131425543
0.9732379438261791
0.8224695283518813
0.9305776364599894
0.829093799682035
0.9419713831478538
0.8815580286168522
0.8537360890302067
0.8174350821409645
0.8749337572866984
0.8746687864334923
0.9202437731849497
0.8929517753047165
0.8518812930577636
0.7456279809220986
0.7729199788023318
0.7321144674085851
0.8587705352411235
0.8275039745627981
0.8982511923688394
0.814785373608903
0.8195548489666137
0.798622151563328
0.7329093799682035
0.8163751987281399
0.9009009009009009
0.9175940646528882
0.825649178590355
0.9512453630100689
0.859830418653948
0.7912029676735559
0.7371489136195019
0.9358770535241123
0.9234234234234234
0.816640169581346
0.8773184949655538
0.7975622681505035
0.8415474297827239
0.7890832008479067
0.8351881293057764
0.9062003179650239
0.830948595654478
0.9305776364599894
0.9321674615792263
0.9326974032856385
0.8977212506624271
0.8863275039745628
0.850821409644939
0.8566507684154743
0.8712241653418124
0.8834128245892952
0.8977212506624271
0.8341282458929518
0.856120826709062
0.8317435082140965
0.9075251722310546
0.678060413354531
0.8015368309485956
0.9576046634870164
0.9199788023317436
0.7138314785373608
0.838102808691044
0.8600953895071543
0.8434022257551669
0.744568097509274
0.8733439321674615
0.8018018018018018
0.7869634340222575
0.9491255961844197
0.9112347641759406
0.9337572866984631
0.9493905670376258
0.8386327503974563
0.7946475887652358
0.7652358240593534
0.856120826709062
0.6883942766295708
0.9268680445151033
0.8505564387917329
0.8468468468468469
0.8320084790673026
0.8982511923688394
0.6825649178590355
0.875993640699523
0.7519872813990461
0.7291997880233174
0.9443561208267091
0.794912559618442
0.7938526762056174
0.8590355060943297
0.8349231584525703
0.8577106518282989
0.8394276629570747
0.8818229994700583
0.7975622681505035
0.9446210916799153
0.8712241653418124
0.7019077901430842
0.8746687864334923
0.9109697933227345
0.8680445151033387
0.8492315845257021
0.8945416004239534
0.8940116587175411
0.8100158982511924
0.9022257551669316
0.8558558558558559
0.9009009009009009
0.7631160572337043
0.9149443561208267
0.7538420773714891
0.8879173290937997
0.9430312665606784
0.9040805511393747
0.8317435082140965
0.678060413354531
0.7935877053524112
0.8521462639109698
0.8701642819289878
0.8460519342872284
0.8603603603603603
0.7927927927927928
0.9075251722310546
0.8648648648648649
0.9231584525702172
0.9054054054054054
0.8526762056173821
0.7843137254901961
0.904610492845787
0.8063063063063063
0.895601483836778
0.9048754636989931
0.8142554319024907
0.8611552729199788
0.8455219925808161
0.9634340222575517
0.929782723900371
0.9170641229464759
0.8611552729199788
0.8108108108108109
0.9581346051934287
0.8102808691043986
0.6430842607313195
0.7488076311605724
0.8664546899841018
0.8778484366719661
0.9059353471118177
0.9303126656067833
0.847111817700053
0.7795442501324854
0.9281928987811341
0.84525702172761
0.8351881293057764
0.9088500264970854
0.879438261791203
0.9043455219925808
0.899311075781664
0.913619501854796
0.7866984631690515
0.9019607843137255
0.8698993110757817
0.9329623741388448
0.8924218335983042
0.8094859565447801
0.7980922098569158
0.9130895601483837
0.9255431902490726
0.918918918918919
0.7689454160042395
0.8163751987281399
0.9191838897721251
0.8373078961314255
0.9417064122946476
0.7477477477477478
0.9014308426073132
0.839957604663487
0.8558558558558559
0.8063063063063063
0.7906730259671436
0.8192898781134075
0.8500264970853206
0.9112347641759406
0.7612612612612613
0.9451510333863276
0.8942766295707473
0.8810280869104399
0.7657657657657657
0.7803391626921039
0.9544250132485427
0.8465818759936407
0.8463169051404346
0.8611552729199788
0.8116057233704292
0.8365129835718071
0.9149443561208267
0.8444621091679915
0.9085850556438791
0.924483306836248
0.7665606783253842
0.9160042395336513
0.7604663487016429
0.8815580286168522
0.8487016428192898
0.7549019607843137
0.8025967143614202
0.8680445151033387
0.8940116587175411
0.8383677795442501
0.9369369369369369
0.8049814520402756
0.8410174880763116
0.865129835718071
0.8354531001589826
0.9467408585055644
0.8802331743508214
0.8736089030206677
0.8555908850026497
0.8905670376258612
0.8624801271860095
0.7938526762056174
0.8367779544250132
0.9162692103868575
0.9218335983041865
0.7811340752517223
0.8436671966083731
0.8179650238473768
0.9401165871754107
0.8630100688924218
0.8325384207737149
0.7670906200317965
0.8370429252782194
0.9642289348171701
0.9785373608903021
0.9069952305246423
0.9183889772125067
0.8124006359300477
0.7734499205087441
0.9472708002119767
0.6809750927397986
0.8948065712771595
0.9178590355060944
0.8415474297827239
0.8052464228934817
0.7350291467938527
0.969263381028087
0.834658187599364
0.7970323264440912
0.9170641229464759
0.8918918918918919
0.8386327503974563
0.7880233174350821
0.7827239003709592
0.9655537890832009
0.8203497615262321
0.7522522522522522
0.8171701112877583
0.735559088500265
0.7551669316375199
0.920773714891362
0.7782193958664547
0.9364069952305246
0.9803921568627451
0.901165871754107
0.8971913089560148
0.9401165871754107
0.771595124536301
0.8897721250662427
0.895601483836778
0.7151563328033916
0.8558558558558559
0.8977212506624271
0.7755696873343932
0.9149443561208267
0.8744038155802861
0.8619501854795972
0.9085850556438791
0.8245892951775304
0.9459459459459459
0.8415474297827239
0.8990461049284578
0.8696343402225755
0.7874933757286698
0.8971913089560148
0.9220985691573926
0.8484366719660837
0.8304186539480657
0.9602543720190779
0.9841017488076311
0.7440381558028617
0.9401165871754107
0.8990461049284578
0.8063063063063063
0.8905670376258612
0.8224695283518813
0.8532061473237944
0.8169051404345522
0.9806571277159513
0.8672496025437202
0.8929517753047165
0.8804981452040276
0.9353471118177
0.9062003179650239
0.9138844727080021
0.9141494435612083
0.9215686274509803
0.931637519872814
0.5529941706412295
0.8667196608373079
0.8600953895071543
0.8963963963963963
0.9523052464228935
0.8664546899841018
0.84525702172761
0.9024907260201378
0.944091149973503
0.9682034976152624
0.8791732909379968
0.8725490196078431
0.8031266560678325
0.8696343402225755
0.913619501854796
0.8948065712771595
0.9467408585055644
0.9181240063593005
0.9411764705882353
0.9027556968733439
0.8696343402225755
0.9615792262851086
0.8844727080021197
0.8296237413884473
0.785903550609433
0.951510333863275
0.9504504504504504
0.9332273449920508
0.9009009009009009
0.8834128245892952
0.9379968203497615
0.9883412824589295
0.924483306836248
0.9636989931107578
0.9266030736618972
0.9157392686804452
0.875993640699523
0.9528351881293058
0.811075781664017
0.7893481717011129
0.859830418653948
0.895601483836778
0.84525702172761
0.8553259141494436
0.9369369369369369
0.8020667726550079
0.870429252782194
0.8887122416534181
0.9125596184419714
0.8648648648648649
0.8826179120296768
0.8449920508744038
0.8789083200847907
0.9422363540010599
0.8354531001589826
0.8195548489666137
0.7835188129305777
0.9684684684684685
0.8659247482776895
0.9181240063593005
0.7628510863804981
0.8028616852146264
0.7845786963434023
0.8431372549019608
0.859565447800742
0.9703232644409115
0.8908320084790673
0.7901430842607313
0.7702702702702703
0.7906730259671436
0.9348171701112877
0.9411764705882353
0.8797032326444091
0.972972972972973
0.8118706942236354
0.8998410174880763
0.9162692103868575
0.8868574456809751
0.8836777954425014
0.8582405935347112
0.8139904610492846
0.8963963963963963
0.8579756226815051
0.8781134075251722
0.7837837837837838
0.9022257551669316
0.7541070482246953
0.9289878113407525
0.8518812930577636
0.8089560148383678
0.8683094859565448
0.9242183359830418
0.8775834658187599
0.8155802861685215
0.8640699523052464
0.8065712771595125
0.9152093269740329
0.8354531001589826
0.7477477477477478
0.7429782723900371
0.8007419183889772
0.8831478537360891
0.850821409644939
0.8192898781134075
0.8712241653418124
0.8728139904610492
0.8314785373608903
0.7827239003709592
0.816640169581346
0.9032856385797562
0.9056703762586116
0.9305776364599894
0.8712241653418124
0.7342342342342343
0.9114997350291468
0.8449920508744038
0.863275039745628
0.7821939586645469
0.7755696873343932
0.8630100688924218
0.8216746157922629
0.7954425013248543
0.8550609432962374
0.7138314785373608
0.9652888182299947
0.8677795442501325
0.7708002119766826
0.8675145733969264
0.7901430842607313
0.9165341812400636
0.7665606783253842
0.8804981452040276
0.7872284048754637
0.8643349231584526
0.7723900370959195
0.8386327503974563
0.8600953895071543
0.8192898781134075
0.8280339162692104
0.8534711181770005
0.8190249072602014
0.9157392686804452
0.6534181240063593
0.820084790673026
0.8513513513513513
0.7943826179120297
0.9032856385797562
0.9027556968733439
0.8770535241123476
0.9067302596714362
0.9369369369369369
0.870429252782194
0.7506624271330153
0.8100158982511924
0.884737678855326
0.9091149973502914
0.8505564387917329
0.708532061473238
0.8913619501854796
0.7612612612612613
0.8349231584525703
0.8365129835718071
0.9287228404875464
0.8781134075251722
0.8897721250662427
0.7980922098569158
0.7241653418124007
0.9197138314785374
0.7095919448860626
0.9215686274509803
0.7490726020137785
0.8476417594064652
0.8015368309485956
0.9742978272390037
0.8807631160572337
0.8208797032326444
0.84525702172761
0.8852676205617382
0.9197138314785374
0.859565447800742
0.7991520932697403
0.8892421833598304
0.8712241653418124
0.9247482776894541
0.9414414414414415
0.7827239003709592
0.9337572866984631
0.7278749337572867
0.760731319554849
0.8010068892421833
0.7991520932697403
0.9295177530471648
0.8481717011128775
0.9358770535241123
0.8404875463698993
0.8961314255431903
0.7427133015368309
0.8275039745627981
0.9181240063593005
0.8799682034976153
0.9451510333863276
0.8688394276629571
0.913619501854796
0.8388977212506624
0.6897191308956014
0.8481717011128775
0.8161102278749337
0.7869634340222575
0.8158452570217276
0.7594064652888183
0.9313725490196079
0.7713301536830949
0.9456809750927399
0.9236883942766295
0.8940116587175411
0.8174350821409645
0.8235294117647058
0.8047164811870694
0.8664546899841018
0.7795442501324854
0.924483306836248
0.8879173290937997
0.8577106518282989
0.8913619501854796
0.8354531001589826
0.8137254901960784
0.7813990461049285
0.7387387387387387
0.8285638579756227
0.7930577636459989
0.879438261791203
0.8619501854795972
0.7556968733439322
0.84525702172761
0.8701642819289878
0.920773714891362
0.8590355060943297
0.8044515103338633
0.8606253312135665
0.9114997350291468
0.9313725490196079
0.8696343402225755
0.7201907790143084
0.980127186009539
0.8712241653418124
0.7665606783253842
0.7506624271330153
0.8359830418653948
0.9048754636989931
0.8990461049284578
0.90646528881823
0.9220985691573926
0.8410174880763116
0.8714891361950186
0.9324324324324325
0.7260201377848436
0.8582405935347112
0.9493905670376258
0.8751987281399046
0.7803391626921039
0.8688394276629571
0.9075251722310546
0.8335983041865395
0.8033916269210387
0.9213036565977742
0.87413884472708
0.9570747217806042
0.8857975622681505
0.890302066772655
0.7506624271330153
0.9560148383677796
0.8232644409114998
0.7456279809220986
0.8680445151033387
0.8402225755166932
0.9205087440381559
0.814785373608903
0.9157392686804452
0.8550609432962374
0.863275039745628
0.8630100688924218
0.9446210916799153
0.733704292527822
0.9546899841017488
0.8593004769475358
0.9162692103868575
0.8706942236354
0.9793322734499205
0.839957604663487
0.8656597774244833
0.7851086380498146
0.9491255961844197
0.7951775304716481
0.8375728669846317
0.8341282458929518
0.884737678855326
0.8558558558558559
0.7000529941706413
0.8094859565447801
0.9165341812400636
0.9414414414414415
0.9350821409644939
0.893746687864335
0.7533121356650768
0.9038155802861685
0.7731849496555379
0.8325384207737149
0.8995760466348701
0.9030206677265501
0.8720190779014309
0.8423423423423423
0.9016958134605193
0.8171701112877583
0.9258081611022787
0.9576046634870164
0.7962374138844727
0.8932167461579227
0.9438261791202968
0.8187599364069952
0.9393216746157923
0.001589825119236884
0.8876523582405935
0.9167991520932698
0.9112347641759406
0.8298887122416534
0.6796502384737679
0.8669846316905141
0.8455219925808161
0.8296237413884473
0.879438261791203
0.9197138314785374
0.8023317435082141
0.8484366719660837
0.6899841017488076
0.931637519872814
0.8227344992050875
0.84525702172761
0.8722840487546369
0.8675145733969264
0.8359830418653948
0.8746687864334923
0.7845786963434023
0.8071012188659248
0.9533651298357181
0.9252782193958664
0.8815580286168522
0.9146793852676206
0.8388977212506624
0.8995760466348701
0.8987811340752517
0.9016958134605193
0.7766295707472178
0.8335983041865395
0.9175940646528882
0.8190249072602014
0.8272390037095919
0.8701642819289878
0.7522522522522522
0.8918918918918919
0.6192368839427663
0.8076311605723371
0.8033916269210387
0.9342872284048754
0.7763645998940116
0.9107048224695283
0.9581346051934287
0.8680445151033387
0.7710651828298887
0.9356120826709062
0.8709591944886063
0.9181240063593005
0.960519342872284
0.7064122946475888
0.8873873873873874
0.7562268150503445
0.8974562798092209
0.8502914679385267
0.7784843667196608
0.8590355060943297
0.9109697933227345
0.7766295707472178
0.9711181770005299
0.8751987281399046
0.8155802861685215
0.8691043985161632
