0.8890433815350389
0.8984983314794216
0.8798665183537263
0.9043381535038932
0.871523915461624
0.5122358175750834
0.8464961067853171
0.9491101223581757
0.9404894327030033
0.7305339265850945
0.8017241379310345
0.8523359288097887
0.907397107897664
0.8459399332591768
0.9524471635150167
0.8378754171301446
0.842880978865406
0.8387096774193549
0.9046162402669633
0.6646273637374861
0.8489988876529477
0.8509454949944383
0.8109010011123471
0.9268631813125695
0.8286985539488321
0.9371523915461624
0.8489988876529477
0.8612347052280311
0.8542825361512792
0.8025583982202447
0.8982202447163515
0.9418798665183538
0.8520578420467185
0.9224137931034483
0.760845383759733
0.9257508342602893
0.9365962180200222
0.9246384872080089
0.9530033370411568
0.8292547274749722
0.9671857619577308
0.7819799777530589
0.8523359288097887
0.8431590656284761
0.8503893214682982
0.8640155728587319
0.8506674082313682
0.7716907675194661
0.8954393770856507
0.9293659621802002
0.8943270300333704
0.9051724137931034
0.8264738598442715
0.932146829810901
0.7703003337041157
0.8412124582869855
0.8754171301446051
0.9051724137931034
0.8467741935483871
0.9279755283648499
0.9235261401557285
0.7558398220244716
0.932146829810901
0.9235261401557285
0.8231368186874305
0.7691879866518354
0.8097886540600667
0.8762513904338154
0.8948832035595106
0.9329810901001112
0.9207452725250278
0.7861512791991101
0.8125695216907676
0.8081201334816462
0.8601223581757509
0.9087875417130145
0.9315906562847609
0.9549499443826474
0.9104560622914349
0.9243604004449388
0.9585650723025584
0.8403781979977754
0.8020022246941045
0.9015572858731924
0.9057285873192435
0.8681868743047831
0.8812569521690767
0.8445494994438265
0.9443826473859844
0.8979421579532815
0.6159621802002224
0.9185205784204672
0.871523915461624
0.8081201334816462
0.9365962180200222
0.9505005561735261
0.8676307007786429
0.8848720800889878
0.8690211345939933
0.949944382647386
0.9023915461624027
0.9096218020022246
0.9260289210233593
0.8581757508342603
0.8973859844271412
0.8734705228031145
0.7906006674082313
0.8495550611790879
0.8615127919911012
0.9168520578420467
0.9032258064516129
0.7563959955506118
0.8412124582869855
0.9655172413793104
0.9307563959955506
0.864293659621802
0.9082313681868743
0.8581757508342603
0.8870967741935484
0.8528921023359288
0.8982202447163515
0.8768075639599555
0.8918242491657397
0.9669076751946607
0.8634593993325917
0.9424360400444939
0.8439933259176863
0.8540044493882091
0.9226918798665183
0.9343715239154616
0.7981090100111234
0.9012791991101223
0.8670745272525028
0.8737486095661846
0.8259176863181312
0.8987764182424917
0.8414905450500556
0.899888765294772
0.7182981090100111
0.9502224694104561
0.8587319243604005
0.7872636262513905
0.8581757508342603
0.9824805339265851
0.8729143492769744
0.8156284760845384
0.9488320355951056
0.9040600667408232
0.8506674082313682
0.8120133481646273
0.8039488320355951
0.9015572858731924
0.8873748609566184
0.8662402669632926
0.9438264738598443
0.8092324805339266
0.9733036707452726
0.9382647385984427
0.9324249165739711
0.8723581757508343
0.8100667408231368
0.8325917686318132
0.842602892102336
0.8281423804226918
0.8901557285873193
0.860400444938821
0.8236929922135706
0.9162958843159066
0.850111234705228
0.9649610678531702
0.92853170189099
0.8114571746384872
0.8692992213570634
0.8045050055617352
0.8818131256952169
0.8045050055617352
0.8890433815350389
0.9399332591768632
0.7633481646273638
0.9168520578420467
0.9268631813125695
0.9708008898776418
0.8503893214682982
0.8973859844271412
0.9046162402669633
0.7686318131256952
0.48859844271412683
0.8156284760845384
0.8804226918798665
0.8364849833147943
0.8423248053392659
0.7780867630700778
0.885706340378198
0.9162958843159066
0.860400444938821
0.8228587319243604
0.5336484983314794
0.9243604004449388
0.7691879866518354
0.8590100111234705
0.9118464961067854
0.9435483870967742
0.8979421579532815
0.7803114571746385
0.8462180200222469
0.8437152391546162
0.8743047830923248
0.9349276974416018
0.9371523915461624
0.8884872080088988
0.7694660734149055
0.9121245828698554
0.6704671857619577
0.832313681868743
0.7925472747497219
0.9112903225806451
0.8031145717463849
0.8665183537263627
0.7583426028921023
0.8378754171301446
0.8409343715239155
0.9207452725250278
0.8489988876529477
0.7639043381535039
0.8134037819799778
0.832313681868743
0.9340934371523916
0.9432703003337041
0.9012791991101223
0.7694660734149055
0.9710789766407119
0.7708565072302559
0.8923804226918799
0.8011679644048944
0.8790322580645161
0.8348164627363738
0.9454949944382648
0.9327030033370411
0.8526140155728588
0.9157397107897665
0.9872080088987765
0.9179644048943271
0.8317575083426029
0.8979421579532815
0.8125695216907676
0.8843159065628476
0.9315906562847609
0.8200778642936596
0.7830923248053393
0.9402113459399333
0.8734705228031145
0.1471078976640712
0.9324249165739711
0.8631813125695217
0.7789210233592881
0.8909899888765295
0.8078420467185762
0.8540044493882091
0.8439933259176863
0.8406562847608454
0.1443270300333704
0.9076751946607341
0.85706340378198
0.7130144605116796
0.8990545050055617
0.9885984427141268
0.7981090100111234
0.8737486095661846
0.8289766407119021
0.8954393770856507
0.9485539488320356
0.753615127919911
0.8414905450500556
0.7730812013348165
0.9060066740823137
0.8317575083426029
0.8278642936596218
0.7438820912124583
0.7753058954393771
0.8740266963292548
0.7385984427141268
0.9151835372636262
0.8459399332591768
0.9201890989988877
0.9368743047830923
0.8943270300333704
0.8045050055617352
0.9688542825361512
0.8887652947719689
0.9388209121245829
0.828420467185762
0.896273637374861
0.8904338153503893
0.9485539488320356
0.8045050055617352
0.8439933259176863
0.9076751946607341
0.9304783092324805
0.9199110122358176
0.842602892102336
0.8659621802002224
0.8245272525027809
0.8470522803114572
0.8940489432703004
0.7622358175750834
0.8103448275862069
0.8578976640711902
0.7864293659621802
0.9265850945494994
0.9388209121245829
0.9054505005561735
0.8300889877641824
0.9460511679644049
0.8779199110122358
0.728865406006674
0.9655172413793104
0.7633481646273638
0.8943270300333704
0.9029477196885428
0.9085094549499444
0.9213014460511679
0.9505005561735261
0.9404894327030033
0.9165739710789766
0.9560622914349277
0.8645717463848721
0.7808676307007787
0.7658509454949944
0.9104560622914349
0.917686318131257
0.9085094549499444
0.8389877641824249
0.8200778642936596
0.8904338153503893
0.8373192436040044
0.9390989988876529
0.8092324805339266
0.9271412680756396
0.7875417130144605
0.8220244716351501
0.8798665183537263
0.953559510567297
0.917686318131257
0.8192436040044494
0.8598442714126807
0.78587319243604
0.825083426028921
0.8584538375973304
0.7636262513904338
0.9649610678531702
0.6754727474972191
0.8225806451612904
0.9037819799777531
0.9082313681868743
0.9257508342602893
0.9552280311457174
0.8659621802002224
0.8403781979977754
0.9104560622914349
0.8217463848720801
0.8676307007786429
0.9096218020022246
0.7903225806451613
0.9530033370411568
0.8092324805339266
0.9646829810901001
0.9126807563959956
0.9627363737486095
0.853726362625139
0.8542825361512792
0.8731924360400445
0.9760845383759733
0.8615127919911012
0.8598442714126807
0.9218576195773082
0.9390989988876529
0.8629032258064516
0.8056173526140156
0.7953281423804227
0.8236929922135706
0.8028364849833148
0.8729143492769744
0.9340934371523916
0.882091212458287
0.850111234705228
0.7655728587319244
0.7736373748609566
0.8959955506117909
0.8793103448275862
0.8086763070077865
0.8058954393770856
0.9413236929922135
0.8890433815350389
0.7936596218020022
0.7989432703003337
0.8801446051167965
0.8684649610678532
0.9046162402669633
0.853726362625139
0.7997775305895439
0.967741935483871
0.9274193548387096
0.9766407119021134
0.7908787541713015
0.771134593993326
0.8837597330367074
0.9165739710789766
0.8339822024471635
0.8487208008898777
0.8576195773081201
0.9385428253615128
0.9340934371523916
0.7819799777530589
0.7830923248053393
0.8662402669632926
0.46273637374860954
0.7953281423804227
0.7830923248053393
0.8270300333704116
0.8932146829810901
0.8870967741935484
0.9619021134593994
0.8673526140155728
0.8223025583982202
0.8873748609566184
0.8184093437152391
0.9493882091212458
0.8362068965517241
0.9232480533926585
0.7652947719688543
0.92880978865406
0.8267519466073415
0.008064516129032258
0.939377085650723
0.8081201334816462
0.932146829810901
0.8987764182424917
0.92880978865406
0.9243604004449388
0.8203559510567296
0.8667964404894327
0.800333704115684
0.8937708565072302
0.8134037819799778
0.9199110122358176
0.8136818687430478
0.8620689655172413
0.8556729699666296
0.8220244716351501
0.8868186874304783
0.8200778642936596
0.8954393770856507
0.7491657397107898
0.8720800889877642
0.8220244716351501
0.8987764182424917
0.6827030033370411
0.9315906562847609
0.7452725250278087
0.8509454949944383
0.8921023359288098
0.8328698553948832
0.792825361512792
0.9118464961067854
0.9007230255839822
0.828420467185762
0.8451056729699666
0.7416573971078977
0.8743047830923248
0.878476084538376
0.8743047830923248
0.9324249165739711
0.9491101223581757
0.778642936596218
0.9171301446051168
0.8734705228031145
0.9204671857619577
0.7588987764182424
0.8776418242491657
0.9137931034482759
0.8473303670745272
0.8971078976640712
0.825083426028921
0.9240823136818688
0.9468854282536151
0.9032258064516129
0.9546718576195773
0.9530033370411568
0.850111234705228
0.8848720800889878
0.8242491657397107
0.8901557285873193
0.864293659621802
0.8918242491657397
0.9057285873192435
0.8973859844271412
0.9371523915461624
0.9162958843159066
0.9332591768631813
0.8840378197997776
0.7060622914349277
0.9338153503893215
0.8122914349276974
0.9282536151279199
0.6910456062291435
0.7805895439377085
0.8017241379310345
0.8487208008898777
0.907119021134594
0.8545606229143493
0.8592880978865406
0.8993325917686318
0.8473303670745272
0.824805339265851
0.8337041156840934
0.8909899888765295
0.9207452725250278
0.9129588431590656
0.8795884315906563
0.7775305895439377
0.9352057842046718
0.7007786429365962
0.8781979977753059
0.9346496106785317
0.9224137931034483
0.9404894327030033
0.9032258064516129
0.7853170189098999
0.8451056729699666
0.8242491657397107
0.7611234705228032
0.7169076751946607
0.9126807563959956
0.9232480533926585
0.8442714126807565
0.7194104560622915
0.9507786429365962
0.16518353726362625
0.8189655172413793
0.8731924360400445
0.9240823136818688
0.8495550611790879
0.8712458286985539
0.8993325917686318
0.9799777530589544
0.7911568409343716
0.8976640711902113
0.7216351501668521
0.9324249165739711
0.8718020022246941
0.9482758620689655
0.8943270300333704
0.942992213570634
0.8921023359288098
0.8921023359288098
0.9098998887652948
0.7424916573971079
0.8915461624026696
0.8520578420467185
0.7897664071190211
0.9538375973303671
0.896273637374861
0.0016685205784204673
0.7842046718576196
0.8973859844271412
0.8904338153503893
0.8364849833147943
0.7697441601779755
0.6045606229143493
0.9632925472747497
0.7744716351501668
0.8990545050055617
0.8526140155728588
0.8673526140155728
0.8954393770856507
0.896551724137931
0.867908787541713
0.7411012235817576
0.9691323692992213
0.8189655172413793
0.9543937708565072
0.8993325917686318
0.89293659621802
0.8022803114571746
0.8879310344827587
0.8328698553948832
0.8192436040044494
0.8398220244716351
0.8948832035595106
0.9238042269187987
0.7530589543937709
0.0005561735261401557
0.871523915461624
0.8807007786429366
0.7844827586206896
0.7366518353726362
0.8656840934371524
0.7869855394883204
0.8540044493882091
0.8364849833147943
0.775027808676307
0.9076751946607341
0.6849276974416018
0.8923804226918799
0.9224137931034483
0.8987764182424917
0.9090656284760845
0.7594549499443827
0.78587319243604
0.9012791991101223
0.9710789766407119
0.8462180200222469
0.7480533926585095
0.8940489432703004
0.9082313681868743
0.9093437152391546
0.8389877641824249
0.8793103448275862
0.7166295884315906
0.8623470522803115
0.9299221357063404
0.8976640711902113
0.9204671857619577
0.8754171301446051
0.8912680756395995
0.8743047830923248
0.8117352614015573
0.8058954393770856
0.8709677419354839
0.8542825361512792
0.7797552836484983
0.8528921023359288
0.8795884315906563
0.7889321468298109
0.9441045606229144
0.9388209121245829
0.9268631813125695
0.89293659621802
0.9218576195773082
0.8915461624026696
0.8840378197997776
0.9121245828698554
0.8943270300333704
0.667686318131257
0.7944938820912124
0.71440489432703
0.8634593993325917
0.8968298109010011
0.7900444938820912
0.7875417130144605
0.8832035595105673
0.835928809788654
0.8937708565072302
0.8448275862068966
0.7580645161290323
0.914349276974416
0.9043381535038932
0.8907119021134594
0.8923804226918799
0.889321468298109
0.8540044493882091
0.8681868743047831
0.8081201334816462
0.8592880978865406
0.9338153503893215
0.8826473859844272
0.9057285873192435
0.9488320355951056
0.8843159065628476
0.8631813125695217
0.9541156840934372
0.9471635150166852
0.835650723025584
0.8854282536151279
0.7697441601779755
0.8957174638487208
0.9110122358175751
0.8039488320355951
0.82146829810901
0.8887652947719689
0.8845939933259177
0.7505561735261401
0.8136818687430478
0.9012791991101223
0.8300889877641824
0.8172969966629589
0.8743047830923248
0.9516129032258065
0.8528921023359288
0.9521690767519466
0.7411012235817576
0.9232480533926585
0.778642936596218
0.8492769744160178
0.8584538375973304
0.8676307007786429
0.8134037819799778
0.7850389321468298
0.9460511679644049
0.8987764182424917
0.9610678531701891
0.8476084538375973
0.9137931034482759
0.9254727474972191
0.9193548387096774
0.8487208008898777
0.9207452725250278
0.8470522803114572
0.8832035595105673
0.85734149054505
0.8464961067853171
0.8478865406006674
0.8740266963292548
0.896273637374861
0.8509454949944383
0.9566184649610678
0.8478865406006674
0.9246384872080089
0.8331479421579533
0.8773637374860956
0.8167408231368187
0.8793103448275862
0.8987764182424917
0.9018353726362626
0.8745828698553949
0.85734149054505
0.8940489432703004
0.4974972191323693
0.7052280311457174
0.8993325917686318
0.917686318131257
0.8576195773081201
0.871523915461624
0.853448275862069
0.8008898776418243
0.9012791991101223
0.7741935483870968
0.7452725250278087
0.850111234705228
0.8623470522803115
0.9076751946607341
0.8439933259176863
0.89293659621802
0.9121245828698554
0.8862625139043382
0.9174082313681868
0.9032258064516129
0.8937708565072302
0.9174082313681868
0.8676307007786429
0.8862625139043382
0.8353726362625139
0.8673526140155728
0.9101779755283649
0.8807007786429366
0.8932146829810901
0.9085094549499444
0.8637374860956618
0.9290878754171301
0.8737486095661846
0.8317575083426029
0.7436040044493882
0.9310344827586207
0.7235817575083426
0.9374304783092324
0.9118464961067854
0.9588431590656284
0.7883759733036707
0.9338153503893215
0.9224137931034483
0.9021134593993326
0.8261957730812013
0.9260289210233593
0.8111790878754171
0.7527808676307007
0.15294771968854282
0.7800333704115684
0.7552836484983315
0.8601223581757509
0.925194660734149
0.8804226918798665
0.8973859844271412
0.9385428253615128
0.8826473859844272
0.775027808676307
0.7922691879866518
0.8720800889877642
0.8634593993325917
0.9257508342602893
0.8217463848720801
0.7427697441601779
0.8517797552836485
0.9007230255839822
0.7839265850945495
0.8439933259176863
0.9279755283648499
0.8125695216907676
0.8353726362625139
0.8712458286985539
0.7383203559510567
0.9488320355951056
0.8253615127919911
0.9521690767519466
0.8153503893214683
0.871523915461624
0.8545606229143493
0.931868743047831
0.8008898776418243
0.8971078976640712
0.8056173526140156
0.8734705228031145
0.92880978865406
0.8576195773081201
0.8020022246941045
0.8798665183537263
0.7830923248053393
0.9460511679644049
0.7766963292547274
0.6693548387096774
0.974972191323693
0.8378754171301446
0.9043381535038932
0.8228587319243604
0.8843159065628476
0.8815350389321468
0.9240823136818688
0.9162958843159066
0.9221357063403782
0.8662402669632926
0.935761957730812
0.9482758620689655
0.9263070077864294
0.8951612903225806
0.7844827586206896
0.8576195773081201
0.8662402669632926
0.8495550611790879
0.5917686318131257
0.8973859844271412
0.9190767519466073
0.9379866518353727
0.7063403781979978
0.8462180200222469
0.9552280311457174
0.6479421579532815
0.899888765294772
0.8907119021134594
0.8984983314794216
0.8448275862068966
0.7619577308120133
0.8904338153503893
0.9588431590656284
0.8406562847608454
0.8776418242491657
0.9068409343715239
0.921579532814238
0.8804226918798665
0.860400444938821
0.8740266963292548
0.9557842046718577
0.8375973303670745
0.8904338153503893
0.9471635150166852
0.9104560622914349
0.8915461624026696
0.842602892102336
0.8987764182424917
0.850111234705228
0.8320355951056729
0.8484427141268076
0.9302002224694105
0.7906006674082313
0.7969966629588432
0.9254727474972191
0.9574527252502781
0.8189655172413793
0.9346496106785317
0.9399332591768632
0.9032258064516129
0.7127363737486095
0.8665183537263627
0.8971078976640712
0.8709677419354839
0.8823692992213571
0.7833704115684094
0.896551724137931
0.7803114571746385
0.85734149054505
0.8042269187986651
0.8578976640711902
0.8759733036707452
0.8120133481646273
0.8167408231368187
0.910734149054505
0.8932146829810901
0.8804226918798665
0.8401001112347052
0.7911568409343716
0.9207452725250278
0.8684649610678532
0.96412680756396
0.889321468298109
0.8692992213570634
0.882091212458287
0.9182424916573971
0.7897664071190211
0.8951612903225806
0.882091212458287
0.9101779755283649
0.9474416017797553
0.8923804226918799
0.9085094549499444
0.9112903225806451
0.8801446051167965
0.907119021134594
0.9477196885428254
0.6815906562847609
0.9012791991101223
0.7853170189098999
0.8923804226918799
0.8754171301446051
0.8709677419354839
0.7933815350389322
0.874860956618465
0.8551167964404894
0.9210233592880979
0.9402113459399333
0.8206340378197998
0.9160177975528365
0.8662402669632926
0.9238042269187987
0.8959955506117909
0.889599555061179
0.8832035595105673
0.7113459399332592
0.9279755283648499
0.8395439377085651
0.8103448275862069
0.9065628476084538
0.8876529477196885
0.9185205784204672
0.8937708565072302
0.8256395995550612
0.9307563959955506
0.8445494994438265
0.8587319243604005
0.7447163515016685
0.9032258064516129
0.8362068965517241
0.8629032258064516
0.835650723025584
0.9110122358175751
0.9407675194660734
0.8565072302558399
0.949944382647386
0.9505005561735261
0.78559510567297
0.8976640711902113
0.9282536151279199
0.8061735261401557
0.7697441601779755
0.7917130144605117
0.8492769744160178
0.8545606229143493
0.8901557285873193
0.8781979977753059
0.8348164627363738
0.931868743047831
0.7847608453837598
0.8851501668520578
0.9151835372636262
0.7110678531701891
0.864293659621802
0.8909899888765295
0.7914349276974416
0.8848720800889878
0.7180200222469411
0.8473303670745272
0.9040600667408232
0.7733592880978866
0.8384315906562848
0.9557842046718577
0.7544493882091212
0.8375973303670745
0.8434371523915462
0.7880978865406006
0.8042269187986651
0.8512235817575083
0.8445494994438265
0.7808676307007787
0.8414905450500556
0.8706896551724138
0.9087875417130145
0.8993325917686318
0.8976640711902113
0.6287541713014461
0.9079532814238043
0.9657953281423804
0.7516685205784205
0.9090656284760845
0.7730812013348165
0.8056173526140156
0.9315906562847609
0.8595661846496107
0.8439933259176863
0.9279755283648499
0.9257508342602893
0.8904338153503893
0.7922691879866518
0.7580645161290323
0.7586206896551724
0.8907119021134594
0.8381535038932146
0.7967185761957731
0.8492769744160178
0.8973859844271412
0.9062847608453838
0.853448275862069
0.8651279199110122
0.9004449388209121
0.8595661846496107
0.8907119021134594
0.7908787541713015
0.9388209121245829
0.9655172413793104
0.8403781979977754
0.8312013348164627
0.8495550611790879
0.931868743047831
0.7983870967741935
0.9096218020022246
0.8801446051167965
0.8559510567296996
0.8139599555061179
0.7174638487208009
0.7925472747497219
0.4560622914349277
0.9343715239154616
0.8545606229143493
0.8464961067853171
0.824805339265851
0.8837597330367074
0.9076751946607341
0.942714126807564
0.8111790878754171
0.8818131256952169
0.7344271412680756
0.8654060066740823
0.8576195773081201
0.8734705228031145
0.9210233592880979
0.9201890989988877
0.7894883203559511
0.8695773081201335
0.9012791991101223
0.8370411568409344
0.914071190211346
0.9035038932146829
0.8217463848720801
0.8478865406006674
0.867908787541713
0.8987764182424917
0.8481646273637374
0.8286985539488321
0.8587319243604005
0.7188542825361512
0.8640155728587319
0.8022803114571746
0.8631813125695217
0.8509454949944383
0.8804226918798665
0.8303670745272526
0.9507786429365962
0.8968298109010011
0.8381535038932146
0.9060066740823137
0.889599555061179
0.8381535038932146
0.9591212458286985
0.917686318131257
0.9432703003337041
0.9630144605116796
0.924916573971079
0.850111234705228
0.9043381535038932
0.8684649610678532
0.8556729699666296
0.728865406006674
0.899888765294772
0.8781979977753059
0.9449388209121246
0.9327030033370411
0.8807007786429366
0.8581757508342603
0.957174638487208
0.8743047830923248
0.8039488320355951
0.9224137931034483
0.753615127919911
0.7725250278086763
0.8834816462736373
0.8795884315906563
0.9488320355951056
0.9018353726362626
0.8709677419354839
0.8815350389321468
0.8898776418242491
0.8937708565072302
0.9299221357063404
0.6754727474972191
0.8921023359288098
0.9354838709677419
0.8745828698553949
0.8484427141268076
0.921579532814238
0.9635706340378198
0.9435483870967742
0.8851501668520578
0.817853170189099
0.921579532814238
0.9276974416017798
0.7619577308120133
0.9224137931034483
0.8509454949944383
0.8042269187986651
0.8695773081201335
0.8286985539488321
0.9727474972191323
0.8481646273637374
0.8984983314794216
0.9079532814238043
0.7216351501668521
0.8462180200222469
0.9232480533926585
0.8414905450500556
0.8612347052280311
0.8670745272525028
0.9257508342602893
0.6671301446051168
0.8412124582869855
0.8873748609566184
0.8946051167964405
0.8959955506117909
0.8217463848720801
0.8253615127919911
0.9035038932146829
0.8209121245828699
0.6854838709677419
0.8918242491657397
0.8795884315906563
0.9029477196885428
0.8136818687430478
0.9179644048943271
0.8848720800889878
0.9324249165739711
0.9410456062291435
0.832313681868743
0.9388209121245829
0.7705784204671857
0.824805339265851
0.9274193548387096
0.8590100111234705
0.9488320355951056
0.8384315906562848
0.8092324805339266
0.8701334816462737
0.8982202447163515
0.9432703003337041
0.7591768631813126
0.925194660734149
0.9263070077864294
0.803392658509455
0.8281423804226918
0.9096218020022246
0.9505005561735261
0.8590100111234705
0.8645717463848721
0.7894883203559511
0.7958843159065628
0.8779199110122358
0.7235817575083426
0.13904338153503892
0.8690211345939933
0.9432703003337041
0.803670745272525
0.8231368186874305
0.7936596218020022
0.3175750834260289
0.14238042269187987
0.8136818687430478
0.8907119021134594
0.753615127919911
0.9315906562847609
0.9407675194660734
0.896273637374861
0.882091212458287
0.8014460511679644
0.7541713014460512
0.9126807563959956
0.735539488320356
0.9179644048943271
0.8153503893214683
0.8832035595105673
0.9171301446051168
0.853448275862069
0.8884872080088988
0.764182424916574
0.8545606229143493
0.8309232480533927
0.8303670745272526
0.885706340378198
0.7580645161290323
0.9032258064516129
0.9669076751946607
0.8192436040044494
0.8951612903225806
0.8909899888765295
0.778642936596218
0.8959955506117909
0.9307563959955506
0.9065628476084538
0.9026696329254728
0.9566184649610678
0.8868186874304783
0.9502224694104561
0.9593993325917687
0.9471635150166852
0.82146829810901
0.8687430478309233
0.7561179087875417
0.825083426028921
0.8973859844271412
0.8209121245828699
0.7488876529477196
0.9382647385984427
0.9705228031145717
0.875139043381535
0.8832035595105673
0.8915461624026696
0.832313681868743
0.9157397107897665
0.835650723025584
0.8523359288097887
0.9229699666295884
0.9062847608453838
0.9441045606229144
0.9329810901001112
0.8704115684093437
0.8159065628476084
0.6660177975528365
0.967741935483871
0.9057285873192435
0.9343715239154616
0.946329254727475
0.8100667408231368
0.8083982202447163
0.8912680756395995
0.8681868743047831
0.8047830923248054
0.7900444938820912
0.9568965517241379
0.8801446051167965
0.9591212458286985
0.8078420467185762
0.7725250278086763
0.8345383759733037
0.8245272525027809
0.8528921023359288
0.8567853170189099
0.7728031145717463
0.8595661846496107
0.8937708565072302
0.7580645161290323
0.9221357063403782
0.8434371523915462
0.7997775305895439
0.009733036707452725
0.7591768631813126
0.8295328142380423
0.7525027808676307
0.9179644048943271
0.8601223581757509
0.8659621802002224
0.7577864293659622
0.8120133481646273
0.8909899888765295
0.8946051167964405
0.8951612903225806
0.8548387096774194
0.8921023359288098
0.8367630700778643
0.8712458286985539
0.8940489432703004
0.9379866518353727
0.8684649610678532
0.8609566184649611
0.8495550611790879
0.9507786429365962
0.8445494994438265
0.8901557285873193
0.9766407119021134
0.8517797552836485
0.9424360400444939
0.82119021134594
0.9010011123470523
0.9054505005561735
0.9068409343715239
0.9060066740823137
0.8845939933259177
0.8976640711902113
0.8887652947719689
0.9568965517241379
0.9507786429365962
0.7491657397107898
0.7277530589543938
0.9524471635150167
0.914071190211346
0.8932146829810901
0.8770856507230256
0.8670745272525028
0.8793103448275862
0.9404894327030033
0.4674638487208009
0.8540044493882091
0.8795884315906563
0.9441045606229144
0.8192436040044494
0.8503893214682982
0.8957174638487208
0.8487208008898777
0.9001668520578421
0.9174082313681868
0.8164627363737486
0.9474416017797553
0.9087875417130145
0.7889321468298109
0.8476084538375973
0.7925472747497219
0.8456618464961068
0.8117352614015573
0.8826473859844272
0.9657953281423804
0.8081201334816462
0.8401001112347052
0.8692992213570634
0.867908787541713
0.8948832035595106
0.9093437152391546
0.9688542825361512
0.8512235817575083
0.9766407119021134
0.8350945494994438
0.8487208008898777
0.7619577308120133
0.4860956618464961
0.9468854282536151
0.8809788654060067
0.7867074527252503
0.8620689655172413
0.8487208008898777
0.7953281423804227
0.9354838709677419
0.8620689655172413
0.8103448275862069
0.9257508342602893
0.9185205784204672
0.9682981090100111
0.7950500556173526
0.7703003337041157
0.7939377085650723
0.7658509454949944
0.8904338153503893
0.8879310344827587
0.9118464961067854
0.8823692992213571
0.8551167964404894
0.6493325917686318
0.8434371523915462
0.907119021134594
0.882091212458287
0.8200778642936596
0.7875417130144605
0.9402113459399333
0.9218576195773082
0.9004449388209121
0.9363181312569522
0.8843159065628476
0.8781979977753059
0.9302002224694105
0.8381535038932146
0.946329254727475
0.9240823136818688
0.8598442714126807
0.9418798665183538
0.8901557285873193
0.8795884315906563
0.8328698553948832
0.7093993325917687
0.8818131256952169
0.8320355951056729
0.842602892102336
0.8576195773081201
0.9268631813125695
0.9730255839822024
0.8982202447163515
0.9363181312569522
0.8990545050055617
0.9260289210233593
0.89265850945495
0.914349276974416
0.8909899888765295
0.9085094549499444
0.8595661846496107
0.89265850945495
0.9032258064516129
0.8870967741935484
0.9324249165739711
0.9132369299221357
0.8298109010011123
0.9187986651835373
0.8075639599555061
0.9015572858731924
0.8915461624026696
0.8948832035595106
0.9421579532814238
0.9068409343715239
0.7789210233592881
0.9268631813125695
0.96412680756396
0.9246384872080089
0.9082313681868743
0.8979421579532815
0.910734149054505
0.8756952169076752
0.8484427141268076
0.8470522803114572
0.896273637374861
0.9510567296996663
0.8362068965517241
0.8334260289210234
0.8434371523915462
0.9304783092324805
0.8665183537263627
0.9043381535038932
0.8890433815350389
0.6537819799777531
0.9010011123470523
0.9204671857619577
0.9691323692992213
0.8498331479421579
0.8826473859844272
0.8170189098998888
0.9057285873192435
0.9293659621802002
0.9343715239154616
0.825083426028921
0.8476084538375973
0.9032258064516129
0.9149054505005562
0.9043381535038932
0.8934927697441601
0.6732480533926585
0.9015572858731924
0.7789210233592881
0.7983870967741935
0.5767519466073415
0.8506674082313682
0.8403781979977754
0.7830923248053393
0.7847608453837598
0.789210233592881
0.8787541713014461
0.8239710789766407
0.8186874304783093
0.9324249165739711
0.7989432703003337
0.8837597330367074
0.8242491657397107
0.8031145717463849
0.9232480533926585
0.9149054505005562
0.8743047830923248
0.9605116796440489
0.9313125695216907
0.8840378197997776
0.8278642936596218
0.4938820912124583
0.8545606229143493
0.931868743047831
0.7586206896551724
0.967741935483871
0.807007786429366
0.8008898776418243
0.8884872080088988
0.8745828698553949
0.7956062291434928
0.8626251390433816
0.85734149054505
0.8932146829810901
0.7953281423804227
0.9424360400444939
0.8898776418242491
0.8690211345939933
0.8718020022246941
0.8117352614015573
0.8943270300333704
0.7917130144605117
0.8851501668520578
0.9129588431590656
0.8556729699666296
0.8398220244716351
0.8984983314794216
0.8540044493882091
0.9162958843159066
0.8923804226918799
0.9193548387096774
0.7619577308120133
0.8556729699666296
0.8971078976640712
0.8531701890989989
0.34232480533926585
0.9115684093437152
0.8339822024471635
0.9037819799777531
0.8729143492769744
0.7647385984427141
0.8648498331479422
0.9582869855394883
0.7374860956618465
0.8456618464961068
0.921579532814238
0.8921023359288098
0.8979421579532815
0.874860956618465
0.9760845383759733
0.9137931034482759
0.9207452725250278
0.9710789766407119
0.9335372636262514
0.8620689655172413
0.8651279199110122
0.9332591768631813
0.8976640711902113
0.8882091212458287
0.7864293659621802
0.7986651835372637
0.803392658509455
0.8798665183537263
0.8937708565072302
0.9190767519466073
0.8793103448275862
0.8976640711902113
0.67853170189099
0.782258064516129
0.8809788654060067
0.7975528364849833
0.6699110122358176
0.907397107897664
0.8086763070077865
0.9502224694104561
0.9410456062291435
0.8940489432703004
0.7780867630700778
0.7583426028921023
0.9129588431590656
0.9229699666295884
0.9232480533926585
0.8598442714126807
0.9023915461624027
0.8921023359288098
0.8690211345939933
0.7664071190211346
0.8626251390433816
0.82119021134594
0.8840378197997776
0.7989432703003337
0.8451056729699666
0.839265850945495
0.7883759733036707
0.8147942157953282
0.8042269187986651
0.9110122358175751
0.8909899888765295
0.8192436040044494
0.914349276974416
0.9388209121245829
0.7800333704115684
0.9007230255839822
0.8673526140155728
0.7864293659621802
0.885706340378198
0.842602892102336
0.8990545050055617
0.9557842046718577
0.9235261401557285
0.8303670745272526
0.8448275862068966
0.8364849833147943
0.9404894327030033
0.8223025583982202
0.2516685205784205
0.82119021134594
0.8375973303670745
0.8103448275862069
0.8626251390433816
0.7686318131256952
0.8754171301446051
0.8050611790878754
0.9162958843159066
0.8918242491657397
0.864293659621802
0.925194660734149
0.8464961067853171
0.8923804226918799
0.949944382647386
0.8729143492769744
0.7010567296996663
0.9118464961067854
0.782258064516129
0.9699666295884316
0.8890433815350389
0.8008898776418243
0.7944938820912124
0.8309232480533927
0.8626251390433816
0.8973859844271412
0.6763070077864294
0.828420467185762
0.8047830923248054
0.8064516129032258
0.899888765294772
0.8292547274749722
0.9416017797552837
0.7669632925472748
0.7922691879866518
0.764460511679644
0.7296996662958843
0.9162958843159066
0.9193548387096774
0.7911568409343716
0.9110122358175751
0.8701334816462737
0.8987764182424917
0.8851501668520578
0.7444382647385984
0.7994994438264739
0.8270300333704116
0.8565072302558399
0.814238042269188
0.7480533926585095
0.9062847608453838
0.9190767519466073
0.8342602892102335
0.8592880978865406
0.8793103448275862
0.9452169076751946
0.860678531701891
0.8815350389321468
0.9199110122358176
0.924916573971079
0.9260289210233593
0.8531701890989989
0.8807007786429366
0.771134593993326
0.8768075639599555
0.9265850945494994
0.8053392658509455
0.9101779755283649
0.8075639599555061
0.9229699666295884
0.7146829810901001
0.9015572858731924
0.8768075639599555
0.7922691879866518
0.8701334816462737
0.8951612903225806
0.8509454949944383
0.7703003337041157
0.8667964404894327
0.8759733036707452
0.8626251390433816
0.8665183537263627
0.8420467185761957
0.9023915461624027
0.7703003337041157
0.9349276974416018
0.9482758620689655
0.9688542825361512
0.8348164627363738
0.8111790878754171
0.9085094549499444
0.7850389321468298
0.9274193548387096
0.8968298109010011
0.874860956618465
0.8225806451612904
0.8031145717463849
0.8940489432703004
0.896551724137931
0.9488320355951056
0.8111790878754171
0.9001668520578421
0.9407675194660734
0.8028364849833148
0.8362068965517241
0.8968298109010011
0.8289766407119021
0.7766963292547274
0.9057285873192435
0.9037819799777531
0.889321468298109
0.9452169076751946
0.8334260289210234
0.7947719688542826
0.768075639599555
0.0005561735261401557
0.8220244716351501
0.8681868743047831
0.9368743047830923
0.8709677419354839
0.8345383759733037
0.9335372636262514
0.9165739710789766
0.9065628476084538
0.8292547274749722
0.9352057842046718
0.7944938820912124
0.9441045606229144
0.8473303670745272
0.7981090100111234
0.960789766407119
0.9023915461624027
0.8223025583982202
0.9396551724137931
0.7016129032258065
0.7594549499443827
0.6943826473859844
0.8834816462736373
0.8131256952169077
0.8923804226918799
0.8823692992213571
0.9121245828698554
0.8923804226918799
0.9240823136818688
0.8590100111234705
0.5336484983314794
0.8623470522803115
0.8712458286985539
0.8823692992213571
0.8756952169076752
0.8451056729699666
0.9187986651835373
0.8067296996662959
0.9276974416017798
0.9021134593993326
0.8943270300333704
0.8184093437152391
0.9023915461624027
0.9246384872080089
0.8225806451612904
0.8617908787541713
0.8512235817575083
0.8414905450500556
0.8473303670745272
0.707174638487208
0.8667964404894327
0.8684649610678532
0.8389877641824249
0.8542825361512792
0.8209121245828699
0.9730255839822024
0.9098998887652948
0.9110122358175751
0.9190767519466073
0.9657953281423804
0.8667964404894327
0.8601223581757509
0.9048943270300334
0.9557842046718577
0.7024471635150167
0.9168520578420467
0.878476084538376
0.935761957730812
0.9010011123470523
0.8289766407119021
0.9135150166852057
0.9413236929922135
0.8937708565072302
0.8170189098998888
0.8020022246941045
0.8517797552836485
0.8542825361512792
0.8097886540600667
0.7552836484983315
0.8954393770856507
0.8192436040044494
0.8640155728587319
0.8759733036707452
0.8576195773081201
0.9065628476084538
0.8787541713014461
0.8626251390433816
0.6421023359288098
0.9696885428253615
0.9060066740823137
0.9096218020022246
0.9037819799777531
0.9149054505005562
0.9213014460511679
0.7950500556173526
0.9032258064516129
0.896551724137931
0.9112903225806451
0.764460511679644
0.8656840934371524
0.9135150166852057
0.9199110122358176
0.9185205784204672
0.8286985539488321
0.8692992213570634
0.8845939933259177
0.8701334816462737
0.8692992213570634
0.8901557285873193
0.7850389321468298
0.9507786429365962
0.807007786429366
0.8592880978865406
0.896551724137931
0.8684649610678532
0.8217463848720801
0.9068409343715239
0.9021134593993326
0.8203559510567296
0.8481646273637374
0.9371523915461624
0.8946051167964405
0.8562291434927698
0.7836484983314794
0.8175750834260289
0.8008898776418243
0.7550055617352615
0.7650166852057843
0.8876529477196885
0.7664071190211346
0.8531701890989989
0.835650723025584
0.7889321468298109
0.8918242491657397
0.8384315906562848
0.800333704115684
0.8275862068965517
0.8734705228031145
0.9613459399332592
0.9808120133481646
0.7658509454949944
0.8373192436040044
0.9057285873192435
0.9416017797552837
0.7933815350389322
0.924916573971079
0.8520578420467185
0.9012791991101223
0.9007230255839822
0.9243604004449388
0.9010011123470523
0.9513348164627363
0.9493882091212458
0.860678531701891
0.9396551724137931
0.9182424916573971
0.8195216907675195
0.7994994438264739
0.8045050055617352
0.8934927697441601
0.9482758620689655
0.8770856507230256
0.9638487208008899
0.8804226918798665
0.9226918798665183
0.7917130144605117
0.896273637374861
0.8289766407119021
0.8223025583982202
0.9329810901001112
0.8420467185761957
0.8464961067853171
0.8681868743047831
0.8951612903225806
0.8873748609566184
0.8743047830923248
0.8056173526140156
0.8762513904338154
0.9032258064516129
0.8837597330367074
0.9716351501668521
0.9263070077864294
0.9057285873192435
0.8345383759733037
0.9151835372636262
0.8759733036707452
0.9404894327030033
0.8131256952169077
0.9149054505005562
0.8203559510567296
0.882091212458287
0.7828142380422692
0.9213014460511679
0.9174082313681868
0.942714126807564
0.8879310344827587
0.8595661846496107
0.7505561735261401
0.8275862068965517
0.957174638487208
0.8236929922135706
0.9477196885428254
0.8495550611790879
0.8659621802002224
0.8314794215795328
0.9240823136818688
0.7783648498331479
0.8940489432703004
0.9226918798665183
0.939377085650723
0.8954393770856507
0.9435483870967742
0.8943270300333704
0.8684649610678532
0.8726362625139044
0.8334260289210234
0.8631813125695217
0.914071190211346
0.8517797552836485
0.8793103448275862
0.8879310344827587
0.7575083426028921
0.8261957730812013
0.8937708565072302
0.8581757508342603
0.7900444938820912
0.8298109010011123
0.9454949944382648
0.7675194660734149
0.8456618464961068
0.8756952169076752
0.9187986651835373
0.9018353726362626
0.7830923248053393
0.8103448275862069
0.8225806451612904
0.8615127919911012
0.946329254727475
0.910734149054505
0.907397107897664
0.839265850945495
0.8640155728587319
0.8042269187986651
0.896273637374861
0.9046162402669633
0.8045050055617352
0.9004449388209121
0.8779199110122358
0.9015572858731924
0.8720800889877642
0.7691879866518354
0.8976640711902113
0.889599555061179
0.9505005561735261
0.8979421579532815
0.9482758620689655
0.7942157953281423
0.924916573971079
0.8056173526140156
0.7722469410456062
0.9240823136818688
0.8551167964404894
0.8526140155728588
0.9179644048943271
0.9210233592880979
0.7182981090100111
0.7864293659621802
0.8818131256952169
0.8756952169076752
0.9413236929922135
0.8109010011123471
0.735539488320356
0.8990545050055617
0.753615127919911
0.9101779755283649
0.8818131256952169
0.8317575083426029
0.7981090100111234
0.7402669632925473
0.5389321468298109
0.9168520578420467
0.8542825361512792
0.9694104560622915
0.8095105672969967
0.9126807563959956
0.8156284760845384
0.9549499443826474
0.8781979977753059
0.9182424916573971
0.9477196885428254
0.9029477196885428
0.9082313681868743
0.8890433815350389
0.871523915461624
0.9246384872080089
0.8887652947719689
0.8876529477196885
0.7772525027808677
0.8200778642936596
0.8973859844271412
0.9332591768631813
0.9596774193548387
0.8768075639599555
0.842602892102336
0.8445494994438265
0.8737486095661846
0.9290878754171301
0.8058954393770856
0.8809788654060067
0.949944382647386
0.7894883203559511
0.9563403781979978
0.8826473859844272
0.7664071190211346
0.9660734149054505
0.8718020022246941
0.82146829810901
0.7600111234705228
0.628476084538376
0.732202447163515
0.8620689655172413
0.9719132369299222
0.8865406006674083
0.8923804226918799
0.8976640711902113
0.8904338153503893
0.8629032258064516
0.8665183537263627
0.8909899888765295
0.9210233592880979
0.8948832035595106
0.7861512791991101
0.9279755283648499
0.8476084538375973
0.8904338153503893
0.8756952169076752
0.946329254727475
0.8487208008898777
0.9563403781979978
0.9338153503893215
0.7811457174638488
0.842602892102336
0.9032258064516129
0.7878197997775306
0.9057285873192435
0.7797552836484983
0.7522246941045606
0.9616240266963293
0.8959955506117909
0.8815350389321468
0.8634593993325917
0.9098998887652948
0.9051724137931034
0.896273637374861
0.85734149054505
0.9018353726362626
0.8064516129032258
0.8467741935483871
0.6415461624026696
0.8342602892102335
0.8264738598442715
0.9235261401557285
0.9201890989988877
0.7805895439377085
0.8503893214682982
0.8097886540600667
0.9352057842046718
0.7369299221357063
0.899888765294772
0.9527252502780867
0.7830923248053393
0.7861512791991101
0.9012791991101223
0.8350945494994438
0.8442714126807565
0.7694660734149055
0.8590100111234705
0.9346496106785317
0.7875417130144605
0.8907119021134594
0.9276974416017798
0.8492769744160178
0.9716351501668521
0.9037819799777531
0.8553948832035595
0.9137931034482759
0.9182424916573971
0.9482758620689655
0.96412680756396
0.8562291434927698
0.9043381535038932
0.9307563959955506
0.7739154616240267
0.9624582869855395
0.8089543937708565
0.9502224694104561
0.946329254727475
0.8770856507230256
0.9004449388209121
0.9101779755283649
0.7703003337041157
0.889321468298109
0.8526140155728588
0.9210233592880979
0.8401001112347052
0.8692992213570634
0.8209121245828699
0.7174638487208009
0.9051724137931034
0.717741935483871
0.839265850945495
0.8545606229143493
0.8676307007786429
0.8776418242491657
0.8439933259176863
0.8768075639599555
0.8448275862068966
0.914349276974416
0.8868186874304783
0.8067296996662959
0.8793103448275862
0.9276974416017798
0.8420467185761957
0.8387096774193549
0.9118464961067854
0.8954393770856507
0.8200778642936596
0.8306451612903226
0.8325917686318132
0.8584538375973304
0.9132369299221357
0.8759733036707452
0.8545606229143493
0.8476084538375973
0.9276974416017798
0.9276974416017798
0.8473303670745272
0.9110122358175751
0.917686318131257
0.9182424916573971
0.8845939933259177
0.8954393770856507
0.7867074527252503
0.8406562847608454
0.7630700778642937
0.9010011123470523
0.9421579532814238
0.6679644048943271
0.8957174638487208
0.9185205784204672
0.8615127919911012
0.8286985539488321
0.8320355951056729
0.939377085650723
0.7886540600667408
0.8968298109010011
0.89265850945495
0.9171301446051168
0.9396551724137931
0.8770856507230256
0.7664071190211346
0.953559510567297
0.9151835372636262
0.8654060066740823
0.9282536151279199
0.7983870967741935
0.8395439377085651
0.6938264738598443
0.7814238042269188
0.8317575083426029
0.8979421579532815
0.7366518353726362
0.7586206896551724
0.7310901001112347
0.8014460511679644
0.9254727474972191
0.9416017797552837
0.8097886540600667
0.8409343715239155
0.8684649610678532
0.8339822024471635
0.9340934371523916
0.8067296996662959
0.889599555061179
0.8595661846496107
0.9313125695216907
0.8261957730812013
0.8531701890989989
0.8476084538375973
0.7494438264738599
0.8912680756395995
0.7419354838709677
0.9527252502780867
0.7900444938820912
0.9126807563959956
0.9365962180200222
0.8245272525027809
0.8011679644048944
0.9096218020022246
0.8484427141268076
0.8078420467185762
0.8197997775305895
0.8020022246941045
0.9655172413793104
0.8050611790878754
0.8937708565072302
0.8932146829810901
0.974972191323693
0.9460511679644049
0.8718020022246941
0.8412124582869855
0.8879310344827587
0.9491101223581757
0.9018353726362626
0.9407675194660734
0.8834816462736373
0.7903225806451613
0.9388209121245829
0.8795884315906563
0.9032258064516129
0.8489988876529477
0.8328698553948832
0.9293659621802002
0.839265850945495
0.7836484983314794
0.907397107897664
0.8651279199110122
0.8676307007786429
0.8545606229143493
0.7555617352614016
0.9432703003337041
0.7978309232480534
0.753337041156841
0.8912680756395995
0.882091212458287
0.8342602892102335
0.825083426028921
0.8937708565072302
0.9694104560622915
0.8737486095661846
0.9065628476084538
0.9741379310344828
0.8031145717463849
0.8876529477196885
0.8876529477196885
0.8979421579532815
0.8412124582869855
0.8481646273637374
0.860400444938821
0.8801446051167965
0.8706896551724138
0.8409343715239155
0.9162958843159066
0.8754171301446051
0.8807007786429366
0.853448275862069
0.767797552836485
0.924916573971079
0.8859844271412681
0.8795884315906563
0.9260289210233593
0.7461067853170189
0.8876529477196885
0.8203559510567296
0.9410456062291435
0.8462180200222469
0.8017241379310345
0.7310901001112347
0.8837597330367074
0.8423248053392659
0.7483314794215795
0.7152391546162402
0.7480533926585095
0.8801446051167965
0.8676307007786429
0.8840378197997776
0.9187986651835373
0.8959955506117909
0.96440489432703
0.8470522803114572
0.8645717463848721
0.8648498331479422
0.8932146829810901
0.9182424916573971
0.9026696329254728
0.7828142380422692
0.8659621802002224
0.8470522803114572
0.875139043381535
0.9004449388209121
0.7700222469410456
0.8512235817575083
0.7978309232480534
0.8826473859844272
0.9110122358175751
0.7958843159065628
0.8923804226918799
0.9263070077864294
0.7600111234705228
0.8061735261401557
0.9265850945494994
0.9396551724137931
0.7739154616240267
0.942714126807564
0.6743604004449388
0.6977196885428254
0.931868743047831
0.9279755283648499
0.9029477196885428
0.8626251390433816
0.8971078976640712
0.914349276974416
0.7216351501668521
0.8804226918798665
0.8982202447163515
0.8239710789766407
0.9449388209121246
0.7744716351501668
0.8345383759733037
0.9774749721913237
0.8592880978865406
0.899888765294772
0.8259176863181312
0.9257508342602893
0.8909899888765295
0.8153503893214683
0.8776418242491657
0.8620689655172413
0.9282536151279199
0.8946051167964405
0.864293659621802
0.8387096774193549
0.8528921023359288
0.878476084538376
0.9452169076751946
0.9304783092324805
0.8654060066740823
0.8882091212458287
0.7769744160177976
0.8195216907675195
0.8150723025583982
0.8765294771968855
0.9802558398220245
0.89265850945495
0.8189655172413793
0.9196329254727474
0.8487208008898777
0.9691323692992213
0.9582869855394883
0.8615127919911012
0.824805339265851
0.9124026696329255
0.889599555061179
0.8047830923248054
0.9129588431590656
0.8870967741935484
0.8420467185761957
0.807007786429366
0.8770856507230256
0.9335372636262514
0.896273637374861
0.9085094549499444
0.8136818687430478
0.9424360400444939
0.8217463848720801
0.9007230255839822
0.8718020022246941
0.832313681868743
0.8512235817575083
0.8815350389321468
0.9363181312569522
0.8773637374860956
0.8303670745272526
0.8083982202447163
0.8923804226918799
0.8768075639599555
0.8517797552836485
0.7736373748609566
0.8292547274749722
0.8495550611790879
0.8756952169076752
0.7277530589543938
0.9457730812013349
0.8812569521690767
0.9730255839822024
0.8890433815350389
0.8298109010011123
0.8756952169076752
0.8984983314794216
0.9805339265850945
0.8064516129032258
0.8439933259176863
0.8862625139043382
0.8286985539488321
0.8437152391546162
0.8973859844271412
0.9035038932146829
0.8987764182424917
0.6735261401557285
0.778642936596218
0.9560622914349277
0.7277530589543938
0.867908787541713
0.9282536151279199
0.9124026696329255
0.8298109010011123
0.8184093437152391
0.835650723025584
0.9354838709677419
0.9290878754171301
0.7956062291434928
0.7819799777530589
0.8028364849833148
0.9101779755283649
0.8979421579532815
0.8801446051167965
0.9048943270300334
0.8876529477196885
0.8801446051167965
0.8067296996662959
0.8984983314794216
0.7469410456062291
0.9132369299221357
0.9193548387096774
0.8762513904338154
0.8217463848720801
0.7994994438264739
0.839265850945495
0.8645717463848721
0.9580088987764183
0.8592880978865406
0.9390989988876529
0.9730255839822024
0.7808676307007787
0.8092324805339266
0.8442714126807565
0.839265850945495
0.9240823136818688
0.8520578420467185
0.878476084538376
0.7989432703003337
0.907119021134594
0.8968298109010011
0.8370411568409344
0.8464961067853171
0.8626251390433816
0.8815350389321468
0.9023915461624027
0.8128476084538376
0.8172969966629589
0.9118464961067854
0.8398220244716351
0.9079532814238043
0.8236929922135706
0.8609566184649611
0.9302002224694105
0.9012791991101223
0.8551167964404894
0.8245272525027809
0.8495550611790879
0.7794771968854283
0.9274193548387096
0.9313125695216907
0.8843159065628476
0.8734705228031145
0.9235261401557285
0.8092324805339266
0.8979421579532815
0.8651279199110122
0.8843159065628476
0.889599555061179
0.9007230255839822
0.8172969966629589
0.7730812013348165
0.8134037819799778
0.8629032258064516
0.907397107897664
0.8754171301446051
0.8061735261401557
0.8456618464961068
0.8309232480533927
0.8006117908787542
0.8509454949944383
0.9051724137931034
0.8659621802002224
0.9062847608453838
0.8729143492769744
0.9229699666295884
0.8042269187986651
0.8097886540600667
0.9454949944382648
0.7219132369299222
0.8456618464961068
0.8882091212458287
0.8464961067853171
0.9354838709677419
0.8540044493882091
0.9916573971078977
0.7978309232480534
0.8684649610678532
0.7797552836484983
0.8845939933259177
0.8845939933259177
0.7906006674082313
0.8259176863181312
0.8548387096774194
0.9688542825361512
0.8873748609566184
0.9518909899888766
0.8345383759733037
0.8623470522803115
0.8456618464961068
0.9282536151279199
0.9363181312569522
0.8946051167964405
0.8809788654060067
0.9151835372636262
0.7961624026696329
0.2110678531701891
0.6682424916573971
0.9132369299221357
0.9165739710789766
0.9026696329254728
0.9021134593993326
0.9246384872080089
0.7908787541713015
0.9043381535038932
0.8640155728587319
0.7180200222469411
0.9521690767519466
0.8167408231368187
0.9390989988876529
0.9021134593993326
0.8592880978865406
0.8437152391546162
0.8590100111234705
0.7839265850945495
0.889321468298109
0.8103448275862069
0.9346496106785317
0.9257508342602893
0.7402669632925473
0.8946051167964405
0.9290878754171301
0.7736373748609566
0.7931034482758621
0.9115684093437152
0.9340934371523916
0.875139043381535
0.8996106785317018
0.9399332591768632
0.8993325917686318
0.9021134593993326
0.8584538375973304
0.8464961067853171
0.8976640711902113
0.8957174638487208
0.825083426028921
0.8067296996662959
0.8898776418242491
0.8451056729699666
0.8159065628476084
0.8442714126807565
0.9240823136818688
0.89265850945495
0.907397107897664
0.8954393770856507
0.896273637374861
0.9210233592880979
0.8478865406006674
0.8779199110122358
0.8298109010011123
0.9363181312569522
0.92880978865406
0.9580088987764183
0.9671857619577308
0.9260289210233593
0.9432703003337041
0.8987764182424917
0.8848720800889878
0.8200778642936596
0.9471635150166852
0.8078420467185762
0.8578976640711902
0.8823692992213571
0.8848720800889878
0.8186874304783093
0.8651279199110122
0.8815350389321468
0.7572302558398221
0.9385428253615128
0.8295328142380423
0.9032258064516129
0.924916573971079
0.6838153503893215
0.9510567296996663
0.89265850945495
0.9493882091212458
0.8812569521690767
0.8731924360400445
0.9004449388209121
0.8434371523915462
0.8909899888765295
0.8220244716351501
0.8959955506117909
0.8439933259176863
0.7741935483870968
0.7441601779755284
0.9012791991101223
0.9132369299221357
0.7619577308120133
0.8587319243604005
0.8476084538375973
0.8264738598442715
0.8489988876529477
0.9157397107897665
0.8075639599555061
0.8050611790878754
0.8420467185761957
0.8462180200222469
0.8506674082313682
0.9416017797552837
0.8342602892102335
0.8092324805339266
0.9182424916573971
0.8317575083426029
0.9246384872080089
0.8553948832035595
0.9065628476084538
0.9096218020022246
0.8884872080088988
0.9649610678531702
0.8559510567296996
0.8704115684093437
0.9346496106785317
0.8562291434927698
0.681868743047831
0.9352057842046718
0.8959955506117909
0.9538375973303671
0.9379866518353727
0.7967185761957731
0.7411012235817576
0.8056173526140156
0.8398220244716351
0.7817018909899889
0.9048943270300334
0.8834816462736373
0.8406562847608454
0.7950500556173526
0.8957174638487208
0.889321468298109
0.8417686318131257
0.8923804226918799
0.8745828698553949
0.8567853170189099
0.8807007786429366
0.92853170189099
0.9516129032258065
0.8915461624026696
0.8915461624026696
0.9226918798665183
0.8862625139043382
0.9596774193548387
0.8584538375973304
0.8670745272525028
0.8345383759733037
0.907119021134594
0.8261957730812013
0.9129588431590656
0.8973859844271412
0.8473303670745272
0.9688542825361512
0.8745828698553949
0.8890433815350389
0.8904338153503893
0.8556729699666296
0.8542825361512792
0.9171301446051168
0.8303670745272526
0.8770856507230256
0.8937708565072302
0.8412124582869855
0.9115684093437152
0.9213014460511679
0.8823692992213571
0.9721913236929922
0.8740266963292548
0.8467741935483871
0.875139043381535
0.6674082313681868
0.8281423804226918
0.8832035595105673
0.8798665183537263
0.871523915461624
0.8117352614015573
0.8737486095661846
0.9243604004449388
0.8309232480533927
0.8779199110122358
0.8873748609566184
0.810622914349277
0.9207452725250278
0.8731924360400445
0.7917130144605117
0.8339822024471635
0.8075639599555061
0.9338153503893215
0.9182424916573971
0.9129588431590656
0.9435483870967742
0.8904338153503893
0.7897664071190211
0.9004449388209121
0.8442714126807565
0.8523359288097887
0.7836484983314794
0.8768075639599555
0.9646829810901001
0.8848720800889878
0.9010011123470523
0.9396551724137931
0.8270300333704116
0.800333704115684
0.8487208008898777
0.9738598442714127
0.9830367074527252
0.8192436040044494
0.8676307007786429
0.8545606229143493
0.9157397107897665
0.9563403781979978
0.917686318131257
0.7068965517241379
0.9151835372636262
0.935761957730812
0.7600111234705228
0.9708008898776418
0.9007230255839822
0.8823692992213571
0.8834816462736373
0.7914349276974416
0.8623470522803115
0.9207452725250278
0.8829254727474972
0.8851501668520578
0.9546718576195773
0.8437152391546162
0.728865406006674
0.8345383759733037
0.8147942157953282
0.7588987764182424
0.7708565072302559
0.9162958843159066
0.760845383759733
0.8334260289210234
0.8456618464961068
0.860400444938821
0.7291434927697441
0.8701334816462737
0.8876529477196885
0.8506674082313682
0.9229699666295884
0.8898776418242491
0.82119021134594
0.8520578420467185
0.8156284760845384
0.9619021134593994
0.7755839822024472
0.8498331479421579
0.9332591768631813
0.8273081201334817
0.8901557285873193
0.9098998887652948
0.8979421579532815
0.7864293659621802
0.8559510567296996
0.9724694104560623
0.8236929922135706
0.853726362625139
0.8957174638487208
0.9621802002224694
0.8987764182424917
0.7703003337041157
0.8979421579532815
0.9852614015572859
0.8912680756395995
0.8870967741935484
0.8334260289210234
0.9563403781979978
0.8982202447163515
0.921579532814238
0.8654060066740823
0.8629032258064516
0.889321468298109
0.9048943270300334
0.8946051167964405
0.8317575083426029
0.8403781979977754
0.9098998887652948
0.9368743047830923
0.8887652947719689
0.8464961067853171
0.7708565072302559
0.8959955506117909
0.7764182424916574
0.9382647385984427
0.8042269187986651
0.9213014460511679
0.8745828698553949
0.8314794215795328
0.8709677419354839
0.8756952169076752
0.8946051167964405
0.9599555061179088
0.8556729699666296
0.8957174638487208
0.8387096774193549
0.41546162402669634
0.8100667408231368
0.7669632925472748
0.724972191323693
0.9282536151279199
0.9160177975528365
0.8273081201334817
0.9354838709677419
0.946329254727475
0.9032258064516129
0.8515016685205784
0.8028364849833148
0.7903225806451613
0.8342602892102335
0.9302002224694105
0.8164627363737486
0.9363181312569522
0.9193548387096774
0.8623470522803115
0.8987764182424917
0.9012791991101223
0.8843159065628476
0.8909899888765295
0.8083982202447163
0.8028364849833148
0.832313681868743
0.7424916573971079
0.8328698553948832
0.7152391546162402
0.8854282536151279
0.842602892102336
0.9435483870967742
0.8695773081201335
0.6704671857619577
0.7961624026696329
0.8879310344827587
0.946329254727475
0.8220244716351501
0.9048943270300334
0.8253615127919911
0.8334260289210234
0.9416017797552837
0.7847608453837598
0.7936596218020022
0.9010011123470523
0.9488320355951056
0.8626251390433816
0.8901557285873193
0.792825361512792
0.8223025583982202
0.9477196885428254
0.8634593993325917
0.9399332591768632
0.8056173526140156
0.8904338153503893
0.8801446051167965
0.9213014460511679
0.875139043381535
0.9502224694104561
0.8495550611790879
0.8053392658509455
0.9076751946607341
0.9151835372636262
0.9560622914349277
0.9057285873192435
0.9271412680756396
0.9696885428253615
0.8456618464961068
0.8884872080088988
0.8984983314794216
0.9310344827586207
0.8228587319243604
0.9076751946607341
0.9388209121245829
0.7911568409343716
0.8172969966629589
0.9051724137931034
0.8720800889877642
0.889599555061179
0.8951612903225806
0.8403781979977754
0.8940489432703004
0.8701334816462737
0.8726362625139044
0.8829254727474972
0.7867074527252503
0.9543937708565072
0.9048943270300334
0.8734705228031145
0.7864293659621802
0.9060066740823137
0.8242491657397107
0.9307563959955506
0.9054505005561735
0.7652947719688543
0.8050611790878754
0.9507786429365962
0.9674638487208009
0.8734705228031145
0.8375973303670745
0.8617908787541713
0.8937708565072302
0.9479977753058955
0.9104560622914349
0.982202447163515
0.896551724137931
0.8915461624026696
0.792825361512792
0.8951612903225806
0.8695773081201335
0.8523359288097887
0.9388209121245829
0.8456618464961068
0.8809788654060067
0.9201890989988877
0.871523915461624
0.9719132369299222
0.7588987764182424
0.7683537263626251
0.9032258064516129
0.8865406006674083
0.8128476084538376
0.7894883203559511
0.8309232480533927
0.9454949944382648
0.8620689655172413
0.8089543937708565
0.8439933259176863
0.8876529477196885
0.7819799777530589
0.9118464961067854
0.8948832035595106
0.8401001112347052
0.9460511679644049
0.8389877641824249
0.7672413793103449
0.9313125695216907
0.8937708565072302
0.8373192436040044
0.9479977753058955
0.8854282536151279
0.817853170189099
0.875139043381535
0.8768075639599555
0.8209121245828699
0.8921023359288098
0.8159065628476084
0.9438264738598443
0.9124026696329255
0.8489988876529477
0.8189655172413793
0.8295328142380423
0.8409343715239155
0.9029477196885428
0.7341490545050056
0.9199110122358176
0.8918242491657397
0.9488320355951056
0.949944382647386
0.864293659621802
0.8278642936596218
0.8145161290322581
0.8768075639599555
0.7981090100111234
0.8325917686318132
0.9029477196885428
0.9112903225806451
0.7889321468298109
0.9505005561735261
0.9368743047830923
0.9254727474972191
0.935761957730812
0.9165739710789766
0.9168520578420467
0.9271412680756396
0.946607341490545
0.9399332591768632
0.8734705228031145
0.9087875417130145
0.9207452725250278
0.8946051167964405
0.9574527252502781
0.8859844271412681
0.8039488320355951
0.9299221357063404
0.9302002224694105
0.8996106785317018
0.9199110122358176
0.9168520578420467
0.7455506117908788
0.9290878754171301
0.8592880978865406
0.7405450500556173
0.9265850945494994
0.8645717463848721
0.9165739710789766
0.8122914349276974
0.7880978865406006
0.6793659621802002
0.8623470522803115
0.9282536151279199
0.8937708565072302
0.8495550611790879
0.9243604004449388
0.8776418242491657
0.7639043381535039
0.878476084538376
0.9112903225806451
0.8025583982202447
0.8056173526140156
0.9702447163515017
0.914071190211346
0.8909899888765295
0.949944382647386
0.8006117908787542
0.8648498331479422
0.8734705228031145
0.8676307007786429
0.699944382647386
0.896551724137931
0.6916017797552837
0.760845383759733
0.8695773081201335
0.8565072302558399
0.8312013348164627
0.8798665183537263
0.9660734149054505
0.9646829810901001
0.8050611790878754
0.8039488320355951
0.8776418242491657
0.8264738598442715
0.8687430478309233
0.8095105672969967
0.9563403781979978
0.8868186874304783
0.9185205784204672
0.889599555061179
0.8987764182424917
0.810622914349277
0.9090656284760845
0.9335372636262514
0.7630700778642937
0.7597330367074527
0.9090656284760845
0.8409343715239155
0.8743047830923248
0.8695773081201335
0.8734705228031145
0.8442714126807565
0.9407675194660734
0.7691879866518354
0.8984983314794216
0.8153503893214683
0.8083982202447163
0.8901557285873193
0.3097886540600667
0.9129588431590656
0.8022803114571746
0.8320355951056729
0.9154616240266963
0.7266407119021134
0.9121245828698554
0.9454949944382648
0.7397107897664071
0.8114571746384872
0.9399332591768632
0.8362068965517241
0.8659621802002224
0.9354838709677419
0.8476084538375973
0.914349276974416
0.9263070077864294
0.7839265850945495
0.9471635150166852
0.8809788654060067
0.7352614015572859
0.8275862068965517
0.9032258064516129
0.7399888765294772
0.8545606229143493
0.8754171301446051
0.896273637374861
0.8979421579532815
0.896551724137931
0.875139043381535
0.978865406006674
0.9299221357063404
0.9051724137931034
0.7931034482758621
0.7828142380422692
0.8812569521690767
0.8656840934371524
0.817853170189099
0.9182424916573971
0.9304783092324805
0.8634593993325917
0.860400444938821
0.6754727474972191
0.8526140155728588
0.7961624026696329
0.8779199110122358
0.9035038932146829
0.8145161290322581
0.8595661846496107
0.8312013348164627
0.9012791991101223
0.9004449388209121
0.82146829810901
0.8451056729699666
0.8629032258064516
0.9516129032258065
0.9054505005561735
0.9296440489432704
0.818131256952169
0.9530033370411568
0.9460511679644049
0.9304783092324805
0.6988320355951056
0.875139043381535
0.9474416017797553
0.8273081201334817
0.8601223581757509
0.8161846496106785
0.8790322580645161
0.8387096774193549
0.7374860956618465
0.9182424916573971
0.89293659621802
0.9104560622914349
0.8006117908787542
0.7658509454949944
0.8542825361512792
0.8111790878754171
0.9110122358175751
0.8028364849833148
0.7575083426028921
0.8695773081201335
0.8378754171301446
0.824805339265851
0.9791434927697441
0.8670745272525028
0.907397107897664
0.8848720800889878
0.8492769744160178
0.8559510567296996
0.8584538375973304
0.8701334816462737
0.8515016685205784
0.8862625139043382
0.8940489432703004
0.92853170189099
0.8526140155728588
0.8612347052280311
0.7886540600667408
0.7502780867630701
0.8348164627363738
0.7372080088987765
0.9118464961067854
0.8676307007786429
0.8545606229143493
0.9454949944382648
0.7694660734149055
0.7719688542825361
0.8147942157953282
0.9260289210233593
0.8122914349276974
0.646273637374861
0.5230812013348165
0.8890433815350389
0.8309232480533927
0.9096218020022246
0.803392658509455
0.9235261401557285
0.9652391546162402
0.8314794215795328
0.8837597330367074
0.896273637374861
0.7260845383759733
0.8959955506117909
0.92880978865406
0.7864293659621802
0.8125695216907676
0.7853170189098999
0.9274193548387096
0.8259176863181312
0.9916573971078977
0.878476084538376
0.9432703003337041
0.9335372636262514
0.9310344827586207
0.85734149054505
0.7408231368186874
0.8011679644048944
0.7842046718576196
0.7808676307007787
0.9299221357063404
0.8943270300333704
0.9282536151279199
0.8957174638487208
0.9340934371523916
0.9682981090100111
0.9549499443826474
0.8656840934371524
0.9012791991101223
0.9207452725250278
0.8996106785317018
0.8740266963292548
0.8275862068965517
0.9302002224694105
0.8932146829810901
0.9335372636262514
0.8673526140155728
0.9546718576195773
0.8259176863181312
0.9046162402669633
0.9276974416017798
0.9037819799777531
0.8712458286985539
0.7836484983314794
0.7830923248053393
0.8306451612903226
0.9421579532814238
0.8862625139043382
0.8590100111234705
0.8904338153503893
0.7953281423804227
0.7538932146829811
0.842880978865406
0.9708008898776418
0.8300889877641824
0.8364849833147943
0.9060066740823137
0.8595661846496107
0.8731924360400445
0.7550055617352615
0.8278642936596218
0.8489988876529477
0.9766407119021134
0.8192436040044494
0.7886540600667408
0.896273637374861
0.8378754171301446
0.8798665183537263
0.8915461624026696
0.9179644048943271
0.9190767519466073
0.8542825361512792
0.8756952169076752
0.8506674082313682
0.8723581757508343
0.8314794215795328
0.7911568409343716
0.8587319243604005
0.9157397107897665
0.8289766407119021
0.9310344827586207
0.9238042269187987
0.9224137931034483
0.9043381535038932
0.7939377085650723
0.8729143492769744
0.6968854282536151
0.9505005561735261
0.771134593993326
0.8923804226918799
0.8915461624026696
0.8114571746384872
0.850111234705228
0.889599555061179
0.8270300333704116
0.9555061179087876
0.7246941045606229
0.8412124582869855
0.5289210233592881
0.8136818687430478
0.7227474972191323
0.8417686318131257
0.9368743047830923
0.921579532814238
0.935761957730812
0.8946051167964405
0.8337041156840934
0.825083426028921
0.8692992213570634
0.7867074527252503
0.9279755283648499
0.1660177975528365
0.8815350389321468
0.8954393770856507
0.8996106785317018
0.9313125695216907
0.9226918798665183
0.8882091212458287
0.8414905450500556
0.9352057842046718
0.889321468298109
0.8058954393770856
0.7344271412680756
0.7427697441601779
0.8781979977753059
0.9037819799777531
0.8645717463848721
0.9518909899888766
0.9079532814238043
0.9524471635150167
0.7864293659621802
0.717741935483871
0.8982202447163515
0.9388209121245829
0.9082313681868743
0.8223025583982202
0.8629032258064516
0.9588431590656284
0.7972747497219133
0.925194660734149
0.8712458286985539
0.9307563959955506
0.8345383759733037
0.8854282536151279
0.8520578420467185
0.9257508342602893
0.9168520578420467
0.8381535038932146
0.7830923248053393
0.9126807563959956
0.8459399332591768
0.889599555061179
0.8325917686318132
0.832313681868743
0.764182424916574
0.8150723025583982
0.9001668520578421
0.8562291434927698
0.9471635150166852
0.8834816462736373
0.8045050055617352
0.7619577308120133
0.9243604004449388
0.228587319243604
0.839265850945495
0.8189655172413793
0.8823692992213571
0.7766963292547274
0.8720800889877642
0.8987764182424917
0.8634593993325917
0.9213014460511679
0.9404894327030033
0.8654060066740823
0.942714126807564
0.8898776418242491
0.9023915461624027
0.9032258064516129
0.9068409343715239
0.8915461624026696
0.8890433815350389
0.889321468298109
0.8773637374860956
0.8648498331479422
0.8350945494994438
0.9310344827586207
0.839265850945495
0.8445494994438265
0.6009454949944383
0.960789766407119
0.9124026696329255
0.7942157953281423
0.8239710789766407
0.8515016685205784
0.8267519466073415
0.8804226918798665
0.9218576195773082
0.7205228031145717
0.8943270300333704
0.9549499443826474
0.92880978865406
0.9457730812013349
0.953559510567297
0.8103448275862069
0.8192436040044494
0.8134037819799778
0.8718020022246941
0.7914349276974416
0.9293659621802002
0.7666852057842046
0.8790322580645161
0.8662402669632926
0.8759733036707452
0.8996106785317018
0.731924360400445
0.8726362625139044
0.9696885428253615
0.7819799777530589
0.9477196885428254
0.8206340378197998
0.7697441601779755
0.8598442714126807
0.8826473859844272
0.8590100111234705
0.8631813125695217
0.8996106785317018
0.8286985539488321
0.9616240266963293
0.8815350389321468
0.7138487208008899
0.8781979977753059
0.9190767519466073
0.8923804226918799
0.8495550611790879
0.896273637374861
0.8487208008898777
0.8548387096774194
0.8578976640711902
0.8506674082313682
0.8690211345939933
0.8345383759733037
0.9246384872080089
0.8476084538375973
0.7903225806451613
0.9493882091212458
0.7730812013348165
0.8879310344827587
0.9360400444938821
0.9051724137931034
0.7797552836484983
0.8022803114571746
0.7330367074527252
0.8300889877641824
0.8923804226918799
0.7527808676307007
0.8996106785317018
0.9279755283648499
0.8320355951056729
0.8823692992213571
0.9246384872080089
0.8184093437152391
0.1557285873192436
0.7627919911012235
0.9018353726362626
0.8145161290322581
0.7919911012235817
0.9201890989988877
0.7580645161290323
0.8517797552836485
0.9724694104560623
0.9162958843159066
0.9221357063403782
0.8645717463848721
0.8381535038932146
0.9616240266963293
0.807007786429366
0.8050611790878754
0.728865406006674
0.8409343715239155
0.8626251390433816
0.9048943270300334
0.9224137931034483
0.7530589543937709
0.9043381535038932
0.8578976640711902
0.917686318131257
0.8690211345939933
0.9029477196885428
0.8459399332591768
0.9221357063403782
0.7697441601779755
0.853448275862069
0.9204671857619577
0.8959955506117909
0.8161846496106785
0.8951612903225806
0.9151835372636262
0.8990545050055617
0.721357063403782
0.9154616240266963
0.9310344827586207
0.7922691879866518
0.8687430478309233
0.8014460511679644
0.8645717463848721
0.835928809788654
0.7669632925472748
0.8898776418242491
0.9026696329254728
0.8083982202447163
0.9435483870967742
0.8876529477196885
0.8829254727474972
0.9560622914349277
0.8859844271412681
0.8389877641824249
0.8131256952169077
0.9652391546162402
0.8595661846496107
0.7972747497219133
0.8528921023359288
0.853726362625139
0.8050611790878754
0.8056173526140156
0.889599555061179
0.8798665183537263
0.910734149054505
0.9238042269187987
0.8031145717463849
0.9018353726362626
0.8064516129032258
0.9012791991101223
0.8620689655172413
0.8008898776418243
0.878476084538376
0.871523915461624
0.8045050055617352
0.8690211345939933
0.9204671857619577
0.8912680756395995
0.89265850945495
0.8581757508342603
0.7733592880978866
0.9335372636262514
0.8667964404894327
0.8565072302558399
0.8209121245828699
0.8476084538375973
0.8236929922135706
0.8795884315906563
0.9087875417130145
0.7994994438264739
0.8286985539488321
0.9296440489432704
0.9165739710789766
0.9118464961067854
0.860400444938821
0.7096774193548387
0.8039488320355951
0.9630144605116796
0.9652391546162402
0.889321468298109
0.835928809788654
0.8378754171301446
0.764182424916574
0.9104560622914349
0.914071190211346
0.78559510567297
0.7983870967741935
0.9268631813125695
0.7897664071190211
0.9771968854282537
0.8095105672969967
0.7580645161290323
0.9007230255839822
0.9015572858731924
0.9001668520578421
0.6379310344827587
0.9649610678531702
0.800333704115684
0.9610678531701891
0.8609566184649611
0.6985539488320356
0.8417686318131257
0.7878197997775306
0.7594549499443827
0.8273081201334817
0.9302002224694105
0.9838709677419355
0.8581757508342603
0.9538375973303671
0.8937708565072302
0.8743047830923248
0.9399332591768632
0.8139599555061179
0.8993325917686318
0.9051724137931034
0.6827030033370411
0.924916573971079
0.8701334816462737
0.8256395995550612
0.9221357063403782
0.8667964404894327
0.8923804226918799
0.9010011123470523
0.8120133481646273
0.9407675194660734
0.7836484983314794
0.9087875417130145
0.835928809788654
0.9137931034482759
0.8918242491657397
0.8512235817575083
0.8659621802002224
0.9680200222469411
0.989154616240267
0.6409899888765295
0.9360400444938821
0.899888765294772
0.8164627363737486
0.8807007786429366
0.7953281423804227
0.8348164627363738
0.7853170189098999
0.8437152391546162
0.982202447163515
0.8859844271412681
0.9201890989988877
0.8818131256952169
0.8990545050055617
0.7950500556173526
0.8987764182424917
0.89265850945495
0.6977196885428254
0.9079532814238043
0.9379866518353727
0.7280311457174639
0.8868186874304783
0.8445494994438265
0.8946051167964405
0.8887652947719689
0.9632925472747497
0.8517797552836485
0.8940489432703004
0.9410456062291435
0.9388209121245829
0.9079532814238043
0.8270300333704116
0.8629032258064516
0.6802002224694105
0.8617908787541713
0.9160177975528365
0.9007230255839822
0.9493882091212458
0.9207452725250278
0.8873748609566184
0.9051724137931034
0.8971078976640712
0.7280311457174639
0.9602335928809789
0.8973859844271412
0.8506674082313682
0.9702447163515017
0.9599555061179088
0.9238042269187987
0.8103448275862069
0.743047830923248
0.9418798665183538
0.9521690767519466
0.92880978865406
0.8946051167964405
0.9296440489432704
0.9897107897664071
0.9527252502780867
0.9563403781979978
0.8993325917686318
0.8898776418242491
0.9591212458286985
0.7897664071190211
0.9085094549499444
0.9399332591768632
0.8478865406006674
0.8807007786429366
0.8506674082313682
0.9185205784204672
0.8754171301446051
0.8996106785317018
0.8923804226918799
0.9004449388209121
0.8731924360400445
0.9263070077864294
0.8339822024471635
0.8648498331479422
0.7502780867630701
0.9721913236929922
0.8673526140155728
0.9271412680756396
0.7839265850945495
0.8334260289210234
0.7572302558398221
0.8492769744160178
0.8870967741935484
0.9766407119021134
0.8921023359288098
0.9023915461624027
0.8551167964404894
0.9379866518353727
0.9527252502780867
0.9043381535038932
0.9730255839822024
0.8275862068965517
0.8940489432703004
0.921579532814238
0.8932146829810901
0.8740266963292548
0.835650723025584
0.8203559510567296
0.9174082313681868
0.8759733036707452
0.8890433815350389
0.7753058954393771
0.9168520578420467
0.800055617352614
0.9340934371523916
0.8395439377085651
0.8309232480533927
0.8812569521690767
0.9124026696329255
0.8615127919911012
0.817853170189099
0.924916573971079
0.8876529477196885
0.7950500556173526
0.7230255839822024
0.7433259176863182
0.8884872080088988
0.8862625139043382
0.8256395995550612
0.8809788654060067
0.8309232480533927
0.896551724137931
0.7374860956618465
0.8086763070077865
0.8904338153503893
0.8890433815350389
0.9418798665183538
0.8879310344827587
0.9257508342602893
0.8670745272525028
0.8798665183537263
0.8147942157953282
0.9802558398220245
0.8089543937708565
0.8662402669632926
0.8923804226918799
0.8128476084538376
0.7160734149054505
0.9699666295884316
0.8918242491657397
0.89265850945495
0.7780867630700778
0.9068409343715239
0.8270300333704116
0.8915461624026696
0.8275862068965517
0.8442714126807565
0.8807007786429366
0.8648498331479422
0.8540044493882091
0.8489988876529477
0.8109010011123471
0.9229699666295884
0.8790322580645161
0.8656840934371524
0.8445494994438265
0.807285873192436
0.8756952169076752
0.9154616240266963
0.8834816462736373
0.8776418242491657
0.9240823136818688
0.7252502780867631
0.9240823136818688
0.8398220244716351
0.8209121245828699
0.9110122358175751
0.7950500556173526
0.9327030033370411
0.924916573971079
0.8345383759733037
0.8832035595105673
0.9035038932146829
0.8325917686318132
0.9076751946607341
0.6713014460511679
0.7705784204671857
0.8565072302558399
0.8976640711902113
0.8161846496106785
0.8331479421579533
0.8312013348164627
0.8584538375973304
0.8584538375973304
0.8979421579532815
0.917686318131257
0.8270300333704116
0.825083426028921
0.8993325917686318
0.8898776418242491
0.9274193548387096
0.9299221357063404
0.7811457174638488
0.9257508342602893
0.8164627363737486
0.8147942157953282
0.8014460511679644
0.8189655172413793
0.835928809788654
0.860400444938821
0.9135150166852057
0.7647385984427141
0.8350945494994438
0.8832035595105673
0.7839265850945495
0.8339822024471635
0.9385428253615128
0.8898776418242491
0.9557842046718577
0.8851501668520578
0.8648498331479422
0.8367630700778643
0.8629032258064516
0.8456618464961068
0.7814238042269188
0.8395439377085651
0.8845939933259177
0.825083426028921
0.9546718576195773
0.7694660734149055
0.946607341490545
0.8342602892102335
0.8175750834260289
0.8937708565072302
0.8442714126807565
0.9282536151279199
0.8665183537263627
0.8609566184649611
0.9043381535038932
0.835650723025584
0.8887652947719689
0.8548387096774194
0.8848720800889878
0.7747497219132369
0.8704115684093437
0.807285873192436
0.8484427141268076
0.8901557285873193
0.8581757508342603
0.8259176863181312
0.796440489432703
0.9035038932146829
0.8909899888765295
0.9023915461624027
0.8795884315906563
0.7666852057842046
0.9824805339265851
0.7797552836484983
0.8228587319243604
0.9115684093437152
0.9007230255839822
0.8793103448275862
0.9098998887652948
0.9135150166852057
0.8548387096774194
0.860678531701891
0.9274193548387096
0.8517797552836485
0.9513348164627363
0.8851501668520578
0.7961624026696329
0.8595661846496107
0.8832035595105673
0.9187986651835373
0.7828142380422692
0.7352614015572859
0.9157397107897665
0.9546718576195773
0.8665183537263627
0.7906006674082313
0.8545606229143493
0.842602892102336
0.8562291434927698
0.8743047830923248
0.9174082313681868
0.8834816462736373
0.878476084538376
0.8453837597330367
0.8515016685205784
0.8464961067853171
0.85734149054505
0.9452169076751946
0.9385428253615128
0.8773637374860956
0.8818131256952169
0.850111234705228
0.9841490545050056
0.8503893214682982
0.9068409343715239
0.7922691879866518
0.9563403781979978
0.8220244716351501
0.8353726362625139
0.864293659621802
0.7491657397107898
0.8225806451612904
0.9343715239154616
0.9443826473859844
0.910734149054505
0.8314794215795328
0.9093437152391546
0.7057842046718577
0.8245272525027809
0.9165739710789766
0.9293659621802002
0.7844827586206896
0.7953281423804227
0.8467741935483871
0.9201890989988877
0.9263070077864294
0.9418798665183538
0.7975528364849833
0.8943270300333704
0.9510567296996663
0.8292547274749722
0.9396551724137931
0.7686318131256952
0.899888765294772
0.8890433815350389
0.6504449388209121
0.8787541713014461
0.8601223581757509
0.8256395995550612
0.8923804226918799
0.9360400444938821
0.7906006674082313
0.8373192436040044
0.7185761957730812
0.9360400444938821
0.8548387096774194
0.00389321468298109
0.9018353726362626
0.8615127919911012
0.7199666295884316
0.932146829810901
0.9235261401557285
0.8734705228031145
0.8350945494994438
0.8904338153503893
0.8184093437152391
0.9290878754171301
0.7135706340378198
0.9151835372636262
0.6743604004449388
0.8681868743047831
0.8292547274749722
0.8523359288097887
0.7305339265850945
0.867908787541713
0.7839265850945495
0.8184093437152391
0.9243604004449388
0.7741935483870968
0.9085094549499444
0.9329810901001112
0.8687430478309233
0.5319799777530589
0.771134593993326
0.8629032258064516
0.9538375973303671
0.8890433815350389
0.82146829810901
0.9666295884315906
0.8737486095661846
0.7600111234705228
0.9151835372636262
0.9424360400444939
0.850111234705228
0.753337041156841
0.8648498331479422
0.8620689655172413
0.9040600667408232
0.8403781979977754
0.8298109010011123
0.9185205784204672
0.8681868743047831
0.8701334816462737
0.9126807563959956
