0.8443305573350416
0.8808456117873158
0.8260730301089045
0.7930813581037797
0.7959641255605381
0.7882767456758488
0.7962844330557335
0.8465727098014093
0.9167200512491992
0.8292761050608585
0.8500960922485586
0.8295964125560538
0.8734785393978219
0.791800128122998
0.8058936579115952
0.6015374759769379
0.7732222934016656
0.6467008327994875
0.5976937860345932
0.7443946188340808
0.7911595131326074
0.8904548366431775
0.8068545803971813
0.8135810377962844
0.7988468930172966
0.7680973734785393
0.8408071748878924
0.8834080717488789
0.83472133247918
0.8058936579115952
0.866111467008328
0.7844330557335042
0.9218449711723254
0.8795643818065343
0.8523382447149264
0.8340807174887892
0.9224855861627163
0.8962203715566944
0.7959641255605381
0.7796284433055733
0.7927610506085843
0.7994875080076874
0.7597693786034593
0.8238308776425368
0.8664317745035234
0.83888532991672
0.8074951953875721
0.790839205637412
0.7825112107623319
0.8315182575272262
0.7719410634208841
0.8597053171044202
0.8414477898782832
0.8241511851377322
0.7825112107623319
0.7085201793721974
0.7315823190262652
0.8110185778347213
0.8718770019218449
0.7133247918001281
0.7770659833440102
0.7684176809737348
0.933055733504164
0.8238308776425368
0.8904548366431775
0.9352978859705318
0.8196668802049968
0.8283151825752723
0.8651505445227419
0.7203715566944267
0.7889173606662396
0.7901985906470211
0.8340807174887892
0.803331197950032
0.8068545803971813
0.8686739269698911
0.8065342729019859
0.9279308135810378
0.816463805253043
0.795003203074952
0.773542600896861
0.7514413837283792
0.7383087764253684
0.8760409993593851
0.9170403587443946
0.7892376681614349
0.8030108904548366
0.8981422165278667
0.819026265214606
0.7850736707238949
0.6707238949391415
0.8279948750800769
0.7860345932094811
0.8593850096092248
0.7568866111467009
0.7927610506085843
0.7786675208199871
0.8026905829596412
0.7921204356181935
0.8058936579115952
0.8597053171044202
0.7155669442664958
0.8142216527866752
0.8981422165278667
0.7783472133247918
0.899103139013453
0.8657911595131326
0.8222293401665599
0.8030108904548366
0.8366431774503523
0.8609865470852018
0.8094170403587444
0.9122357463164638
0.4980781550288277
0.696668802049968
0.8228699551569507
0.8904548366431775
0.8046124279308136
0.7645739910313901
0.8545803971812941
0.20916079436258808
0.7687379884689302
0.7187700192184497
0.7203715566944267
0.7591287636130686
0.8635490070467648
0.7911595131326074
0.75624599615631
0.8532991672005125
0.7857142857142857
0.8292761050608585
0.9013452914798207
0.8113388853299167
0.7536835361947469
0.7418321588725176
0.9093529788597053
0.9436258808456118
0.8228699551569507
0.2825112107623318
0.7466367713004485
0.9051889814221653
0.8565022421524664
0.7395900064061499
0.7501601537475977
0.7799487508007688
0.8344010249839846
0.8122998078155029
0.8513773222293401
0.938821268417681
0.8766816143497758
0.8565022421524664
0.816463805253043
0.7559256886611146
0.8139013452914798
0.7873158231902626
0.8023702754644458
0.8068545803971813
0.8081358103779629
0.8635490070467648
0.7696989109545164
0.909993593850096
0.8145419602818706
0.8689942344650865
0.7655349135169763
0.8398462524023063
0.7943625880845612
0.7844330557335042
0.8766816143497758
0.8984625240230621
0.7434336963484945
0.8510570147341447
0.8946188340807175
0.7046764894298526
0.8449711723254324
0.8597053171044202
0.7719410634208841
0.9061499039077514
0.6460602178090967
0.8270339525944908
0.7885970531710442
0.7658552210121717
0.7943625880845612
0.8042921204356182
0.8039718129404229
0.877642536835362
0.766175528507367
0.7584881486226778
0.7716207559256887
0.8597053171044202
0.7873158231902626
0.7389493914157591
0.895900064061499
0.8882126841768098
0.860345932094811
0.7815502882767457
0.7940422805893658
0.726457399103139
0.8260730301089045
0.7469570787956438
0.7485586162716208
0.891736066623959
0.7001921844971173
0.8609865470852018
0.6252402306213966
0.8696348494554773
0.8763613068545804
0.75208199871877
0.742152466367713
0.8251121076233184
0.23094170403587444
0.8228699551569507
0.8372837924407431
0.7517616912235746
0.7841127482383088
0.813260730301089
0.8693145419602819
0.7732222934016656
0.7527226137091608
0.7658552210121717
0.8427290198590647
0.8116591928251121
0.8657911595131326
0.8856502242152466
0.8478539397821909
0.7309417040358744
0.907431133888533
0.742152466367713
0.8084561178731582
0.8113388853299167
0.7994875080076874
0.9003843689942345
0.8914157591287636
0.8372837924407431
0.8017296604740551
0.9449071108263933
0.7511210762331838
0.7780269058295964
0.8276745675848814
0.8590647021140295
0.8430493273542601
0.2696989109545163
0.8344010249839846
0.7706598334401025
0.7146060217809097
0.9096732863549007
0.773542600896861
0.8705957719410634
0.740550928891736
0.8254324151185137
0.8142216527866752
0.7610506085842409
0.7857142857142857
0.7898782831518257
0.769378603459321
0.7696989109545164
0.7453555413196669
0.6716848174247277
0.8279948750800769
0.827354260089686
0.9551569506726457
0.6947469570787956
0.819026265214606
0.8933376040999359
0.686739269698911
0.7671364509929532
0.8571428571428571
0.799167200512492
0.7290198590647021
0.762011531069827
0.8183856502242153
0.7975656630365151
0.7962844330557335
0.7508007687379885
0.8279948750800769
0.7696989109545164
0.8866111467008329
0.8651505445227419
0.8577834721332479
0.8949391415759129
0.8821268417680974
0.8299167200512492
0.8299167200512492
0.7741832158872518
0.8894939141575913
0.7261370916079436
0.7889173606662396
0.9019859064702114
0.8866111467008329
0.8536194746957079
0.7946828955797566
0.8219090326713645
0.9128763613068546
0.8145419602818706
0.8539397821909033
0.7639333760409993
0.7857142857142857
0.8004484304932735
0.7780269058295964
0.7687379884689302
0.8052530429212044
0.7937219730941704
0.8968609865470852
0.8625880845611787
0.7921204356181935
0.8680333119795003
0.7472773862908392
0.9269698910954516
0.7754644458680333
0.6758488148622678
0.83055733504164
0.8302370275464446
0.8667520819987188
0.8731582319026265
0.8853299167200512
0.8689942344650865
0.887572069186419
0.7286995515695067
0.7341447789878283
0.8593850096092248
0.7142857142857143
0.8139013452914798
0.8574631646380525
0.7761050608584241
0.7786675208199871
0.7335041639974376
0.8606662395900064
0.7344650864830237
0.8657911595131326
0.8475336322869955
0.7668161434977578
0.8289557975656631
0.8577834721332479
0.870275464445868
0.8279948750800769
0.8613068545803971
0.8600256245996156
0.7162075592568866
0.8030108904548366
0.7892376681614349
0.7466367713004485
0.7639333760409993
0.7994875080076874
0.8180653427290199
0.7286995515695067
0.8891736066623959
0.74791800128123
0.820627802690583
0.8497757847533632
0.9202434336963485
0.8324791800128123
0.8318385650224215
0.8645099295323511
0.938821268417681
0.8225496476617553
0.742152466367713
0.7943625880845612
0.8302370275464446
0.8571428571428571
0.8802049967969251
0.907431133888533
0.9276105060858424
0.8542600896860987
0.9573991031390134
0.7953235105701474
0.8094170403587444
0.8574631646380525
0.8356822549647662
0.9698910954516335
0.7610506085842409
0.8779628443305574
0.8705957719410634
0.8360025624599615
0.7536835361947469
0.8068545803971813
0.7882767456758488
0.7110826393337604
0.7866752081998719
0.8523382447149264
0.7898782831518257
0.8119795003203075
0.7162075592568866
0.7037155669442665
0.8638693145419603
0.8251121076233184
0.7543241511851377
0.7190903267136451
0.9218449711723254
0.8279948750800769
0.7370275464445868
0.790839205637412
0.8238308776425368
0.7885970531710442
0.8155028827674567
0.757847533632287
0.8910954516335682
0.8975016015374759
0.9593209481101858
0.757847533632287
0.7158872517616912
0.8689942344650865
0.7905188981422165
0.6675208199871877
0.7283792440743113
0.8581037796284433
0.8062139654067905
0.8805253042921204
0.7828315182575273
0.7572069186418963
0.8443305573350416
0.7216527866752082
0.6691223574631646
0.8183856502242153
0.9090326713645099
0.8292761050608585
0.7335041639974376
0.7706598334401025
0.6028187059577194
0.7463164638052531
0.7475976937860346
0.732222934016656
0.8654708520179372
0.8062139654067905
0.7530429212043562
0.755285073670724
0.881806534272902
0.8475336322869955
0.8779628443305574
0.7770659833440102
0.8334401024983985
0.7796284433055733
0.8222293401665599
0.7956438180653427
0.8353619474695708
0.66527866752082
0.7761050608584241
0.7966047405509289
0.7556053811659192
0.8084561178731582
0.7319026265214607
0.83888532991672
0.14253683536194747
0.8673926969891096
0.7488789237668162
0.7238949391415759
0.8039718129404229
0.7411915438821268
0.8161434977578476
0.8023702754644458
0.7684176809737348
0.8641896220371557
0.7648942985265855
0.7863549007046765
0.767777065983344
0.6838565022421524
0.8241511851377322
0.7472773862908392
0.6713645099295323
0.8529788597053171
0.8174247277386291
0.8609865470852018
0.9186418962203715
0.7501601537475977
0.877642536835362
0.8939782190903267
0.7953235105701474
0.8593850096092248
0.7905188981422165
0.8565022421524664
0.7911595131326074
0.8850096092248558
0.9106342088404868
0.8456117873158232
0.9237668161434978
0.8366431774503523
0.83888532991672
0.7924407431133889
0.820627802690583
0.7713004484304933
0.8193465727098014
0.8545803971812941
0.7424727738629084
0.8193465727098014
0.2427930813581038
0.8180653427290199
0.8500960922485586
0.8292761050608585
0.8907751441383729
0.8372837924407431
0.8984625240230621
0.7290198590647021
0.6989109545163357
0.9112748238308777
0.7588084561178732
0.7139654067905189
0.7946828955797566
0.7238949391415759
0.827354260089686
0.8449711723254324
0.8155028827674567
0.7729019859064702
0.8209481101857784
0.8209481101857784
0.8263933376040999
0.8241511851377322
0.6761691223574632
0.8497757847533632
0.7229340166559898
0.6992312620115311
0.4147982062780269
0.8331197950032031
0.8516976297245356
0.8657911595131326
0.8968609865470852
0.870275464445868
0.7335041639974376
0.7783472133247918
0.8081358103779629
0.769378603459321
0.7690582959641256
0.9023062139654068
0.9106342088404868
0.8235105701473414
0.852017937219731
0.7934016655989751
0.8030108904548366
0.9208840486867392
0.8648302370275465
0.7914798206278026
0.8302370275464446
0.8196668802049968
0.726457399103139
0.8811659192825112
0.8542600896860987
0.9596412556053812
0.7709801409352979
0.7152466367713004
0.8046124279308136
0.8376040999359385
0.8622677770659833
0.7943625880845612
0.8718770019218449
0.8401665598975016
0.8225496476617553
0.8491351697629724
0.7229340166559898
0.7905188981422165
0.8673926969891096
0.7485586162716208
0.8939782190903267
0.8331197950032031
0.8882126841768098
0.7216527866752082
0.8026905829596412
0.7149263292761051
0.7793081358103779
0.9506726457399103
0.7514413837283792
0.7799487508007688
0.7729019859064702
0.7969250480461243
0.8539397821909033
0.8161434977578476
0.7504804612427931
0.8241511851377322
0.8923766816143498
0.8369634849455477
0.7914798206278026
0.7885970531710442
0.8302370275464446
0.8545803971812941
0.529788597053171
0.7719410634208841
0.7648942985265855
0.823190262652146
0.8891736066623959
0.7988468930172966
0.8126201153106982
0.8026905829596412
0.7648942985265855
0.7565663036515055
0.6787315823190263
0.8360025624599615
0.7716207559256887
0.7956438180653427
0.8036515054452275
0.7245355541319667
0.8385650224215246
0.8898142216527867
0.7841127482383088
0.8382447149263292
0.8180653427290199
0.8613068545803971
0.8318385650224215
0.6963484945547725
0.7770659833440102
0.8664317745035234
0.9324151185137732
0.7956438180653427
0.7780269058295964
0.8465727098014093
0.8078155028827675
0.8587443946188341
0.8106982703395259
0.7533632286995515
0.6598334401024984
0.8808456117873158
0.8878923766816144
0.7725816784112748
0.8158231902626522
0.8263933376040999
0.7104420243433697
0.7658552210121717
0.791800128122998
0.8023702754644458
0.6998718770019219
0.7347853939782191
0.7866752081998719
0.8036515054452275
0.7841127482383088
0.8680333119795003
0.8856502242152466
0.8260730301089045
0.8251121076233184
0.8263933376040999
0.8337604099935938
0.6028187059577194
0.759449071108264
0.759449071108264
0.7972453555413197
0.8119795003203075
0.766175528507367
0.856181934657271
0.7994875080076874
0.7110826393337604
0.83888532991672
0.8513773222293401
0.8484945547725817
0.7924407431133889
0.8244714926329276
0.8062139654067905
0.7841127482383088
0.7572069186418963
0.7837924407431134
0.8616271620755925
0.8065342729019859
0.8219090326713645
0.9147982062780269
0.8203074951953876
0.8289557975656631
0.8715566944266496
0.9067905188981422
0.7373478539397822
0.8350416399743754
0.8430493273542601
0.7543241511851377
0.7825112107623319
0.7716207559256887
0.704996796925048
0.7533632286995515
0.9115951313260731
0.8151825752722613
0.9477898782831519
0.7914798206278026
0.7107623318385651
0.8754003843689943
0.7700192184497118
0.8177450352338245
0.7825112107623319
0.8315182575272262
0.8042921204356182
0.7738629083920564
0.6713645099295323
0.8869314541960281
0.8001281229980781
0.7885970531710442
0.7392696989109545
0.8619474695707879
0.8971812940422806
0.8763613068545804
0.7674567584881486
0.8638693145419603
0.7745035233824471
0.7671364509929532
0.8062139654067905
0.7572069186418963
0.7857142857142857
0.8324791800128123
0.8356822549647662
0.7690582959641256
0.8894939141575913
0.7809096732863549
0.9228058936579115
0.8276745675848814
0.8026905829596412
0.7376681614349776
0.7716207559256887
0.8225496476617553
0.8046124279308136
0.8238308776425368
0.6720051249199231
0.8311979500320308
0.8484945547725817
0.7828315182575273
0.6188340807174888
0.8196668802049968
0.7930813581037797
0.7825112107623319
0.8180653427290199
0.7767456758488148
0.7844330557335042
0.8392056374119155
0.7546444586803331
0.7267777065983344
0.8116591928251121
0.7914798206278026
0.7658552210121717
0.8324791800128123
0.7709801409352979
0.8353619474695708
0.7248558616271621
0.8779628443305574
0.885970531710442
0.7213324791800129
0.726457399103139
0.8638693145419603
0.8590647021140295
0.8196668802049968
0.8360025624599615
0.8263933376040999
0.7530429212043562
0.804932735426009
0.7709801409352979
0.8270339525944908
0.8180653427290199
0.8353619474695708
0.8129404228058936
0.7549647661755285
0.8616271620755925
0.8481742472773863
0.6979500320307496
0.7277386290839206
0.8276745675848814
0.7270980140935298
0.9541960281870596
0.887572069186419
0.8827674567584881
0.8549007046764894
0.7953235105701474
0.8971812940422806
0.7706598334401025
0.7101217168481743
0.732222934016656
0.8055733504163998
0.8962203715566944
0.8443305573350416
0.8834080717488789
0.8142216527866752
0.7235746316463805
0.791800128122998
0.8039718129404229
0.24407431133888532
0.7616912235746316
0.7245355541319667
0.686739269698911
0.8427290198590647
0.7248558616271621
0.7389493914157591
0.8840486867392697
0.7383087764253684
0.8036515054452275
0.7130044843049327
0.8721973094170403
0.7869955156950673
0.7818705957719411
0.9208840486867392
0.7869955156950673
0.7767456758488148
0.8597053171044202
0.7645739910313901
0.7373478539397822
0.8536194746957079
0.856181934657271
0.74791800128123
0.8510570147341447
0.6527866752081999
0.8987828315182576
0.7706598334401025
0.7905188981422165
0.7581678411274824
0.9170403587443946
0.7943625880845612
0.8161434977578476
0.7616912235746316
0.8292761050608585
0.8885329916720052
0.8001281229980781
0.8926969891095452
0.7671364509929532
0.8715566944266496
0.8920563741191544
0.783472133247918
0.7674567584881486
0.8097373478539398
0.7821909032671365
0.766175528507367
0.8532991672005125
0.8949391415759129
0.7475976937860346
0.8411274823830878
0.8648302370275465
0.8219090326713645
0.8885329916720052
0.8103779628443306
0.6806534272901986
0.9071108263933376
0.7482383087764254
0.7607303010890455
0.7821909032671365
0.8459320948110186
0.8126201153106982
0.8196668802049968
0.9151185137732223
0.7648942985265855
0.8510570147341447
0.8901345291479821
0.8199871877001922
0.8276745675848814
0.8414477898782832
0.8222293401665599
0.827354260089686
0.7885970531710442
0.7793081358103779
0.860345932094811
0.8267136450992953
0.7796284433055733
0.7629724535554132
0.8167841127482383
0.8292761050608585
0.8065342729019859
0.7101217168481743
0.8866111467008329
0.8430493273542601
0.8398462524023063
0.6175528507367073
0.8475336322869955
0.8353619474695708
0.8786034593209481
0.7934016655989751
0.8254324151185137
0.7828315182575273
0.804932735426009
0.7757847533632287
0.8295964125560538
0.7472773862908392
0.7456758488148623
0.18866111467008329
0.8363228699551569
0.8741191543882126
0.8507367072389493
0.695067264573991
0.7296604740550929
0.8071748878923767
0.9083920563741191
0.5461242793081358
0.7892376681614349
0.8356822549647662
0.8926969891095452
0.6563100576553491
0.8100576553491352
0.7325432415118514
0.8017296604740551
0.8481742472773863
0.7905188981422165
0.8904548366431775
0.8244714926329276
0.856181934657271
0.8062139654067905
0.8472133247918001
0.8721973094170403
0.6944266495836002
0.8337604099935938
0.7200512491992312
0.8103779628443306
0.8106982703395259
0.8401665598975016
0.8430493273542601
0.8830877642536835
0.8177450352338245
0.7399103139013453
0.8901345291479821
0.2216527866752082
0.8068545803971813
0.891736066623959
0.7533632286995515
0.8574631646380525
0.8142216527866752
0.8036515054452275
0.8475336322869955
0.8667520819987188
0.7844330557335042
0.7591287636130686
0.8106982703395259
0.9026265214606022
0.8228699551569507
0.8456117873158232
0.8340807174887892
0.7706598334401025
0.8616271620755925
0.7700192184497118
0.823190262652146
0.8074951953875721
0.8369634849455477
0.755285073670724
0.8158231902626522
0.8926969891095452
0.8459320948110186
0.9401024983984625
0.8930172966047405
0.9141575912876362
0.8641896220371557
0.7648942985265855
0.8046124279308136
0.8731582319026265
0.8622677770659833
0.7463164638052531
0.7584881486226778
0.7626521460602178
0.8741191543882126
0.8315182575272262
0.8869314541960281
0.7293401665598975
0.8279948750800769
0.8971812940422806
0.722293401665599
0.8491351697629724
0.6239590006406149
0.8209481101857784
0.8161434977578476
0.8481742472773863
0.6925048046124279
0.7972453555413197
0.8279948750800769
0.791800128122998
0.6005765534913518
0.9045483664317745
0.9087123638693145
0.8007687379884689
0.7966047405509289
0.8001281229980781
0.7274183215887252
0.7472773862908392
0.8065342729019859
0.8318385650224215
0.7203715566944267
0.791800128122998
0.8042921204356182
0.8257527226137091
0.8257527226137091
0.7866752081998719
0.8078155028827675
0.7793081358103779
0.740550928891736
0.6643177450352338
0.8337604099935938
0.8754003843689943
0.7604099935938501
0.7805893657911596
0.8500960922485586
0.887572069186419
0.842088404868674
0.7892376681614349
0.7533632286995515
0.7709801409352979
0.7168481742472774
0.816463805253043
0.809096732863549
0.8699551569506726
0.8449711723254324
0.9112748238308777
0.8376040999359385
0.8260730301089045
0.8225496476617553
0.7962844330557335
0.8260730301089045
0.8020499679692504
0.6646380525304292
0.7828315182575273
0.9714926329276105
0.7696989109545164
0.7351057014734145
0.7607303010890455
0.8747597693786034
0.7946828955797566
0.8478539397821909
0.7434336963484945
0.7107623318385651
0.7815502882767457
0.8215887251761691
0.8036515054452275
0.7216527866752082
0.8414477898782832
0.8939782190903267
0.7914798206278026
0.6941063420884048
0.8097373478539398
0.7783472133247918
0.8382447149263292
0.8552210121716848
0.74375400384369
0.6902626521460602
0.8401665598975016
0.7604099935938501
0.7901985906470211
0.8366431774503523
0.7463164638052531
0.7815502882767457
0.7543241511851377
0.809096732863549
0.8500960922485586
0.7901985906470211
0.819026265214606
0.7335041639974376
0.7011531069827034
0.7312620115310698
0.813260730301089
0.8039718129404229
0.7889173606662396
0.7761050608584241
0.8789237668161435
0.7988468930172966
0.7802690582959642
0.840486867392697
0.2293401665598975
0.7751441383728379
0.8609865470852018
0.8414477898782832
0.9061499039077514
0.8263933376040999
0.8997437540038437
0.8894939141575913
0.9276105060858424
0.8760409993593851
0.7793081358103779
0.8680333119795003
0.7815502882767457
0.8097373478539398
0.795003203074952
0.8350416399743754
0.9109545163356823
0.6838565022421524
0.8257527226137091
0.9007046764894299
0.8433696348494555
0.8914157591287636
0.7732222934016656
0.8212684176809737
0.9042280589365791
0.7889173606662396
0.8283151825752723
0.7584881486226778
0.819026265214606
0.887572069186419
0.9125560538116592
0.8139013452914798
0.840486867392697
0.8645099295323511
0.8334401024983985
0.8593850096092248
0.7626521460602178
0.860345932094811
0.8539397821909033
0.8907751441383729
0.83055733504164
0.7632927610506086
0.9202434336963485
0.7418321588725176
0.7946828955797566
0.8529788597053171
0.7184497117232543
0.8321588725176169
0.8270339525944908
0.7793081358103779
0.7773862908392056
0.8203074951953876
0.948750800768738
0.7994875080076874
0.8440102498398463
0.7270980140935298
0.7684176809737348
0.840486867392697
0.7978859705317104
0.8161434977578476
0.7107623318385651
0.8315182575272262
0.7517616912235746
0.852017937219731
0.7270980140935298
0.8363228699551569
0.9385009609224856
0.7748238308776425
0.8106982703395259
0.8971812940422806
0.8081358103779629
0.8058936579115952
0.8350416399743754
0.8609865470852018
0.7972453555413197
0.8795643818065343
0.9000640614990391
0.8975016015374759
0.8705957719410634
0.8103779628443306
0.8161434977578476
0.7610506085842409
0.7809096732863549
0.8779628443305574
0.8923766816143498
0.7655349135169763
0.7168481742472774
0.8593850096092248
0.8770019218449712
0.6960281870595771
0.7844330557335042
0.7626521460602178
0.8353619474695708
0.8987828315182576
0.7232543241511852
0.842088404868674
0.8081358103779629
0.8062139654067905
0.5275464445868033
0.8052530429212044
0.8433696348494555
0.8295964125560538
0.8263933376040999
0.726457399103139
0.787636130685458
0.813260730301089
0.8747597693786034
0.809096732863549
0.8930172966047405
0.7530429212043562
0.8430493273542601
0.732222934016656
0.7536835361947469
0.8725176169122357
0.8167841127482383
0.7504804612427931
0.8139013452914798
0.7911595131326074
0.8491351697629724
0.7805893657911596
0.8235105701473414
0.6844971172325433
0.7626521460602178
0.7793081358103779
0.21300448430493274
0.7648942985265855
0.8872517616912236
0.9490711082639334
0.7757847533632287
0.8613068545803971
0.842088404868674
0.8440102498398463
0.9080717488789237
0.7017937219730942
0.8939782190903267
0.9628443305573351
0.8814862267777066
0.7203715566944267
0.6822549647661755
0.7821909032671365
0.8344010249839846
0.759449071108264
0.8100576553491352
0.924727738629084
0.8100576553491352
0.8081358103779629
0.824791800128123
0.8552210121716848
0.6044202434336964
0.8946188340807175
0.8078155028827675
0.7085201793721974
0.9138372837924408
0.8344010249839846
0.874439461883408
0.8962203715566944
0.7831518257527226
0.75208199871877
0.8475336322869955
0.8068545803971813
0.7017937219730942
0.870275464445868
0.8222293401665599
0.9183215887251762
0.8106982703395259
0.777706598334401
0.6053811659192825
0.6851377322229341
0.7895579756566303
0.5387572069186419
0.7459961563100577
0.8398462524023063
0.8430493273542601
0.6386931454196029
0.8683536194746957
0.7754644458680333
0.6976297245355542
0.7475976937860346
0.7072389493914157
0.9106342088404868
0.8010890454836643
0.7700192184497118
0.8523382447149264
0.6607943625880845
0.7978859705317104
0.8238308776425368
0.8494554772581678
0.8295964125560538
0.8286354900704677
0.8337604099935938
0.2319026265214606
0.8366431774503523
0.8183856502242153
0.8590647021140295
0.9083920563741191
0.8081358103779629
0.7270980140935298
0.8167841127482383
0.7857142857142857
0.8340807174887892
0.7786675208199871
0.7892376681614349
0.9119154388212685
0.7690582959641256
0.7591287636130686
0.9077514413837284
0.8058936579115952
0.8283151825752723
0.8315182575272262
0.8283151825752723
0.8135810377962844
0.8555413196668802
0.232222934016656
0.874439461883408
0.9497117232543242
0.6342088404868674
0.7078795643818065
0.9189622037155669
0.8331197950032031
0.8062139654067905
0.7882767456758488
0.8071748878923767
0.8068545803971813
0.8667520819987188
0.6207559256886611
0.7969250480461243
0.8279948750800769
0.8203074951953876
0.8789237668161435
0.7889173606662396
0.809096732863549
0.816463805253043
0.7392696989109545
0.7584881486226778
0.8122998078155029
0.9106342088404868
0.7796284433055733
0.7642536835361947
0.823190262652146
0.7866752081998719
0.7664958360025624
0.8014093529788597
0.8475336322869955
0.8942985265855221
0.7671364509929532
0.7930813581037797
0.8251121076233184
0.7738629083920564
0.860345932094811
0.8853299167200512
0.816463805253043
0.8613068545803971
0.8046124279308136
0.7078795643818065
0.8891736066623959
0.9458680333119796
0.83055733504164
0.6870595771941064
0.8257527226137091
0.7978859705317104
0.7946828955797566
0.8971812940422806
0.8587443946188341
0.8629083920563742
0.8965406790518898
0.7491992312620115
0.7629724535554132
0.7274183215887252
0.8433696348494555
0.8901345291479821
0.777706598334401
0.83055733504164
0.7700192184497118
0.809096732863549
0.83055733504164
0.8228699551569507
0.7556053811659192
0.7315823190262652
0.9061499039077514
0.8891736066623959
0.7376681614349776
0.8331197950032031
0.8600256245996156
0.7982062780269058
0.8212684176809737
0.8385650224215246
0.7789878283151825
0.8952594490711082
0.9196028187059577
0.8568225496476618
0.877642536835362
0.8542600896860987
0.7498398462524023
0.8007687379884689
0.659513132607303
0.7978859705317104
0.6335682254964766
0.7911595131326074
0.8139013452914798
0.9407431133888533
0.827354260089686
0.891736066623959
0.8129404228058936
0.8709160794362588
0.8657911595131326
0.8497757847533632
0.7879564381806534
0.8696348494554773
0.8850096092248558
0.7930813581037797
0.8664317745035234
0.8750800768737989
0.8657911595131326
0.8363228699551569
0.8590647021140295
0.8007687379884689
0.8308776425368354
0.8087764253683536
0.8638693145419603
0.7194106342088404
0.8648302370275465
0.8385650224215246
0.8949391415759129
0.9019859064702114
0.8664317745035234
0.9045483664317745
0.8491351697629724
0.8808456117873158
0.8443305573350416
0.8955797565663036
0.8212684176809737
0.8209481101857784
0.7796284433055733
0.7767456758488148
0.887572069186419
0.8014093529788597
0.9103139013452914
0.7274183215887252
0.7969250480461243
0.7946828955797566
0.8952594490711082
0.7274183215887252
0.8635490070467648
0.8721973094170403
0.7796284433055733
0.799167200512492
0.8789237668161435
0.9221652786675208
0.6931454196028187
0.8062139654067905
0.7828315182575273
0.8135810377962844
0.8693145419602819
0.9122357463164638
0.8731582319026265
0.74375400384369
0.8472133247918001
0.7475976937860346
0.850416399743754
0.8212684176809737
0.8363228699551569
0.6370916079436258
0.931454196028187
0.7789878283151825
0.7498398462524023
0.6633568225496477
0.7866752081998719
0.8078155028827675
0.799167200512492
0.7780269058295964
0.7572069186418963
0.7530429212043562
0.8324791800128123
0.9157591287636131
0.7626521460602178
0.7303010890454836
0.8597053171044202
0.7373478539397822
0.7194106342088404
0.9154388212684177
0.8324791800128123
0.804932735426009
0.8641896220371557
0.9378603459320948
0.816463805253043
0.7242152466367713
0.8705957719410634
0.8295964125560538
0.931454196028187
0.8260730301089045
0.7767456758488148
0.7793081358103779
0.7040358744394619
0.8087764253683536
0.8385650224215246
0.7962844330557335
0.7613709160794363
0.8914157591287636
0.8657911595131326
0.7392696989109545
0.7530429212043562
0.8087764253683536
0.7604099935938501
0.8241511851377322
0.8721973094170403
0.7719410634208841
0.7969250480461243
0.842088404868674
0.8581037796284433
0.8549007046764894
0.8167841127482383
0.8395259449071109
0.8276745675848814
0.8606662395900064
0.8824471492632927
0.7892376681614349
0.8971812940422806
0.7389493914157591
0.8635490070467648
0.7716207559256887
0.9042280589365791
0.7360666239590007
0.767777065983344
0.8677130044843049
0.8254324151185137
0.8635490070467648
0.7946828955797566
0.8449711723254324
0.9304932735426009
0.895900064061499
0.8766816143497758
0.8834080717488789
0.8174247277386291
0.8920563741191544
0.8526585522101218
0.8369634849455477
0.7232543241511852
0.7328635490070468
0.8270339525944908
0.8026905829596412
0.819026265214606
0.8456117873158232
0.7267777065983344
0.6787315823190263
0.7745035233824471
0.783472133247918
0.8436899423446509
0.7937219730941704
0.7319026265214607
0.8254324151185137
0.7530429212043562
0.7459961563100577
0.8055733504163998
0.8600256245996156
0.8635490070467648
0.7911595131326074
0.8484945547725817
0.7623318385650224
0.7940422805893658
0.7098014093529789
0.8427290198590647
0.8139013452914798
0.8215887251761691
0.7831518257527226
0.7508007687379885
0.7844330557335042
0.8267136450992953
0.7844330557335042
0.8942985265855221
0.8360025624599615
0.8321588725176169
0.7892376681614349
0.8830877642536835
0.5970531710442024
0.8180653427290199
0.7309417040358744
0.7459961563100577
0.8456117873158232
0.8994234465086482
0.9349775784753364
0.8318385650224215
0.8577834721332479
0.8923766816143498
0.92152466367713
0.7767456758488148
0.7367072389493914
0.7805893657911596
0.7716207559256887
0.8251121076233184
0.8497757847533632
0.7286995515695067
0.6905829596412556
0.6764894298526586
0.8987828315182576
0.8542600896860987
0.7812299807815503
0.8526585522101218
0.7818705957719411
0.7456758488148623
0.8193465727098014
0.8952594490711082
0.7927610506085843
0.8565022421524664
0.700832799487508
0.9333760409993593
0.8689942344650865
0.8129404228058936
0.8366431774503523
0.7655349135169763
0.8174247277386291
0.7315823190262652
0.7994875080076874
0.7639333760409993
0.8481742472773863
0.7722613709160794
0.809096732863549
0.8741191543882126
0.6912235746316464
0.6812940422805893
0.8613068545803971
0.7059577194106342
0.8235105701473414
0.8622677770659833
0.7866752081998719
0.848814862267777
0.7898782831518257
0.7376681614349776
0.8398462524023063
0.763613068545804
0.7386290839205637
0.7895579756566303
0.8106982703395259
0.8350416399743754
0.8241511851377322
0.9125560538116592
0.8843689942344651
0.8568225496476618
0.7882767456758488
0.8126201153106982
0.8622677770659833
0.8709160794362588
0.8862908392056374
0.8376040999359385
0.7793081358103779
0.8078155028827675
0.7844330557335042
0.8478539397821909
0.7597693786034593
0.7994875080076874
0.7873158231902626
0.8203074951953876
0.7290198590647021
0.8452914798206278
0.8334401024983985
0.7370275464445868
0.8625880845611787
0.8363228699551569
0.7982062780269058
0.7946828955797566
0.7725816784112748
0.8062139654067905
0.7921204356181935
0.8110185778347213
0.8122998078155029
0.8427290198590647
0.8718770019218449
0.9372197309417041
0.7940422805893658
0.737988468930173
0.819026265214606
0.7370275464445868
0.8106982703395259
0.8699551569506726
0.9263292761050609
0.8225496476617553
0.7517616912235746
0.8363228699551569
0.8436899423446509
0.9000640614990391
0.7885970531710442
0.8478539397821909
0.8936579115951313
0.7616912235746316
0.7911595131326074
0.83888532991672
0.8545803971812941
0.8770019218449712
0.8065342729019859
0.903267136450993
0.7187700192184497
0.9343369634849455
0.1806534272901986
0.7962844330557335
0.18705957719410635
0.7985265855221012
0.7994875080076874
0.8975016015374759
0.8484945547725817
0.766175528507367
0.8747597693786034
0.8686739269698911
0.7754644458680333
0.9112748238308777
0.8500960922485586
0.7142857142857143
0.7360666239590007
0.700832799487508
0.9109545163356823
0.6848174247277387
0.8366431774503523
0.8116591928251121
0.767777065983344
0.8254324151185137
0.8292761050608585
0.8324791800128123
0.8142216527866752
0.7757847533632287
0.8148622677770659
0.8366431774503523
0.7725816784112748
0.9087123638693145
0.7978859705317104
0.8856502242152466
0.8449711723254324
0.8411274823830878
0.7754644458680333
0.8939782190903267
0.7885970531710442
0.7674567584881486
0.7998078155028827
0.7978859705317104
0.804932735426009
0.8318385650224215
0.7934016655989751
0.9352978859705318
0.8574631646380525
0.8651505445227419
0.8975016015374759
0.9301729660474055
0.7748238308776425
0.8353619474695708
0.9071108263933376
0.887572069186419
0.6374119154388213
0.8773222293401666
0.8318385650224215
0.9067905188981422
0.8103779628443306
0.7783472133247918
0.907431133888533
0.7857142857142857
0.8055733504163998
0.7668161434977578
0.8565022421524664
0.8023702754644458
0.7831518257527226
0.8321588725176169
0.643818065342729
0.7508007687379885
0.8004484304932735
0.8565022421524664
0.783472133247918
0.7821909032671365
0.7386290839205637
0.8235105701473414
0.7303010890454836
0.9263292761050609
0.8805253042921204
0.9000640614990391
0.8629083920563742
0.8055733504163998
0.860345932094811
0.8155028827674567
0.8696348494554773
0.83888532991672
0.8472133247918001
0.20243433696348495
0.8302370275464446
0.7690582959641256
0.7828315182575273
0.7853939782190903
0.8885329916720052
0.7488789237668162
0.6973094170403588
0.7841127482383088
0.8622677770659833
0.7696989109545164
0.8196668802049968
0.8327994875080077
0.7415118513773222
0.891736066623959
0.7895579756566303
0.763613068545804
0.7572069186418963
0.8869314541960281
0.8014093529788597
0.8664317745035234
0.8177450352338245
0.7299807815502882
0.7181294042280589
0.7860345932094811
0.7399103139013453
0.7642536835361947
0.7652146060217809
0.7748238308776425
0.7885970531710442
0.7901985906470211
0.8350416399743754
0.7892376681614349
0.7174887892376681
0.7475976937860346
0.844650864830237
0.9013452914798207
0.9477898782831519
0.7453555413196669
0.8581037796284433
0.6681614349775785
0.8885329916720052
0.7341447789878283
0.9096732863549007
0.870275464445868
0.7658552210121717
0.8270339525944908
0.8468930172966047
0.8071748878923767
0.8946188340807175
0.9096732863549007
0.7793081358103779
0.9071108263933376
0.8106982703395259
0.8078155028827675
0.7761050608584241
0.9055092889173607
0.795003203074952
0.923126201153107
0.7924407431133889
0.850416399743754
0.8017296604740551
0.8949391415759129
0.7546444586803331
0.7575272261370916
0.8116591928251121
0.8718770019218449
0.7616912235746316
0.24311338885329917
0.8401665598975016
0.8036515054452275
0.9234465086483024
0.856181934657271
0.8507367072389493
0.8372837924407431
0.8904548366431775
0.7690582959641256
0.8651505445227419
0.7600896860986547
0.8203074951953876
0.8699551569506726
0.8853299167200512
0.8632286995515696
0.8449711723254324
0.7367072389493914
0.7892376681614349
0.8609865470852018
0.8955797565663036
0.8215887251761691
0.8071748878923767
0.83888532991672
0.8763613068545804
0.8424087123638693
0.8513773222293401
0.8712363869314542
0.7527226137091608
0.8904548366431775
0.8087764253683536
0.8071748878923767
0.730621396540679
0.8135810377962844
0.8686739269698911
0.824791800128123
0.7383087764253684
0.8606662395900064
0.8398462524023063
0.7277386290839206
0.8036515054452275
0.7796284433055733
0.7789878283151825
0.9163997437540038
0.7610506085842409
0.7270980140935298
0.8155028827674567
0.7696989109545164
0.8689942344650865
0.8340807174887892
0.7853939782190903
0.7709801409352979
0.742152466367713
0.7543241511851377
0.7684176809737348
0.9301729660474055
0.8267136450992953
0.7959641255605381
0.7866752081998719
0.7418321588725176
0.7847533632286996
0.819026265214606
0.8084561178731582
0.7866752081998719
0.7351057014734145
0.8356822549647662
0.8263933376040999
0.8978219090326713
0.8904548366431775
0.8334401024983985
0.9090326713645099
0.7527226137091608
0.8555413196668802
0.7956438180653427
0.8491351697629724
0.8046124279308136
0.7671364509929532
0.8782831518257527
0.7812299807815503
0.8920563741191544
0.7053171044202434
0.8030108904548366
0.8254324151185137
0.7972453555413197
0.8773222293401666
0.759449071108264
0.899103139013453
0.8276745675848814
0.8926969891095452
0.8811659192825112
0.8808456117873158
0.8289557975656631
0.7251761691223575
0.7059577194106342
0.7780269058295964
0.8795643818065343
0.8065342729019859
0.9119154388212685
0.8225496476617553
0.9029468289557976
0.8106982703395259
0.9010249839846253
0.8366431774503523
0.8529788597053171
0.8228699551569507
0.8379244074311338
0.8318385650224215
0.7216527866752082
0.8507367072389493
0.732222934016656
0.7953235105701474
0.8616271620755925
0.9013452914798207
0.7463164638052531
0.8260730301089045
0.8215887251761691
0.8532991672005125
0.7328635490070468
0.8798846893017297
0.8106982703395259
0.7690582959641256
0.9180012812299808
0.7559256886611146
0.8183856502242153
0.9093529788597053
0.8267136450992953
0.7626521460602178
0.686739269698911
0.75624599615631
0.7812299807815503
0.7450352338244715
0.7110826393337604
0.7319026265214607
0.8177450352338245
0.9452274183215887
0.8110185778347213
0.8042921204356182
0.816463805253043
0.8392056374119155
0.8869314541960281
0.8385650224215246
0.7312620115310698
0.8923766816143498
0.7745035233824471
0.8308776425368354
0.8436899423446509
0.91736066623959
0.657911595131326
0.8145419602818706
0.8962203715566944
0.7966047405509289
0.813260730301089
0.8472133247918001
0.8286354900704677
0.6921844971172325
0.7818705957719411
0.8747597693786034
0.7312620115310698
0.8353619474695708
0.7549647661755285
0.6620755925688662
0.740550928891736
0.9183215887251762
0.8110185778347213
0.8558616271620756
0.8725176169122357
0.8638693145419603
0.8283151825752723
0.7844330557335042
0.9157591287636131
0.787636130685458
0.7809096732863549
0.7136450992953235
0.8171044202434337
0.8395259449071109
0.8731582319026265
0.8430493273542601
0.7825112107623319
0.2517616912235746
0.8770019218449712
0.6854580397181294
0.8600256245996156
0.8907751441383729
0.6995515695067265
0.7434336963484945
0.8142216527866752
0.8443305573350416
0.7966047405509289
0.8030108904548366
0.8795643818065343
0.7488789237668162
0.7930813581037797
0.91319666880205
0.7985265855221012
0.8283151825752723
0.9000640614990391
0.8629083920563742
0.9003843689942345
0.8856502242152466
0.7495195387572069
0.8539397821909033
0.8741191543882126
0.8898142216527867
0.9253683536194747
0.766175528507367
0.9147982062780269
0.7328635490070468
0.7738629083920564
0.7315823190262652
0.21812940422805893
0.8081358103779629
0.8203074951953876
0.7213324791800129
0.8376040999359385
0.7546444586803331
0.8251121076233184
0.850416399743754
0.6957078795643818
0.7988468930172966
0.7828315182575273
0.8834080717488789
0.7575272261370916
0.7504804612427931
0.8648302370275465
0.7014734144778988
0.7767456758488148
0.795003203074952
0.8356822549647662
0.6992312620115311
0.8023702754644458
0.8311979500320308
0.7863549007046765
0.8590647021140295
0.7841127482383088
0.850416399743754
0.787636130685458
0.844650864830237
0.8638693145419603
0.7982062780269058
0.844650864830237
0.7190903267136451
0.8046124279308136
0.7966047405509289
0.8174247277386291
0.783472133247918
0.7764253683536195
0.8882126841768098
0.8276745675848814
0.8968609865470852
0.7706598334401025
0.8763613068545804
0.9023062139654068
0.7978859705317104
0.8456117873158232
0.7331838565022422
0.7668161434977578
0.8696348494554773
0.7751441383728379
0.8465727098014093
0.8728379244074311
0.7767456758488148
0.8987828315182576
0.8696348494554773
0.8481742472773863
0.7296604740550929
0.8523382447149264
0.8971812940422806
0.8039718129404229
0.844650864830237
0.7559256886611146
0.7873158231902626
0.891736066623959
0.7857142857142857
0.7943625880845612
0.7450352338244715
0.7809096732863549
0.8350416399743754
0.6313260730301089
0.8581037796284433
0.7725816784112748
0.75624599615631
0.9051889814221653
0.7745035233824471
0.819026265214606
0.8292761050608585
0.8587443946188341
0.7930813581037797
0.8353619474695708
0.7360666239590007
0.8686739269698911
0.8174247277386291
0.8449711723254324
0.7934016655989751
0.7600896860986547
0.8295964125560538
0.8360025624599615
0.923126201153107
0.7940422805893658
0.8244714926329276
0.8837283792440743
0.8106982703395259
0.8103779628443306
0.7898782831518257
0.8926969891095452
0.8670723894939142
0.75624599615631
0.846252402306214
0.9256886611146701
0.8942985265855221
0.8007687379884689
0.7149263292761051
0.8366431774503523
0.7719410634208841
0.7898782831518257
0.8766816143497758
0.8741191543882126
0.8023702754644458
0.7296604740550929
0.8193465727098014
0.8683536194746957
0.7773862908392056
0.8408071748878924
0.8853299167200512
0.7434336963484945
0.8542600896860987
0.813260730301089
0.7972453555413197
0.8058936579115952
0.8327994875080077
0.7802690582959642
0.8939782190903267
0.7671364509929532
0.7940422805893658
0.7270980140935298
0.7767456758488148
0.8007687379884689
0.8110185778347213
0.8401665598975016
0.8267136450992953
0.8513773222293401
0.9125560538116592
0.7850736707238949
0.8516976297245356
0.9509929532351057
0.8417680973734786
0.8327994875080077
0.7504804612427931
0.8337604099935938
0.22485586162716206
0.8424087123638693
0.803331197950032
0.8465727098014093
0.8001281229980781
0.8055733504163998
0.799167200512492
0.7399103139013453
0.7040358744394619
0.8440102498398463
0.8103779628443306
0.8344010249839846
0.7565663036515055
0.8161434977578476
0.8116591928251121
0.7905188981422165
0.7767456758488148
0.23766816143497757
0.9093529788597053
0.8113388853299167
0.7370275464445868
0.7575272261370916
0.7075592568866111
0.8299167200512492
0.8129404228058936
0.8113388853299167
0.769378603459321
0.8155028827674567
0.809096732863549
0.8036515054452275
0.6374119154388213
0.9000640614990391
0.7700192184497118
0.8456117873158232
0.8318385650224215
0.8910954516335682
0.8484945547725817
0.7604099935938501
0.8545803971812941
0.7969250480461243
0.7927610506085843
0.7783472133247918
0.8321588725176169
0.7325432415118514
0.8363228699551569
0.6723254324151186
0.7930813581037797
0.8411274823830878
0.7309417040358744
0.777706598334401
0.8600256245996156
0.7303010890454836
0.7181294042280589
0.9039077514413837
0.7882767456758488
0.9048686739269699
0.8888532991672005
0.8600256245996156
0.7857142857142857
0.7748238308776425
0.700832799487508
0.7879564381806534
0.7988468930172966
0.8270339525944908
0.7312620115310698
0.9410634208840487
0.9013452914798207
0.783472133247918
0.83472133247918
0.83472133247918
0.83888532991672
0.856181934657271
0.8084561178731582
0.8004484304932735
0.7985265855221012
0.7216527866752082
0.8196668802049968
0.7626521460602178
0.8545803971812941
0.8174247277386291
0.8026905829596412
0.7440743113388854
0.763613068545804
0.7488789237668162
0.9250480461242793
0.7946828955797566
0.7828315182575273
0.9007046764894299
0.8770019218449712
0.8619474695707879
0.8148622677770659
0.9513132607303011
0.938821268417681
0.232222934016656
0.8571428571428571
0.8456117873158232
0.7700192184497118
0.8183856502242153
0.6985906470211403
0.7879564381806534
0.8500960922485586
0.881806534272902
0.8699551569506726
0.8484945547725817
0.7600896860986547
0.7783472133247918
0.7885970531710442
0.8209481101857784
0.8619474695707879
0.8670723894939142
0.7994875080076874
0.8187059577194107
0.7472773862908392
0.8292761050608585
0.8203074951953876
0.7504804612427931
0.7533632286995515
0.8110185778347213
0.7235746316463805
0.8657911595131326
0.7456758488148623
0.7812299807815503
0.7943625880845612
0.934657270980141
0.8491351697629724
0.8177450352338245
0.9106342088404868
0.7850736707238949
0.9657270980140935
0.7408712363869314
0.8382447149263292
0.8055733504163998
0.8139013452914798
0.7703395259449071
0.8180653427290199
0.8667520819987188
0.8673926969891096
0.766175528507367
0.709160794362588
0.9304932735426009
0.8353619474695708
0.8942985265855221
0.8158231902626522
0.7392696989109545
0.7453555413196669
0.8215887251761691
0.8898142216527867
0.9023062139654068
0.7136450992953235
0.83888532991672
0.7229340166559898
0.7716207559256887
0.8843689942344651
0.8254324151185137
0.7841127482383088
0.8360025624599615
0.7328635490070468
0.8279948750800769
0.8869314541960281
0.8392056374119155
0.7770659833440102
0.7882767456758488
0.7533632286995515
0.7946828955797566
0.7200512491992312
0.8327994875080077
0.7745035233824471
0.7632927610506086
0.6777706598334401
0.7652146060217809
0.7764253683536195
0.8023702754644458
0.8715566944266496
0.8193465727098014
0.7994875080076874
0.7696989109545164
0.83888532991672
0.8481742472773863
0.7700192184497118
0.7722613709160794
0.7921204356181935
0.7892376681614349
0.7543241511851377
0.7805893657911596
0.8145419602818706
0.787636130685458
0.8808456117873158
0.7898782831518257
0.8593850096092248
0.8331197950032031
0.8187059577194107
0.6700832799487508
0.8456117873158232
0.8792440743113389
0.6380525304292121
0.8971812940422806
0.7802690582959642
0.7745035233824471
0.8878923766816144
0.8891736066623959
0.6992312620115311
0.8513773222293401
0.8494554772581678
0.7687379884689302
0.7146060217809097
0.742152466367713
0.7309417040358744
0.8068545803971813
0.8430493273542601
0.844650864830237
0.7825112107623319
0.7754644458680333
0.737988468930173
0.7793081358103779
0.8126201153106982
0.8798846893017297
0.8619474695707879
0.7168481742472774
0.7219730941704036
0.8139013452914798
0.8478539397821909
0.827354260089686
0.8286354900704677
0.7674567584881486
0.9679692504804612
0.7847533632286996
0.7527226137091608
0.7869955156950673
0.899103139013453
0.8106982703395259
0.7866752081998719
0.7927610506085843
0.8030108904548366
0.9064702114029468
0.83055733504164
0.8994234465086482
0.7716207559256887
0.7972453555413197
0.773542600896861
0.8010890454836643
0.8286354900704677
0.8930172966047405
0.7713004484304933
0.803331197950032
0.8568225496476618
0.7434336963484945
0.8081358103779629
0.733824471492633
0.6742472773862909
0.813260730301089
0.7655349135169763
0.9023062139654068
0.8289557975656631
0.7229340166559898
0.7568866111467009
0.8324791800128123
0.8894939141575913
0.8414477898782832
0.6925048046124279
0.8545803971812941
0.8369634849455477
0.7450352338244715
0.8574631646380525
0.909993593850096
0.7386290839205637
0.8754003843689943
0.8100576553491352
0.8225496476617553
0.7956438180653427
0.7738629083920564
0.9176809737347854
0.7533632286995515
0.9000640614990391
0.9039077514413837
0.7498398462524023
0.7982062780269058
0.7270980140935298
0.8667520819987188
0.8872517616912236
0.8475336322869955
0.8978219090326713
0.8167841127482383
0.8773222293401666
0.8830877642536835
0.8369634849455477
0.8481742472773863
0.7696989109545164
0.8222293401665599
0.8331197950032031
0.7994875080076874
0.7869955156950673
0.7882767456758488
0.8238308776425368
0.7809096732863549
0.8965406790518898
0.8327994875080077
0.8433696348494555
0.8568225496476618
0.8193465727098014
0.8225496476617553
0.8379244074311338
0.7719410634208841
0.7786675208199871
0.8363228699551569
0.766175528507367
0.8693145419602819
0.8997437540038437
0.887572069186419
0.8891736066623959
0.8968609865470852
0.8468930172966047
0.7645739910313901
0.7572069186418963
0.8821268417680974
0.809096732863549
0.8148622677770659
0.8126201153106982
0.8587443946188341
0.8526585522101218
0.8946188340807175
0.8113388853299167
0.7812299807815503
0.844650864830237
0.8321588725176169
0.8837283792440743
0.8500960922485586
0.891736066623959
0.8324791800128123
0.7850736707238949
0.9333760409993593
0.7786675208199871
0.8433696348494555
0.766175528507367
0.7440743113388854
0.7745035233824471
0.8279948750800769
0.8933376040999359
0.75208199871877
0.7953235105701474
0.8148622677770659
0.7713004484304933
0.8036515054452275
0.8174247277386291
0.8030108904548366
0.7789878283151825
0.7946828955797566
0.8171044202434337
0.8344010249839846
0.7293401665598975
0.8440102498398463
0.8135810377962844
0.8949391415759129
0.8398462524023063
0.8334401024983985
0.8516976297245356
0.8318385650224215
0.9378603459320948
0.923126201153107
0.7802690582959642
0.8222293401665599
0.8529788597053171
0.8571428571428571
0.8468930172966047
0.8292761050608585
0.8568225496476618
0.7286995515695067
0.7869955156950673
0.8295964125560538
0.737988468930173
0.852017937219731
0.8846893017296604
0.7857142857142857
0.7450352338244715
0.8321588725176169
0.8513773222293401
0.8142216527866752
0.7687379884689302
0.8814862267777066
0.8920563741191544
0.8379244074311338
0.8286354900704677
0.6864189622037156
0.7966047405509289
0.8549007046764894
0.8129404228058936
0.8923766816143498
0.8235105701473414
0.7879564381806534
0.8017296604740551
0.7809096732863549
0.8786034593209481
0.742152466367713
0.8318385650224215
0.8955797565663036
0.9039077514413837
0.7367072389493914
0.809096732863549
0.8424087123638693
0.7741832158872518
0.7491992312620115
0.8139013452914798
0.8683536194746957
0.7924407431133889
0.8129404228058936
0.7274183215887252
0.8158231902626522
0.8228699551569507
0.881806534272902
0.7998078155028827
0.8930172966047405
0.8302370275464446
0.7978859705317104
0.7869955156950673
0.8135810377962844
0.8235105701473414
0.676809737347854
0.8155028827674567
0.7703395259449071
0.803331197950032
0.8539397821909033
0.8260730301089045
0.8289557975656631
0.8209481101857784
0.7629724535554132
0.8289557975656631
0.7280589365791159
0.8382447149263292
0.7924407431133889
0.7802690582959642
0.850416399743754
0.8180653427290199
0.8968609865470852
0.8155028827674567
0.7600896860986547
0.8353619474695708
0.7604099935938501
0.75208199871877
0.8122998078155029
0.7616912235746316
0.9295323510570147
0.83472133247918
0.8500960922485586
0.9048686739269699
0.7696989109545164
0.8536194746957079
0.8952594490711082
0.8001281229980781
0.9580397181294042
0.7360666239590007
0.7901985906470211
0.9285714285714286
0.8424087123638693
0.9122357463164638
0.8667520819987188
0.7504804612427931
0.5509288917360666
0.9202434336963485
0.8532991672005125
0.7652146060217809
0.8203074951953876
0.824791800128123
0.8366431774503523
0.8975016015374759
0.762011531069827
0.7290198590647021
0.8215887251761691
0.7655349135169763
0.7959641255605381
0.7639333760409993
0.6886611146700833
0.7998078155028827
0.787636130685458
0.8459320948110186
0.8094170403587444
0.8010890454836643
0.8866111467008329
0.8151825752722613
0.7844330557335042
0.7770659833440102
0.9285714285714286
0.75624599615631
0.7591287636130686
0.8798846893017297
0.8529788597053171
0.823190262652146
0.8270339525944908
0.7517616912235746
0.8225496476617553
0.9019859064702114
0.7770659833440102
0.8007687379884689
0.8257527226137091
0.8837283792440743
0.8481742472773863
0.8151825752722613
0.7799487508007688
0.795003203074952
0.8372837924407431
0.7940422805893658
0.7857142857142857
0.846252402306214
0.8286354900704677
0.8263933376040999
0.8001281229980781
0.8997437540038437
0.8100576553491352
0.8187059577194107
0.6713645099295323
0.7658552210121717
0.8536194746957079
0.7117232543241512
0.7488789237668162
0.7857142857142857
0.8872517616912236
0.8356822549647662
0.7940422805893658
0.8331197950032031
0.8363228699551569
0.8898142216527867
0.8411274823830878
0.8026905829596412
0.7565663036515055
0.7373478539397822
0.8465727098014093
0.891736066623959
0.8814862267777066
0.9170403587443946
0.7280589365791159
0.8869314541960281
0.9205637411915438
0.8814862267777066
0.9244074311338886
0.7648942985265855
0.7786675208199871
0.8750800768737989
0.8158231902626522
0.8696348494554773
0.8846893017296604
0.9010249839846253
0.8376040999359385
0.7914798206278026
0.8097373478539398
0.7632927610506086
0.8263933376040999
0.7632927610506086
0.8084561178731582
0.716527866752082
0.7924407431133889
0.7831518257527226
0.7684176809737348
0.7194106342088404
0.7895579756566303
0.8155028827674567
0.7309417040358744
0.8468930172966047
0.7053171044202434
0.8286354900704677
0.8811659192825112
0.7956438180653427
0.852017937219731
0.7290198590647021
0.8017296604740551
0.8613068545803971
0.8106982703395259
0.7309417040358744
0.842088404868674
0.8696348494554773
0.7857142857142857
0.8078155028827675
0.7540038436899423
0.7632927610506086
0.9580397181294042
0.7789878283151825
0.8417680973734786
0.8712363869314542
0.8212684176809737
0.8324791800128123
0.8267136450992953
0.8754003843689943
0.8792440743113389
0.8225496476617553
0.8606662395900064
0.7671364509929532
0.7312620115310698
0.8068545803971813
0.7853939782190903
0.8894939141575913
0.7828315182575273
0.8862908392056374
0.7809096732863549
0.8366431774503523
0.7453555413196669
0.8555413196668802
0.7901985906470211
0.8279948750800769
0.7978859705317104
0.823190262652146
0.8686739269698911
0.8228699551569507
0.9035874439461884
0.7937219730941704
0.7796284433055733
0.8574631646380525
0.7536835361947469
0.7789878283151825
0.8392056374119155
0.7463164638052531
0.8894939141575913
0.7399103139013453
0.8225496476617553
0.8834080717488789
0.7427930813581037
0.7588084561178732
0.9163997437540038
0.9147982062780269
0.7892376681614349
0.5003203074951954
0.2524023062139654
0.8597053171044202
0.8654708520179372
0.8920563741191544
0.8116591928251121
0.8097373478539398
0.7238949391415759
0.8286354900704677
0.8100576553491352
0.6864189622037156
0.8074951953875721
0.8805253042921204
0.9375400384368994
0.6941063420884048
0.742152466367713
0.8180653427290199
0.8638693145419603
0.7642536835361947
0.7540038436899423
0.740550928891736
0.7616912235746316
0.7940422805893658
0.860345932094811
0.8209481101857784
0.7700192184497118
0.7392696989109545
0.763613068545804
0.74375400384369
0.8635490070467648
0.7671364509929532
0.8571428571428571
0.8360025624599615
0.7290198590647021
0.8962203715566944
0.8757206918641897
0.7607303010890455
0.7319026265214607
0.9176809737347854
0.7719410634208841
0.7001921844971173
0.8036515054452275
0.7975656630365151
0.8360025624599615
0.7463164638052531
0.8321588725176169
0.6896220371556694
0.5089686098654709
0.8910954516335682
0.8645099295323511
0.8087764253683536
0.7648942985265855
0.7786675208199871
0.7466367713004485
0.8549007046764894
0.6803331197950032
0.8539397821909033
0.8574631646380525
0.8949391415759129
0.9109545163356823
0.813260730301089
0.5426008968609866
0.7213324791800129
0.6828955797565663
0.8145419602818706
0.7607303010890455
0.907431133888533
0.8542600896860987
0.8725176169122357
0.83888532991672
0.8821268417680974
0.6921844971172325
0.846252402306214
0.8657911595131326
0.8725176169122357
0.7812299807815503
0.8930172966047405
0.7504804612427931
0.763613068545804
0.8731582319026265
0.7546444586803331
0.8340807174887892
0.8827674567584881
0.6060217809096733
0.8946188340807175
0.8600256245996156
0.7210121716848175
0.8616271620755925
0.8283151825752723
0.8257527226137091
0.8212684176809737
0.6130685458039719
0.6024983984625241
0.8327994875080077
0.8545803971812941
0.8014093529788597
0.7584881486226778
0.850416399743754
0.7924407431133889
0.7238949391415759
0.8545803971812941
0.8392056374119155
0.8158231902626522
0.909993593850096
0.7921204356181935
0.856181934657271
0.8126201153106982
0.7488789237668162
0.7994875080076874
0.899103139013453
0.7873158231902626
0.7812299807815503
0.8017296604740551
0.7524023062139654
0.7033952594490711
0.8187059577194107
0.7088404868673926
0.5839205637411915
0.8103779628443306
0.8254324151185137
0.7866752081998719
0.7812299807815503
0.9048686739269699
0.9253683536194747
0.755285073670724
0.7178090967328635
0.8433696348494555
0.7885970531710442
0.7799487508007688
0.8766816143497758
0.8286354900704677
0.75624599615631
0.8302370275464446
0.8263933376040999
0.903267136450993
0.7719410634208841
0.8516976297245356
0.8840486867392697
0.7069186418962203
0.7440743113388854
0.8577834721332479
0.8411274823830878
0.7748238308776425
0.733824471492633
0.787636130685458
0.7652146060217809
0.7719410634208841
0.9003843689942345
0.6928251121076233
0.7761050608584241
0.8853299167200512
0.7796284433055733
0.8709160794362588
0.759449071108264
0.7315823190262652
0.8971812940422806
0.8763613068545804
0.7517616912235746
0.7773862908392056
0.9276105060858424
0.75208199871877
0.8709160794362588
0.7885970531710442
0.8116591928251121
0.8193465727098014
0.6982703395259449
0.7386290839205637
0.7383087764253684
0.8145419602818706
0.7434336963484945
0.7748238308776425
0.8113388853299167
0.8622677770659833
0.844650864830237
0.8151825752722613
0.935618193465727
0.8545803971812941
0.8276745675848814
0.8965406790518898
0.7059577194106342
0.803331197950032
0.7975656630365151
0.7331838565022422
0.8632286995515696
0.9051889814221653
0.8267136450992953
0.8664317745035234
0.742152466367713
0.8369634849455477
0.7837924407431134
0.6646380525304292
0.8994234465086482
0.8587443946188341
0.8475336322869955
0.7994875080076874
0.8286354900704677
0.8536194746957079
0.8491351697629724
0.7626521460602178
0.737988468930173
0.8975016015374759
0.8545803971812941
0.7645739910313901
0.9154388212684177
0.9035874439461884
0.9013452914798207
0.824791800128123
0.6095451633568225
0.7882767456758488
0.7828315182575273
0.7853939782190903
0.787636130685458
0.8004484304932735
0.8241511851377322
0.6697629724535554
0.7341447789878283
0.881806534272902
0.7892376681614349
0.8417680973734786
0.7495195387572069
0.8222293401665599
0.7668161434977578
0.6828955797565663
0.8770019218449712
0.7030749519538757
0.8946188340807175
0.7488789237668162
0.769378603459321
0.7789878283151825
0.7645739910313901
0.7415118513773222
0.7258167841127482
0.7866752081998719
0.9493914157591288
0.8494554772581678
0.7940422805893658
0.8513773222293401
0.803331197950032
0.8004484304932735
0.2033952594490711
0.8177450352338245
0.7885970531710442
0.7572069186418963
0.8106982703395259
0.790839205637412
0.6902626521460602
0.7197309417040358
0.8074951953875721
0.7943625880845612
0.7943625880845612
0.8180653427290199
0.6905829596412556
0.7149263292761051
0.7953235105701474
0.8219090326713645
0.8238308776425368
0.8151825752722613
0.8171044202434337
0.7748238308776425
0.8625880845611787
0.9090326713645099
0.757847533632287
0.8472133247918001
0.844650864830237
0.8289557975656631
0.9250480461242793
0.7059577194106342
0.773542600896861
0.8456117873158232
0.9730941704035875
0.8119795003203075
0.901665598975016
0.8923766816143498
0.8036515054452275
0.7373478539397822
0.8219090326713645
0.7796284433055733
0.7632927610506086
0.7645739910313901
0.8773222293401666
0.8481742472773863
0.8866111467008329
0.8619474695707879
0.8805253042921204
0.8286354900704677
0.7664958360025624
0.8199871877001922
0.8894939141575913
0.8382447149263292
0.8481742472773863
0.83888532991672
0.8299167200512492
0.8142216527866752
0.9051889814221653
0.7235746316463805
0.8802049967969251
0.8203074951953876
0.9381806534272902
0.7341447789878283
0.8699551569506726
0.75208199871877
0.6633568225496477
0.736386931454196
0.8286354900704677
0.8920563741191544
0.8065342729019859
0.7869955156950673
0.8177450352338245
0.5640614990390775
0.7114029468289558
0.9218449711723254
0.7927610506085843
0.8004484304932735
0.7972453555413197
0.8225496476617553
0.7761050608584241
0.8065342729019859
0.9237668161434978
0.7120435618193466
0.7229340166559898
0.8254324151185137
0.8385650224215246
0.846252402306214
0.8042921204356182
0.75624599615631
0.7536835361947469
0.8151825752722613
0.8052530429212044
0.7174887892376681
0.7280589365791159
0.8129404228058936
0.9051889814221653
0.8686739269698911
0.8901345291479821
0.8846893017296604
0.8568225496476618
0.7142857142857143
0.8536194746957079
0.8315182575272262
0.9096732863549007
0.74791800128123
0.7386290839205637
0.844650864830237
0.726457399103139
0.8158231902626522
0.8641896220371557
0.7956438180653427
0.7821909032671365
0.6918641896220371
0.7373478539397822
0.7761050608584241
0.8914157591287636
0.8625880845611787
0.9452274183215887
0.7818705957719411
0.8055733504163998
0.83055733504164
0.7280589365791159
0.679372197309417
0.8491351697629724
0.8545803971812941
0.8142216527866752
0.8036515054452275
0.8436899423446509
0.7940422805893658
0.7216527866752082
0.8878923766816144
0.7613709160794363
0.6982703395259449
0.6944266495836002
0.8427290198590647
0.8686739269698911
0.8113388853299167
0.9067905188981422
0.8074951953875721
0.9013452914798207
0.8930172966047405
0.7459961563100577
0.7953235105701474
0.8619474695707879
0.9135169762972454
0.8484945547725817
0.820627802690583
0.8513773222293401
0.9349775784753364
0.8289557975656631
0.803331197950032
0.7764253683536195
0.8840486867392697
0.83888532991672
0.7623318385650224
0.7408712363869314
0.8094170403587444
0.791800128122998
0.907431133888533
0.8244714926329276
0.8497757847533632
0.7328635490070468
0.8228699551569507
0.7101217168481743
0.777706598334401
0.773542600896861
0.6675208199871877
0.7921204356181935
0.742152466367713
0.8103779628443306
0.8443305573350416
0.8244714926329276
0.891736066623959
0.8010890454836643
0.7722613709160794
0.7994875080076874
0.7299807815502882
0.6598334401024984
0.7780269058295964
0.7732222934016656
0.850416399743754
0.8110185778347213
0.6931454196028187
0.8693145419602819
0.7975656630365151
0.8500960922485586
0.9042280589365791
0.8212684176809737
0.8196668802049968
0.7831518257527226
0.8773222293401666
0.8071748878923767
0.816463805253043
0.8324791800128123
0.8087764253683536
0.8532991672005125
0.7924407431133889
0.7315823190262652
0.9010249839846253
0.8734785393978219
0.7027546444586803
0.7943625880845612
0.8119795003203075
0.7911595131326074
0.7969250480461243
0.8558616271620756
0.790839205637412
0.8161434977578476
0.7767456758488148
0.736386931454196
0.9029468289557976
0.8949391415759129
0.8741191543882126
0.887572069186419
0.7799487508007688
0.7863549007046765
0.8257527226137091
0.9141575912876362
0.7985265855221012
0.8122998078155029
0.757847533632287
0.8475336322869955
0.7254964766175529
0.8286354900704677
0.9292120435618193
0.7408712363869314
0.7431133888532991
0.8830877642536835
0.7805893657911596
0.809096732863549
0.8565022421524664
0.8129404228058936
0.8126201153106982
0.7568866111467009
0.8898142216527867
0.816463805253043
0.844650864830237
0.8558616271620756
0.7924407431133889
0.8010890454836643
0.7645739910313901
0.8171044202434337
0.755285073670724
0.7946828955797566
0.8058936579115952
0.8417680973734786
0.7274183215887252
0.7988468930172966
0.9026265214606022
0.6659192825112108
0.7482383087764254
0.7921204356181935
0.7873158231902626
0.8078155028827675
0.8424087123638693
0.8337604099935938
0.852017937219731
0.8705957719410634
0.8459320948110186
0.8161434977578476
0.7604099935938501
0.8555413196668802
0.2588084561178732
0.8641896220371557
0.8356822549647662
0.8129404228058936
0.9042280589365791
0.8882126841768098
0.8657911595131326
0.7632927610506086
0.7696989109545164
0.9019859064702114
0.5986547085201793
0.7648942985265855
0.8295964125560538
0.8129404228058936
0.8408071748878924
0.7869955156950673
0.8914157591287636
0.7895579756566303
0.8536194746957079
0.866111467008328
0.8878923766816144
0.7463164638052531
0.8001281229980781
0.8344010249839846
0.8654708520179372
0.7395900064061499
0.7190903267136451
0.8962203715566944
0.7235746316463805
0.6354900704676489
0.8683536194746957
0.8267136450992953
0.9029468289557976
0.7745035233824471
0.7911595131326074
0.7799487508007688
0.8539397821909033
0.6617552850736708
0.7818705957719411
0.8321588725176169
0.8939782190903267
0.8632286995515696
0.7674567584881486
0.9035874439461884
0.8424087123638693
0.7674567584881486
0.7687379884689302
0.9199231262011531
0.7892376681614349
0.8334401024983985
0.7821909032671365
0.7626521460602178
0.7299807815502882
0.8481742472773863
0.8171044202434337
0.7530429212043562
0.8696348494554773
0.7277386290839206
0.8385650224215246
0.8286354900704677
0.8113388853299167
0.7914798206278026
0.6073030108904548
0.860345932094811
0.8052530429212044
0.8046124279308136
0.7565663036515055
0.8824471492632927
0.8414477898782832
0.8094170403587444
0.8106982703395259
0.7498398462524023
0.7543241511851377
0.850416399743754
0.840486867392697
0.759449071108264
0.7882767456758488
0.7517616912235746
0.8228699551569507
0.846252402306214
0.8942985265855221
0.7882767456758488
0.7351057014734145
0.8238308776425368
0.8613068545803971
0.9397821909032671
0.7511210762331838
0.7863549007046765
0.9199231262011531
0.7549647661755285
0.8536194746957079
0.8529788597053171
0.7853939782190903
0.7440743113388854
0.8629083920563742
0.8058936579115952
0.9234465086483024
0.8363228699551569
0.8568225496476618
0.8619474695707879
0.9103139013452914
0.7498398462524023
0.934657270980141
0.7235746316463805
0.7703395259449071
0.7754644458680333
0.8677130044843049
0.7600896860986547
0.8773222293401666
0.934657270980141
0.8699551569506726
0.8366431774503523
0.8142216527866752
0.8654708520179372
0.8167841127482383
0.8254324151185137
0.8244714926329276
0.8683536194746957
0.8014093529788597
0.7847533632286996
0.8440102498398463
0.8215887251761691
0.7709801409352979
0.9048686739269699
0.7584881486226778
0.8203074951953876
0.7565663036515055
0.8677130044843049
0.8814862267777066
0.7632927610506086
0.8119795003203075
0.9147982062780269
0.974375400384369
0.7254964766175529
0.8946188340807175
0.8885329916720052
0.7953235105701474
0.7572069186418963
0.8119795003203075
0.7905188981422165
0.7757847533632287
0.8952594490711082
0.7722613709160794
0.9317745035233824
0.8510570147341447
0.5932094811018578
0.8971812940422806
0.8376040999359385
0.8898142216527867
0.8395259449071109
0.6406149903907752
0.8228699551569507
0.824791800128123
0.8174247277386291
0.8760409993593851
0.7847533632286996
0.8456117873158232
0.8516976297245356
0.9096732863549007
0.20819987187700192
0.804932735426009
0.7501601537475977
0.8356822549647662
0.8475336322869955
0.8523382447149264
0.8853299167200512
0.8494554772581678
0.856181934657271
0.83055733504164
0.8203074951953876
0.8139013452914798
0.8728379244074311
0.8552210121716848
0.7293401665598975
0.9109545163356823
0.8590647021140295
0.8283151825752723
0.9000640614990391
0.8299167200512492
0.907431133888533
0.9724535554131967
0.8731582319026265
0.8750800768737989
0.8417680973734786
0.8699551569506726
0.8302370275464446
0.8645099295323511
0.8558616271620756
0.9282511210762332
0.722293401665599
0.716527866752082
0.8568225496476618
0.8635490070467648
0.8311979500320308
0.8725176169122357
0.8094170403587444
0.8452914798206278
0.8654708520179372
0.8478539397821909
0.8635490070467648
0.8270339525944908
0.8593850096092248
0.820627802690583
0.8286354900704677
0.7524023062139654
0.7616912235746316
0.933055733504164
0.8119795003203075
0.866111467008328
0.7216527866752082
0.7748238308776425
0.6893017296604741
0.7546444586803331
0.795003203074952
0.933055733504164
0.7953235105701474
0.8872517616912236
0.8619474695707879
0.8552210121716848
0.9503523382447149
0.7789878283151825
0.6057014734144779
0.8593850096092248
0.7581678411274824
0.7713004484304933
0.7911595131326074
0.7796284433055733
0.8295964125560538
0.7197309417040358
0.8468930172966047
0.7853939782190903
0.7501601537475977
0.8020499679692504
0.737988468930173
0.7946828955797566
0.8241511851377322
0.7194106342088404
0.8968609865470852
0.8023702754644458
0.7588084561178732
0.6851377322229341
0.7588084561178732
0.8372837924407431
0.7767456758488148
0.8318385650224215
0.7700192184497118
0.8151825752722613
0.7469570787956438
0.7309417040358744
0.680973734785394
0.7312620115310698
0.8549007046764894
0.791800128122998
0.8830877642536835
0.8276745675848814
0.8270339525944908
0.7722613709160794
0.8196668802049968
0.8052530429212044
0.7126841768097374
0.8372837924407431
0.8174247277386291
0.766175528507367
0.7629724535554132
0.7155669442664958
0.7546444586803331
0.844650864830237
0.7966047405509289
0.7011531069827034
0.8507367072389493
0.7853939782190903
0.8327994875080077
0.7498398462524023
0.22453555413196669
0.755285073670724
0.8119795003203075
0.7267777065983344
0.757847533632287
0.8449711723254324
0.795003203074952
0.8484945547725817
0.9090326713645099
0.7940422805893658
0.7889173606662396
0.7655349135169763
0.7892376681614349
0.8478539397821909
0.8167841127482383
0.8235105701473414
0.8821268417680974
0.6848174247277387
0.8481742472773863
0.8392056374119155
0.75208199871877
0.7203715566944267
0.7805893657911596
0.7828315182575273
0.8411274823830878
0.8705957719410634
0.8177450352338245
0.8100576553491352
0.7293401665598975
0.7184497117232543
0.8344010249839846
0.7328635490070468
0.8097373478539398
0.7434336963484945
0.9535554131966688
0.8344010249839846
0.7098014093529789
0.8196668802049968
0.8593850096092248
0.8042921204356182
0.8641896220371557
0.7793081358103779
0.8891736066623959
0.870275464445868
0.8436899423446509
0.8113388853299167
0.7895579756566303
0.767777065983344
0.8084561178731582
0.8360025624599615
0.8664317745035234
0.5787956438180654
0.7972453555413197
0.83055733504164
0.7559256886611146
0.22229340166559897
0.8837283792440743
0.8731582319026265
0.7972453555413197
0.8270339525944908
0.6623959000640615
0.7713004484304933
0.846252402306214
0.7498398462524023
0.7994875080076874
0.75208199871877
0.8459320948110186
0.7684176809737348
0.8936579115951313
0.8155028827674567
0.9135169762972454
0.819026265214606
0.6896220371556694
0.7959641255605381
0.8523382447149264
0.8712363869314542
0.8167841127482383
0.6921844971172325
0.7632927610506086
0.7623318385650224
0.8161434977578476
0.809096732863549
0.7956438180653427
0.7998078155028827
0.8737988468930173
0.7533632286995515
0.8350416399743754
0.7825112107623319
0.8401665598975016
0.8103779628443306
0.8103779628443306
0.7607303010890455
0.9586803331197951
0.8071748878923767
0.7514413837283792
0.8219090326713645
0.8555413196668802
0.8577834721332479
0.7857142857142857
0.7914798206278026
0.8862908392056374
0.8158231902626522
0.8962203715566944
0.7857142857142857
0.7299807815502882
0.777706598334401
0.8222293401665599
0.8539397821909033
0.7463164638052531
0.7376681614349776
0.8978219090326713
0.8484945547725817
0.8484945547725817
0.8894939141575913
0.732222934016656
0.9039077514413837
0.7709801409352979
0.7283792440743113
0.143818065342729
0.7982062780269058
0.8830877642536835
0.8725176169122357
0.8183856502242153
0.8017296604740551
0.9221652786675208
0.8987828315182576
0.8171044202434337
0.8686739269698911
0.8062139654067905
0.7078795643818065
0.7181294042280589
0.9442664958360025
0.767777065983344
0.8167841127482383
0.15631005765534914
0.18737988468930172
0.9157591287636131
0.7530429212043562
0.7668161434977578
0.8209481101857784
0.8116591928251121
0.9061499039077514
0.7959641255605381
0.5932094811018578
0.8795643818065343
0.8946188340807175
0.7953235105701474
0.7725816784112748
0.7837924407431134
0.6409352978859705
0.7536835361947469
0.7696989109545164
0.852017937219731
0.9135169762972454
0.8613068545803971
0.827354260089686
0.9026265214606022
0.7046764894298526
0.7696989109545164
0.8020499679692504
0.9234465086483024
0.7491992312620115
0.8920563741191544
0.7463164638052531
0.8318385650224215
0.8148622677770659
0.8779628443305574
0.6864189622037156
0.8311979500320308
0.8251121076233184
0.8039718129404229
0.8065342729019859
0.8795643818065343
0.8046124279308136
0.8840486867392697
0.8158231902626522
0.7572069186418963
0.8187059577194107
0.9039077514413837
0.8472133247918001
0.8360025624599615
0.7809096732863549
0.8151825752722613
0.8555413196668802
0.6828955797565663
0.7879564381806534
0.8171044202434337
0.7559256886611146
0.8270339525944908
0.8074951953875721
0.7575272261370916
0.7841127482383088
0.8843689942344651
0.7088404868673926
0.732222934016656
0.9263292761050609
0.7844330557335042
0.7142857142857143
0.803331197950032
0.7905188981422165
0.9023062139654068
0.8260730301089045
0.7200512491992312
0.8119795003203075
0.9317745035233824
0.6822549647661755
0.23158231902626522
0.6659192825112108
0.856181934657271
0.25624599615631005
0.8779628443305574
0.7866752081998719
0.7466367713004485
0.8363228699551569
0.8494554772581678
0.7696989109545164
0.9381806534272902
0.9183215887251762
0.8590647021140295
0.8382447149263292
