0.8654266958424508
0.9132932166301969
0.8654266958424508
0.8025164113785558
0.8717177242888403
0.8413566739606126
0.8449124726477024
0.8774617067833698
0.9406455142231948
0.9294310722100656
0.762855579868709
0.8454595185995624
0.8635120350109409
0.9195842450765864
0.838074398249453
0.8055251641137856
0.7549234135667396
0.8569474835886215
0.8985229759299781
0.8388949671772429
0.8492888402625821
0.9028993435448578
0.8613238512035011
0.8640590809628009
0.8099015317286652
0.9141137855579868
0.861870897155361
0.9201312910284464
0.7683260393873085
0.9275164113785558
0.9143873085339168
0.862144420131291
0.8572210065645515
0.9362691466083151
0.8063457330415755
0.87554704595186
0.8331509846827133
0.8405361050328227
0.8465536105032823
0.6911925601750547
0.7866520787746171
0.7820021881838074
0.9091903719912473
0.8955142231947484
0.8698030634573304
0.8432713347921226
0.924781181619256
0.8285010940919038
0.8635120350109409
0.9037199124726477
0.9061816192560175
0.8832056892778993
0.9053610503282276
0.3815645514223195
0.7401531728665208
0.8170131291028446
0.8687089715536105
0.8974288840262582
0.9406455142231948
0.8016958424507659
0.37828227571115974
0.8205689277899344
0.8107221006564551
0.938457330415755
0.8955142231947484
0.9064551422319475
0.9362691466083151
0.8585886214442013
0.9111050328227571
0.9297045951859956
0.8178336980306345
0.8955142231947484
0.812089715536105
0.8588621444201313
0.825218818380744
0.937910284463895
0.812636761487965
0.8440919037199125
0.8268599562363238
0.8889496717724289
0.9535010940919038
0.8429978118161926
0.8894967177242888
0.8356126914660832
0.9261487964989059
0.8345185995623632
0.887582056892779
0.888129102844639
0.7792669584245077
0.8306892778993435
0.7830962800875274
0.87554704595186
0.8892231947483589
0.8919584245076586
0.7557439824945296
0.8364332603938731
0.9392778993435449
0.9061816192560175
0.8265864332603938
0.8818380743982495
0.8446389496717724
0.850929978118162
0.8968818380743983
0.8667943107221007
0.9007111597374179
0.8840262582056893
0.9619803063457331
0.6411378555798687
0.862417943107221
0.8079868708971554
0.8982494529540481
0.7850109409190372
0.8079868708971554
0.8159190371991247
0.7844638949671773
0.8845733041575492
0.8205689277899344
0.7754376367614879
0.8585886214442013
0.8583150984682714
0.862691466083151
0.6802516411378556
0.9146608315098468
0.838074398249453
0.8148249452954048
0.7707877461706784
0.8673413566739606
0.7962253829321663
0.963074398249453
0.8640590809628009
0.7863785557986871
0.924781181619256
0.9080962800875274
0.8205689277899344
0.8213894967177243
0.8886761487964989
0.8416301969365426
0.850382932166302
0.938183807439825
0.8285010940919038
0.9518599562363238
0.9335339168490153
0.9102844638949672
0.8681619256017505
0.8178336980306345
0.8025164113785558
0.37472647702407
0.8807439824945296
0.8662472647702407
0.8564004376367614
0.8821115973741794
0.8544857768052516
0.9545951859956237
0.9176695842450766
0.8186542669584245
0.8071663019693655
0.8594091903719913
0.8334245076586433
0.9193107221006565
0.7680525164113785
0.9111050328227571
0.9597921225382933
0.8465536105032823
0.9466630196936543
0.8386214442013129
0.8982494529540481
0.888129102844639
0.1427789934354486
0.7858315098468271
0.8216630196936543
0.8369803063457331
0.7442560175054704
0.449945295404814
0.6958424507658644
0.9206783369803063
0.8514770240700219
0.8145514223194749
0.8979759299781181
0.7861050328227571
0.9146608315098468
0.8944201312910285
0.7978665207877462
0.7978665207877462
0.8465536105032823
0.9059080962800875
0.4442013129102845
0.9100109409190372
0.7584792122538293
0.22811816192560175
0.9053610503282276
0.887582056892779
0.8460065645514223
0.8014223194748359
0.9048140043763676
0.7691466083150985
0.8339715536105032
0.7234682713347921
0.8432713347921226
0.8533916849015317
0.7970459518599562
0.8900437636761488
0.800054704595186
0.7852844638949672
0.7636761487964989
0.812089715536105
0.8153719912472648
0.8577680525164114
0.9288840262582057
0.9225929978118161
0.9037199124726477
0.8066192560175055
0.9351750547045952
0.587527352297593
0.8613238512035011
0.8222100656455142
0.8536652078774617
0.8361597374179431
0.9277899343544858
0.4028993435448578
0.4212253829321663
0.8848468271334792
0.9696389496717724
0.7943107221006565
0.8837527352297593
0.862144420131291
0.9004376367614879
0.9272428884026258
0.824945295404814
0.7086980306345733
0.9305251641137856
0.8607768052516411
0.8544857768052516
0.9236870897155361
0.8317833698030634
0.37445295404814005
0.8260393873085339
0.8564004376367614
0.8856673960612691
0.8350656455142232
0.662199124726477
0.8460065645514223
0.8903172866520788
0.975109409190372
0.825218818380744
0.8569474835886215
0.9324398249452954
0.6974835886214442
0.8955142231947484
0.8178336980306345
0.7789934354485777
0.8528446389496718
0.8547592997811816
0.8607768052516411
0.8315098468271335
0.838074398249453
0.8927789934354485
0.8186542669584245
0.9291575492341356
0.9280634573304157
0.8949671772428884
0.7989606126914661
0.9567833698030634
0.849015317286652
0.8925054704595186
0.8183807439824945
0.8687089715536105
0.9193107221006565
0.7811816192560175
0.4838621444201313
0.8851203501094091
0.9184901531728665
0.9102844638949672
0.7401531728665208
0.8429978118161926
0.7587527352297593
0.9357221006564551
0.8550328227571116
0.8903172866520788
0.7926695842450766
0.938457330415755
0.9223194748358862
0.8476477024070022
0.9340809628008753
0.8728118161925602
0.9543216630196937
0.888129102844639
0.9026258205689278
0.925328227571116
0.949398249452954
0.9212253829321663
0.9078227571115973
0.9524070021881839
0.8583150984682714
0.7918490153172867
0.7809080962800875
0.887582056892779
0.8859409190371991
0.8331509846827133
0.7926695842450766
0.8829321663019694
0.8181072210065645
0.7100656455142232
0.7967724288840262
0.8148249452954048
0.8689824945295405
0.9020787746170679
0.8760940919037199
0.8443654266958425
0.7937636761487965
0.8304157549234136
0.8602297592997812
0.8957877461706784
0.8733588621444202
0.7314004376367614
0.8867614879649891
0.9053610503282276
0.9545951859956237
0.8328774617067833
0.8274070021881839
0.8832056892778993
0.9400984682713348
0.8364332603938731
0.5254376367614879
0.888402625820569
0.8391684901531729
0.9204048140043763
0.936542669584245
0.9554157549234136
0.9037199124726477
0.9466630196936543
0.8676148796498906
0.8864879649890591
0.9576039387308534
0.9001641137855579
0.9007111597374179
0.9225929978118161
0.8520240700218819
0.799781181619256
0.8290481400437637
0.6950218818380745
0.7861050328227571
0.8613238512035011
0.9163019693654267
0.8271334792122538
0.8391684901531729
0.7675054704595186
0.7841903719912473
0.824945295404814
0.8692560175054704
0.7833698030634574
0.800328227571116
0.8818380743982495
0.7921225382932167
0.8517505470459519
0.8640590809628009
0.8071663019693655
0.8211159737417943
0.8640590809628009
0.962800875273523
0.9146608315098468
0.9636214442013129
0.8192013129102844
0.8815645514223195
0.8531181619256017
0.9239606126914661
0.8287746170678337
0.7937636761487965
0.638402625820569
0.8739059080962801
0.7516411378555798
0.8583150984682714
0.9491247264770241
0.7995076586433261
0.8812910284463895
0.8213894967177243
0.9116520787746171
0.8150984682713348
0.7062363238512035
0.8985229759299781
0.850109409190372
0.8085339168490153
0.7458971553610503
0.925601750547046
0.8900437636761488
0.9034463894967177
0.8955142231947484
0.8140043763676149
0.8585886214442013
0.812363238512035
0.8834792122538293
0.8402625820568927
0.8894967177242888
0.9061816192560175
0.8421772428884027
0.8684354485776805
0.8358862144420132
0.7956783369803063
0.8914113785557987
0.799781181619256
0.8607768052516411
0.7913019693654267
0.4797592997811816
0.8328774617067833
0.7573851203501094
0.8388949671772429
0.8700765864332604
0.8142778993435449
0.9007111597374179
0.7981400437636762
0.8315098468271335
0.7423413566739606
0.8848468271334792
0.8293216630196937
0.837253829321663
0.8588621444201313
0.9398249452954048
0.774343544857768
0.9220459518599562
0.8074398249452954
0.8646061269146609
0.9094638949671773
0.8572210065645515
0.8566739606126915
0.8178336980306345
0.9075492341356673
0.899890590809628
0.9116520787746171
0.9422866520787746
0.8408096280087527
0.8774617067833698
0.8257658643326039
0.8465536105032823
0.7724288840262582
0.8342450765864332
0.899070021881838
0.8561269146608315
0.9168490153172867
0.8919584245076586
0.8927789934354485
0.9220459518599562
0.8853938730853391
0.9138402625820569
0.8148249452954048
0.9048140043763676
0.7352297592997812
0.8022428884026258
0.8096280087527352
0.8230306345733042
0.8925054704595186
0.8914113785557987
0.7798140043763676
0.8930525164113785
0.8107221006564551
0.8974288840262582
0.8905908096280087
0.7390590809628009
0.33178336980306344
0.8413566739606126
0.9130196936542669
0.937910284463895
0.8974288840262582
0.7699671772428884
0.8741794310722101
0.8320568927789934
0.7286652078774617
0.9064551422319475
0.8985229759299781
0.7792669584245077
0.938457330415755
0.9138402625820569
0.8282275711159738
0.5062910284463895
0.912199124726477
0.8577680525164114
0.8837527352297593
0.9663566739606126
0.8361597374179431
0.9026258205689278
0.787472647702407
0.9075492341356673
0.8599562363238512
0.9324398249452954
0.9048140043763676
0.862144420131291
0.838074398249453
0.8922319474835886
0.9132932166301969
0.8635120350109409
0.7852844638949672
0.9420131291028446
0.8935995623632386
0.3583150984682713
0.8736323851203501
0.8968818380743983
0.399890590809628
0.8399890590809628
0.7789934354485777
0.7852844638949672
0.1323851203501094
0.862417943107221
0.9674507658643327
0.813183807439825
0.8574945295404814
0.8569474835886215
0.8911378555798687
0.8678884026258206
0.899343544857768
0.8599562363238512
0.7639496717724289
0.4012582056892779
0.9537746170678337
0.8057986870897156
0.8443654266958425
0.9507658643326039
0.8938730853391685
0.8211159737417943
0.7045951859956237
0.8985229759299781
0.8301422319474836
0.8788293216630197
0.9007111597374179
0.8323304157549234
0.0008205689277899343
0.6135120350109409
0.7464442013129103
0.8769146608315098
0.7934901531728665
0.8339715536105032
0.8733588621444202
0.7587527352297593
0.9111050328227571
0.8339715536105032
0.7647702407002188
0.9078227571115973
0.699945295404814
0.8837527352297593
0.9617067833698031
0.8807439824945296
0.8853938730853391
0.8719912472647703
0.9305251641137856
0.7989606126914661
0.7811816192560175
0.6714989059080962
0.8960612691466083
0.9108315098468271
0.8687089715536105
0.8927789934354485
0.8326039387308534
0.8181072210065645
0.7964989059080962
0.800328227571116
0.4422866520787746
0.8676148796498906
0.7160831509846827
0.9154814004376368
0.8364332603938731
0.8145514223194749
0.9225929978118161
0.9307986870897156
0.9163019693654267
0.8968818380743983
0.9132932166301969
0.8421772428884027
0.9059080962800875
0.724015317286652
0.7995076586433261
0.8181072210065645
0.9075492341356673
0.7789934354485777
0.8153719912472648
0.8186542669584245
0.8796498905908097
0.8514770240700219
0.7434354485776805
0.9236870897155361
0.9028993435448578
0.8520240700218819
0.8982494529540481
0.837253829321663
0.002461706783369803
0.8142778993435449
0.9094638949671773
0.8550328227571116
0.9264223194748359
0.8963347921225383
0.8213894967177243
0.9420131291028446
0.9193107221006565
0.8312363238512035
0.8938730853391685
0.7926695842450766
0.8845733041575492
0.8941466083150985
0.8175601750547046
0.6974835886214442
0.8364332603938731
0.7954048140043763
0.7653172866520788
0.9280634573304157
0.8635120350109409
0.850382932166302
0.7694201312910285
0.8985229759299781
0.8594091903719913
0.3853938730853392
0.8741794310722101
0.8569474835886215
0.8066192560175055
0.9275164113785558
0.9163019693654267
0.8449124726477024
0.6942013129102844
0.8927789934354485
0.7705142231947484
0.9231400437636762
0.9299781181619255
0.8331509846827133
0.8971553610503282
0.8364332603938731
0.8096280087527352
0.8473741794310722
0.8465536105032823
0.8460065645514223
0.8780087527352297
0.9141137855579868
0.787746170678337
0.9488512035010941
0.8651531728665208
0.9272428884026258
0.8224835886214442
0.8544857768052516
0.8328774617067833
0.8897702407002188
0.4554157549234136
0.8583150984682714
0.837800875273523
0.8336980306345733
0.87554704595186
0.8241247264770241
0.9072757111597374
0.8840262582056893
0.8427242888402626
0.8481947483588621
0.9023522975929978
0.8194748358862144
0.8449124726477024
0.8911378555798687
0.7967724288840262
0.87554704595186
0.7978665207877462
0.8533916849015317
0.775984682713348
0.7155361050328227
0.8842997811816192
0.9026258205689278
0.8892231947483589
0.8760940919037199
0.9061816192560175
0.8413566739606126
0.8769146608315098
0.8949671772428884
0.8771881838074398
0.8935995623632386
0.9039934354485777
0.8427242888402626
0.9094638949671773
0.8968818380743983
0.887855579868709
0.812636761487965
0.8345185995623632
0.8799234135667396
0.8566739606126915
0.9001641137855579
0.7798140043763676
0.9425601750547046
0.9061816192560175
0.8722647702407003
0.8388949671772429
0.9061816192560175
0.6723194748358862
0.7478118161925602
0.7825492341356673
0.8213894967177243
0.9138402625820569
0.8637855579868708
0.8892231947483589
0.9310722100656456
0.8796498905908097
0.6701312910284464
0.8763676148796499
0.8369803063457331
0.9387308533916849
0.7948577680525164
0.7830962800875274
0.8068927789934355
0.8476477024070022
0.8047045951859956
0.8235776805251641
0.9031728665207878
0.8386214442013129
0.7675054704595186
0.8796498905908097
0.6597374179431073
0.9357221006564551
0.9050875273522976
0.8323304157549234
0.9179431072210066
0.8109956236323851
0.8933260393873085
0.912472647702407
0.787746170678337
0.8055251641137856
0.9165754923413567
0.899343544857768
0.787472647702407
0.8706236323851203
0.8350656455142232
0.9403719912472648
0.7606673960612691
0.7073304157549234
0.9600656455142232
0.8049781181619255
0.7858315098468271
0.8367067833698031
0.7951312910284464
0.9007111597374179
0.8979759299781181
0.8533916849015317
0.9288840262582057
0.9149343544857768
0.9045404814004376
0.9018052516411379
0.8175601750547046
0.8550328227571116
0.850382932166302
0.8479212253829321
0.9198577680525164
0.9310722100656456
0.725929978118162
0.8780087527352297
0.8914113785557987
0.8539387308533917
0.8856673960612691
0.8304157549234136
0.9234135667396062
0.8137308533916849
0.7995076586433261
0.9165754923413567
0.9152078774617067
0.887855579868709
0.838074398249453
0.8205689277899344
0.8170131291028446
0.937636761487965
0.8074398249452954
0.8583150984682714
0.9338074398249453
0.8782822757111597
0.8758205689277899
0.8944201312910285
0.8547592997811816
0.7727024070021882
0.9195842450765864
0.8471006564551422
0.8361597374179431
0.8085339168490153
0.8796498905908097
0.850656455142232
0.9439277899343544
0.812363238512035
0.9176695842450766
0.9152078774617067
0.6528993435448578
0.8987964989059081
0.9059080962800875
0.8667943107221007
0.8700765864332604
0.7896608315098468
0.9004376367614879
0.7828227571115973
0.8235776805251641
0.824398249452954
0.8446389496717724
0.7820021881838074
0.7948577680525164
0.8971553610503282
0.8599562363238512
0.8605032822757112
0.8071663019693655
0.8334245076586433
0.39195842450765866
0.8569474835886215
0.8632385120350109
0.8845733041575492
0.87554704595186
0.8566739606126915
0.7899343544857768
0.9324398249452954
0.8862144420131292
0.8941466083150985
0.8613238512035011
0.8867614879649891
0.9307986870897156
0.6777899343544858
0.9097374179431073
0.7918490153172867
0.8788293216630197
0.8700765864332604
0.8216630196936543
0.8391684901531729
0.8465536105032823
0.8295951859956237
0.8941466083150985
0.9617067833698031
0.8465536105032823
0.9091903719912473
0.8276805251641138
0.8287746170678337
0.9097374179431073
0.8651531728665208
0.8851203501094091
0.7352297592997812
0.9272428884026258
0.8224835886214442
0.7409737417943107
0.8916849015317286
0.899070021881838
0.8531181619256017
0.9146608315098468
0.9078227571115973
0.8088074398249453
0.9305251641137856
0.8498358862144421
0.8101750547045952
0.8640590809628009
0.8812910284463895
0.8938730853391685
0.8979759299781181
0.8637855579868708
0.8224835886214442
0.8894967177242888
0.899890590809628
0.937636761487965
0.9351750547045952
0.9318927789934355
0.887582056892779
0.8153719912472648
0.8977024070021882
0.925601750547046
0.8274070021881839
0.8082603938730853
0.9102844638949672
0.8648796498905909
0.7724288840262582
0.9048140043763676
0.6942013129102844
0.8971553610503282
0.8840262582056893
0.8328774617067833
0.5456783369803063
0.8635120350109409
0.8150984682713348
0.899617067833698
0.8107221006564551
0.8049781181619255
0.9335339168490153
0.7893873085339168
0.800328227571116
0.8008752735229759
0.8525711159737418
0.7573851203501094
0.8213894967177243
0.8274070021881839
0.8728118161925602
0.7814551422319475
0.8821115973741794
0.9056345733041575
0.8927789934354485
0.8941466083150985
0.7951312910284464
0.9004376367614879
0.9611597374179431
0.7833698030634574
0.6649343544857768
0.6849015317286652
0.7264770240700219
0.7675054704595186
0.8432713347921226
0.924781181619256
0.8164660831509847
0.8216630196936543
0.9143873085339168
0.9075492341356673
0.8804704595185996
0.7573851203501094
0.7448030634573304
0.7814551422319475
0.887308533916849
0.8356126914660832
0.8142778993435449
0.774343544857768
0.9028993435448578
0.9072757111597374
0.8703501094091903
0.8632385120350109
0.8804704595185996
0.8637855579868708
0.8613238512035011
0.7434354485776805
0.8949671772428884
0.8514770240700219
0.9477571115973742
0.8394420131291028
0.8208424507658644
0.8544857768052516
0.8082603938730853
0.9431072210065645
0.901258205689278
0.8454595185995624
0.700218818380744
0.7508205689277899
0.7048687089715536
0.9357221006564551
0.8345185995623632
0.8533916849015317
0.8711706783369803
0.87472647702407
0.8933260393873085
0.8391684901531729
0.861870897155361
0.8522975929978118
0.3963347921225383
0.8394420131291028
0.8189277899343544
0.9130196936542669
0.8071663019693655
0.8350656455142232
0.7964989059080962
0.850109409190372
0.8960612691466083
0.8350656455142232
0.8394420131291028
0.8085339168490153
0.8306892778993435
0.8681619256017505
0.8867614879649891
0.8304157549234136
0.812089715536105
0.7385120350109409
0.8728118161925602
0.7907549234135668
0.7272975929978118
0.8476477024070022
0.8287746170678337
0.9409190371991247
0.8082603938730853
0.8561269146608315
0.9023522975929978
0.8799234135667396
0.9163019693654267
0.8818380743982495
0.9286105032822757
0.8610503282275711
0.9540481400437637
0.9688183807439825
0.9206783369803063
0.8594091903719913
0.911925601750547
0.8544857768052516
0.837253829321663
0.8867614879649891
0.9316192560175055
0.9091903719912473
0.888129102844639
0.9280634573304157
0.7959518599562363
0.8328774617067833
0.9390043763676149
0.8733588621444202
0.7934901531728665
0.8908643326039387
0.6219912472647703
0.812089715536105
0.9020787746170679
0.8260393873085339
0.9061816192560175
0.8799234135667396
0.8856673960612691
0.8944201312910285
0.8011487964989059
0.9064551422319475
0.8692560175054704
0.9130196936542669
0.3985229759299781
0.8536652078774617
0.6230853391684902
0.9242341356673961
0.8930525164113785
0.8525711159737418
0.9535010940919038
0.8055251641137856
0.9275164113785558
0.9056345733041575
0.9105579868708972
0.800601750547046
0.8974288840262582
0.8386214442013129
0.8172866520787746
0.8159190371991247
0.9671772428884027
0.7825492341356673
0.8955142231947484
0.8804704595185996
0.7584792122538293
0.8684354485776805
0.8241247264770241
0.9135667396061269
0.8361597374179431
0.8328774617067833
0.8462800875273523
0.39961706783369805
0.7653172866520788
0.8810175054704595
0.9031728665207878
0.8044310722100656
0.8648796498905909
0.7081509846827133
0.7787199124726477
0.8777352297592997
0.8233041575492341
0.9302516411378556
0.9094638949671773
0.9173960612691466
0.9507658643326039
0.9028993435448578
0.8148249452954048
0.8326039387308534
0.9614332603938731
0.8216630196936543
0.8331509846827133
0.8706236323851203
0.9157549234135668
0.7986870897155361
0.9258752735229759
0.812363238512035
0.8440919037199125
0.7951312910284464
0.8818380743982495
0.9316192560175055
0.8353391684901532
0.7653172866520788
0.7546498905908097
0.776258205689278
0.8405361050328227
0.7800875273522976
0.850109409190372
0.9294310722100656
0.3815645514223195
0.8192013129102844
0.8014223194748359
0.7847374179431073
0.7921225382932167
0.7929431072210066
0.912746170678337
0.8331509846827133
0.9318927789934355
0.8383479212253829
0.7830962800875274
0.7527352297592997
0.9190371991247265
0.7751641137855579
0.8914113785557987
0.9097374179431073
0.8309628008752735
0.8840262582056893
0.6742341356673961
0.8320568927789934
0.4803063457330416
0.8011487964989059
0.8730853391684902
0.8328774617067833
0.9078227571115973
0.8643326039387309
0.7926695842450766
0.8955142231947484
0.925054704595186
0.9094638949671773
0.9045404814004376
0.9390043763676149
0.6206236323851203
0.938183807439825
0.9545951859956237
0.9411925601750547
0.7185448577680525
0.8290481400437637
0.8632385120350109
0.9299781181619255
0.9491247264770241
0.8465536105032823
0.849015317286652
0.8856673960612691
0.8022428884026258
0.813183807439825
0.9102844638949672
0.9026258205689278
0.9280634573304157
0.8145514223194749
0.8200218818380745
0.7866520787746171
0.6616520787746171
0.8793763676148797
0.9450218818380745
0.9340809628008753
0.8172866520787746
0.8687089715536105
0.7713347921225383
0.8036105032822757
0.8189277899343544
0.8339715536105032
0.375
0.8222100656455142
0.7305798687089715
0.8799234135667396
0.7861050328227571
0.8279540481400438
0.8282275711159738
0.8823851203501094
0.7576586433260394
0.9332603938730853
0.7902078774617067
0.7024070021881839
0.8008752735229759
0.775984682713348
0.7221006564551422
0.8112691466083151
0.41274617067833697
0.8927789934354485
0.8216630196936543
0.8900437636761488
0.837800875273523
0.8662472647702407
0.8949671772428884
0.8952407002188184
0.8517505470459519
0.8780087527352297
0.6285557986870897
0.9351750547045952
0.8651531728665208
0.8698030634573304
0.8170131291028446
0.7727024070021882
0.8427242888402626
0.9647155361050328
0.8074398249452954
0.8150984682713348
0.8977024070021882
0.8793763676148797
0.899617067833698
0.8763676148796499
0.8733588621444202
0.9184901531728665
0.9562363238512035
0.7149890590809628
0.7530087527352297
0.950218818380744
0.9297045951859956
0.8834792122538293
0.8514770240700219
0.8388949671772429
0.8577680525164114
0.9141137855579868
0.8870350109409191
0.8356126914660832
0.8635120350109409
0.9239606126914661
0.8238512035010941
0.8347921225382933
0.8758205689277899
0.8550328227571116
0.8651531728665208
0.9141137855579868
0.8008752735229759
0.9349015317286652
0.9094638949671773
0.3796498905908096
0.8213894967177243
0.8057986870897156
0.837527352297593
0.8465536105032823
0.7902078774617067
0.8911378555798687
0.9436542669584245
0.8093544857768052
0.837527352297593
0.8763676148796499
0.8897702407002188
0.9641684901531729
0.9712800875273523
0.8044310722100656
0.8282275711159738
0.763402625820569
0.7716083150984683
0.9362691466083151
0.9666301969365426
0.587253829321663
0.7727024070021882
0.849015317286652
0.8265864332603938
0.8977024070021882
0.8421772428884027
0.7970459518599562
0.9269693654266958
0.9204048140043763
0.6157002188183808
0.949671772428884
0.7508205689277899
0.8090809628008753
0.7677789934354485
0.8662472647702407
0.8695295404814004
0.9026258205689278
0.8670678336980306
0.8566739606126915
0.8711706783369803
0.8987964989059081
0.8514770240700219
0.8561269146608315
0.9288840262582057
0.9245076586433261
0.7322210065645515
0.850109409190372
0.87445295404814
0.8427242888402626
0.8594091903719913
0.3837527352297593
0.9351750547045952
0.8695295404814004
0.9083698030634574
0.8662472647702407
0.8429978118161926
0.9562363238512035
0.8555798687089715
0.8550328227571116
0.6646608315098468
0.8254923413566739
0.8438183807439825
0.9217724288840262
0.8481947483588621
0.8145514223194749
0.8090809628008753
0.9617067833698031
0.8834792122538293
0.8930525164113785
0.8985229759299781
0.9064551422319475
0.9715536105032823
0.8935995623632386
0.8911378555798687
0.9327133479212254
0.8807439824945296
0.04266958424507659
0.850109409190372
0.87445295404814
0.9020787746170679
0.8793763676148797
0.8301422319474836
0.7417943107221007
0.9091903719912473
0.8908643326039387
0.8922319474835886
0.9242341356673961
0.9201312910284464
0.7913019693654267
0.9154814004376368
0.9431072210065645
0.87445295404814
0.9091903719912473
0.8971553610503282
0.8654266958424508
0.9004376367614879
0.8465536105032823
0.8367067833698031
0.8008752735229759
0.8801969365426696
0.9209518599562363
0.811542669584245
0.8202954048140044
0.938183807439825
0.8777352297592997
0.8438183807439825
0.8665207877461707
0.899343544857768
0.8966083150984683
0.9606126914660832
0.787472647702407
0.8905908096280087
0.38484682713347923
0.9132932166301969
0.9195842450765864
0.9228665207877462
0.7882932166301969
0.8897702407002188
0.7535557986870897
0.912746170678337
0.8807439824945296
0.850109409190372
0.7188183807439825
0.9701859956236324
0.8949671772428884
0.799781181619256
0.7335886214442013
0.5320021881838074
0.8599562363238512
0.8419037199124726
0.799781181619256
0.7571115973741794
0.8933260393873085
0.837253829321663
0.8938730853391685
0.7475382932166302
0.9015317286652079
0.7710612691466083
0.8957877461706784
0.7891137855579868
0.7308533916849015
0.9091903719912473
0.8484682713347921
0.6663019693654267
0.9272428884026258
0.837527352297593
0.763402625820569
0.8596827133479212
0.9595185995623632
0.7811816192560175
0.6575492341356673
0.7907549234135668
0.8698030634573304
0.8399890590809628
0.850929978118162
0.937636761487965
0.8799234135667396
0.8451859956236324
0.8306892778993435
0.7798140043763676
0.8339715536105032
0.776258205689278
0.8766411378555798
0.9316192560175055
0.8405361050328227
0.737691466083151
0.8367067833698031
0.8938730853391685
0.87472647702407
0.8903172866520788
0.8564004376367614
0.9149343544857768
0.8728118161925602
0.8432713347921226
0.8796498905908097
0.8919584245076586
0.9132932166301969
0.8405361050328227
0.9619803063457331
0.8687089715536105
0.7396061269146609
0.7029540481400438
0.8903172866520788
0.8774617067833698
0.8829321663019694
0.9608862144420132
0.9045404814004376
0.9056345733041575
0.9633479212253829
0.8695295404814004
0.8646061269146609
0.9288840262582057
0.787199124726477
0.7688730853391685
0.8651531728665208
0.8741794310722101
0.8807439824945296
0.8427242888402626
0.787199124726477
0.737144420131291
0.9321663019693655
0.7918490153172867
0.8908643326039387
0.9346280087527352
0.9023522975929978
0.46799781181619254
0.7272975929978118
0.8711706783369803
0.912472647702407
0.9056345733041575
0.9206783369803063
0.887582056892779
0.887308533916849
0.8528446389496718
0.8082603938730853
0.8449124726477024
0.7716083150984683
0.3758205689277899
0.8140043763676149
0.8654266958424508
0.8553063457330415
0.7830962800875274
0.8410831509846827
0.7986870897155361
0.8514770240700219
0.8845733041575492
0.004649890590809628
0.774890590809628
0.9327133479212254
0.7653172866520788
0.8331509846827133
0.8107221006564551
0.8944201312910285
0.8842997811816192
0.9340809628008753
0.9083698030634574
0.8717177242888403
0.8780087527352297
0.9034463894967177
0.7067833698030634
0.8446389496717724
0.7781728665207878
0.8328774617067833
0.8205689277899344
0.8894967177242888
0.7893873085339168
0.9091903719912473
0.8331509846827133
0.8985229759299781
0.8555798687089715
0.8695295404814004
0.9245076586433261
0.8295951859956237
0.9228665207877462
0.899343544857768
0.9275164113785558
0.8900437636761488
0.6690371991247265
0.9116520787746171
0.8060722100656456
0.9567833698030634
0.8383479212253829
0.7904814004376368
0.7989606126914661
0.7926695842450766
0.824671772428884
0.8927789934354485
0.812363238512035
0.8678884026258206
0.9154814004376368
0.7658643326039387
0.7152625820568927
0.7530087527352297
0.8922319474835886
0.925054704595186
0.8276805251641138
0.7882932166301969
0.8974288840262582
0.8522975929978118
0.912746170678337
0.8153719912472648
0.7973194748358862
0.7412472647702407
0.7992341356673961
0.824945295404814
0.7951312910284464
0.7847374179431073
0.3339715536105033
0.8241247264770241
0.8856673960612691
0.87445295404814
0.9234135667396062
0.9214989059080962
0.7210065645514223
0.8358862144420132
0.8211159737417943
0.8892231947483589
0.8760940919037199
0.812636761487965
0.8919584245076586
0.737691466083151
0.9075492341356673
0.8517505470459519
0.7934901531728665
0.8670678336980306
0.8905908096280087
0.8580415754923414
0.8320568927789934
0.8208424507658644
0.862417943107221
0.8189277899343544
0.8892231947483589
0.9091903719912473
0.938457330415755
0.9584245076586433
0.850929978118162
0.8049781181619255
0.8353391684901532
0.7691466083150985
0.8657002188183808
0.8810175054704595
0.7975929978118161
0.924781181619256
0.824671772428884
0.887308533916849
0.9269693654266958
0.7893873085339168
0.8927789934354485
0.8293216630196937
0.899890590809628
0.8927789934354485
0.9266958424507659
0.7776258205689278
0.9573304157549234
0.47073304157549234
0.8733588621444202
0.8041575492341356
0.9286105032822757
0.8646061269146609
0.7174507658643327
0.9080962800875274
0.911925601750547
0.8916849015317286
0.7937636761487965
0.8334245076586433
0.9299781181619255
0.838074398249453
0.786925601750547
0.8791028446389497
0.8027899343544858
0.7675054704595186
0.75027352297593
0.9206783369803063
0.7956783369803063
0.8008752735229759
0.8657002188183808
0.4972647702407002
0.8922319474835886
0.8588621444201313
0.8780087527352297
0.8665207877461707
0.800054704595186
0.8706236323851203
0.861597374179431
0.8263129102844639
0.40563457330415753
0.8900437636761488
0.8894967177242888
0.8309628008752735
0.9198577680525164
0.7926695842450766
0.787746170678337
0.862144420131291
0.8197483588621444
0.8008752735229759
0.8927789934354485
0.8517505470459519
0.8315098468271335
0.8104485776805251
0.9603391684901532
0.8905908096280087
0.9447483588621444
0.8780087527352297
0.8347921225382933
0.8432713347921226
0.9305251641137856
0.9231400437636762
0.6758752735229759
0.901258205689278
0.8717177242888403
0.9225929978118161
0.8665207877461707
0.8367067833698031
0.9070021881838074
0.9204048140043763
0.8911378555798687
0.8495623632385121
0.7830962800875274
0.8733588621444202
0.8323304157549234
0.7913019693654267
0.75
0.8637855579868708
0.7264770240700219
0.8741794310722101
0.6657549234135668
0.8632385120350109
0.8777352297592997
0.8429978118161926
0.8695295404814004
0.42778993435448576
0.9619803063457331
0.9078227571115973
0.900984682713348
0.912472647702407
0.899070021881838
0.787746170678337
0.9089168490153173
0.8703501094091903
0.8700765864332604
0.812910284463895
0.8533916849015317
0.9113785557986871
0.9037199124726477
0.8312363238512035
0.8150984682713348
0.8698030634573304
0.7964989059080962
0.8533916849015317
0.8290481400437637
0.9354485776805251
0.8254923413566739
0.8183807439824945
0.8580415754923414
0.8632385120350109
0.8194748358862144
0.8011487964989059
0.9039934354485777
0.8473741794310722
0.8605032822757112
0.8974288840262582
0.7929431072210066
0.8544857768052516
0.8553063457330415
0.7562910284463895
0.7814551422319475
0.7787199124726477
0.8673413566739606
0.8202954048140044
0.813457330415755
0.8842997811816192
0.4611597374179431
0.7729759299781181
0.8399890590809628
0.9390043763676149
0.9688183807439825
0.7937636761487965
0.8922319474835886
0.8531181619256017
0.900984682713348
0.9045404814004376
0.7855579868708972
0.9318927789934355
0.8955142231947484
0.37664113785557984
0.8684354485776805
0.9217724288840262
0.8728118161925602
0.937363238512035
0.8536652078774617
0.9100109409190372
0.8181072210065645
0.7943107221006565
0.7169037199124726
0.8985229759299781
0.8821115973741794
0.9477571115973742
0.9425601750547046
0.9094638949671773
0.8402625820568927
0.8796498905908097
0.8429978118161926
0.8730853391684902
0.850656455142232
0.8265864332603938
0.8060722100656456
0.8419037199124726
0.8952407002188184
0.8908643326039387
0.8082603938730853
0.8424507658643327
0.8219365426695843
0.8963347921225383
0.8561269146608315
0.8659737417943107
0.9649890590809628
0.899617067833698
0.9034463894967177
0.8304157549234136
0.8812910284463895
0.8963347921225383
0.9275164113785558
0.8454595185995624
0.9266958424507659
0.8077133479212254
0.7940371991247265
0.9116520787746171
0.9116520787746171
0.9400984682713348
0.899890590809628
0.9001641137855579
0.8025164113785558
0.8574945295404814
0.8465536105032823
0.937089715536105
0.8842997811816192
0.9332603938730853
0.8492888402625821
0.8465536105032823
0.7097921225382933
0.8834792122538293
0.8594091903719913
0.9346280087527352
0.8933260393873085
0.899890590809628
0.8019693654266958
0.9335339168490153
0.8561269146608315
0.8714442013129103
0.7841903719912473
0.8771881838074398
0.9075492341356673
0.7647702407002188
0.8933260393873085
0.75054704595186
0.8823851203501094
0.7836433260393874
0.8186542669584245
0.7850109409190372
0.938183807439825
0.8432713347921226
0.425328227571116
0.8336980306345733
0.9138402625820569
0.8555798687089715
0.8090809628008753
0.7532822757111597
0.8074398249452954
0.6931072210065645
0.4187636761487965
0.8290481400437637
0.9225929978118161
0.9001641137855579
0.8897702407002188
0.7850109409190372
0.8443654266958425
0.8933260393873085
0.7582056892778993
0.7308533916849015
0.8889496717724289
0.87472647702407
0.8588621444201313
0.7664113785557987
0.8832056892778993
0.8810175054704595
0.8484682713347921
0.9277899343544858
0.002735229759299781
0.8859409190371991
0.9182166301969366
0.7978665207877462
0.9171225382932167
0.8227571115973742
0.9083698030634574
0.925328227571116
0.9091903719912473
0.7292122538293216
0.7866520787746171
0.862417943107221
0.8788293216630197
0.9204048140043763
0.8517505470459519
0.8966083150984683
0.9288840262582057
0.8528446389496718
0.8200218818380745
0.7535557986870897
0.524343544857768
0.7486323851203501
0.7341356673960613
0.8952407002188184
0.8635120350109409
0.9463894967177243
0.4209518599562363
0.9045404814004376
0.9472100656455142
0.8938730853391685
0.8698030634573304
0.8462800875273523
0.8922319474835886
0.8782822757111597
0.7188183807439825
0.9332603938730853
0.5295404814004376
0.8815645514223195
0.8927789934354485
0.8637855579868708
0.8421772428884027
0.8760940919037199
0.888402625820569
0.9080962800875274
0.924781181619256
0.8088074398249453
0.8588621444201313
0.9543216630196937
0.8569474835886215
0.8066192560175055
0.8060722100656456
0.7899343544857768
0.7784463894967177
0.8539387308533917
0.9644420131291028
0.8719912472647703
0.87445295404814
0.8826586433260394
0.8553063457330415
0.8596827133479212
0.8897702407002188
0.7407002188183808
0.9089168490153173
0.8810175054704595
0.4586980306345733
0.8479212253829321
0.7866520787746171
0.9149343544857768
0.8421772428884027
0.7934901531728665
0.899343544857768
0.7954048140043763
0.9004376367614879
0.8019693654266958
0.75
0.8473741794310722
0.9595185995623632
0.8845733041575492
0.8968818380743983
0.8941466083150985
0.9039934354485777
0.7967724288840262
0.8208424507658644
0.9554157549234136
0.8837527352297593
0.8536652078774617
0.8293216630196937
0.8544857768052516
0.9130196936542669
0.8897702407002188
0.7948577680525164
0.9231400437636762
0.7516411378555798
0.8946936542669585
0.9395514223194749
0.7861050328227571
0.8864879649890591
0.9209518599562363
0.8741794310722101
0.8192013129102844
0.9518599562363238
0.8801969365426696
0.8774617067833698
0.8862144420131292
0.8922319474835886
0.9425601750547046
0.8416301969365426
0.9362691466083151
0.7888402625820569
0.8982494529540481
0.8971553610503282
0.9354485776805251
0.7956783369803063
0.362964989059081
0.9198577680525164
0.7636761487964989
0.9452954048140044
0.4543216630196937
0.9182166301969366
0.7899343544857768
0.8632385120350109
0.8681619256017505
0.8405361050328227
0.8219365426695843
0.8290481400437637
0.9018052516411379
0.7929431072210066
0.6922866520787746
0.8479212253829321
0.8047045951859956
0.8698030634573304
0.8687089715536105
0.8853938730853391
0.8205689277899344
0.8306892778993435
0.9283369803063457
0.8495623632385121
0.9061816192560175
0.8832056892778993
0.8347921225382933
0.8345185995623632
0.45924507658643327
0.875
0.8714442013129103
0.8202954048140044
0.9023522975929978
0.9173960612691466
0.8107221006564551
0.9053610503282276
0.9171225382932167
0.8635120350109409
0.8730853391684902
0.812089715536105
0.7538293216630197
0.7893873085339168
0.925054704595186
0.8927789934354485
0.7724288840262582
0.8897702407002188
0.9343544857768052
0.7830962800875274
0.8274070021881839
0.9305251641137856
0.4313457330415755
0.9190371991247265
0.812636761487965
0.9018052516411379
0.9100109409190372
0.9318927789934355
0.8599562363238512
0.8553063457330415
0.7844638949671773
0.8933260393873085
0.4477571115973742
0.9173960612691466
0.8082603938730853
0.8495623632385121
0.7986870897155361
0.8443654266958425
0.862417943107221
0.7718818380743983
0.8049781181619255
0.7882932166301969
0.9193107221006565
0.9198577680525164
0.35776805251641136
0.8383479212253829
0.4926148796498906
0.8014223194748359
0.8186542669584245
0.9206783369803063
0.7861050328227571
0.8079868708971554
0.8678884026258206
0.8804704595185996
0.850382932166302
0.9310722100656456
0.8019693654266958
0.8055251641137856
0.8889496717724289
0.7716083150984683
0.9461159737417943
0.812363238512035
0.9028993435448578
0.9190371991247265
0.8421772428884027
0.7973194748358862
0.7863785557986871
0.8140043763676149
0.7661378555798687
0.9217724288840262
0.9026258205689278
0.9584245076586433
0.9272428884026258
0.8361597374179431
0.8473741794310722
0.6925601750547046
0.9327133479212254
0.8438183807439825
0.8566739606126915
0.8096280087527352
0.9026258205689278
0.8583150984682714
0.8815645514223195
0.7398796498905909
0.9004376367614879
0.888129102844639
0.7352297592997812
0.9272428884026258
0.8462800875273523
0.8140043763676149
0.8763676148796499
0.6947483588621444
0.9324398249452954
0.8052516411378556
0.74972647702407
0.8629649890590809
0.45213347921225383
0.8265864332603938
0.8692560175054704
0.8517505470459519
0.8719912472647703
0.9411925601750547
0.861870897155361
0.8429978118161926
0.9775711159737418
0.8235776805251641
0.8826586433260394
0.850929978118162
0.8569474835886215
0.8462800875273523
0.8369803063457331
0.8542122538293216
0.8315098468271335
0.8927789934354485
0.8728118161925602
0.8646061269146609
0.7981400437636762
0.8966083150984683
0.8539387308533917
0.8279540481400438
0.8471006564551422
0.8052516411378556
0.8060722100656456
0.8788293216630197
0.8402625820568927
0.8055251641137856
0.7108862144420132
0.8602297592997812
0.14414660831509846
0.813457330415755
0.7655908096280087
0.8919584245076586
0.875
0.849015317286652
0.8662472647702407
0.9173960612691466
0.8657002188183808
0.8271334792122538
0.8410831509846827
0.87527352297593
0.8933260393873085
0.8900437636761488
0.899617067833698
0.8235776805251641
0.8413566739606126
0.7918490153172867
0.8911378555798687
0.7978665207877462
0.850656455142232
0.8930525164113785
0.8208424507658644
0.8810175054704595
0.0032822757111597373
0.9184901531728665
0.7040481400437637
0.8025164113785558
0.912472647702407
0.9318927789934355
0.7385120350109409
0.9452954048140044
0.8304157549234136
0.7097921225382933
0.9078227571115973
0.912199124726477
0.8796498905908097
0.8339715536105032
0.8957877461706784
0.9225929978118161
0.8164660831509847
0.7387855579868708
0.8654266958424508
0.8386214442013129
0.8172866520787746
0.7718818380743983
0.9666301969365426
0.9018052516411379
0.2929431072210066
0.8927789934354485
0.9045404814004376
0.8864879649890591
0.7964989059080962
0.9132932166301969
0.8900437636761488
0.8460065645514223
0.8336980306345733
0.848741794310722
0.8238512035010941
0.5254376367614879
0.9217724288840262
0.8673413566739606
0.7508205689277899
0.7201859956236324
0.8290481400437637
0.8585886214442013
0.9701859956236324
0.8405361050328227
0.8544857768052516
0.8903172866520788
0.8063457330415755
0.9524070021881839
0.949945295404814
0.7962253829321663
0.8908643326039387
0.8520240700218819
0.8845733041575492
0.7592997811816192
0.8793763676148797
0.848741794310722
0.824945295404814
0.8637855579868708
0.8739059080962801
0.8840262582056893
0.8063457330415755
0.9338074398249453
0.8189277899343544
0.8916849015317286
0.8963347921225383
0.6403172866520788
0.8008752735229759
0.8386214442013129
0.837253829321663
0.8717177242888403
0.9264223194748359
0.850382932166302
0.8219365426695843
0.8952407002188184
0.8241247264770241
0.8982494529540481
0.8014223194748359
0.8200218818380745
0.7390590809628009
0.9351750547045952
0.8066192560175055
0.8522975929978118
0.9573304157549234
0.7472647702407003
0.8558533916849015
0.8164660831509847
0.8667943107221007
0.9603391684901532
0.7962253829321663
0.8914113785557987
0.8517505470459519
0.8558533916849015
0.8156455142231948
0.8739059080962801
0.9042669584245077
0.8837527352297593
0.7814551422319475
0.9420131291028446
0.8429978118161926
0.8334245076586433
0.9135667396061269
0.9094638949671773
0.7814551422319475
0.7817286652078774
0.8574945295404814
0.9102844638949672
0.7992341356673961
0.824671772428884
0.7896608315098468
0.763129102844639
0.8949671772428884
0.8733588621444202
0.8093544857768052
0.8946936542669585
0.8796498905908097
0.8651531728665208
0.8142778993435449
0.8938730853391685
0.9061816192560175
0.9176695842450766
0.4163019693654267
0.8361597374179431
0.8492888402625821
0.7390590809628009
0.937089715536105
0.8019693654266958
0.8681619256017505
0.9165754923413567
0.9540481400437637
0.7207330415754923
0.8583150984682714
0.8386214442013129
0.9220459518599562
0.8760940919037199
0.8605032822757112
0.899070021881838
0.8793763676148797
0.8457330415754923
0.47045951859956237
0.8320568927789934
0.8640590809628009
0.7535557986870897
0.8290481400437637
0.9064551422319475
0.8703501094091903
0.8211159737417943
0.8911378555798687
0.9171225382932167
0.8919584245076586
0.8632385120350109
0.8186542669584245
0.8542122538293216
0.7316739606126915
0.8979759299781181
0.8306892778993435
0.9163019693654267
0.8714442013129103
0.8383479212253829
0.9266958424507659
0.7836433260393874
0.8643326039387309
0.8892231947483589
0.8200218818380745
0.8432713347921226
0.8454595185995624
0.7382385120350109
0.8673413566739606
0.8036105032822757
0.8531181619256017
0.8914113785557987
0.87472647702407
0.8306892778993435
0.7675054704595186
0.837253829321663
0.8544857768052516
0.8181072210065645
0.9015317286652079
0.8594091903719913
0.7921225382932167
0.8955142231947484
0.8298687089715536
0.9264223194748359
0.6936542669584245
0.838074398249453
0.8577680525164114
0.9206783369803063
0.8336980306345733
0.9641684901531729
0.8304157549234136
0.7866520787746171
0.8640590809628009
0.25683807439824946
0.8186542669584245
0.912472647702407
0.9028993435448578
0.6635667396061269
0.8391684901531729
0.9570568927789934
0.9362691466083151
0.7959518599562363
0.8892231947483589
0.8230306345733042
0.9080962800875274
0.938183807439825
0.8692560175054704
0.887855579868709
0.9020787746170679
0.8140043763676149
0.7885667396061269
0.8484682713347921
0.8941466083150985
0.8955142231947484
0.813183807439825
0.8952407002188184
0.7929431072210066
0.8957877461706784
0.7688730853391685
0.9529540481400438
0.8025164113785558
0.9231400437636762
0.8142778993435449
0.8714442013129103
0.7800875273522976
0.8596827133479212
0.8088074398249453
0.9179431072210066
0.8148249452954048
0.9540481400437637
0.3799234135667396
0.9070021881838074
0.8807439824945296
0.9048140043763676
0.8946936542669585
0.8607768052516411
0.9261487964989059
0.8164660831509847
0.8892231947483589
0.9239606126914661
0.8405361050328227
0.8665207877461707
0.8845733041575492
0.8216630196936543
0.4729212253829322
0.9083698030634574
0.8528446389496718
0.8591356673960613
0.8927789934354485
0.899343544857768
0.7691466083150985
0.8687089715536105
0.8547592997811816
0.8167396061269147
0.9091903719912473
0.8304157549234136
0.8930525164113785
0.8717177242888403
0.899890590809628
0.8654266958424508
0.8369803063457331
0.8468271334792122
0.9042669584245077
0.9130196936542669
0.9518599562363238
0.9431072210065645
0.9220459518599562
0.937910284463895
0.8946936542669585
0.8583150984682714
0.813457330415755
0.9316192560175055
0.7664113785557987
0.87527352297593
0.8358862144420132
0.762308533916849
0.9212253829321663
0.8391684901531729
0.8845733041575492
0.8963347921225383
0.9390043763676149
0.8916849015317286
0.9313457330415755
0.8730853391684902
0.8522975929978118
0.8826586433260394
0.8066192560175055
0.8254923413566739
0.8233041575492341
0.7661378555798687
0.8763676148796499
0.8979759299781181
0.7820021881838074
0.8561269146608315
0.7910284463894968
0.8038840262582057
0.9091903719912473
0.8643326039387309
0.8520240700218819
0.7970459518599562
0.8416301969365426
0.837253829321663
0.9392778993435449
0.8276805251641138
0.8905908096280087
0.8916849015317286
0.8574945295404814
0.9346280087527352
0.6504376367614879
0.8178336980306345
0.9105579868708972
0.9078227571115973
0.8810175054704595
0.9444748358862144
0.8700765864332604
0.8536652078774617
0.8109956236323851
0.9108315098468271
0.8473741794310722
0.8413566739606126
0.9146608315098468
0.8903172866520788
0.9217724288840262
0.8706236323851203
0.9132932166301969
0.7404266958424508
0.8364332603938731
0.7951312910284464
0.7554704595185996
0.888402625820569
0.8574945295404814
0.800328227571116
0.9034463894967177
0.7956783369803063
0.887855579868709
0.8522975929978118
0.799781181619256
0.9242341356673961
0.9439277899343544
0.8777352297592997
0.8782822757111597
0.45021881838074396
0.8944201312910285
0.8834792122538293
0.9551422319474836
0.8845733041575492
0.8057986870897156
0.8517505470459519
0.899070021881838
0.8107221006564551
0.8897702407002188
0.8845733041575492
0.34846827133479213
0.8760940919037199
0.8801969365426696
0.8741794310722101
0.8421772428884027
0.837527352297593
0.8894967177242888
0.8941466083150985
0.824398249452954
0.8416301969365426
0.8687089715536105
0.8435448577680525
0.8977024070021882
0.8807439824945296
0.8438183807439825
0.9567833698030634
0.8938730853391685
0.8107221006564551
0.8528446389496718
0.6020240700218819
0.8542122538293216
0.887308533916849
0.8202954048140044
0.8870350109409191
0.8293216630196937
0.8520240700218819
0.8495623632385121
0.8971553610503282
0.8657002188183808
0.8785557986870897
0.8801969365426696
0.774070021881838
0.8892231947483589
0.7940371991247265
0.8610503282275711
0.8189277899343544
0.8405361050328227
0.7609409190371991
0.9056345733041575
0.8870350109409191
0.900984682713348
0.9294310722100656
0.899343544857768
0.7989606126914661
0.8323304157549234
0.8181072210065645
0.9721006564551422
0.8309628008752735
0.899617067833698
0.9165754923413567
0.8334245076586433
0.8320568927789934
0.8189277899343544
0.962800875273523
0.850929978118162
0.9781181619256017
0.8345185995623632
0.44666301969365424
0.9231400437636762
0.46033916849015316
0.9458424507658644
0.8870350109409191
0.7324945295404814
0.9165754923413567
0.9179431072210066
0.9638949671772429
0.9007111597374179
0.8785557986870897
0.8927789934354485
0.8082603938730853
0.850656455142232
0.8894967177242888
0.8629649890590809
0.8479212253829321
0.9507658643326039
0.8052516411378556
0.7352297592997812
0.8449124726477024
0.8038840262582057
0.899070021881838
0.7792669584245077
0.7847374179431073
0.7453501094091903
0.8405361050328227
0.8648796498905909
0.8421772428884027
0.8930525164113785
0.8484682713347921
0.8977024070021882
0.8230306345733042
0.8462800875273523
0.8107221006564551
0.9543216630196937
0.8402625820568927
0.8161925601750547
0.9165754923413567
0.9146608315098468
0.9050875273522976
0.8654266958424508
0.7830962800875274
0.8646061269146609
0.938183807439825
0.8637855579868708
0.7855579868708972
0.8408096280087527
0.8733588621444202
0.9529540481400438
0.9083698030634574
0.74945295404814
0.901258205689278
0.8602297592997812
0.7814551422319475
0.7691466083150985
0.8019693654266958
0.8533916849015317
0.8651531728665208
0.9302516411378556
0.8405361050328227
0.8449124726477024
0.8845733041575492
0.8903172866520788
0.8156455142231948
0.15536105032822758
0.899890590809628
0.8498358862144421
0.8460065645514223
0.7858315098468271
0.9083698030634574
0.7521881838074398
0.9037199124726477
0.8019693654266958
0.87554704595186
0.8522975929978118
0.875
0.8834792122538293
0.9362691466083151
0.8944201312910285
0.8145514223194749
0.811816192560175
0.8011487964989059
0.7532822757111597
0.9173960612691466
0.8758205689277899
0.9160284463894968
0.9193107221006565
0.8916849015317286
0.7355032822757112
0.7989606126914661
0.7945842450765864
0.9198577680525164
0.812636761487965
0.9152078774617067
0.8175601750547046
0.8369803063457331
0.9100109409190372
0.8662472647702407
0.8788293216630197
0.7833698030634574
0.8274070021881839
0.7584792122538293
0.8107221006564551
0.8282275711159738
0.7590262582056893
0.8449124726477024
0.6405908096280087
0.8495623632385121
0.8197483588621444
0.9132932166301969
0.825218818380744
0.7595733041575492
0.8293216630196937
0.9171225382932167
0.8211159737417943
0.9138402625820569
0.7885667396061269
0.8402625820568927
0.9184901531728665
0.8572210065645515
0.8079868708971554
0.7989606126914661
0.8706236323851203
0.8498358862144421
0.8695295404814004
0.8049781181619255
0.8047045951859956
0.949398249452954
0.8561269146608315
0.8093544857768052
0.8651531728665208
0.8304157549234136
0.8810175054704595
0.888402625820569
0.7560175054704595
0.9223194748358862
0.8542122538293216
0.8429978118161926
0.9015317286652079
0.9406455142231948
0.8897702407002188
0.9050875273522976
0.8049781181619255
0.8547592997811816
0.8391684901531729
0.9157549234135668
0.8044310722100656
0.8966083150984683
0.9182166301969366
0.8211159737417943
0.8758205689277899
0.8673413566739606
0.7283916849015317
0.8394420131291028
0.8517505470459519
0.8383479212253829
0.7986870897155361
0.8484682713347921
0.9204048140043763
0.887582056892779
0.8585886214442013
0.8689824945295405
0.8049781181619255
0.8853938730853391
0.8736323851203501
0.8200218818380745
0.9152078774617067
0.8265864332603938
0.9001641137855579
0.888129102844639
0.7286652078774617
0.8189277899343544
0.8140043763676149
0.9395514223194749
0.963074398249453
0.43544857768052514
0.8323304157549234
0.7267505470459519
0.8832056892778993
0.8821115973741794
0.8867614879649891
0.9059080962800875
0.8550328227571116
0.9666301969365426
0.8870350109409191
0.8777352297592997
0.7664113785557987
0.8859409190371991
0.8911378555798687
0.8189277899343544
0.9102844638949672
0.8361597374179431
0.8574945295404814
0.9231400437636762
0.8695295404814004
0.9679978118161926
0.7669584245076586
0.888402625820569
0.8036105032822757
0.8038840262582057
0.787746170678337
0.8405361050328227
0.9340809628008753
0.8706236323851203
0.8063457330415755
0.800054704595186
0.4291575492341357
0.22565645514223195
0.8569474835886215
0.6263676148796499
0.899343544857768
0.9209518599562363
0.8632385120350109
0.7089715536105032
0.9091903719912473
0.862417943107221
0.47921225382932164
0.9346280087527352
0.7546498905908097
0.837253829321663
0.8905908096280087
0.7861050328227571
0.8815645514223195
0.8391684901531729
0.6775164113785558
0.899890590809628
0.7882932166301969
0.8172866520787746
0.824671772428884
0.937363238512035
0.8170131291028446
0.9105579868708972
0.8807439824945296
0.9305251641137856
0.9472100656455142
0.8763676148796499
0.8057986870897156
0.8596827133479212
0.7828227571115973
0.7956783369803063
0.8856673960612691
0.9039934354485777
0.8104485776805251
0.9351750547045952
0.8774617067833698
0.9080962800875274
0.9195842450765864
0.9135667396061269
0.7478118161925602
0.9026258205689278
0.9130196936542669
0.9398249452954048
0.9195842450765864
0.8328774617067833
0.8859409190371991
0.9504923413566739
0.9056345733041575
0.7833698030634574
0.9102844638949672
0.9195842450765864
0.9028993435448578
0.9086433260393874
0.9100109409190372
0.7814551422319475
0.9201312910284464
0.8908643326039387
0.7527352297592997
0.8599562363238512
0.9269693654266958
0.8457330415754923
0.9053610503282276
0.8952407002188184
0.8911378555798687
0.8561269146608315
0.8651531728665208
0.899617067833698
0.7820021881838074
0.9606126914660832
0.8952407002188184
0.8897702407002188
0.9299781181619255
0.8022428884026258
0.3842997811816193
0.7751641137855579
0.8345185995623632
0.7828227571115973
0.8336980306345733
0.7521881838074398
0.6608315098468271
0.8427242888402626
0.8364332603938731
0.7926695842450766
0.8804704595185996
0.9297045951859956
0.9537746170678337
0.7940371991247265
0.8014223194748359
0.8637855579868708
0.8777352297592997
0.7943107221006565
0.9504923413566739
0.8580415754923414
0.9116520787746171
0.9214989059080962
0.8966083150984683
0.9015317286652079
0.9318927789934355
0.8057986870897156
0.737417943107221
0.8793763676148797
0.8785557986870897
0.8842997811816192
0.8099015317286652
0.7858315098468271
0.937910284463895
0.7844638949671773
0.8588621444201313
0.7962253829321663
0.899617067833698
0.8495623632385121
0.8914113785557987
0.8219365426695843
0.8711706783369803
0.8960612691466083
0.7141684901531729
0.8900437636761488
0.9318927789934355
0.8033369803063457
0.899070021881838
0.8440919037199125
0.8200218818380745
0.9206783369803063
0.8353391684901532
0.9028993435448578
0.8796498905908097
0.7355032822757112
0.9039934354485777
0.8544857768052516
0.7489059080962801
0.8432713347921226
0.8681619256017505
0.8512035010940919
0.8780087527352297
0.8714442013129103
0.8955142231947484
0.8520240700218819
0.9690919037199125
0.8465536105032823
0.7675054704595186
0.87445295404814
0.7551969365426696
0.8410831509846827
0.8536652078774617
0.9100109409190372
0.8801969365426696
0.8574945295404814
0.8711706783369803
0.7885667396061269
0.8580415754923414
0.7850109409190372
0.8646061269146609
0.9037199124726477
0.8079868708971554
0.8112691466083151
0.8774617067833698
0.8974288840262582
0.8224835886214442
0.825218818380744
0.9485776805251641
0.9113785557986871
0.8219365426695843
0.9450218818380745
0.9338074398249453
0.8657002188183808
0.763402625820569
0.7992341356673961
0.4822210065645514
0.8577680525164114
0.8391684901531729
0.7770787746170679
0.7316739606126915
0.9039934354485777
0.8662472647702407
0.9097374179431073
0.8167396061269147
0.387308533916849
0.7956783369803063
0.6537199124726477
0.8328774617067833
0.925328227571116
0.7798140043763676
0.8405361050328227
0.737691466083151
0.7612144420131292
0.9696389496717724
0.8479212253829321
0.8189277899343544
0.8678884026258206
0.9111050328227571
0.8268599562363238
0.8979759299781181
0.8279540481400438
0.8555798687089715
0.8599562363238512
0.8810175054704595
0.8911378555798687
0.8867614879649891
0.8202954048140044
0.8941466083150985
0.688183807439825
0.7915754923413567
0.8175601750547046
0.7926695842450766
0.837800875273523
0.8369803063457331
0.8821115973741794
0.8216630196936543
0.7363238512035011
0.8432713347921226
0.9195842450765864
0.8356126914660832
0.7070568927789934
0.31400437636761486
0.862144420131291
0.8140043763676149
0.8230306345733042
0.8927789934354485
0.9543216630196937
0.5839715536105032
0.8583150984682714
0.8736323851203501
0.762308533916849
0.8941466083150985
0.9176695842450766
0.9310722100656456
0.7737964989059081
0.7847374179431073
0.8968818380743983
0.8911378555798687
0.9699124726477024
0.8914113785557987
0.9214989059080962
0.9094638949671773
0.924781181619256
0.8741794310722101
0.7546498905908097
0.8282275711159738
0.7305798687089715
0.8161925601750547
0.9015317286652079
0.8968818380743983
0.9105579868708972
0.8960612691466083
0.9461159737417943
0.8711706783369803
0.9392778993435449
0.8574945295404814
0.8911378555798687
0.8782822757111597
0.936816192560175
0.9067286652078774
0.8629649890590809
0.8397155361050328
0.7795404814004376
0.899617067833698
0.9220459518599562
0.8889496717724289
0.7565645514223195
0.7787199124726477
0.7855579868708972
0.8695295404814004
0.800328227571116
0.7393326039387309
0.8323304157549234
0.962800875273523
0.7735229759299781
0.87445295404814
0.8462800875273523
0.861870897155361
0.7664113785557987
0.837253829321663
0.9551422319474836
0.7833698030634574
0.9018052516411379
0.8946936542669585
0.8769146608315098
0.8916849015317286
0.9023522975929978
0.912746170678337
0.8799234135667396
0.862691466083151
0.7978665207877462
0.8555798687089715
0.8848468271334792
0.9258752735229759
0.8099015317286652
0.8935995623632386
0.8183807439824945
0.8334245076586433
0.7095185995623632
0.9264223194748359
0.7196389496717724
0.8922319474835886
0.8821115973741794
0.8670678336980306
0.9403719912472648
0.812089715536105
0.8353391684901532
0.7680525164113785
0.9108315098468271
0.9015317286652079
0.8181072210065645
0.8391684901531729
0.8640590809628009
0.762308533916849
0.8260393873085339
0.8610503282275711
0.8736323851203501
0.9297045951859956
0.9294310722100656
0.8468271334792122
0.8202954048140044
0.9080962800875274
0.8068927789934355
0.7483588621444202
0.763402625820569
0.875
0.9056345733041575
0.8555798687089715
0.9576039387308534
0.9075492341356673
0.9294310722100656
0.7913019693654267
0.675328227571116
0.87472647702407
0.8933260393873085
0.8525711159737418
0.837527352297593
0.9537746170678337
0.899343544857768
0.7858315098468271
0.8832056892778993
0.924781181619256
0.8457330415754923
0.850929978118162
0.7951312910284464
0.8410831509846827
0.9059080962800875
0.8905908096280087
0.837800875273523
0.7683260393873085
0.8274070021881839
0.8112691466083151
0.7866520787746171
0.7866520787746171
0.7978665207877462
0.7516411378555798
0.8481947483588621
0.9398249452954048
0.887855579868709
0.8033369803063457
0.911925601750547
0.7820021881838074
0.9100109409190372
0.762308533916849
0.8350656455142232
0.8063457330415755
0.9111050328227571
0.8520240700218819
0.7442560175054704
0.8722647702407003
0.8408096280087527
0.8987964989059081
0.8347921225382933
0.9173960612691466
0.9184901531728665
0.8471006564551422
0.888129102844639
0.8897702407002188
0.8528446389496718
0.8922319474835886
0.8851203501094091
0.887308533916849
0.8730853391684902
0.8539387308533917
0.7800875273522976
0.9105579868708972
0.7844638949671773
0.9420131291028446
0.9094638949671773
0.8049781181619255
0.8766411378555798
0.8533916849015317
0.8202954048140044
0.7576586433260394
0.8968818380743983
0.8260393873085339
0.9433807439824945
0.9277899343544858
0.9111050328227571
0.8468271334792122
0.8148249452954048
0.8542122538293216
0.9458424507658644
0.8465536105032823
0.8369803063457331
0.4778446389496718
0.8955142231947484
0.8432713347921226
0.9420131291028446
0.7882932166301969
0.44173960612691465
0.9182166301969366
0.8413566739606126
0.7729759299781181
0.8522975929978118
0.7784463894967177
0.8588621444201313
0.849015317286652
0.8719912472647703
0.812636761487965
0.9291575492341356
0.8739059080962801
0.7234682713347921
0.8952407002188184
0.9075492341356673
0.8801969365426696
0.8465536105032823
0.8785557986870897
0.8676148796498906
0.8684354485776805
0.3859409190371991
0.8383479212253829
0.9094638949671773
0.7787199124726477
0.9234135667396062
0.8202954048140044
0.8678884026258206
0.937089715536105
0.899343544857768
0.8432713347921226
0.8104485776805251
0.8192013129102844
0.8714442013129103
0.7789934354485777
0.8315098468271335
0.9168490153172867
0.849015317286652
0.8703501094091903
0.9179431072210066
0.9037199124726477
0.7754376367614879
0.8651531728665208
0.8334245076586433
0.5672866520787746
0.9078227571115973
0.8145514223194749
0.9409190371991247
0.9204048140043763
0.9037199124726477
0.813457330415755
0.9524070021881839
0.7882932166301969
0.43927789934354483
0.7333150984682714
0.8227571115973742
0.8347921225382933
0.899070021881838
0.912472647702407
0.8016958424507659
0.9039934354485777
0.8416301969365426
0.8894967177242888
0.4414660831509847
0.912199124726477
0.8605032822757112
0.9034463894967177
0.8654266958424508
0.9130196936542669
0.9067286652078774
0.8202954048140044
0.7437089715536105
0.375
0.4537746170678337
0.6479759299781181
0.8963347921225383
0.9444748358862144
0.8161925601750547
0.7149890590809628
0.8429978118161926
0.8364332603938731
0.8977024070021882
0.8388949671772429
0.7833698030634574
0.8591356673960613
0.9327133479212254
0.8801969365426696
0.9422866520787746
0.8632385120350109
0.7806345733041575
0.7986870897155361
0.9480306345733042
0.7844638949671773
0.8711706783369803
0.8304157549234136
0.7811816192560175
0.875
0.8533916849015317
0.8771881838074398
0.9152078774617067
0.7795404814004376
0.9001641137855579
0.812910284463895
0.8678884026258206
0.8263129102844639
0.8107221006564551
0.8328774617067833
0.8137308533916849
0.48741794310722103
0.9297045951859956
0.8328774617067833
0.8919584245076586
0.862691466083151
0.786925601750547
0.8944201312910285
0.8599562363238512
0.8533916849015317
0.8079868708971554
0.7718818380743983
0.8525711159737418
0.8774617067833698
0.7092450765864332
0.8585886214442013
0.7841903719912473
0.8949671772428884
0.8821115973741794
0.8848468271334792
0.43900437636761486
0.8522975929978118
0.7995076586433261
0.8484682713347921
0.9690919037199125
0.8914113785557987
0.8944201312910285
0.8328774617067833
0.838074398249453
0.6936542669584245
0.8968818380743983
0.8889496717724289
0.8224835886214442
0.7907549234135668
0.8156455142231948
0.8449124726477024
0.7825492341356673
0.9034463894967177
0.8925054704595186
0.8916849015317286
0.8402625820568927
0.7737964989059081
0.9559628008752735
0.7557439824945296
0.8350656455142232
0.7737964989059081
0.9223194748358862
0.6208971553610503
0.9220459518599562
0.9693654266958425
0.87527352297593
0.837253829321663
0.9212253829321663
0.6293763676148797
0.8949671772428884
0.8698030634573304
0.8304157549234136
0.9100109409190372
0.8391684901531729
0.9048140043763676
0.9346280087527352
0.8760940919037199
0.824945295404814
0.9028993435448578
0.9198577680525164
0.8265864332603938
0.7795404814004376
0.936816192560175
0.9827680525164114
0.7385120350109409
0.9286105032822757
0.8927789934354485
0.8468271334792122
0.8695295404814004
0.8279540481400438
0.8662472647702407
0.5924507658643327
0.8306892778993435
0.9647155361050328
0.8520240700218819
0.5754923413566739
0.8927789934354485
0.87472647702407
0.8944201312910285
0.7833698030634574
0.6963894967177243
0.8769146608315098
0.8233041575492341
0.8454595185995624
0.9442013129102844
0.8914113785557987
0.9450218818380745
0.9431072210065645
0.850109409190372
0.825218818380744
0.45951859956236324
0.8733588621444202
0.9097374179431073
0.8894967177242888
0.937910284463895
0.14578774617067833
0.8894967177242888
0.8955142231947484
0.8856673960612691
0.7483588621444202
0.9269693654266958
0.9007111597374179
0.8539387308533917
0.9641684901531729
0.8894967177242888
0.7951312910284464
0.9297045951859956
0.9455689277899344
0.9042669584245077
0.9061816192560175
0.8946936542669585
0.9007111597374179
0.9715536105032823
0.9223194748358862
0.9351750547045952
0.8933260393873085
0.9507658643326039
0.7891137855579868
0.762582056892779
0.7806345733041575
0.9141137855579868
0.7913019693654267
0.850382932166302
0.8695295404814004
0.9414660831509847
0.8315098468271335
0.8460065645514223
0.8968818380743983
0.8897702407002188
0.8301422319474836
0.87472647702407
0.8473741794310722
0.8687089715536105
0.9313457330415755
0.8708971553610503
0.7551969365426696
0.9614332603938731
0.8268599562363238
0.9187636761487965
0.7675054704595186
0.8172866520787746
0.6974835886214442
0.7603938730853391
0.8769146608315098
0.9595185995623632
0.887582056892779
0.8047045951859956
0.9291575492341356
0.9461159737417943
0.8971553610503282
0.9644420131291028
0.8298687089715536
0.8687089715536105
0.900984682713348
0.8853938730853391
0.8465536105032823
0.8659737417943107
0.6890043763676149
0.8905908096280087
0.774070021881838
0.8306892778993435
0.7773522975929978
0.8588621444201313
0.8235776805251641
0.9187636761487965
0.8700765864332604
0.7664113785557987
0.7100656455142232
0.787746170678337
0.8807439824945296
0.8760940919037199
0.7814551422319475
0.8695295404814004
0.8438183807439825
0.7995076586433261
0.8208424507658644
0.9086433260393874
0.8714442013129103
0.9351750547045952
0.800601750547046
0.7448030634573304
0.9001641137855579
0.8137308533916849
0.9712800875273523
0.8317833698030634
0.8345185995623632
0.8427242888402626
0.8224835886214442
0.8197483588621444
0.8799234135667396
0.8014223194748359
0.9592450765864332
0.2149890590809628
0.8985229759299781
0.774890590809628
0.912199124726477
0.7913019693654267
0.8916849015317286
0.8052516411378556
0.8323304157549234
0.8241247264770241
0.8667943107221007
0.8522975929978118
0.8164660831509847
0.8254923413566739
0.8574945295404814
0.8082603938730853
0.8971553610503282
0.8662472647702407
0.8408096280087527
0.8096280087527352
0.8659737417943107
0.8886761487964989
0.9217724288840262
0.7683260393873085
0.9026258205689278
0.9086433260393874
0.8205689277899344
0.8818380743982495
0.7806345733041575
0.9028993435448578
0.7945842450765864
0.9083698030634574
0.8276805251641138
0.9067286652078774
0.7904814004376368
0.7357768052516411
0.8938730853391685
0.75
0.8670678336980306
0.7404266958424508
0.8451859956236324
0.7995076586433261
0.8531181619256017
0.8410831509846827
0.8952407002188184
0.8657002188183808
0.713074398249453
0.8905908096280087
0.7084245076586433
0.9113785557986871
0.9154814004376368
0.9307986870897156
0.712800875273523
0.35421225382932164
0.8202954048140044
0.8492888402625821
0.7926695842450766
0.9354485776805251
0.7084245076586433
0.7806345733041575
0.8774617067833698
0.7852844638949672
0.8074398249452954
0.9209518599562363
0.8473741794310722
0.9477571115973742
0.912472647702407
0.8290481400437637
0.45842450765864334
0.8367067833698031
0.8629649890590809
0.7562910284463895
0.8241247264770241
0.899343544857768
0.7945842450765864
0.9329868708971554
0.8038840262582057
0.9212253829321663
0.9261487964989059
0.8610503282275711
0.6638402625820569
0.8717177242888403
0.8323304157549234
0.9217724288840262
0.8812910284463895
0.9059080962800875
0.8514770240700219
0.901258205689278
0.8085339168490153
0.7943107221006565
0.8386214442013129
0.8336980306345733
0.8495623632385121
0.7784463894967177
0.8320568927789934
0.8561269146608315
0.8648796498905909
0.912746170678337
0.8082603938730853
0.8142778993435449
0.9102844638949672
0.8905908096280087
0.8350656455142232
0.7437089715536105
0.9792122538293216
0.8197483588621444
0.8350656455142232
0.8063457330415755
0.8946936542669585
0.8834792122538293
0.8536652078774617
0.8276805251641138
0.8558533916849015
0.925328227571116
0.861597374179431
0.9236870897155361
0.8810175054704595
0.7554704595185996
0.8285010940919038
0.875
0.9067286652078774
0.7335886214442013
0.7341356673960613
0.9070021881838074
0.8925054704595186
0.9472100656455142
0.887855579868709
0.7954048140043763
0.9409190371991247
0.838074398249453
0.7921225382932167
0.8525711159737418
0.8413566739606126
0.9305251641137856
0.848741794310722
0.8837527352297593
0.3635120350109409
0.936542669584245
0.925054704595186
0.8057986870897156
0.9053610503282276
0.8457330415754923
0.7757111597374179
0.9707330415754923
0.850382932166302
0.8457330415754923
0.17970459518599563
0.8629649890590809
0.8602297592997812
0.7964989059080962
0.8826586433260394
0.7945842450765864
0.8952407002188184
0.9111050328227571
0.9335339168490153
0.8230306345733042
0.8260393873085339
0.7822757111597374
0.7910284463894968
0.8911378555798687
0.8391684901531729
0.3955142231947484
0.8520240700218819
0.8955142231947484
0.9302516411378556
0.912746170678337
0.9310722100656456
0.8864879649890591
0.800601750547046
0.8574945295404814
0.9524070021881839
0.9001641137855579
0.7666849015317286
0.9184901531728665
0.8257658643326039
0.8832056892778993
0.9004376367614879
0.9026258205689278
0.850656455142232
0.8547592997811816
0.8301422319474836
0.8785557986870897
0.9176695842450766
0.8055251641137856
0.8572210065645515
0.7601203501094091
0.9212253829321663
0.8646061269146609
0.0057439824945295405
0.8692560175054704
0.800054704595186
0.7737964989059081
0.8717177242888403
0.9149343544857768
0.8596827133479212
0.8104485776805251
0.8889496717724289
0.9078227571115973
0.7836433260393874
0.8153719912472648
0.9089168490153173
0.700218818380744
0.837253829321663
0.8468271334792122
0.8265864332603938
0.8339715536105032
0.4548687089715536
0.8181072210065645
0.8922319474835886
0.8643326039387309
0.7535557986870897
0.8914113785557987
0.9406455142231948
0.8293216630196937
0.7538293216630197
0.8197483588621444
0.7825492341356673
0.9261487964989059
0.8577680525164114
0.7765317286652079
0.9094638949671773
0.962253829321663
0.7543763676148797
0.8987964989059081
0.774070021881838
0.8927789934354485
0.9154814004376368
0.8090809628008753
0.787199124726477
0.8566739606126915
0.8654266958424508
0.8944201312910285
0.7765317286652079
0.9007111597374179
