0.7748292170257488
0.8794009458749343
0.8336836573830794
0.5901208617971624
0.8013662637940094
0.8039936941671045
0.8767735155018392
0.767209668943773
0.8455070940620073
0.9104046242774566
0.8854440357330531
0.765633210719916
0.8654755648975302
0.7645822385706779
0.8949027850761955
0.7997898055701524
0.8011035207567
0.6287440882816605
0.7674724119810825
0.8533893851812927
0.6408302679978981
0.5651602732527587
0.7475039411455596
0.77955859169732
0.8318444561219128
0.8173935890698897
0.8173935890698897
0.801629006831319
0.7461902259590121
0.837099316868103
0.8794009458749343
0.7929584866001052
0.7540725170782975
0.8759852863899107
0.8431424067262218
0.8857067787703626
0.7827115081450342
0.6994219653179191
0.8518129269574356
0.9043615344193379
0.7737782448765108
0.8906988964792433
0.7848134524435102
0.7940094587493431
0.7879663688912244
0.7834997372569626
0.7643194955333684
0.7808723068838676
0.6991592222806096
0.77955859169732
0.850499211770888
0.8205465055176038
0.790856542301629
0.7012611665790857
0.7401471361008933
0.8652128218602207
0.7461902259590121
0.7877036258539148
0.8273778244876511
0.8336836573830794
0.6960063058328955
0.7193904361534419
0.7598528638991067
0.8024172359432475
0.8281660535995796
0.8455070940620073
0.8307934839726747
0.7256962690488702
0.7682606410930111
0.7320021019442985
0.7422490803993694
0.9332632685233841
0.8276405675249606
0.8541776142932213
0.9172359432475039
0.7968996321597478
0.6768260641093011
0.8481345244351025
0.7059905412506569
0.8662637940094587
0.7971623751970572
0.7856016815554387
0.8297425118234367
0.8263268523384131
0.7971623751970572
0.8368365738307935
0.7787703625853915
0.9298476090383605
0.9027850761954809
0.7903310562270099
0.7335785601681556
0.8646873357856016
0.792433000525486
0.7593273778244877
0.882816605359958
0.9393063583815029
0.8105622700998424
0.8355228586442459
0.7658959537572254
0.895165528113505
0.8121387283236994
0.8202837624802942
0.8039936941671045
0.7674724119810825
0.6589595375722543
0.7538097740409879
0.7588018917498687
0.7572254335260116
0.7288491854965844
0.802679978980557
0.837099316868103
0.6939043615344194
0.7997898055701524
0.9125065685759327
0.7921702574881766
0.8964792433000526
0.836573830793484
0.8407777193904361
0.6970572779821335
0.8218602207041513
0.859695218076721
0.8118759852863899
0.9282711508145034
0.3562795585916973
0.7551234892275355
0.8194955333683658
0.9025223331581713
0.7937467157120336
0.7722017866526537
0.8620599054125065
0.708092485549133
0.8954282711508145
0.7827115081450342
0.7049395691014189
0.7170257488176563
0.6988964792433
0.8499737256962691
0.7535470310036784
0.8158171308460326
0.7764056752496059
0.8407777193904361
0.7758801891749869
0.8079348397267473
0.9125065685759327
0.7700998423541776
0.6784025223331581
0.7017866526537047
0.8686284813452444
0.9372044140830268
0.8071466106148187
0.8307934839726747
0.743562795585917
0.8696794534944824
0.8628481345244351
0.7052023121387283
0.7645822385706779
0.8008407777193904
0.8000525486074619
0.8825538623226484
0.9264319495533369
0.8801891749868629
0.847346295323174
0.814503415659485
0.7270099842354177
0.7716763005780347
0.6857593273778245
0.7926957435627956
0.8000525486074619
0.7769311613242249
0.8441933788754598
0.7722017866526537
0.9337887545980031
0.7687861271676301
0.7732527588018917
0.7348922753547031
0.8202837624802942
0.6497635312664214
0.8200210194429848
0.8901734104046243
0.9048870204939569
0.7028376248029428
0.8520756699947452
0.932212296374146
0.6731476615869679
0.8772990015764582
0.8124014713610089
0.6941671045717288
0.8594324750394114
0.6071991592222806
0.6720966894377299
0.7664214398318444
0.7677351550183921
0.7611665790856542
0.7871781397792958
0.8034682080924855
0.8447188649500789
0.7821860220704151
0.6437204414083026
0.7154492905937992
0.8549658434051498
0.7277982133473463
0.6902259590120862
0.859695218076721
0.8878087230688386
0.8349973725696269
0.7522333158171308
0.7921702574881766
0.7369942196531792
0.7325275880189175
0.697845507094062
0.6684182869153967
0.8717813977929585
0.6894377299001576
0.8418286915396742
0.6826064109301103
0.8631108775617446
0.8675775091960063
0.7813977929584865
0.7228060956384655
0.8709931686810299
0.8060956384655806
0.6918024172359433
0.8166053599579611
0.7669469259064635
0.8641618497109826
0.7364687335785601
0.6975827640567525
0.7653704676826064
0.7787703625853915
0.7953231739358907
0.8628481345244351
0.8959537572254336
0.8738833420914346
0.7007356805044667
0.9101418812401472
0.662900683131897
0.7827115081450342
0.8034682080924855
0.8037309511297951
0.8888596952180767
0.8988439306358381
0.7856016815554387
0.8389385181292696
0.9511297950604309
0.7301629006831319
0.7916447714135575
0.7861271676300579
0.8441933788754598
0.8539148712559117
0.872569626904887
0.721492380451918
0.7141355754072517
0.9009458749343142
0.7921702574881766
0.8807146610614819
0.6894377299001576
0.8092485549132948
0.8116132422490804
0.7769311613242249
0.848397267472412
0.711245401996847
0.7524960588544404
0.8008407777193904
0.7004729374671571
0.7454019968470835
0.6794534944823962
0.6707829742511824
0.824750394114556
0.8297425118234367
0.9624277456647399
0.7729900157645823
0.8152916447714136
0.8977929584866001
0.6224382553862323
0.7693116132422491
0.8723068838675775
0.7422490803993694
0.7031003678402522
0.7267472411981083
0.7900683131897005
0.7848134524435102
0.7750919600630584
0.6891749868628482
0.7015239096163952
0.850499211770888
0.7834997372569626
0.895691014188124
0.8941145559642669
0.8003152916447714
0.9269574356279559
0.9009458749343142
0.7866526537046769
0.8281660535995796
0.8407777193904361
0.7238570677877036
0.7509196006305833
0.7798213347346296
0.8675775091960063
0.8767735155018392
0.848922753547031
0.7682606410930111
0.789280084077772
0.905412506568576
0.8066211245401996
0.8321071991592223
0.7138728323699421
0.7485549132947977
0.7511823436678928
0.7469784550709406
0.7506568575932738
0.8512874408828166
0.7992643194955333
0.9153967419863374
0.883867577509196
0.7982133473462953
0.8092485549132948
0.8163426169206516
0.7422490803993694
0.917761429322123
0.8018917498686284
0.8084603258013663
0.8286915396741986
0.8447188649500789
0.9240672622175512
0.8914871255911718
0.8610089332632685
0.9067262217551235
0.8102995270625328
0.6965317919075145
0.8118759852863899
0.7151865475564898
0.8820283762480294
0.836573830793484
0.8405149763531267
0.7766684182869154
0.7753547031003678
0.7425118234366789
0.8181818181818182
0.7758801891749869
0.8339464004203888
0.8184445612191277
0.7180767209668943
0.8667892800840777
0.8074093536521282
0.8084603258013663
0.8709931686810299
0.8644245927482922
0.8344718864950079
0.744088281660536
0.7903310562270099
0.7669469259064635
0.6881240147136101
0.7753547031003678
0.8116132422490804
0.7916447714135575
0.7877036258539148
0.6944298476090384
0.8439306358381503
0.8549658434051498
0.7832369942196532
0.847871781397793
0.9272201786652654
0.7496058854440357
0.7853389385181293
0.7540725170782975
0.8746715712033631
0.8972674724119811
0.8218602207041513
0.7322648449816079
0.6539674198633736
0.639253809774041
0.8526011560693642
0.7987388334209143
0.8331581713084604
0.9211770888071467
0.7467157120336311
0.931686810299527
0.8560168155543878
0.9259064634787179
0.7611665790856542
0.8029427220178665
0.7866526537046769
0.8518129269574356
0.9332632685233841
0.8499737256962691
0.9390436153441933
0.7682606410930111
0.8610089332632685
0.8917498686284814
0.7769311613242249
0.7277982133473463
0.7974251182343668
0.7275354703100367
0.8158171308460326
0.8925380977404099
0.7806095638465581
0.8060956384655806
0.6781397792958487
0.6965317919075145
0.8583815028901735
0.8029427220178665
0.7404098791382029
0.719915922228061
0.9214398318444561
0.8765107724645297
0.8250131371518655
0.7249080399369416
0.8066211245401996
0.8079348397267473
0.8213347346295323
0.766684182869154
0.7834997372569626
0.9243300052548608
0.8696794534944824
0.9513925380977404
0.6657908565423016
0.7590646347871781
0.851024697845507
0.7296374146085128
0.7669469259064635
0.7498686284813453
0.8772990015764582
0.790856542301629
0.8678402522333158
0.7653704676826064
0.756962690488702
0.791907514450867
0.6962690488702049
0.6728849185496585
0.7070415133998948
0.8197582764056752
0.9174986862848135
0.8063583815028902
0.7609038360483448
0.7033631108775618
0.7750919600630584
0.767209668943773
0.7842879663688912
0.7693116132422491
0.7540725170782975
0.8470835522858644
0.7619548081975828
0.7488176563321072
0.7545980031529165
0.8765107724645297
0.838150289017341
0.8476090383604834
0.7643194955333684
0.8221229637414609
0.7469784550709406
0.8439306358381503
0.7953231739358907
0.8407777193904361
0.792433000525486
0.7832369942196532
0.5809248554913294
0.7987388334209143
0.7480294272201786
0.8531266421439831
0.711245401996847
0.7974251182343668
0.7362059905412507
0.7233315817130846
0.8888596952180767
0.7175512348922753
0.7645822385706779
0.8318444561219128
0.7711508145034156
0.7451392538097741
0.8326326852338413
0.8121387283236994
0.778507619548082
0.7317393589069889
0.6707829742511824
0.8402522333158171
0.6999474513925381
0.6644771413557541
0.7832369942196532
0.7997898055701524
0.8804519180241723
0.919863373620599
0.7073042564372044
0.8160798738833421
0.8901734104046243
0.7606410930110352
0.8589069889647925
0.7816605359957961
0.8192327903310562
0.7393589069889648
0.8888596952180767
0.8988439306358381
0.8344718864950079
0.8970047293746716
0.8801891749868629
0.7448765107724645
0.8223857067787703
0.7708880714661062
0.8310562270099843
0.7806095638465581
0.8313189700472937
0.8315817130846033
0.778507619548082
0.8121387283236994
0.7256962690488702
0.8896479243300053
0.8439306358381503
0.8328954282711508
0.8541776142932213
0.8342091434576984
0.8809774040987913
0.7390961639516552
0.6537046768260641
0.8657383079348397
0.7002101944298476
0.640304781923279
0.8646873357856016
0.7853389385181293
0.744613767735155
0.7921702574881766
0.8110877561744614
0.7911192853389385
0.7658959537572254
0.7724645296899633
0.7937467157120336
0.8205465055176038
0.8420914345769837
0.5877561744613767
0.8229111928533894
0.8045191802417236
0.7388334209143458
0.8880714661061482
0.6040462427745664
0.8142406726221755
0.8770362585391487
0.8646873357856016
0.8754598003152917
0.8799264319495533
0.710194429847609
0.8034682080924855
0.7850761954808197
0.7409353652128219
0.6744613767735155
0.8688912243825538
0.7299001576458224
0.8523384130320546
0.734366789280084
0.8392012611665791
0.6862848134524435
0.5859169732002102
0.9111928533893852
0.8665265370467683
0.7561744613767735
0.8302679978980557
0.8788754598003153
0.8003152916447714
0.8507619548081976
0.848397267472412
0.7693116132422491
0.698370993168681
0.6710457172884918
0.8499737256962691
0.721492380451918
0.8081975827640567
0.8878087230688386
0.7067787703625854
0.8523384130320546
0.8231739358906989
0.8286915396741986
0.7627430373095113
0.7496058854440357
0.838150289017341
0.9043615344193379
0.7233315817130846
0.9096163951655282
0.8229111928533894
0.8407777193904361
0.8394640042038886
0.7987388334209143
0.7033631108775618
0.7501313715186547
0.9453494482396216
0.7122963741460852
0.734366789280084
0.8003152916447714
0.7869153967419863
0.8179190751445087
0.8539148712559117
0.7890173410404624
0.697320021019443
0.7477666841828692
0.9127693116132423
0.7159747766684182
0.8344718864950079
0.7837624802942722
0.8349973725696269
0.6946925906463479
0.7377824487651077
0.767209668943773
0.8234366789280084
0.8554913294797688
0.7845507094062008
0.8047819232790331
0.7882291119285338
0.8163426169206516
0.6673673147661587
0.6763005780346821
0.8255386232264845
0.7498686284813453
0.7685233841303205
0.8032054650551761
0.7299001576458224
0.8347346295323174
0.8825538623226484
0.8218602207041513
0.7690488702049396
0.7879663688912244
0.8279033105622701
0.8526011560693642
0.6831318970047294
0.7467157120336311
0.8455070940620073
0.9190751445086706
0.7191276931161324
0.3113504992117709
0.7527588018917498
0.8344718864950079
0.8236994219653179
0.8239621650026274
0.756962690488702
0.7916447714135575
0.6728849185496585
0.7188649500788229
0.8384130320546506
0.8820283762480294
0.7664214398318444
0.802154492905938
0.7971623751970572
0.6784025223331581
0.744088281660536
0.8000525486074619
0.7729900157645823
0.708617971623752
0.7088807146610615
0.8638991066736732
0.7485549132947977
0.7687861271676301
0.882291119285339
0.8757225433526011
0.8780872306883868
0.8197582764056752
0.8100367840252233
0.7997898055701524
0.8342091434576984
0.7057277982133473
0.7551234892275355
0.7115081450341566
0.7729900157645823
0.8399894902785077
0.697320021019443
0.7438255386232265
0.8050446663163426
0.765633210719916
0.675249605885444
0.8977929584866001
0.766684182869154
0.7929584866001052
0.7819232790331057
0.7992643194955333
0.7711508145034156
0.7761429322122964
0.7309511297950604
0.7651077246452969
0.8762480294272201
0.8765107724645297
0.7359432475039411
0.836573830793484
0.9185496584340515
0.8039936941671045
0.7561744613767735
0.9172359432475039
0.9014713610089332
0.7511823436678928
0.8160798738833421
0.7953231739358907
0.7414608512874409
0.7601156069364162
0.7622175512348923
0.7653704676826064
0.6957435627955859
0.7243825538623226
0.8825538623226484
0.7732527588018917
0.8176563321071991
0.9235417761429322
0.7630057803468208
0.6647398843930635
0.8604834471886496
0.7703625853914872
0.7648449816079874
0.8108250131371518
0.8263268523384131
0.7940094587493431
0.7711508145034156
0.7383079348397268
0.9009458749343142
0.8502364687335786
0.7585391487125591
0.686022070415134
0.8444561219127693
0.8864950078822911
0.8807146610614819
0.7708880714661062
0.8786127167630058
0.743037309511298
0.7693116132422491
0.8286915396741986
0.7669469259064635
0.8223857067787703
0.7729900157645823
0.8315817130846033
0.8423541776142932
0.7496058854440357
0.9038360483447189
0.7459274829217025
0.8954282711508145
0.7727272727272727
0.8074093536521282
0.6728849185496585
0.7874408828166054
0.8570677877036259
0.7722017866526537
0.8307934839726747
0.7911192853389385
0.6607987388334209
0.8095112979506043
0.8307934839726747
0.7015239096163952
0.5746190225959013
0.8528638991066737
0.837624802942722
0.7624802942722018
0.8071466106148187
0.7703625853914872
0.8568050446663164
0.40173410404624277
0.7745664739884393
0.7411981082501313
0.8147661586967946
0.7183394640042039
0.8476090383604834
0.8000525486074619
0.836573830793484
0.7632685233841303
0.8649500788229112
0.8279033105622701
0.744613767735155
0.7212296374146085
0.8105622700998424
0.8460325801366264
0.8089858118759853
0.8213347346295323
0.8586442459274829
0.7856016815554387
0.8318444561219128
0.7635312664214399
0.8447188649500789
0.8108250131371518
0.8039936941671045
0.7903310562270099
0.6681555438780872
0.8964792433000526
0.8176563321071991
0.7049395691014189
0.8717813977929585
0.6802417235943248
0.8226484498160799
0.8906988964792433
0.6789280084077772
0.9477141355754073
0.8794009458749343
0.8638991066736732
0.8415659485023647
0.7601156069364162
0.8654755648975302
0.6941671045717288
0.7201786652653704
0.7669469259064635
0.7745664739884393
0.7750919600630584
0.8476090383604834
0.8841303205465055
0.8294797687861272
0.7054650551760379
0.7856016815554387
0.8081975827640567
0.7648449816079874
0.8610089332632685
0.581187598528639
0.7154492905937992
0.7109826589595376
0.8352601156069365
0.7167630057803468
0.7792958486600106
0.6954808197582764
0.8707304256437205
0.8250131371518655
0.7548607461902259
0.7277982133473463
0.6941671045717288
0.8250131371518655
0.7827115081450342
0.7130846032580137
0.8901734104046243
0.743037309511298
0.8011035207567
0.8836048344718865
0.7138728323699421
0.8447188649500789
0.6710457172884918
0.8208092485549133
0.8660010509721492
0.7501313715186547
0.7464529689963216
0.8100367840252233
0.684445612191277
0.8872832369942196
0.7703625853914872
0.7117708880714662
0.778507619548082
0.7501313715186547
0.9301103520756699
0.7685233841303205
0.802154492905938
0.7122963741460852
0.7934839726747241
0.8681029952706253
0.8029427220178665
0.8694167104571728
0.7488176563321072
0.8646873357856016
0.8520756699947452
0.8449816079873883
0.7225433526011561
0.7238570677877036
0.7254335260115607
0.8060956384655806
0.6505517603783499
0.7761429322122964
0.7643194955333684
0.8623226484498161
0.8922753547031004
0.6894377299001576
0.8176563321071991
0.8788754598003153
0.7832369942196532
0.8405149763531267
0.7929584866001052
0.6939043615344194
0.9012086179716238
0.7834997372569626
0.765633210719916
0.8644245927482922
0.8586442459274829
0.7895428271150815
0.8171308460325801
0.9048870204939569
0.6602732527588019
0.8318444561219128
0.8975302154492906
0.836573830793484
0.7703625853914872
0.8024172359432475
0.8415659485023647
0.7976878612716763
0.7388334209143458
0.8294797687861272
0.7398843930635838
0.8160798738833421
0.7212296374146085
0.7609038360483448
0.8187073042564372
0.8591697320021019
0.7193904361534419
0.8917498686284814
0.8998949027850762
0.8292170257488176
0.6158696794534945
0.7459274829217025
0.815554387808723
0.8497109826589595
0.8428796636889122
0.7990015764582239
0.8386757750919601
0.7146610614818707
0.8512874408828166
0.8604834471886496
0.7863899106673673
0.7982133473462953
0.788754598003153
0.7535470310036784
0.6960063058328955
0.8221229637414609
0.8462953231739359
0.8171308460325801
0.7083552285864425
0.7411981082501313
0.7976878612716763
0.9190751445086706
0.452706253284288
0.7664214398318444
0.8476090383604834
0.8636363636363636
0.5105097214923805
0.7771939043615345
0.6889122438255386
0.7246452968996322
0.8302679978980557
0.8102995270625328
0.7469784550709406
0.7585391487125591
0.8772990015764582
0.8336836573830794
0.7816605359957961
0.8631108775617446
0.8137151865475565
0.8110877561744614
0.8654755648975302
0.3741460851287441
0.8342091434576984
0.6828691539674199
0.8097740409879138
0.7314766158696795
0.7532842879663689
0.7543352601156069
0.7585391487125591
0.8893851812926957
0.7598528638991067
0.7170257488176563
0.711245401996847
0.8615344193378875
0.9027850761954809
0.7992643194955333
0.8560168155543878
0.8076720966894377
0.7837624802942722
0.8691539674198634
0.8610089332632685
0.8131897004729375
0.8221229637414609
0.8675775091960063
0.7850761954808197
0.7096689437729901
0.8244876510772464
0.8880714661061482
0.8037309511297951
0.882816605359958
0.8431424067262218
0.7619548081975828
0.9122438255386233
0.8226484498160799
0.7774566473988439
0.7950604308985811
0.8313189700472937
0.8334209143457698
0.7451392538097741
0.7456647398843931
0.8137151865475565
0.8799264319495533
0.8694167104571728
0.8972674724119811
0.7488176563321072
0.8928008407777194
0.9077771939043615
0.7130846032580137
0.7067787703625854
0.8095112979506043
0.8738833420914346
0.7041513399894903
0.7824487651077247
0.7291119285338938
0.8665265370467683
0.8126642143983185
0.8780872306883868
0.72044140830268
0.8499737256962691
0.8654755648975302
0.6868102995270625
0.8331581713084604
0.6460851287440883
0.8176563321071991
0.744088281660536
0.8268523384130321
0.6163951655281135
0.7588018917498687
0.8586442459274829
0.7380451918024172
0.7687861271676301
0.8949027850761955
0.8181818181818182
0.7317393589069889
0.5987913820283762
0.7383079348397268
0.7401471361008933
0.40646347871781396
0.6718339464004204
0.7354177614293221
0.778507619548082
0.8344718864950079
0.7488176563321072
0.7251707829742512
0.8279033105622701
0.8229111928533894
0.744088281660536
0.8200210194429848
0.7262217551234892
0.7719390436153442
0.8444561219127693
0.6944298476090384
0.8029427220178665
0.8946400420388859
0.7777193904361535
0.7593273778244877
0.8694167104571728
0.8759852863899107
0.8578560168155543
0.7120336311087756
0.6684182869153967
0.7062532842879664
0.7601156069364162
0.7059905412506569
0.8116132422490804
0.7745664739884393
0.8060956384655806
0.896741986337362
0.8486600105097215
0.7517078297425118
0.8134524435102469
0.7968996321597478
0.8018917498686284
0.27798213347346296
0.7905937992643195
0.9458749343142406
0.6450341565948502
0.7911192853389385
0.7687861271676301
0.7270099842354177
0.8904361534419338
0.7380451918024172
0.7903310562270099
0.8307934839726747
0.708092485549133
0.7879663688912244
0.6476615869679454
0.8058328954282712
0.8058328954282712
0.7829742511823437
0.7658959537572254
0.861271676300578
0.8920126116657908
0.792433000525486
0.6734104046242775
0.7758801891749869
0.7130846032580137
0.8116132422490804
0.8723068838675775
0.8079348397267473
0.8208092485549133
0.7346295323173936
0.8575932737782449
0.7869153967419863
0.7241198108250131
0.789280084077772
0.7729900157645823
0.789280084077772
0.7703625853914872
0.814503415659485
0.8334209143457698
0.7937467157120336
0.7953231739358907
0.6473988439306358
0.7934839726747241
0.6957435627955859
0.7698370993168681
0.792433000525486
0.7932212296374146
0.8271150814503415
0.7585391487125591
0.8941145559642669
0.7425118234366789
0.7866526537046769
0.848397267472412
0.4274829217025749
0.8011035207567
0.7842879663688912
0.8192327903310562
0.9072517078297425
0.8192327903310562
0.8914871255911718
0.9083026799789805
0.9062007356805045
0.8862322648449816
0.7979506043089858
0.8386757750919601
0.7955859169732002
0.8003152916447714
0.7364687335785601
0.8946400420388859
0.7036258539148712
0.7882291119285338
0.8991066736731477
0.8783499737256962
0.8339464004203888
0.8691539674198634
0.7506568575932738
0.7932212296374146
0.9214398318444561
0.7934839726747241
0.8681029952706253
0.7235943247503941
0.6728849185496585
0.7853389385181293
0.8518129269574356
0.8920126116657908
0.8042564372044141
0.837099316868103
0.859695218076721
0.8310562270099843
0.8562795585916974
0.7062532842879664
0.8355228586442459
0.8862322648449816
0.8118759852863899
0.7976878612716763
0.847346295323174
0.8938518129269575
0.6558066211245402
0.6902259590120862
0.8420914345769837
0.7065160273252759
0.8179190751445087
0.8108250131371518
0.7288491854965844
0.813977929584866
0.7230688386757751
0.929584866001051
0.7806095638465581
0.8394640042038886
0.8494482396216501
0.7522333158171308
0.8176563321071991
0.7325275880189175
0.8363110877561745
0.7853389385181293
0.7325275880189175
0.7469784550709406
0.7816605359957961
0.7551234892275355
0.8909616395165528
0.6410930110352075
0.7861271676300579
0.8891224382553863
0.8024172359432475
0.7028376248029428
0.7375197057277982
0.6818181818181818
0.8867577509196006
0.8053074093536521
0.8439306358381503
0.8276405675249606
0.8707304256437205
0.8410404624277457
0.8702049395691014
0.8943772990015765
0.9030478192327903
0.8688912243825538
0.7188649500788229
0.792433000525486
0.7624802942722018
0.8420914345769837
0.6907514450867052
0.7698370993168681
0.883342091434577
0.9298476090383605
0.7882291119285338
0.7950604308985811
0.8573305307409353
0.697845507094062
0.8767735155018392
0.8507619548081976
0.7296374146085128
0.7779821334734629
0.7193904361534419
0.8221229637414609
0.9151339989490278
0.7803468208092486
0.7792958486600106
0.7390961639516552
0.6975827640567525
0.7296374146085128
0.7461902259590121
0.836573830793484
0.6789280084077772
0.7614293221229638
0.8920126116657908
0.3673147661586968
0.8439306358381503
0.7543352601156069
0.7976878612716763
0.7572254335260116
0.7414608512874409
0.7088807146610615
0.7900683131897005
0.8717813977929585
0.7766684182869154
0.8993694167104572
0.6925906463478718
0.7643194955333684
0.7937467157120336
0.7288491854965844
0.7317393589069889
0.8807146610614819
0.848397267472412
0.697320021019443
0.8444561219127693
0.733841303205465
0.851024697845507
0.7548607461902259
0.8315817130846033
0.7222806095638465
0.8181818181818182
0.7572254335260116
0.7750919600630584
0.7120336311087756
0.8147661586967946
0.931686810299527
0.7722017866526537
0.8310562270099843
0.8336836573830794
0.8804519180241723
0.9090909090909091
0.7186022070415135
0.9030478192327903
0.9277456647398844
0.8922753547031004
0.7580136626379401
0.7745664739884393
0.6684182869153967
0.7787703625853915
0.8271150814503415
0.7811350499211771
0.8707304256437205
0.9190751445086706
0.8089858118759853
0.8515501839201262
0.8076720966894377
0.8528638991066737
0.7354177614293221
0.8620599054125065
0.6918024172359433
0.7517078297425118
0.7811350499211771
0.8964792433000526
0.7808723068838676
0.6468733578560169
0.9287966368891224
0.8058328954282712
0.8935890698896479
0.7461902259590121
0.6970572779821335
0.7771939043615345
0.7561744613767735
0.6883867577509196
0.8946400420388859
0.7997898055701524
0.9143457698370994
0.711245401996847
0.7477666841828692
0.8045191802417236
0.7942722017866527
0.6332107199159223
0.7498686284813453
0.7191276931161324
0.7861271676300579
0.8265895953757225
0.6954808197582764
0.9033105622700999
0.7464529689963216
0.6988964792433
0.7425118234366789
0.626379400945875
0.7792958486600106
0.6868102995270625
0.7955859169732002
0.8236994219653179
0.8681029952706253
0.6681555438780872
0.7722017866526537
0.8486600105097215
0.8344718864950079
0.8452443510246979
0.8307934839726747
0.8683657383079348
0.8176563321071991
0.7369942196531792
0.8000525486074619
0.8108250131371518
0.9006831318970048
0.7750919600630584
0.6957435627955859
0.7874408828166054
0.7522333158171308
0.7937467157120336
0.8638991066736732
0.7133473462953231
0.7700998423541776
0.9471886495007882
0.7643194955333684
0.7335785601681556
0.8444561219127693
0.860746190225959
0.7506568575932738
0.824750394114556
0.8426169206516028
0.8200210194429848
0.8628481345244351
0.8788754598003153
0.9303730951129795
0.686022070415134
0.674724119810825
0.9135575407251708
0.824224908039937
0.7753547031003678
0.8392012611665791
0.7840252233315818
0.8696794534944824
0.7850761954808197
0.8728323699421965
0.675249605885444
0.8323699421965318
0.7732527588018917
0.8436678928008408
0.8744088281660536
0.7727272727272727
0.7385706778770362
0.8200210194429848
0.7456647398843931
0.7958486600105097
0.8336836573830794
0.7882291119285338
0.9051497635312664
0.791907514450867
0.7254335260115607
0.7706253284287966
0.6676300578034682
0.7806095638465581
0.7498686284813453
0.8050446663163426
0.8991066736731477
0.733315817130846
0.7874408828166054
0.7806095638465581
0.7653704676826064
0.848922753547031
0.928533893851813
0.9075144508670521
0.791907514450867
0.6847083552285864
0.7595901208617971
0.8899106673673147
0.9351024697845507
0.8113504992117709
0.6949553336836574
0.7916447714135575
0.7856016815554387
0.8870204939569102
0.7858644245927483
0.8066211245401996
0.6476615869679454
0.8946400420388859
0.8796636889122438
0.6791907514450867
0.9017341040462428
0.7065160273252759
0.7459274829217025
0.6487125591171834
0.8047819232790331
0.8363110877561745
0.7779821334734629
0.8134524435102469
0.6975827640567525
0.7664214398318444
0.8008407777193904
0.8092485549132948
0.7593273778244877
0.743562795585917
0.9080399369416711
0.873095112979506
0.6366263794009459
0.8013662637940094
0.8187073042564372
0.7979506043089858
0.7291119285338938
0.8208092485549133
0.7598528638991067
0.25775091960063057
0.8943772990015765
0.8039936941671045
0.8796636889122438
0.8221229637414609
0.906988964792433
0.7979506043089858
0.8000525486074619
0.7390961639516552
0.6405675249605886
0.8116132422490804
0.7346295323173936
0.7385706778770362
0.756437204414083
0.8633736205990541
0.9479768786127167
0.8654755648975302
0.9022595901208618
0.8218602207041513
0.8565423016290068
0.8518129269574356
0.8554913294797688
0.837099316868103
0.8336836573830794
0.8310562270099843
0.7895428271150815
0.7388334209143458
0.9111928533893852
0.825275880189175
0.8352601156069365
0.8413032054650552
0.8279033105622701
0.7900683131897005
0.8428796636889122
0.7819232790331057
0.779033105622701
0.8667892800840777
0.7280609563846558
0.8428796636889122
0.8147661586967946
0.9012086179716238
0.7787703625853915
0.8339464004203888
0.8975302154492906
0.8544403573305307
0.9051497635312664
0.8166053599579611
0.8765107724645297
0.8418286915396742
0.8328954282711508
0.8039936941671045
0.7987388334209143
0.7506568575932738
0.7524960588544404
0.8413032054650552
0.7824487651077247
0.9006831318970048
0.7341040462427746
0.7645822385706779
0.7808723068838676
0.8499737256962691
0.7648449816079874
0.8000525486074619
0.8218602207041513
0.7971623751970572
0.8434051497635313
0.8263268523384131
0.9266946925906463
0.7850761954808197
0.813977929584866
0.7698370993168681
0.8620599054125065
0.8631108775617446
0.8885969521807672
0.7414608512874409
0.8384130320546506
0.7304256437204414
0.8470835522858644
0.8063583815028902
0.815554387808723
0.7096689437729901
0.9372044140830268
0.8292170257488176
0.7078297425118234
0.7283236994219653
0.7637940094587493
0.6114030478192328
0.7422490803993694
0.7840252233315818
0.7485549132947977
0.7706253284287966
0.708092485549133
0.8462953231739359
0.8539148712559117
0.7603783499737257
0.7320021019442985
0.8646873357856016
0.7293746715712034
0.7346295323173936
0.7771939043615345
0.697845507094062
0.8349973725696269
0.8037309511297951
0.7777193904361535
0.8825538623226484
0.8184445612191277
0.7272727272727273
0.7816605359957961
0.882291119285339
0.884393063583815
0.9174986862848135
0.7388334209143458
0.7480294272201786
0.7438255386232265
0.7863899106673673
0.7640567524960589
0.720966894377299
0.8255386232264845
0.8005780346820809
0.8265895953757225
0.7299001576458224
0.895691014188124
0.8255386232264845
0.7940094587493431
0.7178139779295849
0.8194955333683658
0.7609038360483448
0.7031003678402522
0.8003152916447714
0.872044140830268
0.7393589069889648
0.7882291119285338
0.8084603258013663
0.847346295323174
0.8420914345769837
0.8625853914871255
0.8617971623751971
0.7947976878612717
0.8171308460325801
0.8126642143983185
0.8441933788754598
0.7748292170257488
0.9324750394114556
0.7779821334734629
0.7530215449290594
0.8229111928533894
0.7285864424592748
0.9190751445086706
0.6797162375197058
0.7469784550709406
0.8738833420914346
0.8397267472411981
0.8418286915396742
0.8205465055176038
0.7543352601156069
0.7829742511823437
0.9056752496058854
0.8578560168155543
0.8581187598528639
0.919863373620599
0.8042564372044141
0.7687861271676301
0.9040987913820284
0.8137151865475565
0.7900683131897005
0.7172884918549658
0.7905937992643195
0.7020493956910142
0.7982133473462953
0.8373620599054125
0.8536521282186023
0.6794534944823962
0.710719915922228
0.755911718339464
0.7866526537046769
0.8034682080924855
0.7517078297425118
0.8076720966894377
0.8039936941671045
0.7448765107724645
0.6476615869679454
0.7561744613767735
0.8694167104571728
0.8636363636363636
0.7945349448239621
0.8126642143983185
0.8100367840252233
0.7157120336311088
0.8053074093536521
0.6807672096689438
0.8544403573305307
0.8105622700998424
0.7622175512348923
0.7622175512348923
0.6642143983184445
0.766684182869154
0.7861271676300579
0.6920651602732527
0.8268523384130321
0.825275880189175
0.8294797687861272
0.7588018917498687
0.7509196006305833
0.9017341040462428
0.593536521282186
0.7727272727272727
0.7362059905412507
0.8321071991592223
0.7241198108250131
0.7753547031003678
0.8321071991592223
0.905412506568576
0.8857067787703626
0.8053074093536521
0.8328954282711508
0.8499737256962691
0.859695218076721
0.6970572779821335
0.7884918549658434
0.8234366789280084
0.7674724119810825
0.8068838675775092
0.8210719915922228
0.7217551234892275
0.8662637940094587
0.7196531791907514
0.8528638991066737
0.8297425118234367
0.7840252233315818
0.8544403573305307
0.7871781397792958
0.9027850761954809
0.8399894902785077
0.8975302154492906
0.8428796636889122
0.838150289017341
0.6731476615869679
0.9274829217025748
0.8263268523384131
0.7816605359957961
0.8079348397267473
0.7622175512348923
0.789805570152391
0.7309511297950604
0.7619548081975828
0.7590646347871781
0.7724645296899633
0.8405149763531267
0.7422490803993694
0.8221229637414609
0.8885969521807672
0.6907514450867052
0.6657908565423016
0.8541776142932213
0.6558066211245402
0.7827115081450342
0.873095112979506
0.4119810825013137
0.8407777193904361
0.8074093536521282
0.7979506043089858
0.7183394640042039
0.7740409879138203
0.6812926957435628
0.7821860220704151
0.7942722017866527
0.7937467157120336
0.7585391487125591
0.8342091434576984
0.8883342091434577
0.7968996321597478
0.8904361534419338
0.8158171308460326
0.7464529689963216
0.8568050446663164
0.8024172359432475
0.8560168155543878
0.8949027850761955
0.7829742511823437
0.8321071991592223
0.7974251182343668
0.8089858118759853
0.825275880189175
0.7062532842879664
0.8011035207567
0.7007356805044667
0.8457698370993169
0.6271676300578035
0.8134524435102469
0.7866526537046769
0.7963741460851288
0.7283236994219653
0.8200210194429848
0.8124014713610089
0.7879663688912244
0.8273778244876511
0.7262217551234892
0.7990015764582239
0.7524960588544404
0.8079348397267473
0.8005780346820809
0.5890698896479243
0.8399894902785077
0.721492380451918
0.8594324750394114
0.9274829217025748
0.7845507094062008
0.7693116132422491
0.8058328954282712
0.7448765107724645
0.8452443510246979
0.8218602207041513
0.8326326852338413
0.7207041513399894
0.8102995270625328
0.8573305307409353
0.9001576458223857
0.7527588018917498
0.8357856016815555
0.8799264319495533
0.6999474513925381
0.7172884918549658
0.8342091434576984
0.7766684182869154
0.6883867577509196
0.8891224382553863
0.8638991066736732
0.8373620599054125
0.9085654230162901
0.6600105097214923
0.9266946925906463
0.7850761954808197
0.8187073042564372
0.8089858118759853
0.7346295323173936
0.7588018917498687
0.8575932737782449
0.8053074093536521
0.8544403573305307
0.7664214398318444
0.7212296374146085
0.8665265370467683
0.8970047293746716
0.8313189700472937
0.755386232264845
0.8983184445612191
0.8378875459800316
0.6902259590120862
0.7974251182343668
0.7716763005780347
0.6962690488702049
0.7049395691014189
0.8888596952180767
0.7025748817656332
0.7803468208092486
0.7577509196006306
0.7593273778244877
0.8502364687335786
0.8536521282186023
0.8568050446663164
0.8231739358906989
0.7509196006305833
0.7990015764582239
0.8250131371518655
0.7832369942196532
0.8415659485023647
0.7729900157645823
0.8536521282186023
0.8460325801366264
0.8486600105097215
0.7574881765633211
0.8914871255911718
0.7653704676826064
0.7272727272727273
0.8071466106148187
0.7157120336311088
0.7280609563846558
0.7136100893326327
0.7669469259064635
0.766158696794535
0.7498686284813453
0.9335260115606936
0.8276405675249606
0.8533893851812927
0.8515501839201262
0.9096163951655282
0.8166053599579611
0.8336836573830794
0.9156594850236469
0.8906988964792433
0.5777719390436153
0.8410404624277457
0.8092485549132948
0.906463478717814
0.8323699421965318
0.8239621650026274
0.8964792433000526
0.8494482396216501
0.7383079348397268
0.7049395691014189
0.8683657383079348
0.7858644245927483
0.7246452968996322
0.8265895953757225
0.6303205465055176
0.8079348397267473
0.5609563846558067
0.7299001576458224
0.8594324750394114
0.7771939043615345
0.6550183920126117
0.8218602207041513
0.7120336311087756
0.9222280609563847
0.846820809248555
0.8570677877036259
0.8578560168155543
0.7433000525486074
0.8638991066736732
0.8137151865475565
0.31266421439831843
0.8363110877561745
0.8694167104571728
0.8744088281660536
0.7409353652128219
0.649500788229112
0.7017866526537047
0.8079348397267473
0.802154492905938
0.7658959537572254
0.7769311613242249
0.9101418812401472
0.7067787703625854
0.7745664739884393
0.7306883867577509
0.8355228586442459
0.7848134524435102
0.7827115081450342
0.7945349448239621
0.6621124540199684
0.8544403573305307
0.7693116132422491
0.744613767735155
0.8993694167104572
0.7971623751970572
0.859695218076721
0.8108250131371518
0.7254335260115607
0.7700998423541776
0.7320021019442985
0.6736731476615869
0.7012611665790857
0.697320021019443
0.8039936941671045
0.7787703625853915
0.7233315817130846
0.8284287966368892
0.7498686284813453
0.7346295323173936
0.7787703625853915
0.7787703625853915
0.9135575407251708
0.9492905937992643
0.7228060956384655
0.8552285864424592
0.8491854965843405
0.8788754598003153
0.7293746715712034
0.8812401471361009
0.8696794534944824
0.7601156069364162
0.8173935890698897
0.8796636889122438
0.8255386232264845
0.9104046242774566
0.8930635838150289
0.7995270625328429
0.8071466106148187
0.7745664739884393
0.5848660010509722
0.7561744613767735
0.8126642143983185
0.9075144508670521
0.7911192853389385
0.8455070940620073
0.9004203888596952
0.8870204939569102
0.7698370993168681
0.8959537572254336
0.7498686284813453
0.7188649500788229
0.8221229637414609
0.8152916447714136
0.756962690488702
0.8265895953757225
0.837099316868103
0.7982133473462953
0.8497109826589595
0.8599579611140304
0.7509196006305833
0.8334209143457698
0.41119285338938516
0.9132947976878613
0.8055701523909616
0.8615344193378875
0.7451392538097741
0.8360483447188649
0.7383079348397268
0.8079348397267473
0.873095112979506
0.9009458749343142
0.7961114030478192
0.8452443510246979
0.7046768260641093
0.791907514450867
0.8234366789280084
0.8983184445612191
0.7832369942196532
0.7858644245927483
0.837624802942722
0.8515501839201262
0.8397267472411981
0.8917498686284814
0.8344718864950079
0.7545980031529165
0.8983184445612191
0.7737782448765108
0.8134524435102469
0.7136100893326327
0.8236994219653179
0.8447188649500789
0.7984760903836048
0.8110877561744614
0.6894377299001576
0.8213347346295323
0.846820809248555
0.7167630057803468
0.7309511297950604
0.7630057803468208
0.6954808197582764
0.8943772990015765
0.7874408828166054
0.7167630057803468
0.8055701523909616
0.7325275880189175
0.7982133473462953
0.8507619548081976
0.8352601156069365
0.7524960588544404
0.708092485549133
0.7482921702574882
0.755386232264845
0.7979506043089858
0.9109301103520757
0.8260641093011035
0.8518129269574356
0.7866526537046769
0.8087230688386757
0.7695743562795586
0.8184445612191277
0.8194955333683658
0.8089858118759853
0.7632685233841303
0.7296374146085128
0.8092485549132948
0.8575932737782449
0.744613767735155
0.8975302154492906
0.847871781397793
0.7953231739358907
0.8941145559642669
0.7191276931161324
0.8531266421439831
0.6308460325801366
0.8578560168155543
0.7519705727798214
0.6539674198633736
0.8654755648975302
0.7903310562270099
0.896741986337362
0.8665265370467683
0.6883867577509196
0.7637940094587493
0.6818181818181818
0.8129269574356279
0.8129269574356279
0.7136100893326327
0.9033105622700999
0.7637940094587493
0.6828691539674199
0.9109301103520757
0.8179190751445087
0.8675775091960063
0.8665265370467683
0.8723068838675775
0.7803468208092486
0.6933788754598004
0.6881240147136101
0.6868102995270625
0.8888596952180767
0.788754598003153
0.9332632685233841
0.8434051497635313
0.9075144508670521
0.8018917498686284
0.9040987913820284
0.8200210194429848
0.8557540725170782
0.8418286915396742
0.8914871255911718
0.824224908039937
0.7228060956384655
0.8589069889647925
0.6841828691539674
0.825801366263794
0.8794009458749343
0.9106673673147662
0.851024697845507
0.8397267472411981
0.7706253284287966
0.7517078297425118
0.8447188649500789
0.7306883867577509
0.8686284813452444
0.7858644245927483
0.8930635838150289
0.7871781397792958
0.8849185496584341
0.8053074093536521
0.8063583815028902
0.9282711508145034
0.7945349448239621
0.7953231739358907
0.7222806095638465
0.6605359957961114
0.7619548081975828
0.7459274829217025
0.7624802942722018
0.6920651602732527
0.7727272727272727
0.9437729900157645
0.8279033105622701
0.8386757750919601
0.8202837624802942
0.8434051497635313
0.825801366263794
0.8113504992117709
0.8544403573305307
0.8307934839726747
0.6797162375197058
0.8578560168155543
0.8037309511297951
0.850499211770888
0.9072517078297425
0.6187598528638991
0.8063583815028902
0.8935890698896479
0.7566999474513926
0.7259590120861797
0.8657383079348397
0.7645822385706779
0.7149238045191803
0.7277982133473463
0.8570677877036259
0.7401471361008933
0.8583815028901735
0.6868102995270625
0.7004729374671571
0.6886495007882291
0.9277456647398844
0.8336836573830794
0.7850761954808197
0.7995270625328429
0.836573830793484
0.8578560168155543
0.7771939043615345
0.7422490803993694
0.9153967419863374
0.824750394114556
0.7624802942722018
0.791907514450867
0.604308985811876
0.7582764056752496
0.7643194955333684
0.8791382028376248
0.8486600105097215
0.7566999474513926
0.755386232264845
0.8636363636363636
0.6221755123489228
0.8074093536521282
0.917761429322123
0.6487125591171834
0.7125591171833946
0.8728323699421965
0.8389385181292696
0.7574881765633211
0.7509196006305833
0.8707304256437205
0.7167630057803468
0.698370993168681
0.7687861271676301
0.6928533893851813
0.9324750394114556
0.8236994219653179
0.8502364687335786
0.9043615344193379
0.8058328954282712
0.896741986337362
0.8980557015239096
0.686022070415134
0.8071466106148187
0.872569626904887
0.8885969521807672
0.8315817130846033
0.7065160273252759
0.9159222280609564
0.7743037309511298
0.7735155018392013
0.8796636889122438
0.8215974776668419
0.7572254335260116
0.8189700472937467
0.7212296374146085
0.869942196531792
0.708617971623752
0.8039936941671045
0.848397267472412
0.792433000525486
0.7527588018917498
0.8326326852338413
0.7267472411981083
0.7207041513399894
0.8279033105622701
0.6847083552285864
0.7685233841303205
0.7519705727798214
0.8081975827640567
0.7992643194955333
0.7359432475039411
0.8124014713610089
0.7201786652653704
0.8402522333158171
0.7798213347346296
0.8265895953757225
0.7687861271676301
0.8796636889122438
0.7538097740409879
0.8762480294272201
0.7020493956910142
0.8223857067787703
0.8005780346820809
0.7921702574881766
0.8152916447714136
0.8055701523909616
0.8431424067262218
0.7624802942722018
0.6833946400420389
0.8415659485023647
0.7396216500262743
0.8426169206516028
0.8880714661061482
0.7937467157120336
0.8200210194429848
0.7398843930635838
0.7141355754072517
0.847871781397793
0.7519705727798214
0.8457698370993169
0.8807146610614819
0.779033105622701
0.8983184445612191
0.7364687335785601
0.8470835522858644
0.8039936941671045
0.6739358906988965
0.882816605359958
0.8321071991592223
0.7519705727798214
0.7191276931161324
0.7464529689963216
0.8604834471886496
0.7490803993694167
0.7834997372569626
0.7330530740935365
0.7603783499737257
0.8573305307409353
0.6831318970047294
0.8507619548081976
0.7475039411455596
0.7461902259590121
0.8807146610614819
0.7506568575932738
0.7953231739358907
0.7884918549658434
0.8667892800840777
0.7816605359957961
0.8707304256437205
0.7524960588544404
0.7955859169732002
0.8003152916447714
0.9027850761954809
0.7377824487651077
0.7643194955333684
0.7911192853389385
0.8231739358906989
0.918286915396742
0.7425118234366789
0.8578560168155543
0.8778244876510772
0.7743037309511298
0.7624802942722018
0.7490803993694167
0.8949027850761955
0.8570677877036259
0.7976878612716763
0.8512874408828166
0.9382553862322649
0.8796636889122438
0.825275880189175
0.765633210719916
0.7637940094587493
0.7325275880189175
0.8084603258013663
0.9067262217551235
0.8116132422490804
0.7306883867577509
0.8678402522333158
0.8208092485549133
0.825801366263794
0.7556489753021545
0.8547031003678403
0.8573305307409353
0.7249080399369416
0.8935890698896479
0.8244876510772464
0.7390961639516552
0.8331581713084604
0.7464529689963216
0.8964792433000526
0.7299001576458224
0.6886495007882291
0.7624802942722018
0.8084603258013663
0.7301629006831319
0.8565423016290068
0.8129269574356279
0.8289542827115082
0.9109301103520757
0.8079348397267473
0.8620599054125065
0.9545454545454546
0.7228060956384655
0.8005780346820809
0.8434051497635313
0.8158171308460326
0.7748292170257488
0.7968996321597478
0.8137151865475565
0.8342091434576984
0.7603783499737257
0.8594324750394114
0.7955859169732002
0.8147661586967946
0.8013662637940094
0.8189700472937467
0.7782448765107725
0.7354177614293221
0.7367314766158697
0.8583815028901735
0.8116132422490804
0.7128218602207042
0.7322648449816079
0.8434051497635313
0.8920126116657908
0.7827115081450342
0.7180767209668943
0.6739358906988965
0.8095112979506043
0.8029427220178665
0.6812926957435628
0.8352601156069365
0.6234892275354703
0.6713084603258014
0.8352601156069365
0.8189700472937467
0.7698370993168681
0.8105622700998424
0.873620599054125
0.8328954282711508
0.8268523384130321
0.930635838150289
0.7950604308985811
0.8305307409353652
0.8305307409353652
0.8515501839201262
0.8334209143457698
0.7871781397792958
0.8095112979506043
0.815554387808723
0.7044140830267998
0.6665790856542302
0.6810299527062533
0.7845507094062008
0.7669469259064635
0.7188649500788229
0.6791907514450867
0.7787703625853915
0.8392012611665791
0.7023121387283237
0.8441933788754598
0.8933263268523384
0.720966894377299
0.7170257488176563
0.8883342091434577
0.8912243825538623
0.7879663688912244
0.6676300578034682
0.8938518129269575
0.8917498686284814
0.861271676300578
0.7598528638991067
0.8152916447714136
0.7677351550183921
0.6857593273778245
0.661849710982659
0.789280084077772
0.8436678928008408
0.7911192853389385
0.7170257488176563
0.9353652128218602
0.9090909090909091
0.8166053599579611
0.8342091434576984
0.8097740409879138
0.8092485549132948
0.7396216500262743
0.873620599054125
0.7041513399894903
0.7995270625328429
0.7490803993694167
0.7380451918024172
0.7916447714135575
0.7138728323699421
0.9027850761954809
0.8996321597477667
0.8549658434051498
0.7590646347871781
0.7566999474513926
0.7493431424067262
0.7443510246978455
0.7990015764582239
0.9527062532842879
0.8105622700998424
0.8113504992117709
0.8392012611665791
0.8633736205990541
0.8460325801366264
0.7874408828166054
0.9206516027325276
0.8849185496584341
0.7611665790856542
0.7871781397792958
0.8284287966368892
0.7616920651602732
0.8289542827115082
0.7141355754072517
0.8076720966894377
0.8166053599579611
0.8678402522333158
0.8284287966368892
0.8039936941671045
0.7509196006305833
0.7577509196006306
0.7433000525486074
0.7984760903836048
0.8636363636363636
0.9051497635312664
0.8205465055176038
0.7301629006831319
0.8518129269574356
0.8092485549132948
0.7398843930635838
0.7611665790856542
0.6836573830793484
0.847871781397793
0.5562270099842355
0.8988439306358381
0.7094062007356805
0.7811350499211771
0.7601156069364162
0.9471886495007882
0.8413032054650552
0.8011035207567
0.8754598003152917
0.8410404624277457
0.929584866001051
0.7377824487651077
0.8541776142932213
0.8276405675249606
0.8081975827640567
0.779033105622701
0.7687861271676301
0.8402522333158171
0.8121387283236994
0.5761954808197582
0.34340514976353126
0.7212296374146085
0.9096163951655282
0.846820809248555
0.8239621650026274
0.8762480294272201
0.8462953231739359
0.765633210719916
0.7301629006831319
0.7375197057277982
0.8901734104046243
0.8717813977929585
0.7456647398843931
0.8213347346295323
0.7138728323699421
0.708617971623752
0.8465580662112454
0.873095112979506
0.7779821334734629
0.8570677877036259
0.815554387808723
0.8302679978980557
0.7275354703100367
0.8415659485023647
0.6602732527588019
0.848397267472412
0.8279033105622701
0.8029427220178665
0.7829742511823437
0.6904887020493957
0.780084077771939
0.7170257488176563
0.8586442459274829
0.7220178665265371
0.7850761954808197
0.6563321071991592
0.7467157120336311
0.8163426169206516
0.7511823436678928
0.8941145559642669
0.7995270625328429
0.7882291119285338
0.7243825538623226
0.851024697845507
0.8363110877561745
0.7848134524435102
0.7577509196006306
0.7711508145034156
0.8055701523909616
0.7590646347871781
0.7601156069364162
0.8063583815028902
0.7945349448239621
0.7411981082501313
0.8297425118234367
0.8042564372044141
0.8578560168155543
0.8431424067262218
0.8108250131371518
0.8029427220178665
0.8231739358906989
0.836573830793484
0.7540725170782975
0.8578560168155543
0.7364687335785601
0.7590646347871781
0.883342091434577
0.8229111928533894
0.792433000525486
0.7916447714135575
0.8378875459800316
0.7921702574881766
0.7616920651602732
0.744088281660536
0.7254335260115607
0.7756174461376774
0.8470835522858644
0.8176563321071991
0.8229111928533894
0.8218602207041513
0.813977929584866
0.7598528638991067
0.8179190751445087
0.8497109826589595
0.8709931686810299
0.7130846032580137
0.7816605359957961
0.8431424067262218
0.7808723068838676
0.8657383079348397
0.7640567524960589
0.9566473988439307
0.6663163426169206
0.7490803993694167
0.7787703625853915
0.8486600105097215
0.8625853914871255
0.7212296374146085
0.7966368891224382
0.9122438255386233
0.8060956384655806
0.8946400420388859
0.7561744613767735
0.7853389385181293
0.7687861271676301
0.7099316868102995
0.8749343142406726
0.8925380977404099
0.8163426169206516
0.8108250131371518
0.8413032054650552
0.7842879663688912
0.7611665790856542
0.708617971623752
0.6773515501839201
0.743562795585917
0.7023121387283237
0.7766684182869154
0.7207041513399894
0.8531266421439831
0.7884918549658434
0.8095112979506043
0.7496058854440357
0.7233315817130846
0.8231739358906989
0.8491854965843405
0.837624802942722
0.7267472411981083
0.8581187598528639
0.7861271676300579
0.7593273778244877
0.7900683131897005
0.9174986862848135
0.7511823436678928
0.8878087230688386
0.8087230688386757
0.7932212296374146
0.8058328954282712
0.7714135575407252
0.8667892800840777
0.7136100893326327
0.9075144508670521
0.5859169732002102
0.8864950078822911
0.6952180767209669
0.8300052548607462
0.7128218602207042
0.8418286915396742
0.8420914345769837
0.7929584866001052
0.8975302154492906
0.7769311613242249
0.847871781397793
0.8809774040987913
0.8055701523909616
0.8289542827115082
0.766684182869154
0.7997898055701524
0.8599579611140304
0.8102995270625328
0.8229111928533894
0.8213347346295323
0.7490803993694167
0.7577509196006306
0.884393063583815
0.8039936941671045
0.662375197057278
0.8255386232264845
0.8462953231739359
0.8142406726221755
0.8039936941671045
0.838150289017341
0.733315817130846
0.7787703625853915
0.7540725170782975
0.8352601156069365
0.7566999474513926
0.873620599054125
0.9017341040462428
0.9232790331056226
0.8625853914871255
0.8930635838150289
0.8426169206516028
0.8110877561744614
0.7771939043615345
0.7325275880189175
0.8836048344718865
0.7677351550183921
0.8105622700998424
0.8000525486074619
0.8589069889647925
0.77955859169732
0.6568575932737782
0.9046242774566474
0.7727272727272727
0.6949553336836574
0.8384130320546506
0.8591697320021019
0.8949027850761955
0.850499211770888
0.8977929584866001
0.8315817130846033
0.8108250131371518
0.7905937992643195
0.7916447714135575
0.7372569626904887
0.8047819232790331
0.7251707829742512
0.8011035207567
0.7170257488176563
0.7829742511823437
0.8302679978980557
0.8557540725170782
0.675249605885444
0.7330530740935365
0.8215974776668419
0.7356805044666316
0.7624802942722018
0.8134524435102469
0.8205465055176038
0.7664214398318444
0.7301629006831319
0.7503941145559643
0.8809774040987913
0.7566999474513926
0.8213347346295323
0.7057277982133473
0.8570677877036259
0.7616920651602732
0.8688912243825538
0.790856542301629
0.8652128218602207
0.8407777193904361
0.8034682080924855
0.9303730951129795
0.8854440357330531
0.788754598003153
0.8089858118759853
0.6841828691539674
0.8562795585916974
0.8137151865475565
0.8696794534944824
0.8197582764056752
0.8825538623226484
0.6692065160273253
0.8024172359432475
0.7580136626379401
0.7241198108250131
0.8673147661586968
0.8039936941671045
0.8904361534419338
0.8008407777193904
0.7364687335785601
0.8050446663163426
0.7740409879138203
0.7929584866001052
0.789280084077772
0.872569626904887
0.8909616395165528
0.8244876510772464
0.8236994219653179
0.662900683131897
0.7774566473988439
0.8678402522333158
0.824224908039937
0.9119810825013137
0.8321071991592223
0.8131897004729375
0.7645822385706779
0.7811350499211771
0.846820809248555
0.7677351550183921
0.825801366263794
0.8549658434051498
0.9080399369416711
0.7485549132947977
0.7653704676826064
0.801629006831319
0.8431424067262218
0.7819232790331057
0.7330530740935365
0.8360483447188649
0.8528638991066737
0.7404098791382029
0.790856542301629
0.5662112454019969
0.8352601156069365
0.766684182869154
0.8615344193378875
0.8037309511297951
0.931686810299527
0.8318444561219128
0.7777193904361535
0.7782448765107725
0.8392012611665791
0.7966368891224382
0.8415659485023647
0.744613767735155
0.7716763005780347
0.7771939043615345
0.7834997372569626
0.7987388334209143
0.8691539674198634
0.815028901734104
0.8313189700472937
0.8271150814503415
0.7151865475564898
0.8799264319495533
0.7270099842354177
0.7945349448239621
0.7798213347346296
0.766684182869154
0.7130846032580137
0.8778244876510772
0.8507619548081976
0.8770362585391487
0.8565423016290068
0.7065160273252759
0.8300052548607462
0.7454019968470835
0.6862848134524435
0.7821860220704151
0.7188649500788229
0.9274829217025748
0.7992643194955333
0.8591697320021019
0.905412506568576
0.7603783499737257
0.7879663688912244
0.9269574356279559
0.7606410930110352
0.6818181818181818
0.7304256437204414
0.7622175512348923
0.8954282711508145
0.8744088281660536
0.7017866526537047
0.8883342091434577
0.850499211770888
0.6873357856016815
0.7380451918024172
0.9361534419337888
0.8315817130846033
0.8045191802417236
0.6818181818181818
0.7706253284287966
0.8497109826589595
0.8092485549132948
0.9067262217551235
0.7740409879138203
0.7146610614818707
0.7438255386232265
0.7674724119810825
0.7062532842879664
0.675775091960063
0.7104571728849185
0.8060956384655806
0.7827115081450342
0.6552811350499211
0.7992643194955333
0.8184445612191277
0.7614293221229638
0.8841303205465055
0.8097740409879138
0.7640567524960589
0.7619548081975828
0.7743037309511298
0.9098791382028376
0.7246452968996322
0.7220178665265371
0.9025223331581713
0.8402522333158171
0.8523384130320546
0.7953231739358907
0.7162375197057278
0.7538097740409879
0.9117183394640042
0.7632685233841303
0.7417235943247504
0.8452443510246979
0.9083026799789805
0.8171308460325801
0.8273778244876511
0.743037309511298
0.7690488702049396
0.802154492905938
0.8005780346820809
0.8134524435102469
0.8686284813452444
0.8210719915922228
0.8029427220178665
0.8045191802417236
0.802679978980557
0.8573305307409353
0.8820283762480294
0.7722017866526537
0.8315817130846033
0.7761429322122964
0.7280609563846558
0.8047819232790331
0.8562795585916974
0.7154492905937992
0.7299001576458224
0.7346295323173936
0.8426169206516028
0.8055701523909616
0.7393589069889648
0.8192327903310562
0.7990015764582239
0.8113504992117709
0.8878087230688386
0.6826064109301103
0.7503941145559643
0.8386757750919601
0.7792958486600106
0.7566999474513926
0.6875985286389911
0.6692065160273253
0.7674724119810825
0.8728323699421965
0.8667892800840777
0.9006831318970048
0.7299001576458224
0.8815028901734104
0.7974251182343668
0.8991066736731477
0.7727272727272727
0.7038885969521808
0.7787703625853915
0.8673147661586968
0.766684182869154
0.8686284813452444
0.8625853914871255
0.8859695218076721
0.8152916447714136
0.7816605359957961
0.8129269574356279
0.8334209143457698
0.6518654755648975
0.8455070940620073
0.7138728323699421
0.766684182869154
0.7388334209143458
0.7871781397792958
0.7249080399369416
0.7335785601681556
0.7438255386232265
0.7601156069364162
0.8160798738833421
0.8751970572779821
0.6999474513925381
0.8210719915922228
0.8523384130320546
0.7774566473988439
0.8494482396216501
0.7002101944298476
0.7884918549658434
0.8105622700998424
0.8933263268523384
0.7756174461376774
0.7469784550709406
0.8047819232790331
0.9030478192327903
0.7572254335260116
0.8281660535995796
0.6639516552811351
0.7509196006305833
0.9075144508670521
0.7012611665790857
0.8867577509196006
0.791907514450867
0.8638991066736732
0.7968996321597478
0.8363110877561745
0.8751970572779821
0.8681029952706253
0.8972674724119811
0.7882291119285338
0.8867577509196006
0.8265895953757225
0.7020493956910142
0.779033105622701
0.7987388334209143
0.8857067787703626
0.4030478192327903
0.8462953231739359
0.6912769311613243
0.8234366789280084
0.8544403573305307
0.8363110877561745
0.7976878612716763
0.8181818181818182
0.8081975827640567
0.7637940094587493
0.7856016815554387
0.8641618497109826
0.7779821334734629
0.8836048344718865
0.8239621650026274
0.824750394114556
0.8131897004729375
0.7020493956910142
0.895691014188124
0.8334209143457698
0.8392012611665791
0.6981082501313716
0.8681029952706253
0.7222806095638465
0.847346295323174
0.8502364687335786
0.6886495007882291
0.733315817130846
0.8909616395165528
0.931686810299527
0.8005780346820809
0.8741460851287441
0.7545980031529165
0.7501313715186547
0.8137151865475565
0.8794009458749343
0.791907514450867
0.9479768786127167
0.8547031003678403
0.8410404624277457
0.6692065160273253
0.7369942196531792
0.7916447714135575
0.8113504992117709
0.7651077246452969
0.7811350499211771
0.7829742511823437
0.8554913294797688
0.7669469259064635
0.9495533368365738
0.6544929059379927
0.6689437729900157
0.8310562270099843
0.860746190225959
0.7538097740409879
0.7577509196006306
0.7230688386757751
0.7540725170782975
0.766158696794535
0.869942196531792
0.7517078297425118
0.7485549132947977
0.7362059905412507
0.7369942196531792
0.7380451918024172
0.8436678928008408
0.8244876510772464
0.8615344193378875
0.7884918549658434
0.7073042564372044
0.869942196531792
0.7595901208617971
0.7753547031003678
0.6234892275354703
0.9098791382028376
0.7679978980557015
0.7409353652128219
0.824224908039937
0.8215974776668419
0.846820809248555
0.756437204414083
0.8565423016290068
0.7078297425118234
0.6904887020493957
0.896741986337362
0.8649500788229112
0.7677351550183921
0.7070415133998948
0.7511823436678928
0.7611665790856542
0.8815028901734104
0.7390961639516552
0.8526011560693642
0.8360483447188649
0.8935890698896479
0.8917498686284814
0.7895428271150815
0.7640567524960589
0.7947976878612717
0.6350499211770888
0.7067787703625854
0.825801366263794
0.7538097740409879
0.9156594850236469
0.8394640042038886
0.8859695218076721
0.8744088281660536
0.8825538623226484
0.5974776668418287
0.8436678928008408
0.8625853914871255
0.9019968470835523
0.8896479243300053
0.7241198108250131
0.8213347346295323
0.7220178665265371
0.7732527588018917
0.8000525486074619
0.6928533893851813
0.8589069889647925
0.882291119285339
0.6665790856542302
0.8830793483972674
0.8279033105622701
0.6568575932737782
0.8709931686810299
0.8184445612191277
0.8638991066736732
0.8426169206516028
0.6962690488702049
0.8943772990015765
0.8097740409879138
0.7530215449290594
0.7879663688912244
0.7792958486600106
0.8457698370993169
0.7351550183920126
0.8305307409353652
0.8399894902785077
0.7524960588544404
0.7916447714135575
0.929584866001051
0.7832369942196532
0.8741460851287441
0.7777193904361535
0.791382028376248
0.7719390436153442
0.8914871255911718
0.7635312664214399
0.7997898055701524
0.8058328954282712
0.7611665790856542
0.7824487651077247
0.7083552285864425
0.7220178665265371
0.7270099842354177
0.8050446663163426
0.7359432475039411
0.8229111928533894
0.9180241723594325
0.930635838150289
0.7275354703100367
0.6789280084077772
0.7958486600105097
0.8355228586442459
0.7451392538097741
0.9098791382028376
0.8360483447188649
0.7448765107724645
0.882816605359958
0.8263268523384131
0.8234366789280084
0.7916447714135575
0.8996321597477667
0.7482921702574882
0.8328954282711508
0.8815028901734104
0.709143457698371
0.7099316868102995
0.8455070940620073
0.7968996321597478
0.8011035207567
0.7619548081975828
0.7235943247503941
0.7932212296374146
0.7953231739358907
0.8970047293746716
0.7154492905937992
0.7062532842879664
0.7771939043615345
0.685496584340515
0.7498686284813453
0.8344718864950079
0.7193904361534419
0.8723068838675775
0.7551234892275355
0.755386232264845
0.8331581713084604
0.895691014188124
0.7595901208617971
0.7777193904361535
0.8544403573305307
0.7753547031003678
0.8914871255911718
0.7992643194955333
0.8192327903310562
0.873095112979506
0.6342616920651603
0.7614293221229638
0.7443510246978455
0.7038885969521808
0.7138728323699421
0.7813977929584865
0.7722017866526537
0.8331581713084604
0.8646873357856016
0.8271150814503415
0.7916447714135575
0.9571728849185497
0.8788754598003153
0.7890173410404624
0.8707304256437205
0.684445612191277
0.8092485549132948
0.8024172359432475
0.7073042564372044
0.8878087230688386
0.8462953231739359
0.7890173410404624
0.8307934839726747
0.7025748817656332
0.8131897004729375
0.8058328954282712
0.6810299527062533
0.9164477141355754
0.8168681029952706
0.8594324750394114
0.7096689437729901
0.7409353652128219
0.825801366263794
0.8292170257488176
0.8794009458749343
0.7519705727798214
0.7614293221229638
0.7911192853389385
0.8801891749868629
0.8457698370993169
0.7480294272201786
0.9109301103520757
0.8780872306883868
0.9043615344193379
0.7947976878612717
0.6463478717813977
0.8623226484498161
0.7475039411455596
0.8102995270625328
0.7766684182869154
0.7947976878612717
0.802679978980557
0.77955859169732
0.6560693641618497
0.7254335260115607
0.8691539674198634
0.8184445612191277
0.8675775091960063
0.7693116132422491
0.7995270625328429
0.7685233841303205
0.7438255386232265
0.8407777193904361
0.6770888071466106
0.7561744613767735
0.9012086179716238
0.6424067262217551
0.7117708880714662
0.8066211245401996
0.651602732527588
0.6839201261166579
0.7451392538097741
0.708617971623752
0.9450867052023122
0.8105622700998424
0.7603783499737257
0.8205465055176038
0.8273778244876511
0.8568050446663164
0.3949027850761955
0.7853389385181293
0.7879663688912244
0.7950604308985811
0.7782448765107725
0.7961114030478192
0.7023121387283237
0.7729900157645823
0.6479243300052548
0.8076720966894377
0.7711508145034156
0.7320021019442985
0.7301629006831319
0.6889122438255386
0.7493431424067262
0.8883342091434577
0.8053074093536521
0.8137151865475565
0.7469784550709406
0.8562795585916974
0.7212296374146085
0.8796636889122438
0.9274829217025748
0.7816605359957961
0.814503415659485
0.8499737256962691
0.8234366789280084
0.8938518129269575
0.9351024697845507
0.7293746715712034
0.743562795585917
0.8631108775617446
0.9611140304781923
0.8102995270625328
0.8547031003678403
0.8783499737256962
0.8268523384130321
0.6891749868628482
0.7945349448239621
0.7299001576458224
0.7729900157645823
0.7025748817656332
0.8938518129269575
0.8357856016815555
0.8470835522858644
0.8218602207041513
0.8914871255911718
0.8423541776142932
0.8991066736731477
0.7178139779295849
0.8131897004729375
0.8930635838150289
0.7845507094062008
0.8344718864950079
0.8875459800315292
0.8415659485023647
0.7816605359957961
0.7648449816079874
0.8331581713084604
0.6818181818181818
0.8709931686810299
0.8076720966894377
0.9282711508145034
0.7354177614293221
0.8917498686284814
0.8586442459274829
0.801629006831319
0.6699947451392538
0.6868102995270625
0.7475039411455596
0.8796636889122438
0.7648449816079874
0.7958486600105097
0.7351550183920126
0.743037309511298
0.9390436153441933
0.7196531791907514
0.7895428271150815
0.7593273778244877
0.8029427220178665
0.6458223857067787
0.7419863373620599
0.8339464004203888
0.9266946925906463
0.733315817130846
0.7588018917498687
0.8368365738307935
0.8060956384655806
0.8084603258013663
0.8313189700472937
0.8470835522858644
0.8694167104571728
0.778507619548082
0.7322648449816079
0.8121387283236994
0.756962690488702
0.8223857067787703
0.686022070415134
0.7046768260641093
0.7572254335260116
0.6600105097214923
0.861271676300578
0.8985811875985287
0.8181818181818182
0.8901734104046243
0.8357856016815555
0.6852338413032054
0.8355228586442459
0.8491854965843405
0.9046242774566474
0.7359432475039411
0.6883867577509196
0.8226484498160799
0.7598528638991067
0.8996321597477667
0.7498686284813453
0.7685233841303205
0.6460851287440883
0.7246452968996322
0.7451392538097741
0.8943772990015765
0.8825538623226484
0.7390961639516552
0.792433000525486
0.8347346295323174
0.6826064109301103
0.8420914345769837
0.8339464004203888
0.8344718864950079
0.7679978980557015
0.7367314766158697
0.8368365738307935
0.7425118234366789
0.6763005780346821
0.8875459800315292
0.6631634261692065
0.8244876510772464
0.8533893851812927
0.8166053599579611
0.918812401471361
0.8305307409353652
0.8712559117183395
0.8949027850761955
0.639253809774041
0.848397267472412
0.9196006305832896
0.8386757750919601
0.7603783499737257
0.7761429322122964
0.9030478192327903
0.869942196531792
0.8134524435102469
0.7535470310036784
0.8872832369942196
0.8399894902785077
0.7419863373620599
0.7482921702574882
0.815028901734104
0.7984760903836048
0.8638991066736732
0.8512874408828166
0.7769311613242249
0.7193904361534419
0.8163426169206516
0.6615869679453494
0.7900683131897005
0.8152916447714136
0.8670520231213873
0.7023121387283237
0.7729900157645823
0.7207041513399894
0.6967945349448239
0.8349973725696269
0.801629006831319
0.9056752496058854
0.7651077246452969
0.7225433526011561
0.8047819232790331
0.708617971623752
0.861271676300578
0.7816605359957961
0.767209668943773
0.6765633210719916
0.837624802942722
0.8176563321071991
0.6631634261692065
0.8552285864424592
0.7622175512348923
0.8662637940094587
0.8707304256437205
0.8047819232790331
0.8715186547556489
0.8675775091960063
0.7974251182343668
0.8265895953757225
0.7861271676300579
0.8476090383604834
0.8250131371518655
0.7609038360483448
0.8310562270099843
0.8079348397267473
0.8058328954282712
0.861271676300578
0.7170257488176563
0.9125065685759327
0.8137151865475565
0.6889122438255386
0.7658959537572254
0.8034682080924855
0.7509196006305833
0.8610089332632685
0.8515501839201262
0.7401471361008933
0.8223857067787703
0.7143983184445613
0.9062007356805045
0.8715186547556489
0.8780872306883868
0.896741986337362
0.6910141881240147
0.7837624802942722
0.8108250131371518
0.8801891749868629
0.7724645296899633
0.7829742511823437
0.778507619548082
0.8168681029952706
0.7645822385706779
0.8013662637940094
0.8928008407777194
0.7291119285338938
0.7679978980557015
0.8880714661061482
0.7309511297950604
0.7354177614293221
0.8047819232790331
0.8236994219653179
0.7824487651077247
0.779033105622701
0.7285864424592748
0.8917498686284814
0.8229111928533894
0.652653704676826
0.8423541776142932
0.8662637940094587
0.8194955333683658
0.7992643194955333
0.884393063583815
0.7737782448765108
0.8436678928008408
0.7819232790331057
0.8334209143457698
0.7611665790856542
0.7722017866526537
0.8599579611140304
0.7094062007356805
0.8131897004729375
0.8799264319495533
0.6142932212296374
0.7296374146085128
0.8037309511297951
0.8336836573830794
0.848922753547031
0.801629006831319
0.8297425118234367
0.86022070415134
0.7963741460851288
0.7866526537046769
0.7900683131897005
0.7065160273252759
0.8599579611140304
0.7283236994219653
0.8649500788229112
0.801629006831319
0.8236994219653179
0.9164477141355754
0.8581187598528639
0.8904361534419338
0.7879663688912244
0.7254335260115607
0.91933788754598
0.0010509721492380452
0.721492380451918
0.7312138728323699
0.7414608512874409
0.8236994219653179
0.8331581713084604
0.8436678928008408
0.8053074093536521
0.6778770362585391
0.8594324750394114
0.7953231739358907
0.8686284813452444
0.8625853914871255
0.8709931686810299
0.7467157120336311
0.7890173410404624
0.8696794534944824
0.837099316868103
0.710719915922228
0.8562795585916974
0.8460325801366264
0.86022070415134
0.7170257488176563
0.7493431424067262
0.8452443510246979
0.7603783499737257
0.8922753547031004
0.7254335260115607
0.792433000525486
0.7519705727798214
0.7863899106673673
0.8757225433526011
0.685496584340515
0.7046768260641093
0.8089858118759853
0.8189700472937467
0.8775617446137677
0.8993694167104572
0.8108250131371518
0.7832369942196532
0.7482921702574882
0.9217025748817657
0.7769311613242249
0.8097740409879138
0.7798213347346296
0.7377824487651077
0.6967945349448239
0.8533893851812927
0.7443510246978455
0.6957435627955859
0.8531266421439831
0.6988964792433
0.8344718864950079
0.7548607461902259
0.8074093536521282
0.7351550183920126
0.8013662637940094
0.8129269574356279
0.882816605359958
0.77955859169732
0.8470835522858644
0.7304256437204414
0.7590646347871781
0.8709931686810299
0.8118759852863899
0.7811350499211771
0.8344718864950079
0.7398843930635838
0.7968996321597478
0.8476090383604834
0.8615344193378875
0.7193904361534419
0.7816605359957961
0.7643194955333684
0.8757225433526011
0.6868102995270625
0.8625853914871255
0.824224908039937
0.7059905412506569
0.7934839726747241
0.8741460851287441
0.9361534419337888
0.7813977929584865
0.8273778244876511
0.7038885969521808
0.7630057803468208
0.8765107724645297
0.6568575932737782
0.8394640042038886
0.8355228586442459
0.7813977929584865
0.7630057803468208
0.8796636889122438
0.8378875459800316
0.7057277982133473
0.9153967419863374
0.859695218076721
0.8678402522333158
0.8349973725696269
0.778507619548082
0.6852338413032054
0.9227535470310037
0.6868102995270625
0.7317393589069889
0.6902259590120862
0.8801891749868629
0.7561744613767735
0.8851812926957435
0.9372044140830268
0.8355228586442459
0.7821860220704151
0.8704676826064109
0.6710457172884918
0.8166053599579611
0.41119285338938516
0.8560168155543878
0.8289542827115082
0.7834997372569626
0.8717813977929585
0.8604834471886496
0.8124014713610089
0.7433000525486074
0.895691014188124
0.6954808197582764
0.8168681029952706
0.755386232264845
0.8436678928008408
0.8586442459274829
0.7947976878612717
0.7842879663688912
0.8980557015239096
0.9703100367840253
0.7146610614818707
0.837099316868103
0.8079348397267473
0.7540725170782975
0.8221229637414609
0.8089858118759853
0.7816605359957961
0.8767735155018392
0.7877036258539148
0.9343142406726221
0.7853389385181293
0.8549658434051498
0.9046242774566474
0.8089858118759853
0.8465580662112454
0.8481345244351025
0.7062532842879664
0.8300052548607462
0.7548607461902259
0.8507619548081976
0.8210719915922228
0.7958486600105097
0.9056752496058854
0.7714135575407252
0.7900683131897005
0.8334209143457698
0.9022595901208618
0.8875459800315292
0.7585391487125591
0.7580136626379401
0.8194955333683658
0.8562795585916974
0.8289542827115082
0.9017341040462428
0.6841828691539674
0.8255386232264845
0.8318444561219128
0.8941145559642669
0.847346295323174
0.8055701523909616
0.9298476090383605
0.8554913294797688
0.6342616920651603
0.8539148712559117
0.9159222280609564
0.8518129269574356
0.7911192853389385
0.8520756699947452
0.8066211245401996
0.8812401471361009
0.9445612191276931
0.8578560168155543
0.9151339989490278
0.8331581713084604
0.8830793483972674
0.7766684182869154
0.7890173410404624
0.8074093536521282
0.9093536521282186
0.7138728323699421
0.7425118234366789
0.8667892800840777
0.8213347346295323
0.8168681029952706
0.8717813977929585
0.7275354703100367
0.7829742511823437
0.8413032054650552
0.7840252233315818
0.7982133473462953
0.8281660535995796
0.8168681029952706
0.896216500262743
0.7929584866001052
0.7640567524960589
0.7117708880714662
0.9382553862322649
0.8095112979506043
0.883867577509196
0.6839201261166579
0.7643194955333684
0.7128218602207042
0.7737782448765108
0.8087230688386757
0.9227535470310037
0.7774566473988439
0.7136100893326327
0.8809774040987913
0.8938518129269575
0.8095112979506043
0.9303730951129795
0.7687861271676301
0.8439306358381503
0.873620599054125
0.7895428271150815
0.813977929584866
0.802679978980557
0.8050446663163426
0.6828691539674199
0.8638991066736732
0.710194429847609
0.8906988964792433
0.7461902259590121
0.7464529689963216
0.7945349448239621
0.7461902259590121
0.7706253284287966
0.8087230688386757
0.7383079348397268
0.9132947976878613
0.8189700472937467
0.7235943247503941
0.6663163426169206
0.7480294272201786
0.8137151865475565
0.7677351550183921
0.8339464004203888
0.7590646347871781
0.8089858118759853
0.778507619548082
0.8426169206516028
0.7251707829742512
0.6471361008933263
0.7616920651602732
0.8194955333683658
0.8300052548607462
0.8917498686284814
0.7963741460851288
0.8279033105622701
0.7777193904361535
0.8307934839726747
0.7165002627430374
0.7288491854965844
0.7921702574881766
0.7693116132422491
0.7062532842879664
0.7180767209668943
0.8912243825538623
0.6931161324224908
0.8000525486074619
0.8173935890698897
0.6996847083552286
0.8339464004203888
0.6902259590120862
0.8121387283236994
0.7619548081975828
0.7679978980557015
0.7685233841303205
0.7995270625328429
0.7138728323699421
0.7390961639516552
0.8554913294797688
0.8042564372044141
0.8746715712033631
0.7979506043089858
0.767209668943773
0.7299001576458224
0.8074093536521282
0.8171308460325801
0.8342091434576984
0.8378875459800316
0.8783499737256962
0.7143983184445613
0.8215974776668419
0.8334209143457698
0.6902259590120862
0.6673673147661587
0.8568050446663164
0.765633210719916
0.7488176563321072
0.7866526537046769
0.8696794534944824
0.8137151865475565
0.8455070940620073
0.7543352601156069
0.6962690488702049
0.8407777193904361
0.6736731476615869
0.7874408828166054
0.721492380451918
0.9469259064634787
0.7764056752496059
0.8184445612191277
0.7961114030478192
0.8131897004729375
0.8523384130320546
0.7690488702049396
0.8594324750394114
0.8005780346820809
0.873095112979506
0.8570677877036259
0.6755123489227536
0.8859695218076721
0.6946925906463479
0.6933788754598004
0.7017866526537047
0.7640567524960589
0.6597477666841829
0.7580136626379401
0.8759852863899107
0.6022070415133999
0.815028901734104
0.8205465055176038
0.7141355754072517
0.8667892800840777
0.9001576458223857
0.8751970572779821
0.790856542301629
0.5669994745139254
0.8284287966368892
0.8108250131371518
0.7096689437729901
0.7433000525486074
0.7677351550183921
0.8292170257488176
0.7178139779295849
0.8946400420388859
0.7816605359957961
0.8917498686284814
0.8591697320021019
0.7532842879663689
0.8013662637940094
0.6621124540199684
0.8775617446137677
0.8526011560693642
0.8315817130846033
0.7706253284287966
0.5906463478717814
0.7685233841303205
0.7556489753021545
0.8210719915922228
0.7603783499737257
0.7459274829217025
0.8013662637940094
0.8702049395691014
0.8231739358906989
0.7438255386232265
0.8499737256962691
0.8733578560168156
0.7942722017866527
0.6778770362585391
0.954282711508145
0.8234366789280084
0.7296374146085128
0.755386232264845
0.7624802942722018
0.847871781397793
0.7782448765107725
0.6103520756699947
0.7971623751970572
0.7990015764582239
0.8686284813452444
0.7832369942196532
0.8909616395165528
0.8215974776668419
0.6760378349973726
0.7046768260641093
0.8184445612191277
0.8749343142406726
0.7850761954808197
0.6962690488702049
0.8665265370467683
0.7679978980557015
0.9019968470835523
0.8328954282711508
0.708092485549133
0.86022070415134
0.7753547031003678
0.7961114030478192
0.7335785601681556
0.7632685233841303
0.8568050446663164
0.8360483447188649
0.7858644245927483
0.7698370993168681
0.8928008407777194
0.22727272727272727
0.9048870204939569
0.8126642143983185
0.8594324750394114
0.8399894902785077
0.7109826589595376
0.6933788754598004
0.9519180241723594
0.7320021019442985
0.7808723068838676
0.30951129795060434
0.9106673673147662
0.7186022070415135
0.7658959537572254
0.7806095638465581
0.8126642143983185
0.8447188649500789
0.7454019968470835
0.846820809248555
0.8899106673673147
0.882291119285339
0.813977929584866
0.778507619548082
0.6621124540199684
0.7687861271676301
0.7566999474513926
0.8163426169206516
0.905937992643195
0.4913294797687861
0.7879663688912244
0.8675775091960063
0.9080399369416711
0.653179190751445
0.7335785601681556
0.8234366789280084
0.9156594850236469
0.7354177614293221
0.8914871255911718
0.7498686284813453
0.8213347346295323
0.8591697320021019
0.8620599054125065
0.6148187073042565
0.8074093536521282
0.8032054650551761
0.7393589069889648
0.7690488702049396
0.8841303205465055
0.7779821334734629
0.8933263268523384
0.7065160273252759
0.825275880189175
0.7398843930635838
0.7942722017866527
0.8129269574356279
0.7740409879138203
0.9030478192327903
0.8168681029952706
0.8420914345769837
0.7469784550709406
0.825801366263794
0.8660010509721492
0.6552811350499211
0.7619548081975828
0.8024172359432475
0.7832369942196532
0.7848134524435102
0.7162375197057278
0.7824487651077247
0.7498686284813453
0.7829742511823437
0.8817656332107199
0.7383079348397268
0.7180767209668943
0.9140830267997898
0.802679978980557
0.6902259590120862
0.7682606410930111
0.7556489753021545
0.883867577509196
0.8250131371518655
0.7275354703100367
0.8791382028376248
0.9135575407251708
0.6986337362059906
0.7806095638465581
0.6600105097214923
0.8476090383604834
0.7890173410404624
0.8846558066211245
0.7787703625853915
0.7509196006305833
0.8029427220178665
0.6437204414083026
0.8355228586442459
0.7359432475039411
0.9127693116132423
0.8864950078822911
0.7987388334209143
0.8418286915396742
