0.8628289473684211
0.8901315789473684
0.8621710526315789
0.8289473684210527
0.812828947368421
0.8828947368421053
0.8453947368421053
0.8095394736842105
0.9078947368421053
0.9375
0.9171052631578948
0.7256578947368421
0.7197368421052631
0.843421052631579
0.8993421052631579
0.9417763157894737
0.8473684210526315
0.8138157894736842
0.6569078947368421
0.7819078947368421
0.8628289473684211
0.7365131578947368
0.76875
0.875328947368421
0.7766447368421052
0.9351973684210526
0.8391447368421052
0.8338815789473685
0.9121710526315789
0.84375
0.8276315789473684
0.8355263157894737
0.8835526315789474
0.7381578947368421
0.9125
0.8532894736842105
0.7947368421052632
0.8305921052631579
0.9078947368421053
0.7259868421052632
0.9125
0.9302631578947368
0.7447368421052631
0.8911184210526316
0.9463815789473684
0.8332236842105263
0.9414473684210526
0.8305921052631579
0.8138157894736842
0.8319078947368421
0.8782894736842105
0.7957236842105263
0.8009868421052632
0.7907894736842105
0.6276315789473684
0.76875
0.8075657894736842
0.8825657894736842
0.8703947368421052
0.9164473684210527
0.7641447368421053
0.6720394736842106
0.8019736842105263
0.9013157894736842
0.7888157894736842
0.8881578947368421
0.8993421052631579
0.4608552631578947
0.8901315789473684
0.8671052631578947
0.7598684210526315
0.7328947368421053
0.8552631578947368
0.8901315789473684
0.9246710526315789
0.6875
0.7470394736842105
0.7552631578947369
0.8105263157894737
0.9657894736842105
0.875328947368421
0.8904605263157894
0.9519736842105263
0.8598684210526316
0.8851973684210527
0.7493421052631579
0.9473684210526315
0.8085526315789474
0.8361842105263158
0.9029605263157895
0.8348684210526316
0.8723684210526316
0.8200657894736842
0.9588815789473685
0.9414473684210526
0.8569078947368421
0.7638157894736842
0.8947368421052632
0.8322368421052632
0.7789473684210526
0.7559210526315789
0.85
0.9144736842105263
0.9532894736842106
0.8463815789473684
0.8865131578947368
0.8388157894736842
0.9394736842105263
0.8845394736842105
0.8572368421052632
0.8552631578947368
0.8657894736842106
0.8118421052631579
0.7940789473684211
0.8141447368421053
0.7319078947368421
0.7769736842105263
0.7480263157894737
0.7378289473684211
0.7371710526315789
0.8582236842105263
0.7233552631578948
0.8309210526315789
0.8759868421052631
0.8917763157894737
0.7358552631578947
0.7046052631578947
0.8276315789473684
0.9516447368421053
0.7315789473684211
0.8180921052631579
0.9351973684210526
0.8016447368421052
0.7891447368421053
0.8628289473684211
0.9148026315789474
0.843421052631579
0.9148026315789474
0.9588815789473685
0.8733552631578947
0.9388157894736842
0.8240131578947368
0.8319078947368421
0.8914473684210527
0.7743421052631579
0.7282894736842105
0.7375
0.7305921052631579
0.7391447368421052
0.8674342105263158
0.7980263157894737
0.8476973684210526
0.8036184210526316
0.8723684210526316
0.8378289473684211
0.9085526315789474
0.7003289473684211
0.944078947368421
0.6921052631578948
0.8361842105263158
0.9256578947368421
0.6217105263157895
0.7756578947368421
0.7523026315789474
0.9325657894736842
0.9776315789473684
0.8467105263157895
0.8756578947368421
0.7875
0.7921052631578948
0.9401315789473684
0.8450657894736842
0.7871710526315789
0.8118421052631579
0.7888157894736842
0.8713815789473685
0.8302631578947368
0.8273026315789473
0.9351973684210526
0.7970394736842106
0.975
0.9207236842105263
0.8911184210526316
0.8411184210526316
0.6861842105263158
0.8269736842105263
0.8029605263157895
0.8200657894736842
0.8628289473684211
0.8125
0.7424342105263158
0.8921052631578947
0.9667763157894737
0.8950657894736842
0.8023026315789473
0.7766447368421052
0.7759868421052631
0.7924342105263158
0.8457236842105263
0.8322368421052632
0.9134868421052632
0.9424342105263158
0.7342105263157894
0.9108552631578948
0.9592105263157895
0.6585526315789474
0.9661184210526316
0.8417763157894737
0.8444078947368421
0.8858552631578948
0.8773026315789474
0.7773026315789474
0.5565789473684211
0.7608552631578948
0.7861842105263158
0.8473684210526315
0.8029605263157895
0.8381578947368421
0.7960526315789473
0.8358552631578947
0.9141447368421053
0.8351973684210526
0.7463815789473685
0.8167763157894737
0.9164473684210527
0.7641447368421053
0.787828947368421
0.8457236842105263
0.9398026315789474
0.8888157894736842
0.8065789473684211
0.8180921052631579
0.7851973684210526
0.7723684210526316
0.6782894736842106
0.9118421052631579
0.7026315789473684
0.9319078947368421
0.8763157894736842
0.9131578947368421
0.9108552631578948
0.6661184210526315
0.8611842105263158
0.7993421052631579
0.8069078947368421
0.7927631578947368
0.8375
0.8615131578947368
0.775
0.89375
0.8125
0.774671052631579
0.6723684210526316
0.7832236842105263
0.8164473684210526
0.8036184210526316
0.9213815789473684
0.9305921052631579
0.9167763157894737
0.5914473684210526
0.9615131578947368
0.6967105263157894
0.8424342105263158
0.7894736842105263
0.8476973684210526
0.8157894736842105
0.7486842105263158
0.9335526315789474
0.9197368421052632
0.8223684210526315
0.88125
0.975328947368421
0.7960526315789473
0.8917763157894737
0.8720394736842105
0.875328947368421
0.8898026315789473
0.8486842105263158
0.9075657894736842
0.6605263157894737
0.8009868421052632
0.7210526315789474
0.8217105263157894
0.9069078947368421
0.7177631578947369
0.8707236842105263
0.7338815789473684
0.7888157894736842
0.9072368421052631
0.8180921052631579
0.8226973684210527
0.7667763157894737
0.9016447368421052
0.8052631578947368
0.7697368421052632
0.655921052631579
0.8111842105263158
0.8549342105263158
0.9875
0.7338815789473684
0.8365131578947368
0.6717105263157894
0.9529605263157894
0.6868421052631579
0.8101973684210526
0.6753289473684211
0.8894736842105263
0.8032894736842106
0.7898026315789474
0.7476973684210526
0.8332236842105263
0.8421052631578947
0.8240131578947368
0.7980263157894737
0.8921052631578947
0.7888157894736842
0.8763157894736842
0.9256578947368421
0.8809210526315789
0.7835526315789474
0.9578947368421052
0.9365131578947369
0.8180921052631579
0.8881578947368421
0.8138157894736842
0.6519736842105263
0.750328947368421
0.7805921052631579
0.8230263157894737
0.8819078947368421
0.906578947368421
0.9111842105263158
0.7134868421052631
0.8523026315789474
0.7638157894736842
0.7296052631578948
0.8398026315789474
0.8782894736842105
0.7256578947368421
0.7789473684210526
0.7552631578947369
0.8463815789473684
0.7473684210526316
0.8726973684210526
0.83125
0.8144736842105263
0.9467105263157894
0.9217105263157894
0.8904605263157894
0.9138157894736842
0.8618421052631579
0.9493421052631579
0.7680921052631579
0.8776315789473684
0.8509868421052632
0.9006578947368421
0.7657894736842106
0.9118421052631579
0.9608552631578947
0.9351973684210526
0.85
0.9194078947368421
0.9513157894736842
0.8805921052631579
0.80625
0.7407894736842106
0.6911184210526315
0.8865131578947368
0.5263157894736842
0.8980263157894737
0.8217105263157894
0.7611842105263158
0.7516447368421053
0.8898026315789473
0.8036184210526316
0.7404605263157895
0.9236842105263158
0.2822368421052632
0.8631578947368421
0.7552631578947369
0.7786184210526316
0.7598684210526315
0.9226973684210527
0.8677631578947368
0.8292763157894737
0.8483552631578948
0.8082236842105263
0.7355263157894737
0.7720394736842106
0.8342105263157895
0.7516447368421053
0.7828947368421053
0.9532894736842106
0.7128289473684211
0.8246710526315789
0.8654605263157895
0.9088815789473684
0.9496710526315789
0.9223684210526316
0.8276315789473684
0.8351973684210526
0.7881578947368421
0.9200657894736842
0.9526315789473684
0.8296052631578947
0.81875
0.8361842105263158
0.8243421052631579
0.8582236842105263
0.8582236842105263
0.8365131578947368
0.9421052631578948
0.7875
0.9588815789473685
0.9006578947368421
0.9618421052631579
0.8490131578947369
0.8154605263157895
0.8536184210526315
0.8671052631578947
0.8970394736842106
0.9723684210526315
0.8615131578947368
0.8286184210526316
0.90625
0.9355263157894737
0.8463815789473684
0.5059210526315789
0.7967105263157894
0.7549342105263158
0.7703947368421052
0.7914473684210527
0.8480263157894737
0.9088815789473684
0.8305921052631579
0.8536184210526315
0.70625
0.881578947368421
0.7167763157894737
0.875
0.8769736842105263
0.7473684210526316
0.7125
0.8848684210526315
0.837171052631579
0.7621710526315789
0.7644736842105263
0.8506578947368421
0.8292763157894737
0.8223684210526315
0.7680921052631579
0.9582236842105263
0.9134868421052632
0.9792763157894737
0.79375
0.8921052631578947
0.8463815789473684
0.78125
0.8335526315789473
0.7740131578947368
0.9042763157894737
0.8828947368421053
0.937171052631579
0.7394736842105263
0.6957236842105263
0.8243421052631579
0.7144736842105263
0.725328947368421
0.787828947368421
0.8671052631578947
0.8417763157894737
0.9542763157894737
0.8601973684210527
0.7697368421052632
0.7875
0.79375
0.9157894736842105
0.8039473684210526
0.8921052631578947
0.7131578947368421
0.9184210526315789
0.8036184210526316
0.7894736842105263
0.8891447368421053
0.7608552631578948
0.9243421052631579
0.8868421052631579
0.8894736842105263
0.9009868421052631
0.7723684210526316
0.7957236842105263
0.7927631578947368
0.8838815789473684
0.787828947368421
0.8963815789473685
0.906578947368421
0.8036184210526316
0.83125
0.8404605263157895
0.7516447368421053
0.13289473684210526
0.8907894736842106
0.7736842105263158
0.8628289473684211
0.76875
0.6953947368421053
0.6700657894736842
0.7907894736842105
0.8302631578947368
0.8641447368421052
0.79375
0.7875
0.9016447368421052
0.8608552631578947
0.8394736842105263
0.7953947368421053
0.7782894736842105
0.7049342105263158
0.6805921052631579
0.8799342105263158
0.7855263157894737
0.781578947368421
0.8601973684210527
0.9299342105263158
0.9506578947368421
0.8177631578947369
0.7322368421052632
0.9111842105263158
0.7375
0.8990131578947368
0.7697368421052632
0.8578947368421053
0.8940789473684211
0.7940789473684211
0.8493421052631579
0.7983552631578947
0.9151315789473684
0.8914473684210527
0.9174342105263158
0.812828947368421
0.8552631578947368
0.8016447368421052
0.8476973684210526
0.7822368421052631
0.8644736842105263
0.8963815789473685
0.8164473684210526
0.8111842105263158
0.9279605263157895
0.8513157894736842
0.8055921052631579
0.9174342105263158
0.8720394736842105
0.875
0.8226973684210527
0.8986842105263158
0.7993421052631579
0.8917763157894737
0.6740131578947368
0.9365131578947369
0.75625
0.7470394736842105
0.9328947368421052
0.8496710526315789
0.7167763157894737
0.8661184210526316
0.8463815789473684
0.8717105263157895
0.774671052631579
0.8970394736842106
0.9171052631578948
0.6279605263157895
0.8845394736842105
0.7588815789473684
0.8970394736842106
0.7447368421052631
0.86875
0.8759868421052631
0.9486842105263158
0.9082236842105263
0.9398026315789474
0.9049342105263158
0.8875
0.7898026315789474
0.8154605263157895
0.7865131578947369
0.7200657894736842
0.9092105263157895
0.7263157894736842
0.9269736842105263
0.8621710526315789
0.8944078947368421
0.8151315789473684
0.8197368421052632
0.7769736842105263
0.7664473684210527
0.9342105263157895
0.8555921052631579
0.8608552631578947
0.8529605263157894
0.9049342105263158
0.819078947368421
0.8391447368421052
0.8661184210526316
0.7871710526315789
0.8891447368421053
0.7032894736842106
0.7960526315789473
0.9157894736842105
0.7953947368421053
0.8368421052631579
0.9391447368421053
0.7832236842105263
0.8822368421052632
0.9184210526315789
0.8565789473684211
0.8898026315789473
0.8046052631578947
0.8805921052631579
0.7154605263157895
0.9203947368421053
0.7539473684210526
0.9470394736842105
0.8957236842105263
0.73125
0.8302631578947368
0.8894736842105263
0.8736842105263158
0.8256578947368421
0.7365131578947368
0.6835526315789474
0.8246710526315789
0.8848684210526315
0.7953947368421053
0.7657894736842106
0.8003289473684211
0.8976973684210526
0.8
0.9029605263157895
0.8822368421052632
0.8898026315789473
0.8536184210526315
0.7671052631578947
0.8375
0.9595394736842106
0.899671052631579
0.7611842105263158
0.8845394736842105
0.9411184210526315
0.8651315789473685
0.8523026315789474
0.7125
0.8776315789473684
0.7970394736842106
0.81875
0.7789473684210526
0.8671052631578947
0.9082236842105263
0.7513157894736842
0.8398026315789474
0.7552631578947369
0.8526315789473684
0.781578947368421
0.7592105263157894
0.8220394736842105
0.7549342105263158
0.8177631578947369
0.8486842105263158
0.8881578947368421
0.91875
0.8779605263157895
0.8470394736842105
0.868421052631579
0.8894736842105263
0.8101973684210526
0.8973684210526316
0.6983552631578948
0.7401315789473685
0.8851973684210527
0.9585526315789473
0.8411184210526316
0.71875
0.8878289473684211
0.8759868421052631
0.6990131578947368
0.8157894736842105
0.8375
0.7523026315789474
0.7125
0.8082236842105263
0.9115131578947369
0.868421052631579
0.9016447368421052
0.8263157894736842
0.8694078947368421
0.825
0.7072368421052632
0.7917763157894737
0.8292763157894737
0.8003289473684211
0.8470394736842105
0.7950657894736842
0.7384868421052632
0.7226973684210526
0.9200657894736842
0.79375
0.8404605263157895
0.7963815789473684
0.9121710526315789
0.9009868421052631
0.8914473684210527
0.8197368421052632
0.8648026315789473
0.9072368421052631
0.5125
0.7924342105263158
0.7483552631578947
0.8299342105263158
0.8986842105263158
0.7302631578947368
0.7493421052631579
0.8055921052631579
0.7799342105263158
0.8427631578947369
0.7789473684210526
0.7036184210526316
0.8947368421052632
0.85625
0.8200657894736842
0.8375
0.8467105263157895
0.9026315789473685
0.7753289473684211
0.8167763157894737
0.81875
0.8509868421052632
0.912828947368421
0.8848684210526315
0.9493421052631579
0.8164473684210526
0.9305921052631579
0.9391447368421053
0.8125
0.8473684210526315
0.75
0.8513157894736842
0.8940789473684211
0.8032894736842106
0.7394736842105263
0.8075657894736842
0.7674342105263158
0.819078947368421
0.6782894736842106
0.7296052631578948
0.9121710526315789
0.8322368421052632
0.8286184210526316
0.9671052631578947
0.8197368421052632
0.7164473684210526
0.8986842105263158
0.7697368421052632
0.8460526315789474
0.8490131578947369
0.8661184210526316
0.8342105263157895
0.8236842105263158
0.7292763157894737
0.9302631578947368
0.9226973684210527
0.8417763157894737
0.719078947368421
0.9095394736842105
0.8085526315789474
0.9131578947368421
0.9407894736842105
0.7838815789473684
0.9141447368421053
0.8210526315789474
0.8713815789473685
0.75
0.8417763157894737
0.8375
0.8651315789473685
0.8279605263157894
0.8575657894736842
0.90625
0.43782894736842104
0.75625
0.9424342105263158
0.8325657894736842
0.93125
0.7861842105263158
0.8424342105263158
0.7417763157894737
0.8664473684210526
0.8552631578947368
0.8947368421052632
0.8907894736842106
0.812828947368421
0.7680921052631579
0.6740131578947368
0.8509868421052632
0.868421052631579
0.7463815789473685
0.38092105263157894
0.8930921052631579
0.8973684210526316
0.8355263157894737
0.8236842105263158
0.7894736842105263
0.812171052631579
0.8953947368421052
0.694078947368421
0.8108552631578947
0.7263157894736842
0.8358552631578947
0.7835526315789474
0.7930921052631579
0.8950657894736842
0.8141447368421053
0.8365131578947368
0.8733552631578947
0.7891447368421053
0.8713815789473685
0.9006578947368421
0.7549342105263158
0.7881578947368421
0.7473684210526316
0.8766447368421053
0.8904605263157894
0.8595394736842106
0.8141447368421053
0.9026315789473685
0.8345394736842106
0.8542763157894737
0.7828947368421053
0.8983552631578947
0.8605263157894737
0.8927631578947368
0.850328947368421
0.8338815789473685
0.8078947368421052
0.9273026315789473
0.8766447368421053
0.8351973684210526
0.8828947368421053
0.7273026315789474
0.9177631578947368
0.8003289473684211
0.8835526315789474
0.7509868421052631
0.9733552631578948
0.937171052631579
0.9019736842105263
0.8881578947368421
0.8450657894736842
0.8203947368421053
0.8967105263157895
0.7868421052631579
0.6282894736842105
0.7052631578947368
0.7766447368421052
0.8286184210526316
0.7901315789473684
0.9115131578947369
0.8417763157894737
0.8625
0.9407894736842105
0.8703947368421052
0.6098684210526316
0.7536184210526315
0.8506578947368421
0.8299342105263158
0.8476973684210526
0.7983552631578947
0.9246710526315789
0.7733552631578947
0.8338815789473685
0.40230263157894736
0.7490131578947369
0.7881578947368421
0.8881578947368421
0.7266447368421053
0.7621710526315789
0.9138157894736842
0.7996710526315789
0.7411184210526316
0.8328947368421052
0.7634868421052632
0.906578947368421
0.875328947368421
0.7641447368421053
0.9345394736842105
0.7980263157894737
0.8914473684210527
0.7779605263157895
0.42664473684210524
0.9190789473684211
0.7421052631578947
0.8575657894736842
0.7743421052631579
0.8532894736842105
0.8789473684210526
0.8868421052631579
0.844078947368421
0.7944078947368421
0.8427631578947369
0.7230263157894737
0.9519736842105263
0.8220394736842105
0.7835526315789474
0.7967105263157894
0.6707236842105263
0.9657894736842105
0.8161184210526315
0.7733552631578947
0.8427631578947369
0.7042763157894737
0.8384868421052631
0.8473684210526315
0.8980263157894737
0.8266447368421053
0.8993421052631579
0.7953947368421053
0.9171052631578948
0.83125
0.9078947368421053
0.9
0.787828947368421
0.7263157894736842
0.8197368421052632
0.8575657894736842
0.8240131578947368
0.8421052631578947
0.8730263157894737
0.9305921052631579
0.7595394736842105
0.8730263157894737
0.9072368421052631
0.756578947368421
0.8927631578947368
0.8878289473684211
0.9016447368421052
0.8674342105263158
0.7069078947368421
0.875328947368421
0.9184210526315789
0.8118421052631579
0.8302631578947368
0.9042763157894737
0.8917763157894737
0.8430921052631579
0.7378289473684211
0.6858552631578947
0.8105263157894737
0.8638157894736842
0.8368421052631579
0.9394736842105263
0.8595394736842106
0.9549342105263158
0.8990131578947368
0.83125
0.8338815789473685
0.8944078947368421
0.8151315789473684
0.8345394736842106
0.7851973684210526
0.8967105263157895
0.8013157894736842
0.8358552631578947
0.8029605263157895
0.8217105263157894
0.843421052631579
0.9200657894736842
0.8674342105263158
0.9421052631578948
0.775
0.9233552631578947
0.9217105263157894
0.8957236842105263
0.5786184210526316
0.8207236842105263
0.874671052631579
0.9134868421052632
0.8460526315789474
0.8470394736842105
0.7976973684210527
0.7194078947368421
0.9046052631578947
0.7404605263157895
0.8065789473684211
0.6421052631578947
0.6838815789473685
0.7960526315789473
0.6858552631578947
0.8210526315789474
0.7569078947368421
0.774671052631579
0.8736842105263158
0.8664473684210526
0.8036184210526316
0.837171052631579
0.6835526315789474
0.7907894736842105
0.9184210526315789
0.7950657894736842
0.8351973684210526
0.8575657894736842
0.9046052631578947
0.7720394736842106
0.850328947368421
0.7417763157894737
0.8671052631578947
0.9042763157894737
0.8161184210526315
0.925
0.9032894736842105
0.8539473684210527
0.9006578947368421
0.8559210526315789
0.8743421052631579
0.7088815789473685
0.8898026315789473
0.8677631578947368
0.8335526315789473
0.8516447368421053
0.8335526315789473
0.8046052631578947
0.7720394736842106
0.9266447368421052
0.8223684210526315
0.8542763157894737
0.7615131578947368
0.7904605263157894
0.9088815789473684
0.937171052631579
0.8901315789473684
0.8483552631578948
0.41151315789473686
0.9026315789473685
0.8592105263157894
0.850328947368421
0.8582236842105263
0.6723684210526316
0.9101973684210526
0.7934210526315789
0.6963815789473684
0.8921052631578947
0.8976973684210526
0.8565789473684211
0.9046052631578947
0.9003289473684211
0.75625
0.9328947368421052
0.8891447368421053
0.7993421052631579
0.8026315789473685
0.8006578947368421
0.8884868421052632
0.7907894736842105
0.8476973684210526
0.8148026315789474
0.8842105263157894
0.9174342105263158
0.9476973684210527
0.8197368421052632
0.9322368421052631
0.8493421052631579
0.8776315789473684
0.7641447368421053
0.9052631578947369
0.9292763157894737
0.7759868421052631
0.8161184210526315
0.7924342105263158
0.8657894736842106
0.8743421052631579
0.8529605263157894
0.15921052631578947
0.7486842105263158
0.868421052631579
0.8891447368421053
0.7194078947368421
0.8559210526315789
0.7592105263157894
0.8368421052631579
0.8131578947368421
0.8322368421052632
0.8493421052631579
0.6404605263157894
0.8328947368421052
0.8940789473684211
0.7523026315789474
0.7506578947368421
0.9365131578947369
0.725
0.6911184210526315
0.8013157894736842
0.8075657894736842
0.7901315789473684
0.7171052631578947
0.7703947368421052
0.8381578947368421
0.9200657894736842
0.7595394736842105
0.8493421052631579
0.8940789473684211
0.8690789473684211
0.9026315789473685
0.7203947368421053
0.8917763157894737
0.7509868421052631
0.9641447368421052
0.80625
0.749671052631579
0.719078947368421
0.73125
0.6233552631578947
0.8654605263157895
0.9230263157894737
0.8269736842105263
0.7983552631578947
0.9299342105263158
0.8970394736842106
0.8792763157894737
0.7476973684210526
0.7654605263157894
0.7003289473684211
0.8414473684210526
0.7835526315789474
0.7453947368421052
0.8894736842105263
0.8049342105263158
0.8638157894736842
0.9042763157894737
0.8825657894736842
0.7858552631578948
0.7756578947368421
0.8388157894736842
0.8259868421052632
0.8253289473684211
0.6835526315789474
0.8782894736842105
0.8269736842105263
0.7108552631578947
0.8138157894736842
0.8032894736842106
0.8223684210526315
0.9236842105263158
0.6608552631578948
0.7161184210526316
0.8657894736842106
0.8144736842105263
0.7907894736842105
0.7898026315789474
0.6671052631578948
0.8029605263157895
0.9328947368421052
0.844078947368421
0.7542763157894737
0.8338815789473685
0.78125
0.8256578947368421
0.9039473684210526
0.9368421052631579
0.8598684210526316
0.7108552631578947
0.8213815789473684
0.8453947368421053
0.7430921052631579
0.7828947368421053
0.8006578947368421
0.8289473684210527
0.9078947368421053
0.7976973684210527
0.905921052631579
0.8013157894736842
0.7180921052631579
0.7819078947368421
0.8210526315789474
0.8490131578947369
0.7868421052631579
0.8657894736842106
0.7766447368421052
0.819078947368421
0.8263157894736842
0.8279605263157894
0.8506578947368421
0.7898026315789474
0.5171052631578947
0.687828947368421
0.8332236842105263
0.7713815789473685
0.7884868421052632
0.8417763157894737
0.8118421052631579
0.8865131578947368
0.7671052631578947
0.9243421052631579
0.881578947368421
0.80625
0.8572368421052632
0.9088815789473684
0.4917763157894737
0.9029605263157895
0.8457236842105263
0.9263157894736842
0.8914473684210527
0.9210526315789473
0.9575657894736842
0.9115131578947369
0.930921052631579
0.8381578947368421
0.8894736842105263
0.8569078947368421
0.8467105263157895
0.7848684210526315
0.8855263157894737
0.8963815789473685
0.7223684210526315
0.8375
0.937828947368421
0.9032894736842105
0.8595394736842106
0.8674342105263158
0.9305921052631579
0.7720394736842106
0.9552631578947368
0.7759868421052631
0.7105263157894737
0.6717105263157894
0.8743421052631579
0.76875
0.8674342105263158
0.8131578947368421
0.9289473684210526
0.8940789473684211
0.8315789473684211
0.8888157894736842
0.8279605263157894
0.8875
0.7230263157894737
0.8638157894736842
0.9322368421052631
0.7990131578947368
0.7786184210526316
0.90625
0.8832236842105263
0.9177631578947368
0.8483552631578948
0.7828947368421053
0.8256578947368421
0.8940789473684211
0.9463815789473684
0.7782894736842105
0.9039473684210526
0.8075657894736842
0.9026315789473685
0.8967105263157895
0.7226973684210526
0.899671052631579
0.8351973684210526
0.7924342105263158
0.8263157894736842
0.9710526315789474
0.8171052631578948
0.8891447368421053
0.8210526315789474
0.7802631578947369
0.8506578947368421
0.8773026315789474
0.7996710526315789
0.906578947368421
0.7993421052631579
0.8240131578947368
0.8049342105263158
0.8575657894736842
0.8069078947368421
0.5180921052631579
0.8148026315789474
0.8421052631578947
0.7506578947368421
0.9190789473684211
0.8134868421052631
0.6651315789473684
0.8335526315789473
0.8282894736842106
0.7759868421052631
0.8578947368421053
0.7611842105263158
0.9161184210526315
0.8625
0.9115131578947369
0.8967105263157895
0.7851973684210526
0.9055921052631579
0.9328947368421052
0.6236842105263158
0.8973684210526316
0.8473684210526315
0.7638157894736842
0.9375
0.8101973684210526
0.9151315789473684
0.9654605263157895
0.78125
0.7417763157894737
0.80625
0.8861842105263158
0.9180921052631579
0.9200657894736842
0.912828947368421
0.7539473684210526
0.8588815789473684
0.84375
0.7858552631578948
0.8516447368421053
0.9453947368421053
0.8088815789473685
0.8375
0.7875
0.6036184210526315
0.7983552631578947
0.7417763157894737
0.8674342105263158
0.7832236842105263
0.7263157894736842
0.6720394736842106
0.8733552631578947
0.9289473684210526
0.7907894736842105
0.9009868421052631
0.80625
0.7332236842105263
0.8082236842105263
0.8125
0.7457236842105263
0.34901315789473686
0.9217105263157894
0.7973684210526316
0.9398026315789474
0.8467105263157895
0.7351973684210527
0.7700657894736842
0.8667763157894737
0.8934210526315789
0.7092105263157895
0.8898026315789473
0.7756578947368421
0.8766447368421053
0.9088815789473684
0.7963815789473684
0.8608552631578947
0.6924342105263158
0.7881578947368421
0.4585526315789474
0.7855263157894737
0.86875
0.7332236842105263
0.9226973684210527
0.9661184210526316
0.8026315789473685
0.8871710526315789
0.8730263157894737
0.819078947368421
0.8542763157894737
0.9049342105263158
0.899671052631579
0.9036184210526316
0.8473684210526315
0.9483552631578948
0.8467105263157895
0.7483552631578947
0.9506578947368421
0.9559210526315789
0.9233552631578947
0.7921052631578948
0.6828947368421052
0.6907894736842105
0.8016447368421052
0.8592105263157894
0.8203947368421053
0.7105263157894737
0.9493421052631579
0.8546052631578948
0.8263157894736842
0.8302631578947368
0.8730263157894737
0.8108552631578947
0.8901315789473684
0.9088815789473684
0.9246710526315789
0.7769736842105263
0.9358552631578947
0.8733552631578947
0.7792763157894737
0.7628289473684211
0.6789473684210526
0.9398026315789474
0.8970394736842106
0.9398026315789474
0.8756578947368421
0.7526315789473684
0.8552631578947368
0.7595394736842105
0.7871710526315789
0.7779605263157895
0.7720394736842106
0.7174342105263158
0.9315789473684211
0.8019736842105263
0.9467105263157894
0.7052631578947368
0.6980263157894737
0.8240131578947368
0.8131578947368421
0.8233552631578948
0.8065789473684211
0.6980263157894737
0.8430921052631579
0.8861842105263158
0.7391447368421052
0.9328947368421052
0.79375
0.8694078947368421
0.6815789473684211
0.007894736842105263
0.7782894736842105
0.8519736842105263
0.6842105263157895
0.8575657894736842
0.8365131578947368
0.9236842105263158
0.6963815789473684
0.780921052631579
0.8700657894736842
0.8723684210526316
0.9144736842105263
0.8733552631578947
0.8855263157894737
0.8430921052631579
0.6634868421052632
0.8851973684210527
0.7799342105263158
0.881578947368421
0.8315789473684211
0.8677631578947368
0.9279605263157895
0.81875
0.7608552631578948
0.8743421052631579
0.8157894736842105
0.7082236842105263
0.8292763157894737
0.8628289473684211
0.8111842105263158
0.8266447368421053
0.9786184210526315
0.725328947368421
0.8720394736842105
0.9434210526315789
0.8019736842105263
0.8621710526315789
0.8990131578947368
0.8911184210526316
0.9194078947368421
0.8457236842105263
0.8710526315789474
0.8230263157894737
0.9092105263157895
0.9180921052631579
0.7467105263157895
0.7289473684210527
0.9555921052631579
0.9
0.8736842105263158
0.8322368421052632
0.8273026315789473
0.8641447368421052
0.8207236842105263
0.8904605263157894
0.8082236842105263
0.8529605263157894
0.8055921052631579
0.8667763157894737
0.7894736842105263
0.7930921052631579
0.8707236842105263
0.30657894736842106
0.8825657894736842
0.7759868421052631
0.7950657894736842
0.9476973684210527
0.8414473684210526
0.7013157894736842
0.8411184210526316
0.7763157894736842
0.6450657894736842
0.8322368421052632
0.8105263157894737
0.7641447368421053
0.9046052631578947
0.968421052631579
0.7805921052631579
0.812828947368421
0.8046052631578947
0.7069078947368421
0.8970394736842106
0.9549342105263158
0.7315789473684211
0.8898026315789473
0.9631578947368421
0.7365131578947368
0.8509868421052632
0.756578947368421
0.7944078947368421
0.9388157894736842
0.8598684210526316
0.7470394736842105
0.7769736842105263
0.8246710526315789
0.8223684210526315
0.7608552631578948
0.8470394736842105
0.4006578947368421
0.8009868421052632
0.8763157894736842
0.8809210526315789
0.9279605263157895
0.5779605263157894
0.9601973684210526
0.7180921052631579
0.7368421052631579
0.7569078947368421
0.7608552631578948
0.8608552631578947
0.8888157894736842
0.8375
0.875
0.7157894736842105
0.8358552631578947
0.8690789473684211
0.8384868421052631
0.7960526315789473
0.8013157894736842
0.9138157894736842
0.9019736842105263
0.7197368421052631
0.8855263157894737
0.8825657894736842
0.8598684210526316
0.8230263157894737
0.8565789473684211
0.8641447368421052
0.8174342105263158
0.9131578947368421
0.8542763157894737
0.9348684210526316
0.8947368421052632
0.85
0.9453947368421053
0.8694078947368421
0.7845394736842105
0.6378289473684211
0.7332236842105263
0.8506578947368421
0.8023026315789473
0.9026315789473685
0.8184210526315789
0.7710526315789473
0.9694078947368421
0.9095394736842105
0.8282894736842106
0.8953947368421052
0.8953947368421052
0.8934210526315789
0.8980263157894737
0.8786184210526315
0.8256578947368421
0.9486842105263158
0.8763157894736842
0.8914473684210527
0.8891447368421053
0.8401315789473685
0.9157894736842105
0.8930921052631579
0.7720394736842106
0.9381578947368421
0.7625
0.9098684210526315
0.8802631578947369
0.5565789473684211
0.9467105263157894
0.6618421052631579
0.8707236842105263
0.9200657894736842
0.8967105263157895
0.7848684210526315
0.8654605263157895
0.9384868421052631
0.8282894736842106
0.9125
0.8907894736842106
0.850328947368421
0.8756578947368421
0.7671052631578947
0.7361842105263158
0.9154605263157894
0.8740131578947369
0.9302631578947368
0.7976973684210527
0.7342105263157894
0.9154605263157894
0.7388157894736842
0.8690789473684211
0.8282894736842106
0.8786184210526315
0.8917763157894737
0.968421052631579
0.7039473684210527
0.8401315789473685
0.8226973684210527
0.8993421052631579
0.8967105263157895
0.9226973684210527
0.8226973684210527
0.7953947368421053
0.8766447368421053
0.6450657894736842
0.8953947368421052
0.8865131578947368
0.7381578947368421
0.8296052631578947
0.725328947368421
0.7141447368421052
0.7575657894736842
0.712171052631579
0.8240131578947368
0.7894736842105263
0.7526315789473684
0.7976973684210527
0.8108552631578947
0.9171052631578948
0.812171052631579
0.7753289473684211
0.8625
0.7180921052631579
0.9006578947368421
0.75625
0.7825657894736842
0.7723684210526316
0.8940789473684211
0.8483552631578948
0.8223684210526315
0.9118421052631579
0.8605263157894737
0.7720394736842106
0.8263157894736842
0.8953947368421052
0.6371710526315789
0.9253289473684211
0.9631578947368421
0.7819078947368421
0.8335526315789473
0.7980263157894737
0.8529605263157894
0.7651315789473684
0.8723684210526316
0.8328947368421052
0.8625
0.7371710526315789
0.6424342105263158
0.930921052631579
0.7605263157894737
0.8358552631578947
0.8720394736842105
0.7513157894736842
0.8766447368421053
0.7411184210526316
0.8674342105263158
0.9148026315789474
0.7546052631578948
0.8355263157894737
0.8144736842105263
0.8575657894736842
0.8559210526315789
0.8901315789473684
0.9111842105263158
0.9197368421052632
0.8651315789473685
0.81875
0.8707236842105263
0.8819078947368421
0.8963815789473685
0.9565789473684211
0.8404605263157895
0.8476973684210526
0.8789473684210526
0.7930921052631579
0.9384868421052631
0.694078947368421
0.8351973684210526
0.8460526315789474
0.881578947368421
0.8802631578947369
0.7720394736842106
0.874671052631579
0.8595394736842106
0.9638157894736842
0.9134868421052632
0.9180921052631579
0.875
0.8628289473684211
0.9269736842105263
0.8717105263157895
0.8230263157894737
0.756578947368421
0.7667763157894737
0.8473684210526315
0.8967105263157895
0.9167763157894737
0.812828947368421
0.8335526315789473
0.7822368421052631
0.8990131578947368
0.8378289473684211
0.7710526315789473
0.7240131578947369
0.8148026315789474
0.8302631578947368
0.9009868421052631
0.9111842105263158
0.8986842105263158
0.8325657894736842
0.7302631578947368
0.7217105263157895
0.9167763157894737
0.9154605263157894
0.85
0.8131578947368421
0.8802631578947369
0.881578947368421
0.8585526315789473
0.6769736842105263
0.8368421052631579
0.7398026315789473
0.8388157894736842
0.7832236842105263
0.8763157894736842
0.7648026315789473
0.7694078947368421
0.8220394736842105
0.8736842105263158
0.75
0.9088815789473684
0.8575657894736842
0.8598684210526316
0.8773026315789474
0.8078947368421052
0.7707236842105263
0.8713815789473685
0.9348684210526316
0.7296052631578948
0.7125
0.8552631578947368
0.7822368421052631
0.7950657894736842
0.8210526315789474
0.7930921052631579
0.8861842105263158
0.6835526315789474
0.8871710526315789
0.9223684210526316
0.9381578947368421
0.8365131578947368
0.8796052631578948
0.9269736842105263
0.7947368421052632
0.7842105263157895
0.7858552631578948
0.8769736842105263
0.7782894736842105
0.8157894736842105
0.7957236842105263
0.8615131578947368
0.7529605263157895
0.86875
0.812828947368421
0.9085526315789474
0.8703947368421052
0.8118421052631579
0.8967105263157895
0.837171052631579
0.9322368421052631
0.8904605263157894
0.9361842105263158
0.8930921052631579
0.6266447368421053
0.9151315789473684
0.7355263157894737
0.9654605263157895
0.8391447368421052
0.7740131578947368
0.7529605263157895
0.7733552631578947
0.7819078947368421
0.7996710526315789
0.7730263157894737
0.8674342105263158
0.6848684210526316
0.8467105263157895
0.8427631578947369
0.9197368421052632
0.7417763157894737
0.8559210526315789
0.7032894736842106
0.9085526315789474
0.6697368421052632
0.7072368421052632
0.1993421052631579
0.7039473684210527
0.9088815789473684
0.8279605263157894
0.8973684210526316
0.8421052631578947
0.6865131578947369
0.694078947368421
0.7973684210526316
0.8233552631578948
0.8302631578947368
0.8710526315789474
0.8118421052631579
0.531578947368421
0.8404605263157895
0.8046052631578947
0.7542763157894737
0.8276315789473684
0.9375
0.78125
0.8115131578947369
0.8993421052631579
0.9164473684210527
0.8963815789473685
0.8006578947368421
0.8733552631578947
0.7476973684210526
0.3792763157894737
0.9039473684210526
0.7371710526315789
0.9013157894736842
0.6217105263157895
0.9098684210526315
0.5276315789473685
0.8539473684210527
0.8355263157894737
0.8039473684210526
0.7901315789473684
0.8529605263157894
0.8934210526315789
0.8111842105263158
0.8259868421052632
0.774671052631579
0.8338815789473685
0.8016447368421052
0.8717105263157895
0.7944078947368421
0.8019736842105263
0.8029605263157895
0.9328947368421052
0.9733552631578948
0.8157894736842105
0.7713815789473685
0.8723684210526316
0.7694078947368421
0.8726973684210526
0.9055921052631579
0.8322368421052632
0.7730263157894737
0.8881578947368421
0.7707236842105263
0.9398026315789474
0.8375
0.9
0.9223684210526316
0.7536184210526315
0.7680921052631579
0.8957236842105263
0.7888157894736842
0.7180921052631579
0.9207236842105263
0.9177631578947368
0.8842105263157894
0.9394736842105263
0.8332236842105263
0.6799342105263158
0.6536184210526316
0.9391447368421053
0.8
0.8141447368421053
0.7654605263157894
0.8263157894736842
0.8375
0.7865131578947369
0.9101973684210526
0.8983552631578947
0.8917763157894737
0.7677631578947368
0.7460526315789474
0.9101973684210526
0.8157894736842105
0.8315789473684211
0.7973684210526316
0.9319078947368421
0.86875
0.8894736842105263
0.7519736842105263
0.7542763157894737
0.9384868421052631
0.7457236842105263
0.8230263157894737
0.8740131578947369
0.7875
0.8226973684210527
0.8289473684210527
0.8911184210526316
0.8677631578947368
0.8759868421052631
0.8700657894736842
0.7625
0.8523026315789474
0.8509868421052632
0.7713815789473685
0.8174342105263158
0.7976973684210527
0.8983552631578947
0.8891447368421053
0.8898026315789473
0.7835526315789474
0.9088815789473684
0.8733552631578947
0.8095394736842105
0.8460526315789474
0.7759868421052631
0.8592105263157894
0.7394736842105263
0.7157894736842105
0.8233552631578948
0.8598684210526316
0.850328947368421
0.7967105263157894
0.9759868421052632
0.8365131578947368
0.9194078947368421
0.9592105263157895
0.8164473684210526
0.8286184210526316
0.9575657894736842
0.7927631578947368
0.6470394736842106
0.9328947368421052
0.7805921052631579
0.9355263157894737
0.8513157894736842
0.84375
0.881578947368421
0.7605263157894737
0.9289473684210526
0.8296052631578947
0.7351973684210527
0.8871710526315789
0.9246710526315789
0.8302631578947368
0.7875
0.7539473684210526
0.8085526315789474
0.8516447368421053
0.7171052631578947
0.8582236842105263
0.8848684210526315
0.8378289473684211
0.8105263157894737
0.7167763157894737
0.8657894736842106
0.7157894736842105
0.9717105263157895
0.8944078947368421
0.8986842105263158
0.9085526315789474
0.9009868421052631
0.9013157894736842
0.7378289473684211
0.8993421052631579
0.8644736842105263
0.8220394736842105
0.8355263157894737
0.8154605263157895
0.4555921052631579
0.8914473684210527
0.899671052631579
0.8894736842105263
0.8049342105263158
0.8444078947368421
0.8618421052631579
0.7578947368421053
0.8148026315789474
0.8625
0.7967105263157894
0.8786184210526315
0.8141447368421053
0.7848684210526315
0.8154605263157895
0.9319078947368421
0.7776315789473685
0.8730263157894737
0.825
0.6934210526315789
0.8631578947368421
0.837171052631579
0.7944078947368421
0.8493421052631579
0.7894736842105263
0.8904605263157894
0.9115131578947369
0.8736842105263158
0.8325657894736842
0.9217105263157894
0.8865131578947368
0.8226973684210527
0.8888157894736842
0.850328947368421
0.7661184210526316
0.8335526315789473
0.7898026315789474
0.7210526315789474
0.7700657894736842
0.7292763157894737
0.8575657894736842
0.7269736842105263
0.8789473684210526
0.4457236842105263
0.7868421052631579
0.8868421052631579
0.9476973684210527
0.9802631578947368
0.7947368421052632
0.8305921052631579
0.8927631578947368
0.9148026315789474
0.7799342105263158
0.9036184210526316
0.8970394736842106
0.7782894736842105
0.7236842105263158
0.8680921052631579
0.8677631578947368
0.9223684210526316
0.8473684210526315
0.9424342105263158
0.9282894736842106
0.8480263157894737
0.90625
0.8569078947368421
0.7868421052631579
0.7016447368421053
0.6263157894736842
0.8493421052631579
0.9529605263157894
0.8565789473684211
0.9523026315789473
0.8177631578947369
0.8391447368421052
0.8993421052631579
0.8585526315789473
0.8601973684210527
0.8098684210526316
0.8621710526315789
0.7700657894736842
0.9453947368421053
0.8157894736842105
0.7858552631578948
0.8361842105263158
0.8871710526315789
0.8598684210526316
0.8671052631578947
0.8213815789473684
0.7585526315789474
0.8036184210526316
0.8947368421052632
0.85625
0.9730263157894737
0.9009868421052631
0.8302631578947368
0.8523026315789474
0.8710526315789474
0.8348684210526316
0.8986842105263158
0.8736842105263158
0.9325657894736842
0.8424342105263158
0.8976973684210526
0.8368421052631579
0.7782894736842105
0.8796052631578948
0.7657894736842106
0.9164473684210527
0.9042763157894737
0.9381578947368421
0.8809210526315789
0.86875
0.73125
0.8473684210526315
0.8151315789473684
0.8848684210526315
0.9375
0.8414473684210526
0.8305921052631579
0.8092105263157895
0.8730263157894737
0.8720394736842105
0.8907894736842106
0.9118421052631579
0.9032894736842105
0.8641447368421052
0.7825657894736842
0.9177631578947368
0.8730263157894737
0.8460526315789474
0.8115131578947369
0.8009868421052632
0.8677631578947368
0.8661184210526316
0.680921052631579
0.8470394736842105
0.8519736842105263
0.7822368421052631
0.8858552631578948
0.7273026315789474
0.7776315789473685
0.7858552631578948
0.9299342105263158
0.8194078947368421
0.7970394736842106
0.7032894736842106
0.7424342105263158
0.8042763157894737
0.8592105263157894
0.8513157894736842
0.899671052631579
0.743421052631579
0.8555921052631579
0.7822368421052631
0.7
0.787828947368421
0.7802631578947369
0.8523026315789474
0.8322368421052632
0.9055921052631579
0.8638157894736842
0.8891447368421053
0.8171052631578948
0.8332236842105263
0.7450657894736842
0.7835526315789474
0.8490131578947369
0.9161184210526315
0.8680921052631579
0.8717105263157895
0.8457236842105263
0.8407894736842105
0.7384868421052632
0.8927631578947368
0.8848684210526315
0.8016447368421052
0.937171052631579
0.9072368421052631
0.8720394736842105
0.9345394736842105
0.7654605263157894
0.9105263157894737
0.7671052631578947
0.6796052631578947
0.9131578947368421
0.8549342105263158
0.8401315789473685
0.7631578947368421
0.9325657894736842
0.6944078947368421
0.8582236842105263
0.8509868421052632
0.9174342105263158
0.8148026315789474
0.7032894736842106
0.8470394736842105
0.7210526315789474
0.9108552631578948
0.73125
0.8519736842105263
0.9273026315789473
0.8470394736842105
0.7105263157894737
0.7509868421052631
0.7690789473684211
0.7486842105263158
0.9052631578947369
0.8246710526315789
0.9644736842105263
0.7924342105263158
0.9069078947368421
0.9664473684210526
0.8611842105263158
0.9348684210526316
0.8743421052631579
0.8898026315789473
0.812171052631579
0.8125
0.8953947368421052
0.8917763157894737
0.8825657894736842
0.7470394736842105
0.9138157894736842
0.7539473684210526
0.812171052631579
0.9292763157894737
0.9516447368421053
0.8476973684210526
0.8138157894736842
0.8105263157894737
0.88125
0.75625
0.9259868421052632
0.8296052631578947
0.9253289473684211
0.8
0.9381578947368421
0.9029605263157895
0.8878289473684211
0.7782894736842105
0.9578947368421052
0.8335526315789473
0.8444078947368421
0.65625
0.7569078947368421
0.8914473684210527
0.7559210526315789
0.7592105263157894
0.7615131578947368
0.850328947368421
0.9592105263157895
0.8493421052631579
0.8072368421052631
0.8756578947368421
0.8835526315789474
0.8453947368421053
0.8694078947368421
0.8901315789473684
0.8651315789473685
0.7213815789473684
0.8901315789473684
0.8319078947368421
0.8565789473684211
0.9513157894736842
0.7328947368421053
0.8263157894736842
0.9289473684210526
0.7694078947368421
0.9253289473684211
0.8263157894736842
0.7223684210526315
0.8009868421052632
0.8167763157894737
0.8148026315789474
0.7223684210526315
0.8960526315789473
0.749671052631579
0.7177631578947369
0.7167763157894737
0.4220394736842105
0.8628289473684211
0.8802631578947369
0.7470394736842105
0.9092105263157895
0.8976973684210526
0.9072368421052631
0.7773026315789474
0.9046052631578947
0.8134868421052631
0.819078947368421
0.6108552631578947
0.7805921052631579
0.8286184210526316
0.9082236842105263
0.9026315789473685
0.7069078947368421
0.7944078947368421
0.8598684210526316
0.8003289473684211
0.9121710526315789
0.7773026315789474
0.8628289473684211
0.9430921052631579
0.6858552631578947
0.756578947368421
0.8917763157894737
0.8338815789473685
0.7740131578947368
0.8263157894736842
0.8802631578947369
0.9233552631578947
0.6621710526315789
0.7894736842105263
0.7759868421052631
0.8019736842105263
0.9608552631578947
0.8273026315789473
0.8970394736842106
0.9055921052631579
0.8088815789473685
0.9220394736842106
0.7595394736842105
0.944078947368421
0.7730263157894737
0.7305921052631579
0.9184210526315789
0.9430921052631579
0.8598684210526316
0.7483552631578947
0.9532894736842106
0.7786184210526316
0.9246710526315789
0.7476973684210526
0.7861842105263158
0.81875
0.8401315789473685
0.7578947368421053
0.9082236842105263
0.7430921052631579
0.8555921052631579
0.8740131578947369
0.8473684210526315
0.9006578947368421
0.7858552631578948
0.7947368421052632
0.9049342105263158
0.7555921052631579
0.7894736842105263
0.8710526315789474
0.6605263157894737
0.844078947368421
0.8355263157894737
0.8697368421052631
0.7256578947368421
0.6546052631578947
0.8447368421052631
0.8634868421052632
0.7871710526315789
0.8648026315789473
0.9144736842105263
0.875328947368421
0.8052631578947368
0.9233552631578947
0.8154605263157895
0.7440789473684211
0.9197368421052632
0.8779605263157895
0.8141447368421053
0.8292763157894737
0.7835526315789474
0.8411184210526316
0.8674342105263158
0.8401315789473685
0.8407894736842105
0.9006578947368421
0.8069078947368421
0.7279605263157894
0.8983552631578947
0.8210526315789474
0.906578947368421
0.9210526315789473
0.8085526315789474
0.8480263157894737
0.805921052631579
0.7894736842105263
0.7427631578947368
0.8953947368421052
0.7611842105263158
0.8483552631578948
0.8970394736842106
0.875328947368421
0.9055921052631579
0.7963815789473684
0.8342105263157895
0.9404605263157895
0.7509868421052631
0.905921052631579
0.6815789473684211
0.8631578947368421
0.9164473684210527
0.9305921052631579
0.8006578947368421
0.8078947368421052
0.7421052631578947
0.9098684210526315
0.7421052631578947
0.9171052631578948
0.718421052631579
0.8131578947368421
0.7611842105263158
0.8618421052631579
0.8164473684210526
0.8878289473684211
0.5917763157894737
0.7671052631578947
0.7470394736842105
0.9351973684210526
0.7674342105263158
0.8220394736842105
0.8184210526315789
0.8101973684210526
0.8763157894736842
0.7684210526315789
0.9197368421052632
0.7115131578947368
0.7743421052631579
0.8404605263157895
0.7726973684210526
0.8177631578947369
0.875328947368421
0.9230263157894737
0.80625
0.8171052631578948
0.8322368421052632
0.850328947368421
0.756578947368421
0.9381578947368421
0.8046052631578947
0.899671052631579
0.7450657894736842
0.9319078947368421
0.8236842105263158
0.8174342105263158
0.9075657894736842
0.7730263157894737
0.79375
0.7838815789473684
0.9115131578947369
0.7713815789473685
0.9473684210526315
0.6875
0.9069078947368421
0.8391447368421052
0.8861842105263158
0.9654605263157895
0.9302631578947368
0.8368421052631579
0.7753289473684211
0.7953947368421053
0.7457236842105263
0.7947368421052632
0.95
0.45822368421052634
0.8523026315789474
0.6480263157894737
0.8782894736842105
0.9118421052631579
0.8328947368421052
0.8680921052631579
0.7743421052631579
0.8960526315789473
0.8970394736842106
0.8286184210526316
0.775
0.9220394736842106
0.7927631578947368
0.85
0.7993421052631579
0.874671052631579
0.7332236842105263
0.6546052631578947
0.9085526315789474
0.7894736842105263
0.749671052631579
0.7049342105263158
0.8891447368421053
0.825
0.8391447368421052
0.8273026315789473
0.8914473684210527
0.8944078947368421
0.8559210526315789
0.9611842105263158
0.8345394736842106
0.844078947368421
0.8519736842105263
0.9319078947368421
0.7523026315789474
0.8065789473684211
0.8381578947368421
0.8075657894736842
0.8467105263157895
0.8036184210526316
0.8315789473684211
0.8151315789473684
0.8519736842105263
0.8546052631578948
0.8638157894736842
0.8559210526315789
0.8802631578947369
0.8082236842105263
0.8473684210526315
0.8519736842105263
0.7555921052631579
0.725
0.8523026315789474
0.8299342105263158
0.1736842105263158
0.8661184210526316
0.8217105263157894
0.8588815789473684
0.7838815789473684
0.8634868421052632
0.7914473684210527
0.7601973684210527
0.5598684210526316
0.8835526315789474
0.8368421052631579
0.7282894736842105
0.8713815789473685
0.6536184210526316
0.8878289473684211
0.8203947368421053
0.8315789473684211
0.8710526315789474
0.8381578947368421
0.9111842105263158
0.8944078947368421
0.8302631578947368
0.9523026315789473
0.8279605263157894
0.8335526315789473
0.8611842105263158
0.8384868421052631
0.9108552631578948
0.8819078947368421
0.7970394736842106
0.8539473684210527
0.7305921052631579
0.8309210526315789
0.4440789473684211
0.8006578947368421
0.8700657894736842
0.8776315789473684
0.7898026315789474
0.8263157894736842
0.7404605263157895
0.7730263157894737
0.8993421052631579
0.7865131578947369
0.8384868421052631
0.9223684210526316
0.7513157894736842
0.7865131578947369
0.9302631578947368
0.8842105263157894
0.743421052631579
0.9016447368421052
0.9388157894736842
0.8085526315789474
0.7125
0.7009868421052632
0.9286184210526316
0.906578947368421
0.8953947368421052
0.79375
0.8401315789473685
0.9115131578947369
0.6894736842105263
0.7898026315789474
0.8901315789473684
0.8286184210526316
0.8529605263157894
0.7713815789473685
0.7555921052631579
0.9651315789473685
0.8957236842105263
0.937828947368421
0.9046052631578947
0.8763157894736842
0.8858552631578948
0.8865131578947368
0.8009868421052632
0.8796052631578948
0.8743421052631579
0.8638157894736842
0.7986842105263158
0.8210526315789474
0.8361842105263158
0.6509868421052631
0.8351973684210526
0.4161184210526316
0.9141447368421053
0.8848684210526315
0.8723684210526316
0.8526315789473684
0.6414473684210527
0.14210526315789473
0.7526315789473684
0.7042763157894737
0.8256578947368421
0.969078947368421
0.85
0.8013157894736842
0.9273026315789473
0.8759868421052631
0.8805921052631579
0.8220394736842105
0.9559210526315789
0.9625
0.8309210526315789
0.8638157894736842
0.8325657894736842
0.7424342105263158
0.8743421052631579
0.7618421052631579
0.8032894736842106
0.875
0.9105263157894737
0.8611842105263158
0.844078947368421
0.7914473684210527
0.9542763157894737
0.7605263157894737
0.8549342105263158
0.7819078947368421
0.8398026315789474
0.8970394736842106
0.93125
0.8111842105263158
0.7680921052631579
0.8559210526315789
0.8230263157894737
0.8773026315789474
0.7575657894736842
0.8375
0.7677631578947368
0.7378289473684211
0.9319078947368421
0.7273026315789474
0.7904605263157894
0.7546052631578948
0.8697368421052631
0.9736842105263158
0.7848684210526315
0.8444078947368421
0.9411184210526315
0.8546052631578948
0.7674342105263158
0.84375
0.9703947368421053
0.7776315789473685
0.8835526315789474
0.8414473684210526
0.8259868421052632
0.8065789473684211
0.8016447368421052
0.8588815789473684
0.8526315789473684
0.8697368421052631
0.7457236842105263
0.9595394736842106
0.8842105263157894
0.725328947368421
0.7470394736842105
0.8601973684210527
0.7194078947368421
0.9246710526315789
0.8973684210526316
0.8138157894736842
0.7756578947368421
0.7967105263157894
0.9013157894736842
0.7723684210526316
0.8565789473684211
0.7042763157894737
0.7463815789473685
0.9157894736842105
0.8763157894736842
0.8338815789473685
0.8924342105263158
0.8615131578947368
0.7805921052631579
0.899671052631579
0.9013157894736842
0.9180921052631579
0.8496710526315789
0.48651315789473687
0.7180921052631579
0.7638157894736842
0.8338815789473685
0.6207236842105263
0.8157894736842105
0.8447368421052631
0.8299342105263158
0.9046052631578947
0.8585526315789473
0.7013157894736842
0.8098684210526316
0.7828947368421053
0.8532894736842105
0.7631578947368421
0.9230263157894737
0.837171052631579
0.8361842105263158
0.6453947368421052
0.8904605263157894
0.8720394736842105
0.8013157894736842
0.7914473684210527
0.8328947368421052
0.8233552631578948
0.7957236842105263
0.7861842105263158
0.8125
0.86875
0.8967105263157895
0.8263157894736842
0.8019736842105263
0.8404605263157895
0.780921052631579
0.9032894736842105
0.8934210526315789
0.8493421052631579
0.780921052631579
0.85
0.7621710526315789
0.8917763157894737
0.8259868421052632
0.9355263157894737
0.8315789473684211
0.8003289473684211
0.912828947368421
0.7088815789473685
0.8875
0.8766447368421053
0.8217105263157894
0.8332236842105263
0.9256578947368421
0.8615131578947368
0.8279605263157894
0.7651315789473684
0.7467105263157895
0.7927631578947368
0.874671052631579
0.8381578947368421
0.7246710526315789
0.8253289473684211
0.8266447368421053
0.7957236842105263
0.8588815789473684
0.8884868421052632
0.8578947368421053
0.9023026315789474
0.8348684210526316
0.8111842105263158
0.9404605263157895
0.6697368421052632
0.7108552631578947
0.7953947368421053
0.8233552631578948
0.8509868421052632
0.9046052631578947
0.8019736842105263
0.9763157894736842
0.7457236842105263
0.7575657894736842
0.9115131578947369
0.8759868421052631
0.7615131578947368
0.8789473684210526
0.8233552631578948
0.8421052631578947
0.9138157894736842
0.7832236842105263
0.8539473684210527
0.7618421052631579
0.7315789473684211
0.8930921052631579
0.925
0.8348684210526316
0.8536184210526315
0.8756578947368421
0.8259868421052632
0.843421052631579
0.7615131578947368
0.8328947368421052
0.7944078947368421
0.7210526315789474
0.8154605263157895
0.7523026315789474
0.8723684210526316
0.8210526315789474
0.86875
0.7993421052631579
0.7049342105263158
0.8786184210526315
0.8427631578947369
0.749671052631579
0.8871710526315789
0.7638157894736842
0.8398026315789474
0.7773026315789474
0.9601973684210526
0.7927631578947368
0.9233552631578947
0.8075657894736842
0.8453947368421053
0.8161184210526315
0.8690789473684211
0.7960526315789473
0.8483552631578948
0.7582236842105263
0.9243421052631579
0.9618421052631579
0.9013157894736842
0.6815789473684211
0.8641447368421052
0.7710526315789473
0.8914473684210527
0.937171052631579
0.83125
0.9348684210526316
0.8473684210526315
0.7398026315789473
0.912828947368421
0.9078947368421053
0.7832236842105263
0.8246710526315789
0.8805921052631579
0.7914473684210527
0.8921052631578947
0.8674342105263158
0.8509868421052632
0.8282894736842106
0.8618421052631579
0.7957236842105263
0.8085526315789474
0.8088815789473685
0.9256578947368421
0.8664473684210526
0.8986842105263158
0.9542763157894737
0.8990131578947368
0.780921052631579
0.8473684210526315
0.9217105263157894
0.837171052631579
0.8098684210526316
0.8473684210526315
0.7759868421052631
0.7967105263157894
0.9197368421052632
0.9167763157894737
0.9338815789473685
0.9424342105263158
0.9223684210526316
0.9259868421052632
0.9049342105263158
0.7789473684210526
0.8203947368421053
0.8210526315789474
0.94375
0.7174342105263158
0.8322368421052632
0.8358552631578947
0.7950657894736842
0.8713815789473685
0.8388157894736842
0.7444078947368421
0.9256578947368421
0.8134868421052631
0.7680921052631579
0.8828947368421053
0.875328947368421
0.9042763157894737
0.6921052631578948
0.9286184210526316
0.8809210526315789
0.9361842105263158
0.819078947368421
0.8483552631578948
0.9151315789473684
0.8217105263157894
0.34967105263157894
0.8585526315789473
0.7125
0.8253289473684211
0.7898026315789474
0.7901315789473684
0.8052631578947368
0.7167763157894737
0.8177631578947369
0.8871710526315789
0.8950657894736842
0.6782894736842106
0.8082236842105263
0.8532894736842105
0.8052631578947368
0.7904605263157894
0.8835526315789474
0.8493421052631579
0.7957236842105263
0.812828947368421
0.8269736842105263
0.8398026315789474
0.7625
0.8654605263157895
0.7305921052631579
0.7875
0.7467105263157895
0.8858552631578948
0.78125
0.9213815789473684
0.8125
0.8960526315789473
0.9049342105263158
0.8585526315789473
0.9700657894736842
0.8713815789473685
0.825
0.8578947368421053
0.8694078947368421
0.8213815789473684
0.9108552631578948
0.8697368421052631
0.8651315789473685
0.9223684210526316
0.7888157894736842
0.6746710526315789
0.8276315789473684
0.8026315789473685
0.7032894736842106
0.8740131578947369
0.8638157894736842
0.8338815789473685
0.8398026315789474
0.7773026315789474
0.8924342105263158
0.8930921052631579
0.819078947368421
0.8648026315789473
0.7351973684210527
0.8088815789473685
0.8151315789473684
0.9236842105263158
0.8226973684210527
0.8523026315789474
0.7736842105263158
0.8710526315789474
0.7654605263157894
0.9164473684210527
0.8825657894736842
0.9305921052631579
0.8342105263157895
0.8282894736842106
0.8690789473684211
0.9026315789473685
0.7667763157894737
0.8976973684210526
0.8805921052631579
0.8029605263157895
0.9388157894736842
0.7289473684210527
0.8539473684210527
0.8805921052631579
0.8108552631578947
0.8990131578947368
0.9039473684210526
0.8098684210526316
0.8476973684210526
0.8335526315789473
0.8016447368421052
0.9092105263157895
0.8700657894736842
0.8506578947368421
0.9605263157894737
0.8549342105263158
0.7799342105263158
0.8309210526315789
0.7848684210526315
0.8223684210526315
0.8240131578947368
0.8638157894736842
0.7986842105263158
0.7875
0.7421052631578947
0.8180921052631579
0.8055921052631579
0.8539473684210527
0.8976973684210526
0.8605263157894737
0.8657894736842106
0.86875
0.7138157894736842
0.9078947368421053
0.8351973684210526
0.7667763157894737
0.750328947368421
0.8082236842105263
0.7796052631578947
0.8970394736842106
0.9111842105263158
0.9026315789473685
0.9276315789473685
0.7598684210526315
0.8917763157894737
0.7513157894736842
0.781578947368421
0.7414473684210526
0.8069078947368421
0.7805921052631579
0.9700657894736842
0.8388157894736842
0.9111842105263158
0.8026315789473685
0.7677631578947368
0.7967105263157894
0.9631578947368421
0.8065789473684211
0.9851973684210527
0.9078947368421053
0.8565789473684211
0.7338815789473684
0.7286184210526315
0.8552631578947368
0.8957236842105263
0.7703947368421052
0.9664473684210526
0.9148026315789474
0.7483552631578947
0.9092105263157895
0.9016447368421052
0.7595394736842105
0.9661184210526316
0.88125
0.8641447368421052
0.7151315789473685
0.7858552631578948
0.7615131578947368
0.8921052631578947
0.8782894736842105
0.93125
0.7611842105263158
0.719078947368421
0.7950657894736842
0.8023026315789473
0.8934210526315789
0.7940789473684211
0.76875
0.8934210526315789
0.6207236842105263
0.8427631578947369
0.8098684210526316
0.6953947368421053
0.8460526315789474
0.8917763157894737
0.85
0.9019736842105263
0.8427631578947369
0.7934210526315789
0.8559210526315789
0.8101973684210526
0.9598684210526316
0.8180921052631579
0.8592105263157894
0.9286184210526316
0.8358552631578947
0.9042763157894737
0.7128289473684211
0.8565789473684211
0.8667763157894737
0.7532894736842105
0.8046052631578947
0.9674342105263158
0.8819078947368421
0.8069078947368421
0.3792763157894737
0.868421052631579
0.9552631578947368
0.8967105263157895
0.7740131578947368
0.8809210526315789
0.8707236842105263
0.8424342105263158
0.7881578947368421
0.8944078947368421
0.7585526315789474
0.9473684210526315
0.85625
0.8101973684210526
0.9223684210526316
0.8108552631578947
0.8582236842105263
0.8858552631578948
0.89375
0.8763157894736842
0.7927631578947368
0.7552631578947369
0.5151315789473684
0.8246710526315789
0.9368421052631579
0.825
0.7848684210526315
0.7098684210526316
0.8509868421052632
0.7023026315789473
0.9210526315789473
0.7519736842105263
0.8328947368421052
0.8641447368421052
0.749671052631579
0.8296052631578947
0.7947368421052632
0.8552631578947368
0.8460526315789474
0.8848684210526315
0.9496710526315789
0.7414473684210526
0.8927631578947368
0.8486842105263158
0.7023026315789473
0.7384868421052632
0.7325657894736842
0.9305921052631579
0.8990131578947368
0.9305921052631579
0.8779605263157895
0.6967105263157894
0.9256578947368421
0.8940789473684211
0.8036184210526316
0.7095394736842106
0.8131578947368421
0.8085526315789474
0.9121710526315789
0.8276315789473684
0.9167763157894737
0.8891447368421053
0.7572368421052632
0.9184210526315789
0.905921052631579
0.8243421052631579
0.8233552631578948
0.8345394736842106
0.6717105263157894
0.8631578947368421
0.7592105263157894
0.8052631578947368
0.7450657894736842
0.8401315789473685
0.7845394736842105
0.7957236842105263
0.7315789473684211
0.5973684210526315
0.812828947368421
0.8470394736842105
0.7055921052631579
0.9266447368421052
0.8174342105263158
0.7345394736842106
0.8457236842105263
0.9213815789473684
0.7049342105263158
0.8944078947368421
0.7523026315789474
0.8901315789473684
0.9072368421052631
0.8588815789473684
0.7236842105263158
0.8779605263157895
0.9121710526315789
0.8559210526315789
0.8641447368421052
0.7628289473684211
0.8450657894736842
0.9569078947368421
0.8450657894736842
0.7394736842105263
0.8335526315789473
0.7713815789473685
0.8480263157894737
0.43355263157894736
0.9115131578947369
0.8796052631578948
0.8282894736842106
0.8848684210526315
0.8730263157894737
0.9006578947368421
0.9167763157894737
0.8851973684210527
0.9134868421052632
0.8779605263157895
0.7763157894736842
0.875328947368421
0.8213815789473684
0.9226973684210527
0.7789473684210526
0.8598684210526316
0.9118421052631579
0.7552631578947369
0.8141447368421053
0.8759868421052631
0.7368421052631579
0.8828947368421053
0.8726973684210526
0.8414473684210526
0.7588815789473684
0.8657894736842106
0.7848684210526315
0.9194078947368421
0.812828947368421
0.8388157894736842
0.8763157894736842
0.8263157894736842
0.8460526315789474
0.7401315789473685
0.875
0.8723684210526316
0.7559210526315789
0.9207236842105263
0.8019736842105263
0.7976973684210527
0.8927631578947368
0.8980263157894737
0.7069078947368421
0.7766447368421052
0.8055921052631579
0.9391447368421053
0.8049342105263158
0.7378289473684211
0.7375
0.8075657894736842
0.8845394736842105
0.9289473684210526
0.8569078947368421
0.9733552631578948
0.8907894736842106
0.905921052631579
0.844078947368421
0.7342105263157894
0.8904605263157894
0.8802631578947369
0.812171052631579
0.7720394736842106
0.8282894736842106
0.9213815789473684
0.8473684210526315
0.9203947368421053
0.9694078947368421
0.725
0.7490131578947369
0.8927631578947368
0.8717105263157895
0.7888157894736842
0.7861842105263158
0.7026315789473684
0.8085526315789474
0.8164473684210526
0.8960526315789473
0.8217105263157894
0.7371710526315789
0.7552631578947369
0.8197368421052632
0.7473684210526316
0.8065789473684211
0.89375
0.7598684210526315
0.89375
0.8723684210526316
0.5355263157894737
0.9009868421052631
0.8483552631578948
0.6799342105263158
0.930921052631579
0.8601973684210527
0.781578947368421
0.25953947368421054
0.9473684210526315
0.8098684210526316
0.7786184210526316
0.7838815789473684
0.8463815789473684
0.8700657894736842
0.9072368421052631
0.780921052631579
0.8552631578947368
0.7236842105263158
0.7036184210526316
0.9266447368421052
0.9075657894736842
0.7917763157894737
0.7953947368421053
0.8098684210526316
0.7730263157894737
0.9174342105263158
0.7575657894736842
0.8921052631578947
0.875328947368421
0.9105263157894737
0.95625
0.8332236842105263
0.7615131578947368
0.8789473684210526
0.7601973684210527
0.8664473684210526
0.6585526315789474
0.7220394736842105
0.7582236842105263
0.9013157894736842
0.8615131578947368
0.7713815789473685
0.9447368421052632
0.8730263157894737
0.9118421052631579
0.90625
0.9190789473684211
0.8973684210526316
0.8944078947368421
0.9121710526315789
0.9513157894736842
0.8450657894736842
0.9335526315789474
0.7871710526315789
0.8703947368421052
0.7680921052631579
0.7368421052631579
0.8743421052631579
0.9384868421052631
0.8457236842105263
0.7555921052631579
0.8907894736842106
0.9338815789473685
0.7240131578947369
0.9305921052631579
0.8993421052631579
0.7259868421052632
0.9016447368421052
0.7009868421052632
0.8513157894736842
0.8953947368421052
0.8947368421052632
0.7700657894736842
0.8207236842105263
0.7217105263157895
0.6194078947368421
0.8743421052631579
0.9322368421052631
0.8509868421052632
0.8092105263157895
0.8967105263157895
0.8845394736842105
0.7009868421052632
0.8483552631578948
0.8980263157894737
0.6664473684210527
0.8141447368421053
0.9628289473684211
0.9082236842105263
0.8736842105263158
0.8733552631578947
0.8246710526315789
0.9523026315789473
0.7776315789473685
0.8141447368421053
0.7796052631578947
0.7180921052631579
0.8516447368421053
0.7375
0.7296052631578948
0.8368421052631579
0.7361842105263158
0.8111842105263158
0.7904605263157894
0.8674342105263158
0.9555921052631579
0.9549342105263158
0.7559210526315789
0.7835526315789474
0.8921052631578947
0.8256578947368421
0.8717105263157895
0.8003289473684211
0.9506578947368421
0.8963815789473685
0.8917763157894737
0.8207236842105263
0.8470394736842105
0.9388157894736842
0.775
0.7644736842105263
0.8585526315789473
0.9398026315789474
0.7506578947368421
0.7595394736842105
0.8878289473684211
0.8269736842105263
0.7967105263157894
0.8875
0.8644736842105263
0.8046052631578947
0.80625
0.6549342105263158
0.8351973684210526
0.7848684210526315
0.9180921052631579
0.7585526315789474
0.8532894736842105
0.7134868421052631
0.7802631578947369
0.8730263157894737
0.9046052631578947
0.819078947368421
0.8447368421052631
0.8884868421052632
0.7055921052631579
0.9013157894736842
0.9276315789473685
0.81875
0.7588815789473684
0.7970394736842106
0.9042763157894737
0.8157894736842105
0.837171052631579
0.7078947368421052
0.9259868421052632
0.8736842105263158
0.8210526315789474
0.875328947368421
0.7315789473684211
0.88125
0.7417763157894737
0.8351973684210526
0.7194078947368421
0.7930921052631579
0.7805921052631579
0.7960526315789473
0.8430921052631579
0.8707236842105263
0.7911184210526315
0.8506578947368421
0.8279605263157894
0.8621710526315789
0.8766447368421053
0.8976973684210526
0.88125
0.9717105263157895
0.9273026315789473
0.7476973684210526
0.7575657894736842
0.8355263157894737
0.8621710526315789
0.9055921052631579
0.7851973684210526
0.8921052631578947
0.8180921052631579
0.8539473684210527
0.7976973684210527
0.8421052631578947
0.850328947368421
0.75
0.8542763157894737
0.8914473684210527
0.875
0.8141447368421053
0.7990131578947368
0.8125
0.8690789473684211
0.7796052631578947
0.8763157894736842
0.8700657894736842
0.9325657894736842
0.8194078947368421
0.7559210526315789
0.7391447368421052
0.8289473684210527
0.9519736842105263
0.9019736842105263
0.8898026315789473
0.7763157894736842
0.9539473684210527
0.9217105263157894
0.9365131578947369
0.8203947368421053
0.6651315789473684
0.7911184210526315
0.9322368421052631
0.7934210526315789
0.712171052631579
0.8552631578947368
0.837171052631579
0.8608552631578947
0.8542763157894737
0.8457236842105263
0.6835526315789474
0.6542763157894737
0.9151315789473684
0.8713815789473685
0.8930921052631579
0.7782894736842105
0.8664473684210526
0.7828947368421053
0.7128289473684211
0.8598684210526316
0.7822368421052631
0.9463815789473684
0.7200657894736842
0.7490131578947369
0.8453947368421053
0.7621710526315789
0.7276315789473684
0.7391447368421052
0.9736842105263158
0.8651315789473685
0.7891447368421053
0.8680921052631579
0.85
0.899671052631579
0.8651315789473685
0.8398026315789474
0.8279605263157894
0.8526315789473684
0.8328947368421052
0.8236842105263158
0.8411184210526316
0.7013157894736842
0.7286184210526315
0.8157894736842105
0.7523026315789474
0.8470394736842105
0.3325657894736842
0.8572368421052632
0.8299342105263158
0.7151315789473685
0.7740131578947368
0.6756578947368421
0.8424342105263158
0.9243421052631579
0.8381578947368421
0.656578947368421
0.8861842105263158
0.79375
0.8555921052631579
0.7723684210526316
0.8901315789473684
0.9532894736842106
0.8016447368421052
0.8069078947368421
0.9003289473684211
0.8934210526315789
0.9542763157894737
0.7348684210526316
0.8184210526315789
0.7292763157894737
0.930921052631579
0.8476973684210526
0.9904605263157895
0.8865131578947368
0.9361842105263158
0.9207236842105263
0.9240131578947368
0.8536184210526315
0.725
0.718421052631579
0.8322368421052632
0.6375
0.6976973684210527
0.9009868421052631
0.8486842105263158
0.9095394736842105
0.8782894736842105
0.875328947368421
0.9171052631578948
0.8835526315789474
0.8720394736842105
0.94375
0.8207236842105263
0.8730263157894737
0.8394736842105263
0.9046052631578947
0.8990131578947368
0.8427631578947369
0.8388157894736842
0.9167763157894737
0.6976973684210527
0.9190789473684211
0.8713815789473685
0.9315789473684211
0.7694078947368421
0.9332236842105263
0.8825657894736842
0.8184210526315789
0.5756578947368421
0.712171052631579
0.7009868421052632
0.937171052631579
0.8519736842105263
0.7710526315789473
0.80625
0.7115131578947368
0.8322368421052632
0.9644736842105263
0.7993421052631579
0.8694078947368421
0.8207236842105263
0.8513157894736842
0.8069078947368421
0.8134868421052631
0.8552631578947368
0.9641447368421052
0.8098684210526316
0.8421052631578947
0.7957236842105263
0.8664473684210526
0.8427631578947369
0.8611842105263158
0.8730263157894737
0.8763157894736842
0.8917763157894737
0.8585526315789473
0.774671052631579
0.6842105263157895
0.8161184210526315
0.8213815789473684
0.7894736842105263
0.7680921052631579
0.80625
0.8940789473684211
0.70625
0.9003289473684211
0.9049342105263158
0.7167763157894737
0.9026315789473685
0.8967105263157895
0.6828947368421052
0.9411184210526315
0.7236842105263158
0.7292763157894737
0.8713815789473685
0.8736842105263158
0.8101973684210526
0.781578947368421
0.4842105263157895
0.8009868421052632
0.8105263157894737
0.9217105263157894
0.7720394736842106
0.8319078947368421
0.6259868421052631
0.7832236842105263
0.8009868421052632
0.7457236842105263
0.9197368421052632
0.8934210526315789
0.9253289473684211
0.8848684210526315
0.781578947368421
0.8233552631578948
0.8259868421052632
0.8506578947368421
0.6743421052631579
0.9276315789473685
0.8805921052631579
0.7947368421052632
0.8819078947368421
0.9213815789473684
0.9148026315789474
0.8388157894736842
0.9108552631578948
0.8519736842105263
0.7473684210526316
0.718421052631579
0.8759868421052631
0.44671052631578945
0.875
0.8799342105263158
0.9592105263157895
0.8177631578947369
0.6546052631578947
0.7796052631578947
0.7269736842105263
0.6832236842105263
0.8802631578947369
0.9486842105263158
0.8930921052631579
0.7983552631578947
0.8292763157894737
0.9575657894736842
0.8009868421052632
0.9305921052631579
0.7944078947368421
0.9095394736842105
0.8634868421052632
0.7963815789473684
0.7348684210526316
0.8631578947368421
0.8486842105263158
0.9108552631578948
0.8947368421052632
0.83125
0.7598684210526315
0.7161184210526316
0.7141447368421052
0.8375
0.7953947368421053
0.8088815789473685
0.73125
0.7424342105263158
0.7861842105263158
0.8664473684210526
0.8575657894736842
0.8523026315789474
0.9447368421052632
0.8654605263157895
0.7592105263157894
0.8947368421052632
0.7108552631578947
0.8914473684210527
0.7838815789473684
0.7963815789473684
0.8703947368421052
0.8072368421052631
0.7628289473684211
0.8259868421052632
0.8404605263157895
0.5338815789473684
0.8924342105263158
0.8180921052631579
0.9032894736842105
0.8963815789473685
0.7835526315789474
0.9197368421052632
0.8914473684210527
0.8467105263157895
0.7713815789473685
0.9003289473684211
0.8473684210526315
0.8473684210526315
0.8828947368421053
0.8674342105263158
0.8424342105263158
0.7851973684210526
0.8802631578947369
0.8157894736842105
0.69375
0.9516447368421053
0.9197368421052632
0.725328947368421
0.7769736842105263
0.8480263157894737
0.8131578947368421
0.8822368421052632
0.9194078947368421
0.7325657894736842
0.7835526315789474
0.8575657894736842
0.7927631578947368
0.9411184210526315
0.9259868421052632
0.9302631578947368
0.9427631578947369
0.7769736842105263
0.7407894736842106
0.8542763157894737
0.7430921052631579
0.9335526315789474
0.8509868421052632
0.8253289473684211
0.8088815789473685
0.8319078947368421
0.8819078947368421
0.8164473684210526
0.8361842105263158
0.9559210526315789
0.7375
0.80625
0.9253289473684211
0.781578947368421
0.7075657894736842
0.8519736842105263
0.8358552631578947
0.8210526315789474
0.7753289473684211
0.8756578947368421
0.7430921052631579
0.9424342105263158
0.8542763157894737
0.6381578947368421
0.86875
0.9075657894736842
0.9052631578947369
0.8292763157894737
0.8180921052631579
0.7881578947368421
0.86875
0.7875
0.8851973684210527
0.8519736842105263
0.7648026315789473
0.9095394736842105
0.7802631578947369
0.7092105263157895
0.8720394736842105
0.9335526315789474
0.8924342105263158
0.8555921052631579
0.5944078947368421
0.8052631578947368
0.8838815789473684
0.7493421052631579
0.8233552631578948
0.8335526315789473
0.8667763157894737
0.7486842105263158
0.8523026315789474
0.912828947368421
0.9164473684210527
0.8519736842105263
0.7957236842105263
0.9003289473684211
0.8351973684210526
0.8894736842105263
0.8506578947368421
0.7990131578947368
0.899671052631579
0.7644736842105263
0.76875
0.8486842105263158
0.8348684210526316
0.9549342105263158
0.9338815789473685
0.8401315789473685
0.8572368421052632
0.7858552631578948
0.9486842105263158
0.7065789473684211
0.7476973684210526
0.7180921052631579
0.7838815789473684
0.8809210526315789
0.8973684210526316
0.9003289473684211
0.8273026315789473
0.7042763157894737
0.9167763157894737
0.8052631578947368
0.9148026315789474
0.8328947368421052
0.9157894736842105
0.8842105263157894
0.9101973684210526
0.8506578947368421
0.7161184210526316
0.8848684210526315
0.8325657894736842
0.9092105263157895
0.8707236842105263
0.7927631578947368
0.8167763157894737
0.8927631578947368
0.8960526315789473
0.8828947368421053
0.8046052631578947
0.7453947368421052
0.8019736842105263
0.8953947368421052
0.7960526315789473
0.9292763157894737
0.7786184210526316
0.8394736842105263
0.8276315789473684
0.8345394736842106
0.8960526315789473
0.8154605263157895
0.7786184210526316
0.8516447368421053
0.7085526315789473
0.9273026315789473
0.8378289473684211
0.9296052631578947
0.8569078947368421
0.7914473684210527
0.7782894736842105
0.9549342105263158
0.8411184210526316
0.8082236842105263
0.8194078947368421
0.7315789473684211
0.8407894736842105
0.7421052631578947
0.8720394736842105
0.8095394736842105
0.868421052631579
0.9190789473684211
0.7480263157894737
0.9072368421052631
0.7286184210526315
0.8536184210526315
0.7578947368421053
0.7440789473684211
0.7963815789473684
0.8180921052631579
0.8279605263157894
0.8368421052631579
0.912828947368421
0.8226973684210527
0.8608552631578947
0.8296052631578947
0.8197368421052632
0.912828947368421
0.8348684210526316
0.8398026315789474
0.7875
0.86875
0.8516447368421053
0.8325657894736842
0.8555921052631579
0.7996710526315789
0.8302631578947368
0.7384868421052632
0.91875
0.8875
0.9108552631578948
0.843421052631579
0.6529605263157895
0.837171052631579
0.9526315789473684
0.9611842105263158
0.9319078947368421
0.7634868421052632
0.7842105263157895
0.9342105263157895
0.687828947368421
0.8884868421052632
0.9210526315789473
0.7779605263157895
0.7615131578947368
0.7138157894736842
0.9006578947368421
0.9144736842105263
0.7625
0.774671052631579
0.6884868421052631
0.9092105263157895
0.8907894736842106
0.8756578947368421
0.7657894736842106
0.9582236842105263
0.7476973684210526
0.9490131578947368
0.8460526315789474
0.6851973684210526
0.6888157894736842
0.9161184210526315
0.7930921052631579
0.8888157894736842
0.9671052631578947
0.8871710526315789
0.7730263157894737
0.9069078947368421
0.7845394736842105
0.8940789473684211
0.8832236842105263
0.7401315789473685
0.8802631578947369
0.8569078947368421
0.8029605263157895
0.9269736842105263
0.8842105263157894
0.7769736842105263
0.9069078947368421
0.7490131578947369
0.9256578947368421
0.8154605263157895
0.6055921052631579
0.8786184210526315
0.7901315789473684
0.9026315789473685
0.9121710526315789
0.8286184210526316
0.8414473684210526
0.9631578947368421
0.9891447368421052
0.7148026315789474
0.9292763157894737
0.9039473684210526
0.8430921052631579
0.8348684210526316
0.8513157894736842
0.7684210526315789
0.8375
0.8381578947368421
0.9845394736842106
0.8598684210526316
0.7601973684210527
0.8720394736842105
0.7825657894736842
0.89375
0.8944078947368421
0.8986842105263158
0.7371710526315789
0.9013157894736842
0.9203947368421053
0.9055921052631579
0.5641447368421053
0.8575657894736842
0.8513157894736842
0.8151315789473684
0.8101973684210526
0.9273026315789473
0.8134868421052631
0.825
0.88125
0.9299342105263158
0.9552631578947368
0.8802631578947369
0.8615131578947368
0.7223684210526315
0.9177631578947368
0.868421052631579
0.95
0.8907894736842106
0.8049342105263158
0.8677631578947368
0.8993421052631579
0.6424342105263158
0.9296052631578947
0.8924342105263158
0.8506578947368421
0.9628289473684211
0.9532894736842106
0.8736842105263158
0.7644736842105263
0.7332236842105263
0.9240131578947368
0.9414473684210526
0.9164473684210527
0.8546052631578948
0.9046052631578947
0.8421052631578947
0.9401315789473684
0.9901315789473685
0.9236842105263158
0.9424342105263158
0.9273026315789473
0.9167763157894737
0.8986842105263158
0.8598684210526316
0.9569078947368421
0.7871710526315789
0.712171052631579
0.8542763157894737
0.8907894736842106
0.8911184210526316
0.8457236842105263
0.805921052631579
0.8026315789473685
0.8450657894736842
0.8993421052631579
0.8483552631578948
0.9542763157894737
0.8657894736842106
0.8894736842105263
0.8398026315789474
0.8822368421052632
0.9177631578947368
0.8286184210526316
0.7769736842105263
0.9648026315789474
0.781578947368421
0.9213815789473684
0.6957236842105263
0.7736842105263158
0.7460526315789474
0.8167763157894737
0.8358552631578947
0.9726973684210526
0.8608552631578947
0.7996710526315789
0.7730263157894737
0.9365131578947369
0.9496710526315789
0.8707236842105263
0.9368421052631579
0.7680921052631579
0.8917763157894737
0.9197368421052632
0.8411184210526316
0.8309210526315789
0.7236842105263158
0.7924342105263158
0.7796052631578947
0.8720394736842105
0.8302631578947368
0.8634868421052632
0.7523026315789474
0.8970394736842106
0.7628289473684211
0.7457236842105263
0.7506578947368421
0.8197368421052632
0.8763157894736842
0.8967105263157895
0.8134868421052631
0.7983552631578947
0.8993421052631579
0.8483552631578948
0.7131578947368421
0.5753289473684211
0.7447368421052631
0.8769736842105263
0.7934210526315789
0.8661184210526316
0.7782894736842105
0.8825657894736842
0.8470394736842105
0.7539473684210526
0.6319078947368421
0.76875
0.9016447368421052
0.8888157894736842
0.9266447368421052
0.8608552631578947
0.7088815789473685
0.9026315789473685
0.8404605263157895
0.8940789473684211
0.7572368421052632
0.7421052631578947
0.8207236842105263
0.8486842105263158
0.8220394736842105
0.912828947368421
0.7927631578947368
0.7207236842105263
0.9546052631578947
0.4957236842105263
0.8496710526315789
0.8615131578947368
0.7470394736842105
0.9164473684210527
0.7322368421052632
0.8875
0.7756578947368421
0.7667763157894737
0.8552631578947368
0.8082236842105263
0.8134868421052631
0.8177631578947369
0.81875
0.9026315789473685
0.8592105263157894
0.8625
0.7875
0.7759868421052631
0.85625
0.8611842105263158
0.8134868421052631
0.9075657894736842
0.7174342105263158
0.8194078947368421
0.9023026315789474
0.6763157894736842
0.8914473684210527
0.7532894736842105
0.7980263157894737
0.7944078947368421
0.9108552631578948
0.8565789473684211
0.8493421052631579
0.9039473684210526
0.8279605263157894
0.9019736842105263
0.743421052631579
0.8055921052631579
0.7911184210526315
0.7092105263157895
0.8845394736842105
0.9075657894736842
0.7421052631578947
0.8016447368421052
0.7924342105263158
0.9598684210526316
0.8690789473684211
0.8052631578947368
0.8694078947368421
0.874671052631579
0.9088815789473684
0.8493421052631579
0.8009868421052632
0.8944078947368421
0.7907894736842105
0.8976973684210526
0.9273026315789473
0.7934210526315789
0.9345394736842105
0.743421052631579
0.7848684210526315
0.7351973684210527
0.7684210526315789
0.8858552631578948
0.8424342105263158
0.8180921052631579
0.90625
0.6463815789473685
0.7875
0.8858552631578948
0.6901315789473684
0.79375
0.9282894736842106
0.9401315789473684
0.912828947368421
0.8240131578947368
0.6802631578947368
0.8213815789473684
0.8342105263157895
0.7694078947368421
0.8763157894736842
0.7947368421052632
0.9085526315789474
0.7993421052631579
0.9325657894736842
0.8118421052631579
0.9434210526315789
0.8789473684210526
0.8082236842105263
0.4052631578947368
0.5006578947368421
0.8115131578947369
0.8404605263157895
0.7585526315789474
0.9121710526315789
0.8809210526315789
0.85625
0.8756578947368421
0.8621710526315789
0.8256578947368421
0.7118421052631579
0.7292763157894737
0.8180921052631579
0.8398026315789474
0.7657894736842106
0.7720394736842106
0.9148026315789474
0.8776315789473684
0.8486842105263158
0.8480263157894737
0.8430921052631579
0.8256578947368421
0.8575657894736842
0.8970394736842106
0.8901315789473684
0.8444078947368421
0.6700657894736842
0.9680921052631579
0.8259868421052632
0.8483552631578948
0.7473684210526316
0.8240131578947368
0.8240131578947368
0.9108552631578948
0.8986842105263158
0.8891447368421053
0.906578947368421
0.8348684210526316
0.8236842105263158
0.9220394736842106
0.7407894736842106
0.8319078947368421
0.9509868421052632
0.8223684210526315
0.7088815789473685
0.8105263157894737
0.8618421052631579
0.9226973684210527
0.8447368421052631
0.6796052631578947
0.8927631578947368
0.8
0.9236842105263158
0.8595394736842106
0.719078947368421
0.9513157894736842
0.8513157894736842
0.8621710526315789
0.7532894736842105
0.84375
0.7898026315789474
0.8730263157894737
0.8417763157894737
0.9105263157894737
0.84375
0.8098684210526316
0.8049342105263158
0.8
0.8088815789473685
0.9243421052631579
0.9243421052631579
0.8217105263157894
0.9029605263157895
0.8417763157894737
0.7779605263157895
0.9707236842105263
0.8273026315789473
0.8819078947368421
0.7595394736842105
0.6411184210526316
0.9417763157894737
0.7726973684210526
0.8095394736842105
0.8661184210526316
0.8292763157894737
0.6796052631578947
0.9052631578947369
0.8042763157894737
0.9253289473684211
0.9141447368421053
0.9345394736842105
0.7733552631578947
0.8111842105263158
0.6901315789473684
0.7756578947368421
0.9111842105263158
0.7914473684210527
0.3743421052631579
0.7960526315789473
0.8822368421052632
0.937828947368421
0.8355263157894737
0.8598684210526316
0.9493421052631579
0.7608552631578948
0.8835526315789474
0.9253289473684211
0.8569078947368421
0.7924342105263158
0.9358552631578947
0.7871710526315789
0.8648026315789473
0.7526315789473684
0.5802631578947368
0.850328947368421
0.7605263157894737
0.7986842105263158
0.8450657894736842
0.9036184210526316
0.7782894736842105
0.8105263157894737
0.7141447368421052
0.9013157894736842
0.8105263157894737
0.6111842105263158
0.8529605263157894
0.8055921052631579
0.7845394736842105
0.8417763157894737
0.7638157894736842
0.9342105263157895
0.8970394736842106
0.8726973684210526
0.9115131578947369
0.7921052631578948
0.7861842105263158
0.8588815789473684
0.8138157894736842
0.8901315789473684
0.6934210526315789
0.7805921052631579
0.9302631578947368
0.6697368421052632
0.8223684210526315
0.8476973684210526
0.8279605263157894
0.8111842105263158
0.8065789473684211
0.8180921052631579
0.7286184210526315
0.8046052631578947
0.9148026315789474
0.9134868421052632
0.8029605263157895
0.7207236842105263
0.9319078947368421
0.8177631578947369
0.6674342105263158
0.6753289473684211
0.8029605263157895
0.8315789473684211
0.9279605263157895
0.8355263157894737
0.7634868421052632
0.8960526315789473
0.9555921052631579
0.6983552631578948
0.8625
0.6875
0.9223684210526316
0.9042763157894737
0.7726973684210526
0.7322368421052632
0.868421052631579
0.45263157894736844
0.8934210526315789
0.76875
0.8236842105263158
0.9351973684210526
0.8407894736842105
0.8207236842105263
