0.7938028169014084
0.8371830985915493
0.7895774647887324
0.7515492957746479
0.7473239436619719
0.7216901408450704
0.7349295774647887
0.6873239436619718
0.8554929577464788
0.8535211267605634
0.6988732394366197
0.6709859154929577
0.7954929577464789
0.8084507042253521
0.744225352112676
0.763943661971831
0.6552112676056338
0.6290140845070422
0.7436619718309859
0.7926760563380282
0.8461971830985916
0.7380281690140845
0.7707042253521127
0.8366197183098592
0.780281690140845
0.7414084507042253
0.7126760563380282
0.68
0.7856338028169014
0.6422535211267606
0.8566197183098592
0.7518309859154929
0.7067605633802817
0.8290140845070423
0.8250704225352112
0.7898591549295775
0.7245070422535211
0.6921126760563381
0.7419718309859155
0.7861971830985915
0.8695774647887324
0.6814084507042254
0.8180281690140845
0.7653521126760563
0.7295774647887324
0.727887323943662
0.7740845070422535
0.7602816901408451
0.683943661971831
0.11661971830985915
0.7056338028169014
0.831830985915493
0.7777464788732394
0.7636619718309859
0.7890140845070422
0.7580281690140845
0.7205633802816901
0.8366197183098592
0.7270422535211267
0.7591549295774648
0.808169014084507
0.6430985915492958
0.7856338028169014
0.7228169014084507
0.6549295774647887
0.6740845070422535
0.7245070422535211
0.7501408450704226
0.8873239436619719
0.656056338028169
0.7109859154929578
0.6977464788732395
0.696056338028169
0.7205633802816901
0.8940845070422535
0.7659154929577465
0.8132394366197183
0.8954929577464789
0.7647887323943662
0.7647887323943662
0.7180281690140845
0.7535211267605634
0.7430985915492958
0.7183098591549296
0.803943661971831
0.7332394366197184
0.7597183098591549
0.7515492957746479
0.731830985915493
0.8797183098591549
0.8481690140845071
0.7850704225352113
0.6943661971830986
0.8053521126760563
0.7298591549295774
0.7405633802816901
0.7374647887323944
0.8430985915492958
0.9374647887323944
0.7867605633802817
0.7281690140845071
0.8574647887323944
0.7732394366197183
0.7715492957746479
0.8259154929577465
0.6850704225352112
0.7704225352112676
0.7633802816901408
0.6566197183098591
0.6726760563380282
0.72
0.7340845070422535
0.7363380281690141
0.7261971830985916
0.7138028169014085
0.7132394366197183
0.7735211267605634
0.8208450704225352
0.7112676056338029
0.6766197183098591
0.7388732394366198
0.9067605633802817
0.6850704225352112
0.7464788732394366
0.8783098591549295
0.7783098591549296
0.7816901408450704
0.8005633802816902
0.8061971830985916
0.8411267605633803
0.8264788732394366
0.915774647887324
0.6532394366197183
0.768169014084507
0.7585915492957747
0.8991549295774648
0.7845070422535211
0.7011267605633803
0.7732394366197183
0.6805633802816902
0.847605633802817
0.7859154929577464
0.6129577464788732
0.6890140845070423
0.7535211267605634
0.8352112676056338
0.7422535211267606
0.7281690140845071
0.8109859154929577
0.7191549295774647
0.6185915492957746
0.9030985915492957
0.6473239436619719
0.6915492957746479
0.7011267605633803
0.6788732394366197
0.8495774647887324
0.9169014084507042
0.8140845070422535
0.49014084507042255
0.7129577464788732
0.8425352112676057
0.8470422535211267
0.7374647887323944
0.6980281690140845
0.6957746478873239
0.8014084507042254
0.7569014084507042
0.8554929577464788
0.7636619718309859
0.9126760563380282
0.8259154929577465
0.7585915492957747
0.7788732394366197
0.7608450704225352
0.5332394366197183
0.7684507042253521
0.7383098591549295
0.4954929577464789
0.7461971830985915
0.7515492957746479
0.727605633802817
0.7157746478873239
0.7216901408450704
0.7712676056338028
0.39211267605633804
0.756056338028169
0.836338028169014
0.8785915492957747
0.8966197183098592
0.5912676056338028
0.8484507042253521
0.7892957746478874
0.7797183098591549
0.7064788732394366
0.7926760563380282
0.1707042253521127
0.6845070422535211
0.5211267605633803
0.4450704225352113
0.6954929577464789
0.7307042253521127
0.8343661971830986
0.7763380281690141
0.7014084507042253
0.7929577464788733
0.6980281690140845
0.6250704225352113
0.780281690140845
0.8101408450704225
0.7132394366197183
0.7095774647887324
0.6954929577464789
0.6690140845070423
0.7754929577464789
0.12197183098591549
0.7047887323943662
0.823943661971831
0.6780281690140845
0.7901408450704225
0.6538028169014084
0.8450704225352113
0.8250704225352112
0.6692957746478874
0.7284507042253521
0.44478873239436617
0.8157746478873239
0.755774647887324
0.7980281690140845
0.7028169014084507
0.7233802816901408
0.7594366197183099
0.7171830985915493
0.8104225352112676
0.6740845070422535
0.6704225352112676
0.6335211267605634
0.7261971830985916
0.7549295774647887
0.8208450704225352
0.863943661971831
0.8467605633802817
0.6366197183098592
0.9109859154929577
0.6442253521126761
0.7673239436619719
0.7695774647887323
0.7963380281690141
0.8676056338028169
0.8535211267605634
0.7447887323943662
0.7664788732394366
0.9374647887323944
0.7033802816901409
0.6907042253521126
0.788169014084507
0.8073239436619718
0.8157746478873239
0.7921126760563381
0.663943661971831
0.851830985915493
0.7270422535211267
0.7273239436619718
0.8495774647887324
0.7797183098591549
0.8422535211267606
0.6788732394366197
0.7225352112676057
0.755774647887324
0.791830985915493
0.7402816901408451
0.6721126760563381
0.7383098591549295
0.7292957746478873
0.6957746478873239
0.44
0.7391549295774648
0.7405633802816901
0.7983098591549296
0.9354929577464789
0.7095774647887324
0.7673239436619719
0.7405633802816901
0.6473239436619719
0.7459154929577465
0.35746478873239435
0.7518309859154929
0.7050704225352112
0.6935211267605634
0.7408450704225352
0.7180281690140845
0.7326760563380281
0.5864788732394366
0.688169014084507
0.8005633802816902
0.7287323943661972
0.8416901408450704
0.8312676056338029
0.776056338028169
0.8670422535211267
0.7501408450704226
0.8740845070422535
0.743943661971831
0.8129577464788732
0.7450704225352113
0.6487323943661972
0.6909859154929577
0.6983098591549296
0.4247887323943662
0.8267605633802817
0.7397183098591549
0.8132394366197183
0.7487323943661972
0.6408450704225352
0.6380281690140845
0.9014084507042254
0.6926760563380282
0.7977464788732395
0.7140845070422536
0.6763380281690141
0.6656338028169014
0.6667605633802817
0.7332394366197184
0.6785915492957747
0.8098591549295775
0.7650704225352113
0.6740845070422535
0.8769014084507042
0.8771830985915493
0.7715492957746479
0.8233802816901409
0.7661971830985915
0.4098591549295775
0.8954929577464789
0.7487323943661972
0.7938028169014084
0.7712676056338028
0.7853521126760563
0.6977464788732395
0.8752112676056338
0.8774647887323944
0.8459154929577465
0.7670422535211268
0.8940845070422535
0.7385915492957746
0.643943661971831
0.8763380281690141
0.7123943661971831
0.7952112676056338
0.6329577464788733
0.8033802816901409
0.7087323943661972
0.7126760563380282
0.7008450704225352
0.823943661971831
0.7422535211267606
0.816056338028169
0.831830985915493
0.7002816901408451
0.6605633802816901
0.847605633802817
0.6230985915492958
0.7656338028169014
0.7830985915492957
0.7763380281690141
0.01323943661971831
0.8436619718309859
0.7546478873239436
0.7332394366197184
0.7214084507042253
0.7250704225352113
0.7450704225352113
0.7405633802816901
0.8045070422535211
0.7830985915492957
0.6864788732394366
0.6828169014084507
0.7980281690140845
0.7969014084507042
0.7030985915492958
0.9095774647887324
0.7064788732394366
0.7445070422535212
0.6661971830985915
0.8290140845070423
0.8994366197183099
0.7540845070422535
0.7467605633802817
0.8045070422535211
0.7642253521126761
0.8929577464788733
0.7070422535211267
0.7315492957746479
0.8926760563380282
0.8208450704225352
0.892112676056338
0.7484507042253521
0.7504225352112676
0.7501408450704226
0.8225352112676056
0.8985915492957747
0.8033802816901409
0.9183098591549296
0.7377464788732394
0.82
0.8726760563380281
0.6954929577464789
0.6433802816901408
0.7611267605633802
0.7591549295774648
0.7535211267605634
0.8498591549295774
0.7540845070422535
0.7135211267605633
0.6264788732394366
0.6484507042253521
0.6616901408450704
0.7588732394366198
0.6904225352112676
0.7056338028169014
0.7467605633802817
0.9067605633802817
0.8005633802816902
0.7980281690140845
0.6616901408450704
0.7661971830985915
0.7332394366197184
0.7225352112676057
0.7554929577464788
0.8983098591549296
0.8171830985915493
0.9397183098591549
0.6847887323943662
0.6850704225352112
0.7771830985915493
0.7315492957746479
0.7273239436619718
0.7540845070422535
0.78
0.7569014084507042
0.7690140845070422
0.8385915492957746
0.7498591549295774
0.7036619718309859
0.727887323943662
0.7405633802816901
0.6949295774647888
0.7433802816901408
0.8732394366197183
0.7538028169014085
0.7357746478873239
0.635774647887324
0.7707042253521127
0.7149295774647887
0.7016901408450704
0.7540845070422535
0.8230985915492958
0.7233802816901408
0.6932394366197183
0.8752112676056338
0.8292957746478873
0.8135211267605634
0.8059154929577464
0.7222535211267606
0.7501408450704226
0.7050704225352112
0.8140845070422535
0.72
0.7952112676056338
0.7507042253521127
0.7932394366197183
0.6898591549295775
0.7354929577464788
0.7056338028169014
0.7509859154929578
0.6892957746478873
0.7416901408450705
0.6501408450704226
0.6861971830985916
0.8487323943661972
0.663943661971831
0.7357746478873239
0.7715492957746479
0.7369014084507042
0.6842253521126761
0.7785915492957747
0.7338028169014085
0.7673239436619719
0.7391549295774648
0.775774647887324
0.6338028169014085
0.6414084507042254
0.7963380281690141
0.7422535211267606
0.6380281690140845
0.7273239436619718
0.7208450704225352
0.8577464788732394
0.8712676056338028
0.5845070422535211
0.7025352112676057
0.48140845070422533
0.8797183098591549
0.727605633802817
0.7884507042253521
0.8191549295774648
0.7304225352112677
0.7814084507042254
0.732112676056338
0.7616901408450705
0.8611267605633803
0.788169014084507
0.8735211267605634
0.6495774647887324
0.708169014084507
0.7630985915492958
0.8005633802816902
0.7292957746478873
0.7456338028169014
0.76
0.7028169014084507
0.7611267605633802
0.8622535211267606
0.704225352112676
0.8154929577464789
0.8166197183098591
0.808169014084507
0.7301408450704225
0.8146478873239437
0.6453521126760563
0.6571830985915493
0.8287323943661972
0.711830985915493
0.7346478873239437
0.7532394366197183
0.7261971830985916
0.772112676056338
0.8146478873239437
0.7684507042253521
0.7467605633802817
0.6983098591549296
0.7535211267605634
0.7805633802816901
0.847887323943662
0.5585915492957747
0.7732394366197183
0.7636619718309859
0.6163380281690141
0.6405633802816901
0.7540845070422535
0.852112676056338
0.8512676056338028
0.8746478873239436
0.8140845070422535
0.7267605633802817
0.7667605633802816
0.7354929577464788
0.74
0.6549295774647887
0.8388732394366197
0.824225352112676
0.8228169014084507
0.7538028169014085
0.7954929577464789
0.5667605633802817
0.5887323943661972
0.8980281690140846
0.836056338028169
0.7532394366197183
0.8295774647887324
0.7315492957746479
0.6867605633802817
0.8180281690140845
0.9242253521126761
0.7357746478873239
0.8228169014084507
0.6467605633802817
0.7298591549295774
0.8191549295774648
0.7405633802816901
0.7523943661971831
0.8371830985915493
0.8211267605633803
0.7019718309859155
0.7811267605633803
0.7532394366197183
0.6938028169014084
0.7509859154929578
0.8211267605633803
0.7554929577464788
0.6923943661971831
0.8808450704225352
0.791830985915493
0.8250704225352112
0.7585915492957747
0.7464788732394366
0.6929577464788732
0.7070422535211267
0.6912676056338029
0.9433802816901409
0.7819718309859155
0.7630985915492958
0.46338028169014084
0.7980281690140845
0.7633802816901408
0.7033802816901409
0.74
0.9076056338028169
0.7864788732394367
0.44140845070422535
0.8047887323943662
0.7259154929577465
0.8064788732394366
0.7645070422535212
0.7011267605633803
0.6464788732394366
0.7312676056338028
0.8414084507042253
0.7473239436619719
0.7808450704225353
0.7814084507042254
0.7388732394366198
0.7
0.7498591549295774
0.6971830985915493
0.7312676056338028
0.599718309859155
0.7909859154929577
0.46225352112676055
0.7667605633802816
0.8540845070422535
0.7366197183098592
0.5895774647887324
0.7923943661971831
0.8025352112676056
0.8216901408450704
0.7028169014084507
0.7690140845070422
0.7402816901408451
0.9056338028169014
0.7616901408450705
0.6721126760563381
0.7991549295774648
0.755774647887324
0.8298591549295775
0.7428169014084507
0.40169014084507043
0.6794366197183098
0.7371830985915493
0.7481690140845071
0.32422535211267606
0.788169014084507
0.8715492957746479
0.7411267605633802
0.7954929577464789
0.7619718309859155
0.712112676056338
0.7067605633802817
0.7546478873239436
0.7388732394366198
0.6692957746478874
0.8135211267605634
0.7135211267605633
0.7146478873239437
0.8687323943661972
0.8140845070422535
0.8292957746478873
0.7416901408450705
0.6363380281690141
0.7552112676056338
0.8166197183098591
0.8633802816901408
0.783943661971831
0.6836619718309859
0.6723943661971831
0.7616901408450705
0.8157746478873239
0.6884507042253522
0.787887323943662
0.7338028169014085
0.6047887323943661
0.8645070422535212
0.763943661971831
0.7901408450704225
0.7366197183098592
0.7338028169014085
0.7583098591549295
0.7256338028169014
0.7453521126760564
0.675774647887324
0.8340845070422536
0.8690140845070422
0.7588732394366198
0.7991549295774648
0.8859154929577465
0.6667605633802817
0.7202816901408451
0.8416901408450704
0.8698591549295774
0.7281690140845071
0.7498591549295774
0.7473239436619719
0.6335211267605634
0.7464788732394366
0.7380281690140845
0.6704225352112676
0.6329577464788733
0.8101408450704225
0.7515492957746479
0.9025352112676056
0.6954929577464789
0.7078873239436619
0.8059154929577464
0.7543661971830986
0.7104225352112676
0.7394366197183099
0.7194366197183099
0.7808450704225353
0.7630985915492958
0.7526760563380281
0.6726760563380282
0.847887323943662
0.7273239436619718
0.6642253521126761
0.8188732394366197
0.8340845070422536
0.7932394366197183
0.699718309859155
0.8171830985915493
0.7177464788732394
0.7932394366197183
0.7050704225352112
0.7746478873239436
0.7354929577464788
0.7059154929577465
0.7070422535211267
0.78
0.6411267605633802
0.5870422535211267
0.7833802816901408
0.8143661971830986
0.7008450704225352
0.6864788732394366
0.8704225352112676
0.7738028169014084
0.8343661971830986
0.7143661971830986
0.7969014084507042
0.7594366197183099
0.7549295774647887
0.7036619718309859
0.8292957746478873
0.736056338028169
0.7901408450704225
0.591830985915493
0.7374647887323944
0.8008450704225352
0.6909859154929577
0.62
0.8166197183098591
0.7929577464788733
0.7338028169014085
0.7338028169014085
0.8349295774647887
0.6769014084507042
0.6988732394366197
0.8059154929577464
0.6712676056338028
0.7033802816901409
0.7583098591549295
0.7740845070422535
0.7994366197183098
0.7430985915492958
0.7664788732394366
0.7797183098591549
0.7459154929577465
0.8061971830985916
0.7963380281690141
0.7047887323943662
0.7329577464788732
0.7661971830985915
0.7892957746478874
0.7698591549295775
0.8188732394366197
0.7985915492957747
0.6405633802816901
0.7419718309859155
0.6980281690140845
0.7805633802816901
0.7338028169014085
0.7943661971830986
0.7414084507042253
0.7338028169014085
0.7284507042253521
0.843943661971831
0.7129577464788732
0.8036619718309859
0.6890140845070423
0.7943661971830986
0.6870422535211268
0.6197183098591549
0.7543661971830986
0.8952112676056339
0.6295774647887324
0.943943661971831
0.8433802816901409
0.8214084507042253
0.7932394366197183
0.7414084507042253
0.8278873239436619
0.7143661971830986
0.5008450704225352
0.7374647887323944
0.6850704225352112
0.6650704225352113
0.7430985915492958
0.7
0.7574647887323943
0.8121126760563381
0.8233802816901409
0.7501408450704226
0.6315492957746479
0.4143661971830986
0.7591549295774648
0.7935211267605634
0.5549295774647888
0.8157746478873239
0.7053521126760564
0.6180281690140845
0.6495774647887324
0.7952112676056338
0.6487323943661972
0.7394366197183099
0.6532394366197183
0.8053521126760563
0.7726760563380282
0.6932394366197183
0.6946478873239437
0.6630985915492957
0.7738028169014084
0.8121126760563381
0.7323943661971831
0.7132394366197183
0.8343661971830986
0.7149295774647887
0.7402816901408451
0.7611267605633802
0.8619718309859155
0.7047887323943662
0.7667605633802816
0.6788732394366197
0.8526760563380281
0.8259154929577465
0.7847887323943662
0.5923943661971831
0.7670422535211268
0.7569014084507042
0.7481690140845071
0.8484507042253521
0.7205633802816901
0.7563380281690141
0.7481690140845071
0.9098591549295775
0.6847887323943662
0.8346478873239437
0.7659154929577465
0.6771830985915493
0.7388732394366198
0.8315492957746479
0.6566197183098591
0.7704225352112676
0.7507042253521127
0.8335211267605633
0.7997183098591549
0.8104225352112676
0.7963380281690141
0.6667605633802817
0.8064788732394366
0.691830985915493
0.7470422535211267
0.6816901408450704
0.8377464788732394
0.699718309859155
0.767887323943662
0.8416901408450704
0.7453521126760564
0.8064788732394366
0.8123943661971831
0.7366197183098592
0.8357746478873239
0.7087323943661972
0.7436619718309859
0.8008450704225352
0.8267605633802817
0.6247887323943662
0.7329577464788732
0.8157746478873239
0.47492957746478875
0.6230985915492958
0.8752112676056338
0.7425352112676057
0.8788732394366198
0.7571830985915493
0.7292957746478873
0.7664788732394366
0.8394366197183099
0.775774647887324
0.7014084507042253
0.8045070422535211
0.6177464788732394
0.7754929577464789
0.712112676056338
0.8025352112676056
0.7507042253521127
0.8323943661971831
0.6777464788732395
0.8611267605633803
0.8712676056338028
0.783943661971831
0.6267605633802817
0.6884507042253522
0.7895774647887324
0.8022535211267605
0.7974647887323943
0.7994366197183098
0.7025352112676057
0.7287323943661972
0.7171830985915493
0.40112676056338026
0.7138028169014085
0.6084507042253521
0.7312676056338028
0.7352112676056338
0.6870422535211268
0.8014084507042254
0.7540845070422535
0.7867605633802817
0.5954929577464789
0.7073239436619718
0.8205633802816902
0.6025352112676057
0.9129577464788733
0.727605633802817
0.8307042253521126
0.8323943661971831
0.7743661971830986
0.6673239436619718
0.8028169014084507
0.7256338028169014
0.6878873239436619
0.7712676056338028
0.7884507042253521
0.8146478873239437
0.7625352112676056
0.791830985915493
0.8307042253521126
0.5932394366197183
0.8059154929577464
0.6411267605633802
0.7363380281690141
0.7664788732394366
0.7380281690140845
0.7709859154929577
0.7591549295774648
0.8143661971830986
0.44873239436619716
0.7892957746478874
0.6467605633802817
0.6884507042253522
0.7828169014084507
0.744225352112676
0.836338028169014
0.7856338028169014
0.7743661971830986
0.7974647887323943
0.8030985915492957
0.7315492957746479
0.7597183098591549
0.8298591549295775
0.7123943661971831
0.7166197183098592
0.7811267605633803
0.8188732394366197
0.8104225352112676
0.844225352112676
0.7890140845070422
0.6980281690140845
0.900281690140845
0.7726760563380282
0.7326760563380281
0.7585915492957747
0.796056338028169
0.8030985915492957
0.82
0.7346478873239437
0.6312676056338028
0.776056338028169
0.8687323943661972
0.8335211267605633
0.8794366197183099
0.7383098591549295
0.8512676056338028
0.8625352112676057
0.8346478873239437
0.7340845070422535
0.7946478873239436
0.6667605633802817
0.7870422535211268
0.8329577464788732
0.6861971830985916
0.7284507042253521
0.7292957746478873
0.7461971830985915
0.776056338028169
0.839718309859155
0.7002816901408451
0.6856338028169014
0.8056338028169014
0.643943661971831
0.788169014084507
0.6909859154929577
0.7574647887323943
0.696056338028169
0.7259154929577465
0.6369014084507042
0.6943661971830986
0.7425352112676057
0.7301408450704225
0.8523943661971831
0.8171830985915493
0.7397183098591549
0.7225352112676057
0.7180281690140845
0.6433802816901408
0.7538028169014085
0.6504225352112676
0.7261971830985916
0.7969014084507042
0.7180281690140845
0.7290140845070423
0.6873239436619718
0.7856338028169014
0.7774647887323943
0.7923943661971831
0.7323943661971831
0.7805633802816901
0.9030985915492957
0.7095774647887324
0.6388732394366197
0.7659154929577465
0.7583098591549295
0.39267605633802816
0.16422535211267605
0.8594366197183099
0.7447887323943662
0.6538028169014084
0.8495774647887324
0.8526760563380281
0.808169014084507
0.723943661971831
0.7047887323943662
0.6983098591549296
0.7304225352112677
0.78
0.724225352112676
0.7743661971830986
0.863943661971831
0.7718309859154929
0.6977464788732395
0.6797183098591549
0.7808450704225353
0.7461971830985915
0.8078873239436619
0.6867605633802817
0.7661971830985915
0.7490140845070422
0.8907042253521127
0.7459154929577465
0.6912676056338029
0.7014084507042253
0.8292957746478873
0.74
0.7571830985915493
0.7769014084507042
0.731830985915493
0.5870422535211267
0.6887323943661972
0.675774647887324
0.6292957746478873
0.6712676056338028
0.8284507042253522
0.8154929577464789
0.7895774647887324
0.7422535211267606
0.7383098591549295
0.844225352112676
0.7281690140845071
0.6566197183098591
0.7608450704225352
0.6673239436619718
0.6805633802816902
0.7707042253521127
0.7870422535211268
0.7983098591549296
0.7940845070422535
0.6169014084507042
0.7963380281690141
0.7670422535211268
0.7211267605633803
0.675774647887324
0.7338028169014085
0.45859154929577467
0.6957746478873239
0.7633802816901408
0.5729577464788732
0.6692957746478874
0.7371830985915493
0.7977464788732395
0.6985915492957746
0.7549295774647887
0.6205633802816901
0.6901408450704225
0.6264788732394366
0.6822535211267605
0.768169014084507
0.756056338028169
0.6828169014084507
0.7059154929577465
0.8323943661971831
0.7129577464788732
0.7563380281690141
0.8301408450704225
0.6453521126760563
0.7788732394366197
0.7625352112676056
0.8115492957746478
0.8605633802816901
0.7661971830985915
0.8076056338028169
0.8259154929577465
0.8892957746478873
0.8414084507042253
0.7323943661971831
0.7850704225352113
0.6847887323943662
0.7208450704225352
0.7138028169014085
0.7991549295774648
0.8326760563380282
0.6971830985915493
0.7247887323943661
0.8580281690140845
0.7783098591549296
0.8222535211267605
0.8033802816901409
0.8402816901408451
0.7515492957746479
0.688169014084507
0.7129577464788732
0.7625352112676056
0.8309859154929577
0.6766197183098591
0.7191549295774647
0.716056338028169
0.8785915492957747
0.7763380281690141
0.7859154929577464
0.8056338028169014
0.7684507042253521
0.8546478873239437
0.7971830985915493
0.8087323943661971
0.8346478873239437
0.7687323943661972
0.7726760563380282
0.7926760563380282
0.875774647887324
0.6453521126760563
0.7180281690140845
0.8067605633802817
0.7887323943661971
0.7492957746478873
0.7216901408450704
0.9053521126760563
0.7653521126760563
0.8233802816901409
0.8123943661971831
0.7154929577464789
0.811830985915493
0.7259154929577465
0.7935211267605634
0.7383098591549295
0.7430985915492958
0.6898591549295775
0.6591549295774648
0.8270422535211268
0.5819718309859155
0.7335211267605634
0.7512676056338028
0.856338028169014
0.780281690140845
0.7183098591549296
0.612112676056338
0.8771830985915493
0.6366197183098592
0.7394366197183099
0.824225352112676
0.8276056338028169
0.6647887323943662
0.8267605633802817
0.7969014084507042
0.8445070422535211
0.8616901408450705
0.8833802816901408
0.7949295774647888
0.6202816901408451
0.7138028169014085
0.8453521126760564
0.7692957746478873
0.7033802816901409
0.8467605633802817
0.7092957746478873
0.7740845070422535
0.8473239436619718
0.8456338028169014
0.7456338028169014
0.7146478873239437
0.7146478873239437
0.6814084507042254
0.7549295774647887
0.8647887323943662
0.7092957746478873
0.7940845070422535
0.736056338028169
0.5845070422535211
0.66
0.7974647887323943
0.627887323943662
0.6180281690140845
0.6554929577464789
0.852112676056338
0.6797183098591549
0.7966197183098591
0.7250704225352113
0.7149295774647887
0.7284507042253521
0.6943661971830986
0.7416901408450705
0.768169014084507
0.7180281690140845
0.6647887323943662
0.86
0.7611267605633802
0.8783098591549295
0.7763380281690141
0.716056338028169
0.7183098591549296
0.6935211267605634
0.8326760563380282
0.6487323943661972
0.8095774647887324
0.6405633802816901
0.7952112676056338
0.6946478873239437
0.7340845070422535
0.7642253521126761
0.8264788732394366
0.6785915492957747
0.7726760563380282
0.58
0.6884507042253522
0.7033802816901409
0.9149295774647888
0.7250704225352113
0.8408450704225352
0.723943661971831
0.8019718309859155
0.8698591549295774
0.7740845070422535
0.8873239436619719
0.683943661971831
0.8991549295774648
0.9135211267605634
0.8825352112676056
0.6746478873239437
0.7543661971830986
0.6709859154929577
0.7028169014084507
0.7814084507042254
0.716338028169014
0.6276056338028169
0.8343661971830986
0.859718309859155
0.7980281690140845
0.7591549295774648
0.7481690140845071
0.7535211267605634
0.716338028169014
0.8152112676056338
0.7735211267605634
0.7777464788732394
0.7028169014084507
0.7146478873239437
0.6374647887323943
0.6985915492957746
0.6538028169014084
0.7492957746478873
0.6912676056338029
0.7016901408450704
0.7484507042253521
0.7169014084507043
0.6650704225352113
0.7425352112676057
0.8898591549295775
0.7138028169014085
0.7526760563380281
0.7808450704225353
0.7416901408450705
0.11774647887323944
0.7250704225352113
0.6938028169014084
0.7523943661971831
0.787887323943662
0.6633802816901408
0.888169014084507
0.7104225352112676
0.6825352112676056
0.6836619718309859
0.7256338028169014
0.6380281690140845
0.7791549295774648
0.787887323943662
0.768169014084507
0.6738028169014084
0.727887323943662
0.7952112676056338
0.776056338028169
0.7861971830985915
0.8098591549295775
0.5836619718309859
0.4636619718309859
0.6904225352112676
0.6814084507042254
0.7791549295774648
0.8602816901408451
0.6684507042253521
0.6591549295774648
0.7794366197183099
0.44309859154929576
0.7208450704225352
0.7980281690140845
0.744225352112676
0.6983098591549296
0.9416901408450704
0.4284507042253521
0.7969014084507042
0.7538028169014085
0.7211267605633803
0.8180281690140845
0.8042253521126761
0.6746478873239437
0.7202816901408451
0.795774647887324
0.7357746478873239
0.847887323943662
0.7422535211267606
0.8580281690140845
0.8994366197183099
0.6701408450704225
0.5985915492957746
0.9098591549295775
0.8098591549295775
0.7726760563380282
0.7861971830985915
0.788169014084507
0.5723943661971831
0.8129577464788732
0.7211267605633803
0.780281690140845
0.7309859154929578
0.7932394366197183
0.8270422535211268
0.6940845070422536
0.7529577464788733
0.7588732394366198
0.7338028169014085
0.7642253521126761
0.7690140845070422
0.8616901408450705
0.7597183098591549
0.6949295774647888
0.7729577464788733
0.6695774647887324
0.6878873239436619
0.6746478873239437
0.7157746478873239
0.7222535211267606
0.8676056338028169
0.7295774647887324
0.6876056338028169
0.7247887323943661
0.7633802816901408
0.7943661971830986
0.8907042253521127
0.708169014084507
0.9177464788732395
0.7188732394366197
0.6202816901408451
0.4523943661971831
0.836056338028169
0.9154929577464789
0.7492957746478873
0.7642253521126761
0.7543661971830986
0.5185915492957747
0.8557746478873239
0.7261971830985916
0.3771830985915493
0.8450704225352113
0.7019718309859155
0.6202816901408451
0.8901408450704226
0.6766197183098591
0.387887323943662
0.7030985915492958
0.6233802816901408
0.7453521126760564
0.7932394366197183
0.7326760563380281
0.7484507042253521
0.6250704225352113
0.6921126760563381
0.8090140845070423
0.7673239436619719
0.7346478873239437
0.7092957746478873
0.8574647887323944
0.8191549295774648
0.6842253521126761
0.7205633802816901
0.7898591549295775
0.7422535211267606
0.7732394366197183
0.7473239436619719
0.8312676056338029
0.6509859154929577
0.847887323943662
0.756056338028169
0.8876056338028169
0.7608450704225352
0.7783098591549296
0.5912676056338028
0.647887323943662
0.6028169014084507
0.6695774647887324
0.7385915492957746
0.7428169014084507
0.7554929577464788
0.9290140845070423
0.7949295774647888
0.8211267605633803
0.8028169014084507
0.8225352112676056
0.8121126760563381
0.915774647887324
0.803943661971831
0.8284507042253522
0.6185915492957746
0.7774647887323943
0.7859154929577464
0.7090140845070423
0.8788732394366198
0.791830985915493
0.7704225352112676
0.7707042253521127
0.7636619718309859
0.796056338028169
0.7769014084507042
0.8445070422535211
0.6709859154929577
0.7791549295774648
0.8036619718309859
0.851830985915493
0.7690140845070422
0.8630985915492958
0.8498591549295774
0.5092957746478873
0.6509859154929577
0.8808450704225352
0.719718309859155
0.787887323943662
0.8126760563380282
0.8211267605633803
0.8140845070422535
0.7704225352112676
0.4098591549295775
0.7332394366197184
0.704225352112676
0.7571830985915493
0.8177464788732395
0.7225352112676057
0.76
0.7202816901408451
0.8467605633802817
0.7884507042253521
0.731830985915493
0.712112676056338
0.8532394366197183
0.8994366197183099
0.6659154929577464
0.7394366197183099
0.7391549295774648
0.5771830985915493
0.8191549295774648
0.8394366197183099
0.4428169014084507
0.7411267605633802
0.699718309859155
0.824225352112676
0.727605633802817
0.832112676056338
0.7808450704225353
0.719718309859155
0.663943661971831
0.9374647887323944
0.8
0.6898591549295775
0.6687323943661971
0.7428169014084507
0.6487323943661972
0.7146478873239437
0.6735211267605634
0.7084507042253522
0.6470422535211268
0.680281690140845
0.8194366197183098
0.8656338028169014
0.6938028169014084
0.7135211267605633
0.8526760563380281
0.6830985915492958
0.676056338028169
0.6549295774647887
0.6856338028169014
0.7490140845070422
0.7425352112676057
0.8608450704225352
0.8630985915492958
0.7625352112676056
0.7433802816901408
0.6926760563380282
0.8554929577464788
0.9208450704225352
0.696056338028169
0.7490140845070422
0.6949295774647888
0.6878873239436619
0.731830985915493
0.6273239436619719
0.7138028169014085
0.7670422535211268
0.8061971830985916
0.6797183098591549
0.6892957746478873
0.8225352112676056
0.7732394366197183
0.7230985915492958
0.6253521126760564
0.6459154929577465
0.6447887323943662
0.7777464788732394
0.652112676056338
0.7588732394366198
0.7253521126760564
0.7087323943661972
0.7549295774647887
0.7704225352112676
0.7884507042253521
0.8047887323943662
0.8014084507042254
0.7580281690140845
0.7963380281690141
0.7704225352112676
0.8056338028169014
0.5453521126760563
0.800281690140845
0.711830985915493
0.9177464788732395
0.7628169014084507
0.7430985915492958
0.6290140845070422
0.8918309859154929
0.6805633802816902
0.6656338028169014
0.8329577464788732
0.8312676056338029
0.8301408450704225
0.7743661971830986
0.808169014084507
0.4523943661971831
0.8690140845070422
0.7794366197183099
0.8338028169014085
0.7816901408450704
0.7630985915492958
0.8785915492957747
0.7811267605633803
0.7622535211267606
0.6273239436619719
0.6901408450704225
0.772394366197183
0.8470422535211267
0.8064788732394366
0.7867605633802817
0.8005633802816902
0.6864788732394366
0.6946478873239437
0.7014084507042253
0.7281690140845071
0.7625352112676056
0.7890140845070422
0.6684507042253521
0.82
0.7687323943661972
0.7292957746478873
0.576056338028169
0.7667605633802816
0.8377464788732394
0.8028169014084507
0.783943661971831
0.7253521126760564
0.8323943661971831
0.7307042253521127
0.6901408450704225
0.7867605633802817
0.607887323943662
0.8101408450704225
0.74
0.5988732394366197
0.7715492957746479
0.6771830985915493
0.727605633802817
0.7867605633802817
0.716056338028169
0.7709859154929577
0.7608450704225352
0.7250704225352113
0.8684507042253521
0.6540845070422535
0.6354929577464788
0.7552112676056338
0.7425352112676057
0.667887323943662
0.7174647887323944
0.8304225352112676
0.6287323943661972
0.8095774647887324
0.5876056338028169
0.8216901408450704
0.8515492957746479
0.7867605633802817
0.7571830985915493
0.5374647887323943
0.74
0.7777464788732394
0.7061971830985916
0.8005633802816902
0.7112676056338029
0.7512676056338028
0.783661971830986
0.6715492957746478
0.8335211267605633
0.7208450704225352
0.8073239436619718
0.780281690140845
0.7354929577464788
0.7602816901408451
0.7416901408450705
0.8873239436619719
0.7436619718309859
0.7602816901408451
0.8628169014084507
0.7436619718309859
0.6363380281690141
0.8616901408450705
0.6208450704225352
0.8969014084507042
0.8070422535211268
0.7690140845070422
0.6932394366197183
0.8067605633802817
0.4546478873239437
0.7115492957746479
0.5729577464788732
0.7661971830985915
0.7938028169014084
0.40225352112676055
0.7642253521126761
0.7729577464788733
0.8546478873239437
0.6647887323943662
0.7943661971830986
0.6633802816901408
0.8385915492957746
0.6876056338028169
0.7946478873239436
0.8228169014084507
0.7594366197183099
0.7256338028169014
0.8183098591549296
0.7774647887323943
0.803943661971831
0.747887323943662
0.7416901408450705
0.6780281690140845
0.7076056338028169
0.7715492957746479
0.7154929577464789
0.7707042253521127
0.7264788732394366
0.6312676056338028
0.8445070422535211
0.7146478873239437
0.8481690140845071
0.7456338028169014
0.8126760563380282
0.44253521126760564
0.808169014084507
0.8487323943661972
0.6833802816901409
0.7766197183098592
0.6845070422535211
0.7259154929577465
0.7752112676056339
0.7008450704225352
0.7515492957746479
0.6394366197183099
0.8535211267605634
0.6422535211267606
0.78
0.7143661971830986
0.736056338028169
0.6994366197183098
0.7912676056338028
0.7921126760563381
0.7236619718309859
0.6442253521126761
0.8115492957746478
0.7191549295774647
0.7633802816901408
0.38
0.6847887323943662
0.747887323943662
0.76
0.5585915492957747
0.7814084507042254
0.7969014084507042
0.9264788732394367
0.7529577464788733
0.7036619718309859
0.7718309859154929
0.6991549295774648
0.7430985915492958
0.39267605633802816
0.6743661971830985
0.8763380281690141
0.7529577464788733
0.7185915492957746
0.7481690140845071
0.7912676056338028
0.7501408450704226
0.732112676056338
0.78
0.8538028169014085
0.6419718309859155
0.7259154929577465
0.8276056338028169
0.6952112676056338
0.6050704225352113
0.8512676056338028
0.8025352112676056
0.823943661971831
0.8681690140845071
0.6270422535211267
0.6529577464788733
0.9115492957746479
0.7915492957746478
0.7481690140845071
0.7061971830985916
0.7284507042253521
0.828169014084507
0.8129577464788732
0.7177464788732394
0.7115492957746479
0.8259154929577465
0.6340845070422535
0.8490140845070423
0.7498591549295774
0.7490140845070422
0.8346478873239437
0.796056338028169
0.6878873239436619
0.6749295774647888
0.6563380281690141
0.6464788732394366
0.8177464788732395
0.7061971830985916
0.7428169014084507
0.7808450704225353
0.7011267605633803
0.7191549295774647
0.82
0.8169014084507042
0.7991549295774648
0.8073239436619718
0.7464788732394366
0.7061971830985916
0.7366197183098592
0.7143661971830986
0.6974647887323944
0.832112676056338
0.7273239436619718
0.7901408450704225
0.8045070422535211
0.7847887323943662
0.7253521126760564
0.8188732394366197
0.7490140845070422
0.7338028169014085
0.7664788732394366
0.7867605633802817
0.7270422535211267
0.6861971830985916
0.3974647887323944
0.7284507042253521
0.7259154929577465
0.7650704225352113
0.6833802816901409
0.908169014084507
0.7746478873239436
0.7921126760563381
0.9047887323943662
0.8098591549295775
0.888169014084507
0.8876056338028169
0.6253521126760564
0.788169014084507
0.7490140845070422
0.9008450704225353
0.7729577464788733
0.7385915492957746
0.8690140845070422
0.8112676056338028
0.7152112676056338
0.7921126760563381
0.7340845070422535
0.6633802816901408
0.6109859154929578
0.7774647887323943
0.7661971830985915
0.7304225352112677
0.7740845070422535
0.8230985915492958
0.7633802816901408
0.7185915492957746
0.6461971830985915
0.7816901408450704
0.7050704225352112
0.9
0.8481690140845071
0.836338028169014
0.832112676056338
0.7112676056338029
0.8188732394366197
0.7867605633802817
0.7912676056338028
0.7228169014084507
0.6566197183098591
0.8076056338028169
0.8284507042253522
0.8061971830985916
0.6856338028169014
0.6343661971830986
0.7067605633802817
0.7594366197183099
0.7701408450704226
0.39098591549295775
0.6836619718309859
0.7569014084507042
0.8290140845070423
0.7473239436619719
0.7016901408450704
0.7498591549295774
0.6743661971830985
0.7797183098591549
0.7543661971830986
0.7425352112676057
0.7749295774647887
0.6898591549295775
0.8191549295774648
0.7577464788732394
0.7095774647887324
0.8422535211267606
0.780281690140845
0.8566197183098592
0.7729577464788733
0.6895774647887324
0.772394366197183
0.772394366197183
0.6687323943661971
0.6619718309859155
0.6884507042253522
0.7738028169014084
0.708169014084507
0.7191549295774647
0.8005633802816902
0.7219718309859154
0.7222535211267606
0.7352112676056338
0.743943661971831
0.9028169014084507
0.9369014084507042
0.7394366197183099
0.8535211267605634
0.7785915492957747
0.8183098591549296
0.6859154929577465
0.8222535211267605
0.8056338028169014
0.6692957746478874
0.783943661971831
0.8323943661971831
0.7667605633802816
0.8287323943661972
0.8743661971830986
0.7535211267605634
0.8430985915492958
0.7895774647887324
0.6107042253521127
0.6574647887323943
0.7450704225352113
0.7856338028169014
0.8805633802816901
0.7529577464788733
0.8109859154929577
0.8909859154929577
0.3935211267605634
0.8138028169014084
0.668169014084507
0.756056338028169
0.7470422535211267
0.7746478873239436
0.5667605633802817
0.824225352112676
0.7076056338028169
0.6954929577464789
0.7709859154929577
0.7112676056338029
0.7771830985915493
0.6876056338028169
0.7667605633802816
0.7749295774647887
0.9174647887323943
0.8718309859154929
0.6856338028169014
0.8087323943661971
0.3363380281690141
0.7698591549295775
0.8
0.8898591549295775
0.7580281690140845
0.7656338028169014
0.8059154929577464
0.7112676056338029
0.7816901408450704
0.8470422535211267
0.8346478873239437
0.8304225352112676
0.8087323943661971
0.7780281690140846
0.7030985915492958
0.7633802816901408
0.8684507042253521
0.7569014084507042
0.8726760563380281
0.7611267605633802
0.7769014084507042
0.7422535211267606
0.7856338028169014
0.856338028169014
0.8346478873239437
0.7797183098591549
0.7098591549295775
0.8940845070422535
0.7146478873239437
0.7707042253521127
0.6512676056338028
0.8076056338028169
0.8284507042253522
0.723943661971831
0.48788732394366197
0.7749295774647887
0.5163380281690141
0.76
0.7430985915492958
0.5822535211267605
0.7022535211267605
0.7349295774647887
0.7459154929577465
0.859718309859155
0.7216901408450704
0.8135211267605634
0.7335211267605634
0.7726760563380282
0.7126760563380282
0.7338028169014085
0.5971830985915493
0.6943661971830986
0.8340845070422536
0.7884507042253521
0.675774647887324
0.683943661971831
0.716338028169014
0.7428169014084507
0.7002816901408451
0.8859154929577465
0.7895774647887324
0.7619718309859155
0.72
0.7230985915492958
0.8377464788732394
0.7507042253521127
0.7509859154929578
0.636056338028169
0.723943661971831
0.8183098591549296
0.7512676056338028
0.8819718309859155
0.823943661971831
0.8245070422535211
0.8892957746478873
0.6971830985915493
0.7329577464788732
0.7219718309859154
0.8014084507042254
0.7667605633802816
0.6740845070422535
0.8287323943661972
0.7135211267605633
0.7149295774647887
0.8509859154929578
0.7408450704225352
0.62
0.7867605633802817
0.7946478873239436
0.7698591549295775
0.6915492957746479
0.86
0.655774647887324
0.7752112676056339
0.8797183098591549
0.667887323943662
0.8022535211267605
0.8402816901408451
0.7842253521126761
0.6670422535211268
0.6495774647887324
0.7515492957746479
0.6726760563380282
0.8273239436619718
0.9143661971830986
0.7771830985915493
0.7033802816901409
0.7574647887323943
0.8673239436619719
0.7445070422535212
0.8126760563380282
0.7983098591549296
0.6633802816901408
0.8614084507042253
0.6554929577464789
0.6495774647887324
0.852112676056338
0.611830985915493
0.756056338028169
0.8450704225352113
0.8797183098591549
0.8338028169014085
0.7529577464788733
0.7264788732394366
0.7230985915492958
0.8433802816901409
0.6726760563380282
0.7726760563380282
0.7515492957746479
0.7625352112676056
0.8236619718309859
0.7830985915492957
0.7771830985915493
0.7140845070422536
0.8988732394366197
0.8
0.7028169014084507
0.6388732394366197
0.7
0.5332394366197183
0.7377464788732394
0.719718309859155
0.7549295774647887
0.7180281690140845
0.747887323943662
0.9208450704225352
0.7825352112676056
0.7966197183098591
0.7969014084507042
0.7867605633802817
0.8332394366197183
0.7585915492957747
0.8352112676056338
0.7698591549295775
0.6543661971830986
0.8487323943661972
0.7861971830985915
0.7926760563380282
0.6247887323943662
0.8963380281690141
0.5752112676056338
0.6878873239436619
0.6985915492957746
0.8391549295774647
0.6892957746478873
0.7225352112676057
0.7763380281690141
0.7332394366197184
0.8250704225352112
0.6912676056338029
0.7811267605633803
0.6704225352112676
0.680281690140845
0.7002816901408451
0.7140845070422536
0.6495774647887324
0.9301408450704225
0.8095774647887324
0.7512676056338028
0.44309859154929576
0.7281690140845071
0.8
0.7845070422535211
0.82
0.7284507042253521
0.8983098591549296
0.7566197183098592
0.7684507042253521
0.7532394366197183
0.7405633802816901
0.7487323943661972
0.8211267605633803
0.8022535211267605
0.6822535211267605
0.712112676056338
0.8630985915492958
0.4445070422535211
0.7416901408450705
0.8752112676056338
0.688169014084507
0.716056338028169
0.8188732394366197
0.8115492957746478
0.6740845070422535
0.7219718309859154
0.7208450704225352
0.8698591549295774
0.6952112676056338
0.7526760563380281
0.7433802816901408
0.7374647887323944
0.6895774647887324
0.9346478873239437
0.7388732394366198
0.7887323943661971
0.8352112676056338
0.1352112676056338
0.8738028169014085
0.7225352112676057
0.903943661971831
0.7059154929577465
0.7143661971830986
0.82
0.803943661971831
0.8650704225352113
0.8030985915492957
0.6938028169014084
0.8929577464788733
0.7208450704225352
0.7338028169014085
0.7816901408450704
0.7822535211267606
0.6047887323943661
0.8295774647887324
0.6884507042253522
0.7816901408450704
0.7428169014084507
0.7501408450704226
0.7309859154929578
0.7290140845070423
0.8681690140845071
0.7129577464788732
0.6625352112676056
0.6769014084507042
0.7140845070422536
0.78
0.7430985915492958
0.7715492957746479
0.6247887323943662
0.6766197183098591
0.7805633802816901
0.7109859154929578
0.4943661971830986
0.775774647887324
0.6915492957746479
0.8152112676056338
0.6808450704225352
0.7667605633802816
0.7661971830985915
0.7794366197183099
0.8352112676056338
0.768169014084507
0.49070422535211267
0.847605633802817
0.6307042253521127
0.5785915492957746
0.6630985915492957
0.7470422535211267
0.7605633802816901
0.7619718309859155
0.7538028169014085
0.8154929577464789
0.7059154929577465
0.8932394366197183
0.7915492957746478
0.7391549295774648
0.8481690140845071
0.819718309859155
0.7938028169014084
0.7405633802816901
0.7036619718309859
0.7247887323943661
0.6484507042253521
0.7484507042253521
0.8042253521126761
0.8507042253521127
0.46056338028169014
0.8946478873239436
0.6580281690140845
0.8501408450704225
0.6783098591549296
0.7940845070422535
0.583943661971831
0.8309859154929577
0.8718309859154929
0.7890140845070422
0.6915492957746479
0.7650704225352113
0.7078873239436619
0.8014084507042254
0.3923943661971831
0.7459154929577465
0.6808450704225352
0.596338028169014
0.7481690140845071
0.8022535211267605
0.7625352112676056
0.6014084507042253
0.7419718309859155
0.8394366197183099
0.7135211267605633
0.7036619718309859
0.7650704225352113
0.7025352112676057
0.8042253521126761
0.7695774647887323
0.7115492957746479
0.62
0.7977464788732395
0.7219718309859154
0.8616901408450705
0.74
0.7515492957746479
0.7642253521126761
0.7563380281690141
0.5943661971830986
0.9067605633802817
0.7267605633802817
0.8143661971830986
0.8484507042253521
0.7433802816901408
0.7225352112676057
0.7543661971830986
0.8402816901408451
0.6777464788732395
0.8453521126760564
0.7518309859154929
0.8188732394366197
0.8833802816901408
0.8383098591549296
0.6946478873239437
0.7236619718309859
0.6985915492957746
0.7264788732394366
0.9005633802816901
0.8061971830985916
0.6977464788732395
0.7864788732394367
0.7642253521126761
0.7484507042253521
0.7935211267605634
0.8112676056338028
0.7284507042253521
0.8233802816901409
0.6622535211267606
0.756056338028169
0.7157746478873239
0.8098591549295775
0.7084507042253522
0.856056338028169
0.6754929577464789
0.6721126760563381
0.7535211267605634
0.7847887323943662
0.8338028169014085
0.8022535211267605
0.783661971830986
0.8684507042253521
0.7940845070422535
0.8129577464788732
0.9408450704225352
0.68
0.7459154929577465
0.8309859154929577
0.7456338028169014
0.7701408450704226
0.7594366197183099
0.7115492957746479
0.7630985915492958
0.6501408450704226
0.8191549295774648
0.7470422535211267
0.7343661971830986
0.723943661971831
0.7876056338028169
0.7388732394366198
0.6732394366197183
0.6704225352112676
0.8092957746478874
0.7952112676056338
0.7056338028169014
0.7304225352112677
0.716056338028169
0.7783098591549296
0.84
0.72
0.7233802816901408
0.6752112676056338
0.7783098591549296
0.7309859154929578
0.6484507042253521
0.8104225352112676
0.7250704225352113
0.8295774647887324
0.7771830985915493
0.7076056338028169
0.7667605633802816
0.7766197183098592
0.768169014084507
0.7645070422535212
0.8892957746478873
0.74
0.7935211267605634
0.743943661971831
0.376056338028169
0.7898591549295775
0.7597183098591549
0.7430985915492958
0.783661971830986
0.7712676056338028
0.8112676056338028
0.6690140845070423
0.7608450704225352
0.7794366197183099
0.724225352112676
0.7732394366197183
0.6763380281690141
0.767887323943662
0.8056338028169014
0.6980281690140845
0.8067605633802817
0.8219718309859155
0.703943661971831
0.7098591549295775
0.8963380281690141
0.8735211267605634
0.756056338028169
0.6828169014084507
0.6349295774647887
0.847605633802817
0.8540845070422535
0.6969014084507043
0.7825352112676056
0.8225352112676056
0.6630985915492957
0.6495774647887324
0.6507042253521127
0.671830985915493
0.8053521126760563
0.7828169014084507
0.7078873239436619
0.9414084507042253
0.7633802816901408
0.8078873239436619
0.7180281690140845
0.7788732394366197
0.8025352112676056
0.7594366197183099
0.6692957746478874
0.7684507042253521
0.8374647887323944
0.7304225352112677
0.7273239436619718
0.5687323943661972
0.7523943661971831
0.7357746478873239
0.7064788732394366
0.7684507042253521
0.6659154929577464
0.8225352112676056
0.8430985915492958
0.8185915492957746
0.6878873239436619
0.7357746478873239
0.7090140845070423
0.6856338028169014
0.7304225352112677
0.9411267605633803
0.7966197183098591
0.8433802816901409
0.832112676056338
0.8270422535211268
0.7630985915492958
0.8892957746478873
0.8664788732394366
0.7487323943661972
0.7636619718309859
0.776056338028169
0.7169014084507043
0.7346478873239437
0.6971830985915493
0.72
0.7704225352112676
0.6797183098591549
0.8104225352112676
0.8295774647887324
0.7636619718309859
0.7219718309859154
0.9053521126760563
0.7484507042253521
0.7867605633802817
0.7284507042253521
0.6907042253521126
0.675774647887324
0.7563380281690141
0.816056338028169
0.8743661971830986
0.7921126760563381
0.7709859154929577
0.7174647887323944
0.8380281690140845
0.7633802816901408
0.7211267605633803
0.688169014084507
0.7087323943661972
0.7369014084507042
0.8084507042253521
0.6659154929577464
0.7740845070422535
0.7112676056338029
0.7309859154929578
0.9152112676056338
0.7898591549295775
0.7535211267605634
0.839718309859155
0.7107042253521126
0.7830985915492957
0.9270422535211268
0.7194366197183099
0.7583098591549295
0.7811267605633803
0.7670422535211268
0.7377464788732394
0.7287323943661972
0.7794366197183099
0.2949295774647887
0.8369014084507043
0.6701408450704225
0.8839436619718309
0.8140845070422535
0.6884507042253522
0.7498591549295774
0.8016901408450704
0.803943661971831
0.7833802816901408
0.6845070422535211
0.7388732394366198
0.6777464788732395
0.7583098591549295
0.8067605633802817
0.7887323943661971
0.7307042253521127
0.7661971830985915
0.6385915492957747
0.6709859154929577
0.8225352112676056
0.8332394366197183
0.6830985915492958
0.5864788732394366
0.8225352112676056
0.7552112676056338
0.8064788732394366
0.6870422535211268
0.8236619718309859
0.6470422535211268
0.7985915492957747
0.7019718309859155
0.5211267605633803
0.7315492957746479
0.8214084507042253
0.7507042253521127
0.7329577464788732
0.763943661971831
0.8290140845070423
0.6323943661971831
0.7783098591549296
0.5870422535211267
0.7
0.648169014084507
0.8259154929577465
0.7664788732394366
0.7461971830985915
0.699718309859155
0.8056338028169014
0.78
0.7177464788732394
0.7022535211267605
0.723943661971831
0.7901408450704225
0.7219718309859154
0.7467605633802817
0.8126760563380282
0.7845070422535211
0.7107042253521126
0.803943661971831
0.7783098591549296
0.791830985915493
0.8011267605633803
0.7264788732394366
0.783943661971831
0.7647887323943662
0.772112676056338
0.4388732394366197
0.7287323943661972
0.7735211267605634
0.703943661971831
0.7335211267605634
0.6374647887323943
0.6870422535211268
0.5411267605633803
0.8129577464788732
0.787887323943662
0.839718309859155
0.7202816901408451
0.7614084507042254
0.7769014084507042
0.7016901408450704
0.6904225352112676
0.7509859154929578
0.8264788732394366
0.7563380281690141
0.6898591549295775
0.6374647887323943
0.6797183098591549
0.7346478873239437
0.6828169014084507
0.7980281690140845
0.7771830985915493
0.8101408450704225
0.6752112676056338
0.8228169014084507
0.660281690140845
0.6630985915492957
0.7571830985915493
0.776056338028169
0.7667605633802816
0.8261971830985916
0.7030985915492958
0.952112676056338
0.7340845070422535
0.7171830985915493
0.7169014084507043
0.8335211267605633
0.8157746478873239
0.6428169014084507
0.772394366197183
0.7636619718309859
0.8036619718309859
0.7453521126760564
0.8890140845070422
0.7025352112676057
0.7191549295774647
0.703943661971831
0.8278873239436619
0.8526760563380281
0.7538028169014085
0.780281690140845
0.8211267605633803
0.7453521126760564
0.6830985915492958
0.6805633802816902
0.7926760563380282
0.6518309859154929
0.6938028169014084
0.6980281690140845
0.8284507042253522
0.763943661971831
0.3583098591549296
0.6825352112676056
0.7616901408450705
0.7422535211267606
0.8123943661971831
0.6805633802816902
0.7078873239436619
0.9076056338028169
0.7056338028169014
0.8247887323943662
0.7698591549295775
0.7414084507042253
0.72
0.7814084507042254
0.727887323943662
0.8509859154929578
0.6188732394366198
0.9033802816901408
0.7515492957746479
0.8684507042253521
0.6574647887323943
0.8028169014084507
0.660281690140845
0.8030985915492957
0.8295774647887324
0.8847887323943662
0.7777464788732394
0.8135211267605634
0.8473239436619718
0.7078873239436619
0.7892957746478874
0.7783098591549296
0.756056338028169
0.7253521126760564
0.8298591549295775
0.7543661971830986
0.8064788732394366
0.7267605633802817
0.712112676056338
0.7569014084507042
0.7104225352112676
0.8633802816901408
0.8312676056338029
0.6740845070422535
0.7791549295774648
0.7692957746478873
0.7949295774647888
0.6909859154929577
0.671830985915493
0.7811267605633803
0.7726760563380282
0.6785915492957747
0.8078873239436619
0.7915492957746478
0.8540845070422535
0.8861971830985915
0.8250704225352112
0.8692957746478873
0.8042253521126761
0.7369014084507042
0.7185915492957746
0.6853521126760563
0.8273239436619718
0.5969014084507043
0.7518309859154929
0.7676056338028169
0.8777464788732394
0.744225352112676
0.3008450704225352
0.8718309859154929
0.6853521126760563
0.7135211267605633
0.7912676056338028
0.8033802816901409
0.836338028169014
0.6323943661971831
0.8726760563380281
0.7983098591549296
0.8495774647887324
0.7650704225352113
0.7726760563380282
0.747887323943662
0.6588732394366197
0.7876056338028169
0.7188732394366197
0.7887323943661971
0.6608450704225353
0.5907042253521126
0.7357746478873239
0.7366197183098592
0.8225352112676056
0.8107042253521127
0.6577464788732394
0.6983098591549296
0.7994366197183098
0.7504225352112676
0.6842253521126761
0.783943661971831
0.8129577464788732
0.7011267605633803
0.780281690140845
0.7464788732394366
0.8571830985915493
0.724225352112676
0.6943661971830986
0.803943661971831
0.7267605633802817
0.8464788732394366
0.7036619718309859
0.8214084507042253
0.8059154929577464
0.7369014084507042
0.8997183098591549
0.8630985915492958
0.704225352112676
0.7509859154929578
0.7890140845070422
0.7859154929577464
0.8464788732394366
0.9030985915492957
0.6938028169014084
0.7698591549295775
0.7467605633802817
0.563943661971831
0.6836619718309859
0.7740845070422535
0.7650704225352113
0.6160563380281691
0.8307042253521126
0.7873239436619718
0.783661971830986
0.7363380281690141
0.772394366197183
0.8107042253521127
0.712112676056338
0.7433802816901408
0.7512676056338028
0.864225352112676
0.856056338028169
0.7526760563380281
0.6154929577464788
0.6645070422535211
0.6867605633802817
0.8340845070422536
0.7630985915492958
0.8557746478873239
0.704225352112676
0.7847887323943662
0.7138028169014085
0.668169014084507
0.8447887323943662
0.7346478873239437
0.7985915492957747
0.8121126760563381
0.7177464788732394
0.7416901408450705
0.776056338028169
0.7814084507042254
0.5369014084507042
0.6943661971830986
0.8152112676056338
0.8180281690140845
0.7138028169014085
0.7566197183098592
0.6169014084507042
0.7873239436619718
0.7490140845070422
0.8264788732394366
0.8985915492957747
0.7890140845070422
0.13380281690140844
0.6712676056338028
0.7132394366197183
0.8295774647887324
0.6983098591549296
0.8129577464788732
0.7230985915492958
0.7461971830985915
0.6957746478873239
0.7157746478873239
0.7183098591549296
0.7943661971830986
0.7985915492957747
0.767887323943662
0.7487323943661972
0.7070422535211267
0.8143661971830986
0.756056338028169
0.708169014084507
0.6850704225352112
0.6346478873239436
0.7132394366197183
0.7898591549295775
0.819718309859155
0.8298591549295775
0.6904225352112676
0.7971830985915493
0.6952112676056338
0.8121126760563381
0.7577464788732394
0.6842253521126761
0.7104225352112676
0.688169014084507
0.927887323943662
0.8059154929577464
0.8433802816901409
0.847887323943662
0.7149295774647887
0.780281690140845
0.9245070422535211
0.7307042253521127
0.9292957746478874
0.7095774647887324
0.803943661971831
0.6884507042253522
0.7695774647887323
0.7645070422535212
0.7188732394366197
0.8977464788732394
0.8487323943661972
0.8490140845070423
0.8104225352112676
0.6836619718309859
0.9115492957746479
0.7797183098591549
0.7591549295774648
0.6895774647887324
0.7030985915492958
0.783943661971831
0.6577464788732394
0.7335211267605634
0.8225352112676056
0.7484507042253521
0.6659154929577464
0.7022535211267605
0.6791549295774648
0.7394366197183099
0.7045070422535211
0.6442253521126761
0.7343661971830986
0.7535211267605634
0.6723943661971831
0.7301408450704225
0.7523943661971831
0.7830985915492957
0.6783098591549296
0.6690140845070423
0.7535211267605634
0.7391549295774648
0.8594366197183099
0.676056338028169
0.7509859154929578
0.8459154929577465
0.7921126760563381
0.7526760563380281
0.7287323943661972
0.7374647887323944
0.8740845070422535
0.7416901408450705
0.7036619718309859
0.7890140845070422
0.8738028169014085
0.8149295774647888
0.7738028169014084
0.6861971830985916
0.783943661971831
0.8853521126760563
0.8171830985915493
0.6566197183098591
0.7585915492957747
0.7487323943661972
0.7673239436619719
0.7785915492957747
0.8619718309859155
0.7661971830985915
0.8101408450704225
0.7932394366197183
0.7692957746478873
0.7571830985915493
0.6797183098591549
0.7253521126760564
0.7256338028169014
0.7298591549295774
0.7169014084507043
0.7073239436619718
0.7859154929577464
0.7695774647887323
0.6653521126760563
0.7149295774647887
0.7233802816901408
0.7605633802816901
0.7481690140845071
0.7692957746478873
0.7676056338028169
0.7064788732394366
0.6470422535211268
0.7402816901408451
0.7788732394366197
0.8450704225352113
0.6963380281690141
0.7473239436619719
0.7909859154929577
0.776056338028169
0.7292957746478873
0.7211267605633803
0.6292957746478873
0.7645070422535212
0.8129577464788732
0.8394366197183099
0.7109859154929578
0.7008450704225352
0.7740845070422535
0.7247887323943661
0.8076056338028169
0.7552112676056338
0.719718309859155
0.7047887323943662
0.7929577464788733
0.7546478873239436
0.7963380281690141
0.8549295774647887
0.8329577464788732
0.6712676056338028
0.7684507042253521
0.7769014084507042
0.7580281690140845
0.7887323943661971
0.6985915492957746
0.7611267605633802
0.7354929577464788
0.7709859154929577
0.7287323943661972
0.7107042253521126
0.6630985915492957
0.7
0.7774647887323943
0.6363380281690141
0.7414084507042253
0.615774647887324
0.747887323943662
0.7774647887323943
0.7295774647887324
0.7901408450704225
0.6856338028169014
0.6929577464788732
0.5746478873239437
0.8707042253521127
0.7391549295774648
0.6921126760563381
0.7152112676056338
0.8805633802816901
0.7076056338028169
0.7726760563380282
0.7138028169014085
0.7754929577464789
0.8856338028169014
0.7828169014084507
0.37690140845070425
0.7645070422535212
0.6856338028169014
0.8332394366197183
0.7664788732394366
0.7647887323943662
0.775774647887324
0.8546478873239437
0.8121126760563381
0.8380281690140845
0.811830985915493
0.8692957746478873
0.7619718309859155
0.7763380281690141
0.8374647887323944
0.7259154929577465
0.8746478873239436
0.7287323943661972
0.8594366197183099
0.712112676056338
0.8025352112676056
0.8163380281690141
0.6788732394366197
0.7785915492957747
0.7791549295774648
0.6673239436619718
0.8123943661971831
0.7698591549295775
0.7574647887323943
0.7580281690140845
0.7070422535211267
0.8585915492957746
0.7171830985915493
0.8470422535211267
0.780281690140845
0.7690140845070422
0.7349295774647887
0.3754929577464789
0.6929577464788732
0.8507042253521127
0.7830985915492957
0.772394366197183
0.6326760563380281
0.8484507042253521
0.6769014084507042
0.7977464788732395
0.7983098591549296
0.6343661971830986
0.7464788732394366
0.8030985915492957
0.8864788732394366
0.7143661971830986
0.8270422535211268
0.7546478873239436
0.6526760563380282
0.7208450704225352
0.7876056338028169
0.8836619718309859
0.8008450704225352
0.908169014084507
0.7819718309859155
0.7850704225352113
0.7225352112676057
0.776056338028169
0.7509859154929578
0.7904225352112676
0.7397183098591549
0.744225352112676
0.8354929577464789
0.3912676056338028
0.9219718309859155
0.6318309859154929
0.6735211267605634
0.7909859154929577
0.8146478873239437
0.7123943661971831
0.7169014084507043
0.7230985915492958
0.723943661971831
0.6952112676056338
0.7129577464788732
0.8098591549295775
0.7833802816901408
0.6966197183098591
0.62
0.6816901408450704
0.7476056338028169
0.8014084507042254
0.816056338028169
0.78
0.8171830985915493
0.7535211267605634
0.6971830985915493
0.8487323943661972
0.7166197183098592
0.6887323943661972
0.5949295774647887
0.900281690140845
0.787887323943662
0.6991549295774648
0.7140845070422536
0.7867605633802817
0.8228169014084507
0.7
0.7943661971830986
0.7022535211267605
0.7053521126760564
0.8529577464788732
0.8388732394366197
0.6797183098591549
0.6994366197183098
0.6788732394366197
0.6864788732394366
0.8309859154929577
0.6416901408450705
0.8430985915492958
0.7391549295774648
0.8647887323943662
0.8718309859154929
0.7684507042253521
0.7228169014084507
0.7349295774647887
0.6430985915492958
0.7746478873239436
0.803943661971831
0.7552112676056338
0.9
0.7985915492957747
0.8723943661971831
0.7949295774647888
0.8025352112676056
0.5904225352112676
0.7952112676056338
0.8095774647887324
0.7698591549295775
0.8270422535211268
0.6971830985915493
0.7619718309859155
0.7388732394366198
0.37014084507042255
0.7805633802816901
0.8352112676056338
0.8188732394366197
0.7095774647887324
0.8580281690140845
0.8045070422535211
0.6202816901408451
0.8270422535211268
0.8323943661971831
0.8008450704225352
0.7805633802816901
0.8098591549295775
0.6453521126760563
0.5819718309859155
0.8676056338028169
0.5715492957746479
0.8073239436619718
0.6783098591549296
0.7650704225352113
0.723943661971831
0.6369014084507042
0.7732394366197183
0.8033802816901409
0.6833802816901409
0.8076056338028169
0.8354929577464789
0.7366197183098592
0.9022535211267606
0.727605633802817
0.8174647887323944
0.7436619718309859
0.683943661971831
0.7501408450704226
0.7532394366197183
0.7473239436619719
0.7822535211267606
0.6783098591549296
0.7484507042253521
0.6664788732394367
0.688169014084507
0.8495774647887324
0.7047887323943662
0.7061971830985916
0.724225352112676
0.7825352112676056
0.9183098591549296
0.9076056338028169
0.6836619718309859
0.7090140845070423
0.767887323943662
0.7901408450704225
0.6935211267605634
0.8785915492957747
0.7673239436619719
0.7487323943661972
0.8656338028169014
0.7630985915492958
0.791830985915493
0.76
0.9025352112676056
0.727605633802817
0.7718309859154929
0.8723943661971831
0.691830985915493
0.7050704225352112
0.7783098591549296
0.7543661971830986
0.7676056338028169
0.7763380281690141
0.7549295774647887
0.6842253521126761
0.7830985915492957
0.7433802816901408
0.7098591549295775
0.8619718309859155
0.6267605633802817
0.6746478873239437
0.6985915492957746
0.7129577464788732
0.6946478873239437
0.8194366197183098
0.663661971830986
0.7261971830985916
0.7847887323943662
0.7140845070422536
0.7222535211267606
0.7890140845070422
0.851830985915493
0.6890140845070423
0.8408450704225352
0.5470422535211268
0.7659154929577465
0.7450704225352113
0.8492957746478873
0.7850704225352113
0.7552112676056338
0.8684507042253521
0.68
0.7585915492957747
0.6743661971830985
0.6667605633802817
0.7473239436619719
0.7002816901408451
0.7380281690140845
0.8005633802816902
0.6507042253521127
0.7467605633802817
0.8132394366197183
0.7025352112676057
0.7940845070422535
0.7946478873239436
0.7174647887323944
0.767887323943662
0.9529577464788732
0.8292957746478873
0.7963380281690141
0.5647887323943662
0.7146478873239437
0.6430985915492958
0.7698591549295775
0.7909859154929577
0.7070422535211267
0.887887323943662
0.8064788732394366
0.7864788732394367
0.7616901408450705
0.7084507042253522
0.7250704225352113
0.7543661971830986
0.6323943661971831
0.8718309859154929
0.7808450704225353
0.7698591549295775
0.8084507042253521
0.708169014084507
0.7653521126760563
0.7535211267605634
0.7735211267605634
0.7732394366197183
0.7825352112676056
0.7045070422535211
0.7422535211267606
0.7898591549295775
0.8718309859154929
0.8146478873239437
0.7833802816901408
0.6856338028169014
0.8861971830985915
0.7698591549295775
0.8687323943661972
0.8005633802816902
0.6667605633802817
0.8061971830985916
0.6943661971830986
0.7323943661971831
0.7552112676056338
0.7422535211267606
0.7498591549295774
0.7146478873239437
0.6732394366197183
0.6667605633802817
0.7022535211267605
0.7850704225352113
0.78
0.6952112676056338
0.8008450704225352
0.7016901408450704
0.6273239436619719
0.7014084507042253
0.8312676056338029
0.8498591549295774
0.7670422535211268
0.7374647887323944
0.5385915492957747
0.743943661971831
0.7183098591549296
0.7822535211267606
0.6836619718309859
0.7169014084507043
0.9430985915492958
0.7777464788732394
0.6647887323943662
0.7749295774647887
0.7374647887323944
0.7428169014084507
0.7636619718309859
0.8112676056338028
0.7084507042253522
0.7290140845070423
0.5656338028169015
0.6749295774647888
0.6659154929577464
0.7036619718309859
0.7540845070422535
0.7512676056338028
0.7419718309859155
0.7740845070422535
0.7019718309859155
0.6943661971830986
0.6588732394366197
0.7915492957746478
0.8540845070422535
0.7016901408450704
0.6630985915492957
0.7526760563380281
0.6363380281690141
0.8228169014084507
0.8323943661971831
0.907887323943662
0.7377464788732394
0.72
0.8194366197183098
0.7726760563380282
0.9290140845070423
0.6901408450704225
0.6969014084507043
0.8304225352112676
0.7126760563380282
0.9264788732394367
0.7988732394366197
0.8087323943661971
0.8645070422535212
0.7715492957746479
0.7740845070422535
0.7219718309859154
0.6912676056338029
0.8594366197183099
0.8183098591549296
0.7904225352112676
0.8
0.7808450704225353
0.8157746478873239
0.8152112676056338
0.7605633802816901
0.6585915492957747
0.7695774647887323
0.8777464788732394
0.7647887323943662
0.7943661971830986
0.8230985915492958
0.7938028169014084
0.7645070422535212
0.7743661971830986
0.8084507042253521
0.7380281690140845
0.847887323943662
0.7357746478873239
0.9047887323943662
0.7250704225352113
0.823943661971831
0.8329577464788732
0.7645070422535212
0.6788732394366197
0.6261971830985915
0.7453521126760564
0.6915492957746479
0.7366197183098592
0.719718309859155
0.7101408450704225
0.9284507042253521
0.727605633802817
0.7616901408450705
0.7157746478873239
0.7619718309859155
0.7208450704225352
0.7092957746478873
0.8194366197183098
0.8836619718309859
0.7290140845070423
0.7166197183098592
0.8267605633802817
0.7988732394366197
0.7819718309859155
0.7811267605633803
0.7746478873239436
0.8067605633802817
0.7191549295774647
0.7340845070422535
0.6616901408450704
0.7450704225352113
0.7481690140845071
0.6830985915492958
0.7059154929577465
0.7061971830985916
0.7771830985915493
0.6966197183098591
0.8430985915492958
0.8723943661971831
0.7101408450704225
0.6895774647887324
0.8304225352112676
0.8098591549295775
0.6470422535211268
0.7695774647887323
0.7932394366197183
0.8554929577464788
0.7070422535211267
0.7701408450704226
0.6890140845070423
0.7732394366197183
0.8718309859154929
0.6938028169014084
0.7416901408450705
0.6509859154929577
0.7445070422535212
0.8628169014084507
0.8259154929577465
0.9016901408450704
0.7216901408450704
0.6988732394366197
0.7608450704225352
0.6743661971830985
0.7064788732394366
0.7988732394366197
0.6915492957746479
0.7352112676056338
0.8571830985915493
0.7397183098591549
0.6954929577464789
0.7977464788732395
0.7250704225352113
0.6645070422535211
0.8250704225352112
0.7842253521126761
0.8253521126760563
0.8
0.9
0.7754929577464789
0.7974647887323943
0.775774647887324
0.8836619718309859
0.7371830985915493
0.7822535211267606
0.887887323943662
0.6256338028169014
0.7112676056338029
0.8171830985915493
0.6538028169014084
0.7230985915492958
0.8676056338028169
0.8030985915492957
0.7566197183098592
0.46901408450704224
0.7492957746478873
0.8430985915492958
0.8016901408450704
0.7225352112676057
0.6861971830985916
0.7343661971830986
0.6853521126760563
0.7481690140845071
0.8022535211267605
0.6585915492957747
0.736056338028169
0.6819718309859155
0.708169014084507
0.6084507042253521
0.7785915492957747
0.7577464788732394
0.892112676056338
0.7526760563380281
0.7673239436619719
0.7019718309859155
0.7295774647887324
0.7628169014084507
0.7529577464788733
0.8405633802816901
0.7535211267605634
0.599718309859155
0.8304225352112676
0.7405633802816901
0.8509859154929578
0.8315492957746479
0.783943661971831
0.8259154929577465
0.7785915492957747
0.819718309859155
0.7374647887323944
0.7676056338028169
0.8067605633802817
0.7526760563380281
0.7498591549295774
0.7628169014084507
0.7769014084507042
0.7140845070422536
0.7546478873239436
0.808169014084507
0.6797183098591549
0.7943661971830986
0.6661971830985915
0.8864788732394366
0.8219718309859155
0.6735211267605634
0.7107042253521126
0.7549295774647887
0.6290140845070422
0.8636619718309859
0.7323943661971831
0.6473239436619719
0.6921126760563381
0.7969014084507042
0.6374647887323943
0.9030985915492957
0.7690140845070422
0.8276056338028169
0.8628169014084507
0.6985915492957746
0.7566197183098592
0.8490140845070423
0.76
0.7312676056338028
0.7157746478873239
0.7033802816901409
0.7450704225352113
0.7633802816901408
0.8523943661971831
0.6946478873239437
0.8323943661971831
0.7259154929577465
0.6340845070422535
0.7752112676056339
0.7690140845070422
0.7616901408450705
0.7233802816901408
0.7011267605633803
0.8301408450704225
0.8045070422535211
0.8076056338028169
0.7988732394366197
0.7329577464788732
0.8191549295774648
0.7476056338028169
0.7729577464788733
0.4501408450704225
0.7261971830985916
0.7484507042253521
0.8177464788732395
0.6811267605633803
0.7754929577464789
0.8335211267605633
0.7129577464788732
0.6340845070422535
0.6952112676056338
0.8019718309859155
0.7909859154929577
0.7647887323943662
0.7938028169014084
0.7633802816901408
0.747887323943662
0.8112676056338028
0.8588732394366198
0.7267605633802817
0.6954929577464789
0.7354929577464788
0.7690140845070422
0.6309859154929578
0.8445070422535211
0.7292957746478873
0.7549295774647887
0.8419718309859155
0.7507042253521127
0.7659154929577465
0.8185915492957746
0.8985915492957747
0.8109859154929577
0.8005633802816902
0.7329577464788732
0.6974647887323944
0.8833802816901408
0.66
0.676056338028169
0.7892957746478874
0.7997183098591549
0.8104225352112676
0.8236619718309859
0.712112676056338
0.8450704225352113
0.7408450704225352
0.8430985915492958
0.8501408450704225
0.82
0.744225352112676
0.8298591549295775
0.7698591549295775
0.8346478873239437
0.7904225352112676
0.7107042253521126
0.819718309859155
0.7766197183098592
0.8036619718309859
0.7512676056338028
0.2828169014084507
0.6859154929577465
0.8078873239436619
0.7690140845070422
0.8388732394366197
0.6892957746478873
0.775774647887324
0.5428169014084507
0.7329577464788732
0.7447887323943662
0.8298591549295775
0.7901408450704225
0.7298591549295774
0.7636619718309859
0.7571830985915493
0.8445070422535211
0.7509859154929578
0.8847887323943662
0.7461971830985915
0.7230985915492958
0.7109859154929578
0.8836619718309859
0.7107042253521126
0.7738028169014084
0.7771830985915493
0.6954929577464789
0.6926760563380282
0.7425352112676057
0.7842253521126761
0.723943661971831
0.8112676056338028
0.8332394366197183
0.6397183098591549
0.7698591549295775
0.7430985915492958
0.6633802816901408
0.7453521126760564
0.7025352112676057
0.7659154929577465
0.7619718309859155
0.7884507042253521
0.8450704225352113
0.7935211267605634
0.704225352112676
0.7670422535211268
0.7140845070422536
0.7487323943661972
0.7690140845070422
0.7326760563380281
0.7459154929577465
0.7847887323943662
0.7250704225352113
0.7735211267605634
0.8112676056338028
0.7490140845070422
0.7374647887323944
0.7202816901408451
0.7647887323943662
0.7177464788732394
0.8405633802816901
0.8025352112676056
0.7073239436619718
0.7307042253521127
0.9033802816901408
0.7940845070422535
0.7222535211267606
0.7456338028169014
0.8661971830985915
0.6219718309859155
0.8247887323943662
0.8014084507042254
0.6667605633802817
0.7569014084507042
0.6864788732394366
0.8174647887323944
0.803943661971831
0.6785915492957747
0.8853521126760563
0.7450704225352113
0.8174647887323944
0.8143661971830986
0.7602816901408451
0.8602816901408451
0.6492957746478873
0.9095774647887324
0.7014084507042253
0.7292957746478873
0.6907042253521126
0.8185915492957746
0.6856338028169014
0.8326760563380282
0.9484507042253522
0.8056338028169014
0.7287323943661972
0.8543661971830986
0.7267605633802817
0.7963380281690141
0.4602816901408451
0.8338028169014085
0.7830985915492957
0.7842253521126761
0.8202816901408451
0.8250704225352112
0.744225352112676
0.7236619718309859
0.8830985915492958
0.6980281690140845
0.8416901408450704
0.831830985915493
0.7084507042253522
0.7932394366197183
0.8357746478873239
0.7642253521126761
0.727887323943662
0.8915492957746479
0.959718309859155
0.732112676056338
0.8112676056338028
0.6774647887323944
0.47577464788732393
0.7414084507042253
0.7940845070422535
0.863943661971831
0.6969014084507043
0.9070422535211268
0.7830985915492957
0.7935211267605634
0.6422535211267606
0.7712676056338028
0.8752112676056338
0.8250704225352112
0.7735211267605634
0.6329577464788733
0.7450704225352113
0.7076056338028169
0.8211267605633803
0.7526760563380281
0.7633802816901408
0.8692957746478873
0.6645070422535211
0.7492957746478873
0.755774647887324
0.7166197183098592
0.8845070422535212
0.824225352112676
0.7636619718309859
0.7701408450704226
0.7563380281690141
0.8369014084507043
0.7940845070422535
0.8907042253521127
0.7245070422535211
0.5732394366197183
0.8346478873239437
0.5005633802816901
0.6450704225352113
0.8712676056338028
0.7861971830985915
0.7605633802816901
0.9107042253521127
0.847887323943662
0.8042253521126761
0.6983098591549296
0.9
0.7780281690140846
0.8453521126760564
0.7895774647887324
0.8566197183098592
0.9304225352112676
0.8073239436619718
0.8994366197183099
0.787887323943662
0.8115492957746478
0.7569014084507042
0.8228169014084507
0.7740845070422535
0.8805633802816901
0.7343661971830986
0.7332394366197184
0.8515492957746479
0.731830985915493
0.7983098591549296
0.8650704225352113
0.7653521126760563
0.7
0.7566197183098592
0.7890140845070422
0.7701408450704226
0.7692957746478873
0.7983098591549296
0.7754929577464789
0.8602816901408451
0.7619718309859155
0.7529577464788733
0.7098591549295775
0.9073239436619718
0.7487323943661972
0.7259154929577465
0.6769014084507042
0.7245070422535211
0.6898591549295775
0.7470422535211267
0.7729577464788733
0.8952112676056339
0.7769014084507042
0.7202816901408451
0.540281690140845
0.8374647887323944
0.8307042253521126
0.7774647887323943
0.9219718309859155
0.795774647887324
0.7253521126760564
0.744225352112676
0.7673239436619719
0.7033802816901409
0.7011267605633803
0.7391549295774648
0.74
0.7580281690140845
0.7701408450704226
0.7625352112676056
0.6785915492957747
0.8011267605633803
0.6783098591549296
0.8304225352112676
0.6898591549295775
0.7216901408450704
0.7625352112676056
0.7898591549295775
0.7853521126760563
0.7791549295774648
0.683943661971831
0.8267605633802817
0.7994366197183098
0.7112676056338029
0.7104225352112676
0.583943661971831
0.6861971830985916
0.7726760563380282
0.7064788732394366
0.7923943661971831
0.716338028169014
0.7512676056338028
0.7616901408450705
0.6884507042253522
0.6084507042253521
0.8129577464788732
0.7847887323943662
0.8529577464788732
0.7538028169014085
0.6830985915492958
0.7225352112676057
0.6876056338028169
0.7825352112676056
0.6884507042253522
0.7946478873239436
0.7391549295774648
0.7735211267605634
0.7938028169014084
0.7326760563380281
0.711830985915493
0.712112676056338
0.8828169014084507
0.6932394366197183
0.8256338028169015
0.6819718309859155
0.8121126760563381
0.6887323943661972
0.7698591549295775
0.6684507042253521
0.6732394366197183
0.7180281690140845
0.7146478873239437
0.7377464788732394
0.768169014084507
0.632112676056338
0.723943661971831
0.691830985915493
0.8276056338028169
0.7270422535211267
0.7492957746478873
0.9070422535211268
0.6805633802816902
0.7394366197183099
0.7061971830985916
0.7332394366197184
0.8236619718309859
0.7585915492957747
0.7594366197183099
0.8332394366197183
0.8532394366197183
0.4752112676056338
0.7870422535211268
0.8053521126760563
0.12647887323943663
0.7738028169014084
0.7284507042253521
0.6752112676056338
0.7149295774647887
0.6645070422535211
0.7363380281690141
0.8202816901408451
0.7853521126760563
0.31380281690140843
0.796056338028169
0.7245070422535211
0.663661971830986
0.7932394366197183
0.691830985915493
0.7346478873239437
0.9512676056338029
0.7729577464788733
0.7304225352112677
0.6569014084507042
0.5884507042253521
0.5307042253521127
0.7309859154929578
0.7997183098591549
0.7264788732394366
0.7876056338028169
0.8608450704225352
0.6532394366197183
0.8450704225352113
0.6070422535211267
0.7205633802816901
0.7225352112676057
0.655774647887324
0.7456338028169014
0.5346478873239436
0.8169014084507042
0.8461971830985916
0.5661971830985916
0.7270422535211267
0.772394366197183
0.7095774647887324
0.7552112676056338
0.8295774647887324
0.5450704225352113
0.8819718309859155
0.8292957746478873
0.7005633802816902
0.7340845070422535
0.7616901408450705
0.7233802816901408
0.7253521126760564
0.747887323943662
0.7569014084507042
0.7078873239436619
0.8554929577464788
0.7366197183098592
0.8777464788732394
0.6966197183098591
0.7445070422535212
0.7352112676056338
0.7794366197183099
0.6777464788732395
0.8298591549295775
0.8078873239436619
0.7876056338028169
0.7228169014084507
0.696056338028169
0.7580281690140845
0.7371830985915493
0.6738028169014084
0.8214084507042253
0.7673239436619719
0.8014084507042254
0.7225352112676057
0.8166197183098591
0.8647887323943662
0.7264788732394366
0.6267605633802817
0.9371830985915492
0.7830985915492957
0.7002816901408451
0.7107042253521126
0.7504225352112676
0.7842253521126761
0.752112676056338
0.7112676056338029
0.7309859154929578
0.6059154929577465
0.7022535211267605
0.8419718309859155
0.7385915492957746
0.8791549295774648
0.800281690140845
0.652112676056338
0.7095774647887324
0.7332394366197184
0.7501408450704226
0.8104225352112676
0.7887323943661971
0.7154929577464789
0.8045070422535211
0.7205633802816901
0.7876056338028169
0.8152112676056338
0.6343661971830986
0.8619718309859155
0.7152112676056338
0.7101408450704225
0.6630985915492957
0.7470422535211267
0.7076056338028169
0.8357746478873239
0.744225352112676
0.7997183098591549
0.756056338028169
0.7509859154929578
0.8515492957746479
0.8619718309859155
0.6904225352112676
0.828169014084507
0.8163380281690141
0.6292957746478873
0.6898591549295775
0.9529577464788732
0.7008450704225352
0.7673239436619719
0.6743661971830985
0.8585915492957746
0.6785915492957747
0.3569014084507042
0.7416901408450705
0.7907042253521127
0.744225352112676
0.7946478873239436
0.6904225352112676
0.8430985915492958
0.8540845070422535
0.8225352112676056
0.7791549295774648
0.755774647887324
0.7684507042253521
0.4253521126760563
0.7059154929577465
0.7385915492957746
0.7850704225352113
0.8890140845070422
0.7670422535211268
0.8090140845070423
0.8943661971830986
0.723943661971831
0.7180281690140845
0.4636619718309859
0.8698591549295774
0.7954929577464789
0.7185915492957746
0.8557746478873239
0.7698591549295775
0.8487323943661972
0.8053521126760563
0.7628169014084507
0.6354929577464788
0.7701408450704226
0.7819718309859155
0.7377464788732394
0.7397183098591549
0.8583098591549295
0.7335211267605634
0.7822535211267606
0.6036619718309859
0.7783098591549296
0.7512676056338028
0.7377464788732394
0.796056338028169
0.8374647887323944
0.6949295774647888
0.7433802816901408
0.8
0.7332394366197184
0.8414084507042253
0.6864788732394366
0.7338028169014085
0.6095774647887324
0.4802816901408451
0.3912676056338028
0.76
0.7667605633802816
0.7425352112676057
0.7253521126760564
0.6952112676056338
0.6771830985915493
0.6011267605633803
0.831830985915493
0.7340845070422535
0.7253521126760564
0.8585915492957746
0.7709859154929577
0.6794366197183098
0.7214084507042253
0.8292957746478873
0.7701408450704226
0.7036619718309859
0.8284507042253522
0.6267605633802817
0.7783098591549296
0.6036619718309859
0.8107042253521127
0.8126760563380282
0.816056338028169
0.7687323943661972
0.7650704225352113
0.7712676056338028
0.6957746478873239
0.9290140845070423
0.7949295774647888
0.7329577464788732
0.791830985915493
