0.8416496945010183
0.9065682281059063
0.8576883910386965
0.8054989816700611
0.8615071283095723
0.8014256619144603
0.8006619144602851
0.7991344195519349
0.8834012219959266
0.9289714867617108
0.9032586558044806
0.605142566191446
0.6883910386965377
0.8082993890020367
0.8678716904276986
0.924643584521385
0.7932790224032586
0.794806517311609
0.6453665987780041
0.7795315682281059
0.8424134419551935
0.7008655804480651
0.820264765784114
0.8009164969450102
0.9226069246435845
0.7418533604887984
0.7861507128309573
0.9014765784114053
0.8355397148676171
0.8144093686354379
0.8233197556008147
0.7785132382892057
0.8721995926680245
0.9203156822810591
0.8368126272912424
0.8413951120162932
0.9086048879837068
0.9108961303462322
0.9126782077393075
0.8890020366598778
0.800152749490835
0.8457230142566191
0.9269348268839104
0.6945010183299389
0.9226069246435845
0.7818228105906314
0.7792769857433809
0.8136456211812627
0.35310590631364563
0.8062627291242362
0.7207230142566191
0.7163951120162932
0.84979633401222
0.8940936863543788
0.9027494908350305
0.8370672097759674
0.7922606924643585
0.8989307535641547
0.7522912423625254
0.7675661914460286
0.9024949083503055
0.7662932790224033
0.8357942973523421
0.8923116089613035
0.6886456211812627
0.8783095723014257
0.8775458248472505
0.7339613034623218
0.6713340122199593
0.784877800407332
0.8026985743380856
0.8780549898167006
0.9274439918533605
0.9037678207739308
0.7520366598778004
0.6825356415478615
0.7255600814663951
0.9190427698574338
0.8490325865580448
0.9070773930753564
0.9330448065173116
0.814918533604888
0.8375763747454175
0.28818737270875766
0.9243890020366599
0.7869144602851323
0.7706211812627292
0.8747454175152749
0.8291751527494908
0.7581466395112016
0.8057535641547862
0.9572301425661914
0.925152749490835
0.8462321792260692
0.6257637474541752
0.8905295315682281
0.780040733197556
0.7385437881873728
0.7260692464358453
0.8928207739307535
0.935336048879837
0.7991344195519349
0.8383401221995926
0.7810590631364562
0.9261710794297352
0.8574338085539714
0.8388492871690427
0.8709266802443992
0.8136456211812627
0.45417515274949083
0.8630346232179226
0.719959266802444
0.740071283095723
0.8513238289205702
0.7782586558044806
0.7604378818737271
0.8016802443991853
0.7489816700610998
0.8215376782077393
0.8890020366598778
0.7128309572301426
0.7986252545824847
0.9358452138492872
0.810336048879837
0.9287169042769857
0.8391038696537678
0.8276476578411406
0.8263747454175153
0.8357942973523421
0.8375763747454175
0.8864562118126272
0.8304480651731161
0.9488289205702648
0.8872199592668024
0.8612525458248472
0.9455193482688391
0.8075356415478615
0.8098268839103869
0.8632892057026477
0.7805498981670062
0.7156313645621182
0.7362525458248472
0.7034114052953157
0.8021894093686355
0.7265784114052953
0.8029531568228105
0.7510183299389002
0.7912423625254582
0.8645621181262729
0.699847250509165
0.9248981670061099
0.780040733197556
0.7016293279022403
0.8482688391038696
0.7181771894093686
0.9060590631364562
0.9684317718940937
0.8118635437881874
0.7502545824847251
0.909877800407332
0.8602342158859471
0.7988798370672098
0.754837067209776
0.8243380855397149
0.8734725050916496
0.8088085539714868
0.8062627291242362
0.9248981670061099
0.7324338085539714
0.9605397148676171
0.9187881873727087
0.9078411405295316
0.8118635437881874
0.7291242362525459
0.8192464358452138
0.7673116089613035
0.8212830957230143
0.8459775967413442
0.8032077393075356
0.8441955193482689
0.8128818737270875
0.9429735234215886
0.8940936863543788
0.7925152749490835
0.7505091649694501
0.7713849287169042
0.8263747454175153
0.7617107942973523
0.794806517311609
0.9274439918533605
0.6776985743380856
0.8981670061099797
0.9493380855397149
0.7291242362525459
0.9401731160896131
0.8772912423625254
0.8658350305498982
0.7011201629327902
0.7235234215885947
0.844704684317719
0.77520366598778
0.7497454175152749
0.7864052953156823
0.5552443991853361
0.7484725050916496
0.8536150712830958
0.8772912423625254
0.8332484725050916
0.7016293279022403
0.7214867617107943
0.8892566191446029
0.7479633401221996
0.8029531568228105
0.8637983706720977
0.90020366598778
0.8457230142566191
0.8258655804480651
0.810081466395112
0.7018839103869654
0.7466904276985743
0.7973523421588594
0.6479124236252546
0.8729633401221996
0.9070773930753564
0.8105906313645621
0.8714358452138493
0.9007128309572301
0.16980651731160895
0.5208757637474541
0.7759674134419552
0.6491853360488798
0.8862016293279023
0.7288696537678208
0.8421588594704684
0.8161914460285132
0.7935336048879837
0.8261201629327902
0.7843686354378818
0.90020366598778
0.8021894093686355
0.655040733197556
0.8016802443991853
0.8217922606924644
0.8080448065173116
0.9264256619144603
0.9269348268839104
0.8762729124236253
0.700356415478615
0.9470468431771895
0.704938900203666
0.835030549898167
0.7522912423625254
0.8307026476578412
0.8210285132382892
0.7113034623217923
0.9259164969450102
0.8655804480651731
0.7960794297352343
0.8609979633401222
0.9775967413441955
0.9009674134419552
0.8116089613034623
0.9004582484725051
0.9009674134419552
0.8378309572301426
0.9241344195519349
0.7398167006109979
0.7115580448065173
0.8169551934826884
0.7535641547861507
0.9075865580448065
0.7016293279022403
0.7566191446028513
0.6810081466395111
0.6092158859470469
0.8029531568228105
0.7792769857433809
0.7889511201629328
0.7963340122199593
0.7904786150712831
0.7955702647657841
0.7077393075356415
0.6586048879837068
0.780295315682281
0.8693991853360489
0.9796334012219959
0.7466904276985743
0.8054989816700611
0.9266802443991853
0.6593686354378818
0.7675661914460286
0.7673116089613035
0.8778004073319755
0.7746945010183299
0.7591649694501018
0.7062118126272913
0.8159368635437881
0.8057535641547862
0.7958248472505092
0.6909368635437881
0.715122199592668
0.8864562118126272
0.7584012219959266
0.910132382892057
0.9093686354378818
0.859725050916497
0.7853869653767821
0.9457739307535642
0.870417515274949
0.8940936863543788
0.7838594704684317
0.859979633401222
0.7744399185336049
0.8335030549898167
0.6967922606924644
0.9292260692464358
0.7673116089613035
0.7594195519348269
0.8989307535641547
0.890020366598778
0.9093686354378818
0.8080448065173116
0.7846232179226069
0.7505091649694501
0.7141038696537678
0.9317718940936863
0.824847250509165
0.8538696537678208
0.7245417515274949
0.7510183299389002
0.6860997963340122
0.7986252545824847
0.7118126272912424
0.789969450101833
0.7377800407331976
0.37372708757637474
0.8110997963340122
0.9014765784114053
0.9205702647657841
0.8464867617107943
0.7881873727087576
0.9274439918533605
0.8363034623217923
0.30091649694501016
0.9480651731160896
0.8968940936863544
0.8602342158859471
0.8785641547861507
0.6611507128309573
0.9068228105906314
0.9470468431771895
0.8892566191446029
0.9414460285132383
0.7436354378818737
0.6405295315682281
0.8963849287169042
0.870417515274949
0.8602342158859471
0.7815682281059063
0.799643584521385
0.780040733197556
0.8482688391038696
0.8314663951120163
0.8989307535641547
0.7487270875763747
0.5771384928716904
0.7759674134419552
0.7525458248472505
0.8673625254582484
0.8075356415478615
0.8783095723014257
0.9065682281059063
0.8513238289205702
0.8154276985743381
0.8126272912423625
0.6081975560081466
0.7258146639511202
0.8281568228105907
0.8335030549898167
0.8172097759674134
0.8029531568228105
0.9304989816700611
0.7395621181262729
0.8915478615071283
0.7769857433808554
0.8839103869653768
0.9473014256619144
0.7986252545824847
0.8006619144602851
0.8828920570264766
0.9447556008146639
0.8197556008146639
0.7428716904276986
0.8195010183299389
0.7746945010183299
0.880346232179226
0.8164460285132383
0.7558553971486762
0.8989307535641547
0.9391547861507128
0.7533095723014257
0.7792769857433809
0.9513747454175153
0.8923116089613035
0.9455193482688391
0.8029531568228105
0.8179735234215886
0.7708757637474541
0.9511201629327902
0.834775967413442
0.9730142566191446
0.7935336048879837
0.8930753564154786
0.9060590631364562
0.8314663951120163
0.7477087576374746
0.715122199592668
0.8126272912423625
0.6810081466395111
0.7660386965376782
0.835285132382892
0.9032586558044806
0.8189918533604889
0.8256109979633401
0.6825356415478615
0.7171588594704684
0.7983706720977597
0.7970977596741344
0.7321792260692465
0.7385437881873728
0.7362525458248472
0.9340631364562119
0.8464867617107943
0.844704684317719
0.719959266802444
0.7660386965376782
0.8189918533604889
0.875
0.7978615071283096
0.7642566191446029
0.9529022403258656
0.8762729124236253
0.9755600814663951
0.7520366598778004
0.8332484725050916
0.9022403258655805
0.7385437881873728
0.8042260692464358
0.7673116089613035
0.765020366598778
0.9045315682281059
0.9068228105906314
0.765020366598778
0.6832993890020367
0.8345213849287169
0.6176171079429735
0.7456720977596741
0.6840631364562119
0.7813136456211812
0.7790224032586558
0.8060081466395111
0.9419551934826884
0.7823319755600815
0.7077393075356415
0.7184317718940937
0.8365580448065173
0.7726578411405295
0.9241344195519349
0.8296843177189409
0.8966395112016293
0.7683299389002036
0.709775967413442
0.8976578411405295
0.8192464358452138
0.7311608961303462
0.7309063136456212
0.9162423625254582
0.7744399185336049
0.8487780040733197
0.8986761710794298
0.7566191446028513
0.7823319755600815
0.7487270875763747
0.8688900203665988
0.7884419551934827
0.870162932790224
0.09495926680244399
0.8161914460285132
0.8431771894093686
0.8172097759674134
0.7464358452138493
0.8714358452138493
0.7398167006109979
0.7207230142566191
0.8261201629327902
0.9103869653767821
0.7113034623217923
0.685336048879837
0.7932790224032586
0.8775458248472505
0.7741853360488798
0.8872199592668024
0.859725050916497
0.7774949083503055
0.6802443991853361
0.7286150712830958
0.6255091649694501
0.7594195519348269
0.7729124236252546
0.845213849287169
0.9126782077393075
0.949847250509165
0.31186354378818737
0.754837067209776
0.8755091649694501
0.7039205702647657
0.9172606924643585
0.7665478615071283
0.8518329938900203
0.8925661914460286
0.7792769857433809
0.8284114052953157
0.7624745417515275
0.8961303462321792
0.9093686354378818
0.8581975560081466
0.9465376782077393
0.9177698574338086
0.7774949083503055
0.8424134419551935
0.7920061099796334
0.8477596741344195
0.8174643584521385
0.8133910386965377
0.8314663951120163
0.7960794297352343
0.854887983706721
0.9279531568228105
0.8981670061099797
0.8413951120162932
0.8841649694501018
0.8986761710794298
0.859979633401222
0.8192464358452138
0.905295315682281
0.7528004073319755
0.9136965376782077
0.6476578411405295
0.9070773930753564
0.7614562118126272
0.7044297352342159
0.8110997963340122
0.890020366598778
0.820264765784114
0.765020366598778
0.75
0.8251018329938901
0.7892057026476579
0.7724032586558045
0.7937881873727087
0.7721486761710794
0.8709266802443992
0.879582484725051
0.6883910386965377
0.8559063136456212
0.8019348268839104
0.7601832993890021
0.9096232179226069
0.7163951120162932
0.8335030549898167
0.8816191446028513
0.9355906313645621
0.9035132382892057
0.9238798370672098
0.9091140529531568
0.8785641547861507
0.7260692464358453
0.8403767820773931
0.8080448065173116
0.7515274949083504
0.8329938900203666
0.6789714867617108
0.8925661914460286
0.8884928716904277
0.7914969450101833
0.8133910386965377
0.3319755600814664
0.9406822810590632
0.8559063136456212
0.7375254582484725
0.8571792260692465
0.9055498981670062
0.8164460285132383
0.8324847250509165
0.8594704684317719
0.9730142566191446
0.8016802443991853
0.8862016293279023
0.685336048879837
0.7069755600814664
0.8910386965376782
0.8263747454175153
0.7942973523421588
0.9348268839103869
0.8724541751527495
0.8581975560081466
0.8719450101832994
0.844959266802444
0.8457230142566191
0.7706211812627292
0.8864562118126272
0.8976578411405295
0.8095723014256619
0.7357433808553971
0.9373727087576375
0.8783095723014257
0.710030549898167
0.714867617107943
0.8561608961303462
0.8416496945010183
0.7678207739307535
0.7594195519348269
0.7158859470468432
0.8054989816700611
0.9055498981670062
0.9646130346232179
0.8065173116089613
0.7777494908350305
0.8862016293279023
0.8154276985743381
0.8082993890020367
0.8523421588594705
0.8630346232179226
0.8225560081466395
0.7023930753564155
0.830193482688391
0.9564663951120163
0.800152749490835
0.8378309572301426
0.9289714867617108
0.8126272912423625
0.8388492871690427
0.7359979633401222
0.8706720977596741
0.7237780040733197
0.7746945010183299
0.734979633401222
0.8536150712830958
0.9106415478615071
0.7772403258655805
0.8513238289205702
0.814663951120163
0.804735234215886
0.8281568228105907
0.7736761710794298
0.7062118126272913
0.8365580448065173
0.7370162932790224
0.7810590631364562
0.8164460285132383
0.8167006109979633
0.905295315682281
0.2981160896130346
0.8113543788187373
0.8098268839103869
0.8525967413441955
0.9106415478615071
0.6993380855397149
0.799643584521385
0.8721995926680245
0.9681771894093686
0.7385437881873728
0.7662932790224033
0.6575865580448065
0.8864562118126272
0.8039714867617108
0.8658350305498982
0.7932790224032586
0.7754582484725051
0.6726069246435845
0.8228105906313645
0.890020366598778
0.8739816700610998
0.9014765784114053
0.8251018329938901
0.8457230142566191
0.8161914460285132
0.735488798370672
0.7640020366598778
0.7563645621181263
0.8095723014256619
0.789969450101833
0.7935336048879837
0.7120672097759674
0.3806008146639511
0.7767311608961304
0.8065173116089613
0.7815682281059063
0.8864562118126272
0.8966395112016293
0.8467413441955194
0.8785641547861507
0.8072810590631364
0.8019348268839104
0.895112016293279
0.7823319755600815
0.6677698574338086
0.7741853360488798
0.7054480651731161
0.814918533604888
0.8890020366598778
0.7118126272912424
0.7769857433808554
0.8444501018329938
0.765020366598778
0.6710794297352343
0.8981670061099797
0.8821283095723014
0.8189918533604889
0.8065173116089613
0.8014256619144603
0.844959266802444
0.7436354378818737
0.7253054989816701
0.7642566191446029
0.8154276985743381
0.8373217922606925
0.8663441955193483
0.9455193482688391
0.8373217922606925
0.8085539714867617
0.9332993890020367
0.9096232179226069
0.8187372708757638
0.7904786150712831
0.7415987780040734
0.8355397148676171
0.889511201629328
0.7856415478615071
0.744908350305499
0.8426680244399185
0.7724032586558045
0.820264765784114
0.6980651731160896
0.744653767820774
0.914969450101833
0.8164460285132383
0.810081466395112
0.945010183299389
0.8133910386965377
0.924643584521385
0.18686354378818737
0.8851832993890021
0.7395621181262729
0.7925152749490835
0.8380855397148677
0.8197556008146639
0.8026985743380856
0.7830957230142567
0.7393075356415478
0.9037678207739308
0.8475050916496945
0.8004073319755601
0.6682790224032586
0.890020366598778
0.7853869653767821
0.875
0.9103869653767821
0.6608961303462322
0.8938391038696538
0.8757637474541752
0.75
0.8421588594704684
0.75
0.8309572301425662
0.8813645621181263
0.8057535641547862
0.9345723014256619
0.8268839103869654
0.9068228105906314
0.7683299389002036
0.8289205702647657
0.7660386965376782
0.8065173116089613
0.8869653767820774
0.8637983706720977
0.8391038696537678
0.8431771894093686
0.6362016293279023
0.8098268839103869
0.8480142566191446
0.6374745417515275
0.8946028513238289
0.904786150712831
0.7846232179226069
0.8245926680244399
0.7945519348268839
0.8309572301425662
0.8793279022403259
0.7153767820773931
0.7443991853360489
0.7818228105906314
0.7079938900203666
0.8128818737270875
0.8757637474541752
0.8189918533604889
0.8635437881873728
0.7286150712830958
0.8663441955193483
0.8192464358452138
0.7540733197556008
0.6934826883910387
0.7930244399185336
0.8834012219959266
0.8317209775967414
0.8335030549898167
0.875
0.8429226069246436
0.8368126272912424
0.7426171079429735
0.8770366598778004
0.8273930753564155
0.8622708757637475
0.8971486761710794
0.7843686354378818
0.7930244399185336
0.8877291242362525
0.8243380855397149
0.7708757637474541
0.6540224032586558
0.820264765784114
0.9091140529531568
0.7385437881873728
0.7925152749490835
0.3380855397148676
0.9437372708757638
0.7115580448065173
0.9610488798370672
0.9243890020366599
0.8933299389002036
0.8734725050916496
0.8072810590631364
0.9320264765784114
0.7275967413441955
0.6384928716904277
0.7479633401221996
0.8042260692464358
0.9042769857433809
0.8304480651731161
0.8928207739307535
0.9121690427698574
0.8632892057026477
0.734725050916497
0.755091649694501
0.84979633401222
0.8228105906313645
0.7846232179226069
0.9017311608961304
0.7871690427698574
0.7657841140529531
0.720213849287169
0.7283604887983707
0.790224032586558
0.6537678207739308
0.9009674134419552
0.7466904276985743
0.7242871690427699
0.8054989816700611
0.6782077393075356
0.9170061099796334
0.8887474541751528
0.8085539714867617
0.7334521384928717
0.919806517311609
0.7525458248472505
0.8867107942973523
0.7820773930753564
0.9182790224032586
0.7342158859470469
0.8716904276985743
0.7428716904276986
0.8319755600814664
0.879837067209776
0.7876782077393075
0.7988798370672098
0.7871690427698574
0.754837067209776
0.9279531568228105
0.8062627291242362
0.7706211812627292
0.8072810590631364
0.6229633401221996
0.9615580448065173
0.7777494908350305
0.8065173116089613
0.8564154786150713
0.794806517311609
0.7515274949083504
0.7986252545824847
0.8273930753564155
0.8912932790224033
0.8240835030549898
0.8961303462321792
0.8093177189409368
0.8918024439918534
0.6993380855397149
0.8884928716904277
0.8933299389002036
0.7861507128309573
0.7372708757637475
0.844959266802444
0.8057535641547862
0.7790224032586558
0.39536659877800406
0.8391038696537678
0.8090631364562119
0.8930753564154786
0.9190427698574338
0.6822810590631364
0.8569246435845214
0.920061099796334
0.675152749490835
0.8953665987780041
0.8121181262729125
0.8816191446028513
0.8564154786150713
0.6687881873727087
0.9371181262729125
0.7461812627291242
0.810081466395112
0.9037678207739308
0.8790733197556008
0.8271384928716904
0.7031568228105907
0.7884419551934827
0.8256109979633401
0.8080448065173116
0.8345213849287169
0.9231160896130346
0.8571792260692465
0.8380855397148677
0.8039714867617108
0.860488798370672
0.8054989816700611
0.7986252545824847
0.7861507128309573
0.9004582484725051
0.814663951120163
0.8309572301425662
0.7861507128309573
0.8228105906313645
0.8520875763747454
0.9086048879837068
0.7683299389002036
0.9187881873727087
0.764511201629328
0.8940936863543788
0.8907841140529531
0.8665987780040734
0.6682790224032586
0.8525967413441955
0.8648167006109979
0.8454684317718941
0.8380855397148677
0.8607433808553971
0.735488798370672
0.8823828920570265
0.8528513238289206
0.7273421588594705
0.7912423625254582
0.564663951120163
0.7487270875763747
0.7665478615071283
0.7886965376782077
0.7245417515274949
0.7426171079429735
0.8480142566191446
0.8607433808553971
0.84979633401222
0.7780040733197556
0.7431262729124236
0.744653767820774
0.8223014256619144
0.9315173116089613
0.8561608961303462
0.8016802443991853
0.8620162932790224
0.9086048879837068
0.8816191446028513
0.7428716904276986
0.8230651731160896
0.8836558044806517
0.8375763747454175
0.9292260692464358
0.8439409368635438
0.905295315682281
0.8612525458248472
0.8513238289205702
0.8653258655804481
0.914969450101833
0.8643075356415478
0.6945010183299389
0.7586558044806517
0.8375763747454175
0.7777494908350305
0.8077902240325866
0.8767820773930753
0.6942464358452138
0.7836048879837068
0.7932790224032586
0.7660386965376782
0.8879837067209776
0.779786150712831
0.8912932790224033
0.8169551934826884
0.8108452138492872
0.8918024439918534
0.8233197556008147
0.7660386965376782
0.6911914460285132
0.6855906313645621
0.9124236252545825
0.789969450101833
0.6481670061099797
0.8986761710794298
0.8508146639511202
0.9093686354378818
0.8724541751527495
0.7774949083503055
0.9307535641547862
0.7578920570264766
0.8314663951120163
0.8635437881873728
0.8413951120162932
0.814663951120163
0.759928716904277
0.8332484725050916
0.8862016293279023
0.8867107942973523
0.9373727087576375
0.9060590631364562
0.9414460285132383
0.780040733197556
0.7466904276985743
0.8724541751527495
0.9203156822810591
0.7021384928716904
0.7319246435845214
0.7871690427698574
0.709775967413442
0.890274949083503
0.8637983706720977
0.8195010183299389
0.8788187372708758
0.9144602851323829
0.7268329938900203
0.880091649694501
0.8935845213849287
0.6917006109979633
0.7937881873727087
0.6629327902240326
0.7703665987780041
0.7884419551934827
0.7510183299389002
0.8009164969450102
0.6654786150712831
0.7258146639511202
0.8057535641547862
0.8912932790224033
0.7365071283095723
0.7512729124236253
0.9287169042769857
0.7395621181262729
0.7418533604887984
0.7772403258655805
0.8419042769857433
0.6957739307535642
0.7721486761710794
0.7675661914460286
0.8691446028513238
0.7367617107942973
0.8189918533604889
0.8360488798370672
0.8424134419551935
0.8808553971486762
0.7227596741344195
0.7660386965376782
0.9513747454175153
0.7647657841140529
0.7245417515274949
0.6993380855397149
0.7130855397148677
0.7596741344195519
0.914714867617108
0.8133910386965377
0.6626782077393075
0.9243890020366599
0.895112016293279
0.8867107942973523
0.7393075356415478
0.7629837067209776
0.6479124236252546
0.814918533604888
0.003309572301425662
0.7724032586558045
0.7624745417515275
0.840122199592668
0.8245926680244399
0.8531059063136456
0.8968940936863544
0.8630346232179226
0.764511201629328
0.8388492871690427
0.800152749490835
0.8615071283095723
0.7013747454175153
0.8632892057026477
0.9521384928716904
0.7469450101832994
0.8062627291242362
0.7838594704684317
0.8976578411405295
0.7754582484725051
0.9371181262729125
0.8770366598778004
0.780295315682281
0.7830957230142567
0.6748981670061099
0.33070264765784113
0.9368635437881874
0.8220468431771895
0.8113543788187373
0.7843686354378818
0.8408859470468432
0.8215376782077393
0.889511201629328
0.9119144602851323
0.8403767820773931
0.8268839103869654
0.5969959266802444
0.8029531568228105
0.7606924643584522
0.7685845213849287
0.7945519348268839
0.7006109979633401
0.8991853360488798
0.8034623217922607
0.7601832993890021
0.8915478615071283
0.7991344195519349
0.7324338085539714
0.7482179226069247
0.8077902240325866
0.8054989816700611
0.8408859470468432
0.7517820773930753
0.8793279022403259
0.8314663951120163
0.7993890020366599
0.7991344195519349
0.8658350305498982
0.7696028513238289
0.6858452138492872
0.8139002036659878
0.7494908350305499
0.8006619144602851
0.794806517311609
0.7968431771894093
0.8220468431771895
0.7522912423625254
0.9330448065173116
0.835030549898167
0.8197556008146639
0.8953665987780041
0.8490325865580448
0.7818228105906314
0.9345723014256619
0.8523421588594705
0.8986761710794298
0.9345723014256619
0.9508655804480651
0.9574847250509165
0.9070773930753564
0.7767311608961304
0.8742362525458248
0.8156822810590632
0.8090631364562119
0.7517820773930753
0.8635437881873728
0.9106415478615071
0.9190427698574338
0.8676171079429735
0.8538696537678208
0.9271894093686355
0.7706211812627292
0.9534114052953157
0.804735234215886
0.7438900203665988
0.8981670061099797
0.7408350305498982
0.6608961303462322
0.8482688391038696
0.7629837067209776
0.8492871690427699
0.8510692464358453
0.9279531568228105
0.8757637474541752
0.8263747454175153
0.8286659877800407
0.8057535641547862
0.8579429735234216
0.8426680244399185
0.9080957230142567
0.7067209775967414
0.8258655804480651
0.8174643584521385
0.9131873727087576
0.8118635437881874
0.810081466395112
0.9032586558044806
0.9541751527494908
0.7708757637474541
0.9078411405295316
0.8021894093686355
0.7403258655804481
0.914714867617108
0.7415987780040734
0.8844195519348269
0.8441955193482689
0.7573828920570265
0.8052443991853361
0.7805498981670062
0.9582484725050916
0.8136456211812627
0.869653767820774
0.8587067209775967
0.7113034623217923
0.8054989816700611
0.8342668024439919
0.745417515274949
0.8536150712830958
0.7258146639511202
0.7039205702647657
0.8289205702647657
0.8388492871690427
0.8195010183299389
0.7706211812627292
0.7566191446028513
0.8553971486761711
0.8594704684317719
0.790224032586558
0.7622199592668024
0.7594195519348269
0.8538696537678208
0.8235743380855397
0.6565682281059063
0.9080957230142567
0.7237780040733197
0.8289205702647657
0.8587067209775967
0.850050916496945
0.7922606924643585
0.899949083503055
0.8413951120162932
0.9019857433808554
0.8915478615071283
0.9136965376782077
0.9142057026476579
0.8223014256619144
0.7311608961303462
0.8986761710794298
0.7693482688391039
0.844704684317719
0.7912423625254582
0.9641038696537678
0.75
0.895112016293279
0.7970977596741344
0.789714867617108
0.9075865580448065
0.6937372708757638
0.9009674134419552
0.879837067209776
0.7925152749490835
0.890020366598778
0.8215376782077393
0.7675661914460286
0.8467413441955194
0.9417006109979633
0.7988798370672098
0.8294297352342159
0.719704684317719
0.7983706720977597
0.8233197556008147
0.6868635437881874
0.5885947046843177
0.7673116089613035
0.920061099796334
0.7988798370672098
0.6868635437881874
0.7866598778004074
0.7566191446028513
0.7879327902240326
0.8836558044806517
0.7965885947046843
0.9009674134419552
0.7785132382892057
0.9276985743380856
0.8062627291242362
0.7540733197556008
0.7082484725050916
0.8958757637474541
0.8841649694501018
0.7746945010183299
0.8482688391038696
0.7421079429735234
0.8714358452138493
0.7889511201629328
0.8391038696537678
0.6934826883910387
0.8411405295315683
0.7584012219959266
0.8004073319755601
0.7909877800407332
0.7736761710794298
0.8686354378818737
0.9511201629327902
0.6917006109979633
0.870162932790224
0.8385947046843177
0.7082484725050916
0.7925152749490835
0.8345213849287169
0.9154786150712831
0.8874745417515275
0.9417006109979633
0.7021384928716904
0.9371181262729125
0.964867617107943
0.9144602851323829
0.7792769857433809
0.7960794297352343
0.7303971486761711
0.7810590631364562
0.8518329938900203
0.7764765784114053
0.7395621181262729
0.7181771894093686
0.9134419551934827
0.9536659877800407
0.8077902240325866
0.9185336048879837
0.8426680244399185
0.8564154786150713
0.9261710794297352
0.710285132382892
0.7640020366598778
0.8854378818737271
0.8727087576374746
0.9103869653767821
0.304989816700611
0.919806517311609
0.8645621181262729
0.7265784114052953
0.6677698574338086
0.6586048879837068
0.945264765784114
0.8365580448065173
0.9042769857433809
0.929735234215886
0.855142566191446
0.7540733197556008
0.8042260692464358
0.7510183299389002
0.7864052953156823
0.7326883910386965
0.7459266802443992
0.8836558044806517
0.7782586558044806
0.9381364562118126
0.35463340122199594
0.7665478615071283
0.8093177189409368
0.8335030549898167
0.719959266802444
0.7219959266802444
0.7596741344195519
0.8592158859470469
0.6914460285132383
0.9330448065173116
0.7507637474541752
0.7085030549898167
0.004837067209775967
0.6873727087576375
0.8238289205702648
0.7871690427698574
0.649949083503055
0.7309063136456212
0.8268839103869654
0.8877291242362525
0.21868635437881873
0.8724541751527495
0.8637983706720977
0.894857433808554
0.8289205702647657
0.8424134419551935
0.7726578411405295
0.8625254582484725
0.7818228105906314
0.8477596741344195
0.9409368635437881
0.8139002036659878
0.6262729124236253
0.814663951120163
0.6565682281059063
0.7963340122199593
0.7370162932790224
0.9215885947046843
0.779786150712831
0.8971486761710794
0.964867617107943
0.8082993890020367
0.9345723014256619
0.7764765784114053
0.8732179226069247
0.8574338085539714
0.8406313645621182
0.8482688391038696
0.8984215885947047
0.8314663951120163
0.8574338085539714
0.8559063136456212
0.8869653767820774
0.9582484725050916
0.7703665987780041
0.7021384928716904
0.9437372708757638
0.8966395112016293
0.8762729124236253
0.8207739307535642
0.8205193482688391
0.8495417515274949
0.7841140529531568
0.8971486761710794
0.764511201629328
0.8378309572301426
0.7881873727087576
0.8383401221995926
0.8963849287169042
0.8116089613034623
0.8212830957230143
0.8072810590631364
0.8230651731160896
0.9068228105906314
0.8841649694501018
0.8370672097759674
0.9215885947046843
0.7591649694501018
0.7772403258655805
0.7133401221995926
0.6148167006109979
0.8467413441955194
0.7757128309572301
0.7724032586558045
0.8546334012219959
0.9478105906313645
0.7660386965376782
0.8144093686354379
0.7874236252545825
0.8238289205702648
0.8658350305498982
0.9579938900203666
0.8261201629327902
0.9613034623217923
0.7614562118126272
0.7920061099796334
0.6631873727087576
0.774949083503055
0.9213340122199593
0.7415987780040734
0.7309063136456212
0.804989816700611
0.7678207739307535
0.9248981670061099
0.7673116089613035
0.8920570264765784
0.754582484725051
0.9111507128309573
0.8890020366598778
0.9475560081466395
0.6970468431771895
0.7314154786150713
0.7230142566191446
0.8609979633401222
0.8380855397148677
0.8197556008146639
0.7258146639511202
0.7214867617107943
0.8317209775967414
0.8571792260692465
0.8037169042769857
0.7219959266802444
0.9259164969450102
0.8877291242362525
0.6886456211812627
0.8396130346232179
0.8021894093686355
0.759928716904277
0.8090631364562119
0.8515784114052953
0.8077902240325866
0.33477596741344195
0.8961303462321792
0.8340122199592668
0.844959266802444
0.9139511201629328
0.835285132382892
0.7739307535641547
0.9343177189409368
0.8533604887983707
0.6980651731160896
0.7662932790224033
0.729887983706721
0.7632382892057027
0.9042769857433809
0.8172097759674134
0.9671588594704684
0.8665987780040734
0.909877800407332
0.8648167006109979
0.8856924643584522
0.894857433808554
0.8912932790224033
0.8492871690427699
0.9302443991853361
0.879582484725051
0.7927698574338086
0.8233197556008147
0.9478105906313645
0.8653258655804481
0.8762729124236253
0.8380855397148677
0.8357942973523421
0.8775458248472505
0.780295315682281
0.8230651731160896
0.8826374745417516
0.910132382892057
0.7209775967413442
0.8536150712830958
0.8044806517311609
0.9320264765784114
0.7311608961303462
0.8816191446028513
0.9205702647657841
0.889511201629328
0.6321283095723014
0.8780549898167006
0.9427189409368636
0.8133910386965377
0.8839103869653768
0.8920570264765784
0.8693991853360489
0.8671079429735234
0.8380855397148677
0.7869144602851323
0.7935336048879837
0.8294297352342159
0.9254073319755601
0.8080448065173116
0.7637474541751528
0.914969450101833
0.8141547861507128
0.8296843177189409
0.8289205702647657
0.7619653767820774
0.8943482688391039
0.8742362525458248
0.9467922606924644
0.8019348268839104
0.7942973523421588
0.29786150712830956
0.8765274949083504
0.9060590631364562
0.9180244399185336
0.7993890020366599
0.8416496945010183
0.7655295315682281
0.8212830957230143
0.7589103869653768
0.8839103869653768
0.7079938900203666
0.8991853360488798
0.8714358452138493
0.824847250509165
0.7398167006109979
0.9661405295315683
0.8564154786150713
0.714867617107943
0.7609470468431772
0.6738798370672098
0.8133910386965377
0.789969450101833
0.7853869653767821
0.8113543788187373
0.8979124236252546
0.8357942973523421
0.72479633401222
0.8935845213849287
0.7609470468431772
0.8179735234215886
0.8566700610997964
0.7421079429735234
0.7777494908350305
0.9022403258655805
0.8564154786150713
0.8243380855397149
0.8037169042769857
0.9093686354378818
0.9236252545824847
0.8327393075356415
0.7296334012219959
0.7976069246435845
0.8340122199592668
0.8711812627291242
0.6657331975560081
0.9045315682281059
0.9521384928716904
0.8067718940936863
0.7415987780040734
0.7879327902240326
0.8011710794297352
0.6843177189409368
0.7991344195519349
0.8454684317718941
0.8284114052953157
0.7767311608961304
0.7184317718940937
0.9307535641547862
0.8403767820773931
0.835030549898167
0.8233197556008147
0.7998981670061099
0.7286150712830958
0.8131364562118126
0.7833503054989817
0.7212321792260692
0.8312118126272913
0.9078411405295316
0.3609979633401222
0.7724032586558045
0.8345213849287169
0.8553971486761711
0.870162932790224
0.8006619144602851
0.8691446028513238
0.8561608961303462
0.8329938900203666
0.8235743380855397
0.8615071283095723
0.8732179226069247
0.9590122199592668
0.7955702647657841
0.8195010183299389
0.8090631364562119
0.9404276985743381
0.7026476578411406
0.8052443991853361
0.8818737270875764
0.8546334012219959
0.8057535641547862
0.8136456211812627
0.9511201629327902
0.890274949083503
0.895112016293279
0.9541751527494908
0.7904786150712831
0.8317209775967414
0.9177698574338086
0.8258655804480651
0.8536150712830958
0.7614562118126272
0.7387983706720977
0.8276476578411406
0.8342668024439919
0.8958757637474541
0.6025967413441955
0.7487270875763747
0.859725050916497
0.8098268839103869
0.6917006109979633
0.720213849287169
0.914969450101833
0.7382892057026477
0.8044806517311609
0.8207739307535642
0.7640020366598778
0.9284623217922607
0.8925661914460286
0.8159368635437881
0.6542769857433809
0.6980651731160896
0.90020366598778
0.8884928716904277
0.8994399185336049
0.8067718940936863
0.8579429735234216
0.8541242362525459
0.8268839103869654
0.6634419551934827
0.8098268839103869
0.7428716904276986
0.8370672097759674
0.7856415478615071
0.8131364562118126
0.8065173116089613
0.7456720977596741
0.7522912423625254
0.7940427698574338
0.7904786150712831
0.9009674134419552
0.8225560081466395
0.8559063136456212
0.8037169042769857
0.7683299389002036
0.8851832993890021
0.9274439918533605
0.6983197556008147
0.8528513238289206
0.7418533604887984
0.7107942973523421
0.8566700610997964
0.8065173116089613
0.8128818737270875
0.8587067209775967
0.7275967413441955
0.8113543788187373
0.9414460285132383
0.8958757637474541
0.840122199592668
0.8464867617107943
0.8844195519348269
0.7685845213849287
0.8355397148676171
0.9192973523421588
0.75
0.7387983706720977
0.7538187372708758
0.8095723014256619
0.7273421588594705
0.8289205702647657
0.8360488798370672
0.7291242362525459
0.8411405295315683
0.7433808553971487
0.8874745417515275
0.8609979633401222
0.7981160896130346
0.7960794297352343
0.9139511201629328
0.8566700610997964
0.9307535641547862
0.8663441955193483
0.6433299389002036
0.8940936863543788
0.7085030549898167
0.9577393075356415
0.8144093686354379
0.905295315682281
0.7909877800407332
0.7319246435845214
0.6919551934826884
0.7214867617107943
0.769857433808554
0.7764765784114053
0.7242871690427699
0.8772912423625254
0.7242871690427699
0.8421588594704684
0.8744908350305499
0.8940936863543788
0.6367107942973523
0.8477596741344195
0.5598268839103869
0.870162932790224
0.6866089613034623
0.8645621181262729
0.905295315682281
0.7881873727087576
0.8963849287169042
0.8273930753564155
0.865071283095723
0.7309063136456212
0.7405804480651731
0.7153767820773931
0.7647657841140529
0.8024439918533605
0.6069246435845214
0.8256109979633401
0.7169042769857433
0.8744908350305499
0.8790733197556008
0.9205702647657841
0.7973523421588594
0.8128818737270875
0.7808044806517311
0.7998981670061099
0.9024949083503055
0.8309572301425662
0.8976578411405295
0.9060590631364562
0.8228105906313645
0.8503054989816701
0.7696028513238289
0.8520875763747454
0.7685845213849287
0.8729633401221996
0.5817209775967414
0.8164460285132383
0.814663951120163
0.7884419551934827
0.7171588594704684
0.8128818737270875
0.880091649694501
0.7253054989816701
0.8357942973523421
0.774949083503055
0.8217922606924644
0.804735234215886
0.8164460285132383
0.7713849287169042
0.8890020366598778
0.910132382892057
0.9488289205702648
0.9541751527494908
0.7861507128309573
0.7606924643584522
0.8665987780040734
0.7370162932790224
0.8928207739307535
0.9292260692464358
0.8477596741344195
0.6876272912423625
0.745417515274949
0.8360488798370672
0.8556517311608961
0.9248981670061099
0.7889511201629328
0.8683808553971487
0.9144602851323829
0.7324338085539714
0.8113543788187373
0.7838594704684317
0.9332993890020367
0.8864562118126272
0.879837067209776
0.9304989816700611
0.7474541751527495
0.7034114052953157
0.9322810590631364
0.8159368635437881
0.8383401221995926
0.6542769857433809
0.7830957230142567
0.9068228105906314
0.8525967413441955
0.7670570264765784
0.8963849287169042
0.8996945010183299
0.8808553971486762
0.7978615071283096
0.7624745417515275
0.9264256619144603
0.7433808553971487
0.08783095723014257
0.9157331975560081
0.825356415478615
0.7342158859470469
0.7787678207739308
0.8673625254582484
0.7189409368635438
0.834775967413442
0.7469450101832994
0.6690427698574338
0.6901731160896131
0.9208248472505092
0.7092668024439919
0.8029531568228105
0.8480142566191446
0.7823319755600815
0.7871690427698574
0.8261201629327902
0.859725050916497
0.8564154786150713
0.8772912423625254
0.8263747454175153
0.7584012219959266
0.8118635437881874
0.829938900203666
0.7864052953156823
0.734725050916497
0.8907841140529531
0.7255600814663951
0.8935845213849287
0.8485234215885947
0.8925661914460286
0.7530549898167006
0.9004582484725051
0.8391038696537678
0.7792769857433809
0.8233197556008147
0.7540733197556008
0.7191955193482689
0.7622199592668024
0.8602342158859471
0.7690936863543788
0.814918533604888
0.8121181262729125
0.9618126272912424
0.84979633401222
0.7920061099796334
0.9445010183299389
0.8256109979633401
0.835285132382892
0.8464867617107943
0.8385947046843177
0.9366089613034623
0.9091140529531568
0.6265274949083504
0.8905295315682281
0.824847250509165
0.9391547861507128
0.8268839103869654
0.7459266802443992
0.90020366598778
0.9302443991853361
0.8592158859470469
0.8365580448065173
0.7044297352342159
0.8531059063136456
0.8424134419551935
0.7375254582484725
0.7166496945010183
0.8956211812627292
0.8505600814663951
0.804735234215886
0.7026476578411406
0.3597250509164969
0.8709266802443992
0.8304480651731161
0.6659877800407332
0.8485234215885947
0.6741344195519349
0.9467922606924644
0.9042769857433809
0.9024949083503055
0.8940936863543788
0.8767820773930753
0.8920570264765784
0.7785132382892057
0.8775458248472505
0.8571792260692465
0.8037169042769857
0.6965376782077393
0.8581975560081466
0.8503054989816701
0.9007128309572301
0.9014765784114053
0.7265784114052953
0.8075356415478615
0.7016293279022403
0.8368126272912424
0.7629837067209776
0.8380855397148677
0.8154276985743381
0.8139002036659878
0.7930244399185336
0.9190427698574338
0.7540733197556008
0.8116089613034623
0.8617617107942973
0.7958248472505092
0.8337576374745418
0.7836048879837068
0.7436354378818737
0.8783095723014257
0.8487780040733197
0.7881873727087576
0.7403258655804481
0.9223523421588594
0.839867617107943
0.8268839103869654
0.6672606924643585
0.8217922606924644
0.7843686354378818
0.6685336048879837
0.7074847250509165
0.7303971486761711
0.800152749490835
0.810336048879837
0.7703665987780041
0.8436863543788188
0.8179735234215886
0.7927698574338086
0.8357942973523421
0.9320264765784114
0.969704684317719
0.754837067209776
0.9007128309572301
0.8658350305498982
0.9083503054989817
0.764511201629328
0.9208248472505092
0.6945010183299389
0.8920570264765784
0.755091649694501
0.8579429735234216
0.9238798370672098
0.8533604887983707
0.9327902240325866
0.9368635437881874
0.8187372708757638
0.895112016293279
0.8620162932790224
0.7894602851323829
0.7393075356415478
0.8434317718940937
0.9434826883910387
0.8487780040733197
0.9190427698574338
0.7965885947046843
0.8905295315682281
0.8172097759674134
0.869908350305499
0.7275967413441955
0.8676171079429735
0.9455193482688391
0.7922606924643585
0.7268329938900203
0.8060081466395111
0.8668533604887984
0.8571792260692465
0.8296843177189409
0.7584012219959266
0.7540733197556008
0.8317209775967414
0.8279022403258656
0.8943482688391039
0.8062627291242362
0.8831466395112016
0.8368126272912424
0.9312627291242362
0.7342158859470469
0.8566700610997964
0.7976069246435845
0.7703665987780041
0.8632892057026477
0.7041751527494908
0.8920570264765784
0.890274949083503
0.9182790224032586
0.8439409368635438
0.845213849287169
0.774949083503055
0.8322301425661914
0.8228105906313645
0.9434826883910387
0.8579429735234216
0.8953665987780041
0.8284114052953157
0.7889511201629328
0.8403767820773931
0.8856924643584522
0.8732179226069247
0.8851832993890021
0.9215885947046843
0.895112016293279
0.8217922606924644
0.7426171079429735
0.939663951120163
0.8240835030549898
0.834775967413442
0.8044806517311609
0.789714867617108
0.9012219959266803
0.8261201629327902
0.8416496945010183
0.8258655804480651
0.7410896130346232
0.8065173116089613
0.8513238289205702
0.7538187372708758
0.7782586558044806
0.5870672097759674
0.9167515274949084
0.7665478615071283
0.9009674134419552
0.8233197556008147
0.6644602851323829
0.29938900203665986
0.8322301425661914
0.9004582484725051
0.8576883910386965
0.734725050916497
0.6993380855397149
0.7174134419551935
0.7408350305498982
0.740071283095723
0.7904786150712831
0.9271894093686355
0.8429226069246436
0.7907331975560081
0.8416496945010183
0.8065173116089613
0.820264765784114
0.84979633401222
0.7955702647657841
0.794806517311609
0.8406313645621182
0.8312118126272913
0.8080448065173116
0.730142566191446
0.8706720977596741
0.8643075356415478
0.914714867617108
0.8821283095723014
0.8434317718940937
0.9215885947046843
0.7398167006109979
0.8971486761710794
0.8108452138492872
0.7171588594704684
0.8874745417515275
0.7382892057026477
0.9144602851323829
0.8920570264765784
0.6970468431771895
0.8378309572301426
0.8312118126272913
0.3225560081466395
0.919806517311609
0.7484725050916496
0.6685336048879837
0.935081466395112
0.8197556008146639
0.9060590631364562
0.9180244399185336
0.8286659877800407
0.8923116089613035
0.7937881873727087
0.7090122199592668
0.7273421588594705
0.7034114052953157
0.7543279022403259
0.894857433808554
0.7965885947046843
0.9371181262729125
0.8793279022403259
0.945264765784114
0.8742362525458248
0.9348268839103869
0.8541242362525459
0.8612525458248472
0.804989816700611
0.7892057026476579
0.9284623217922607
0.8607433808553971
0.8492871690427699
0.7169042769857433
0.9282077393075356
0.7209775967413442
0.7864052953156823
0.8986761710794298
0.9325356415478615
0.8281568228105907
0.7942973523421588
0.8019348268839104
0.8811099796334012
0.8872199592668024
0.7352342158859471
0.8630346232179226
0.9259164969450102
0.7978615071283096
0.9068228105906314
0.7594195519348269
0.8207739307535642
0.8011710794297352
0.9587576374745418
0.8304480651731161
0.6927189409368636
0.7405804480651731
0.6820264765784114
0.759928716904277
0.7357433808553971
0.7739307535641547
0.964867617107943
0.8296843177189409
0.8622708757637475
0.8592158859470469
0.8477596741344195
0.84979633401222
0.8151731160896131
0.8515784114052953
0.8546334012219959
0.8487780040733197
0.729887983706721
0.8968940936863544
0.8569246435845214
0.8396130346232179
0.9271894093686355
0.7342158859470469
0.6109979633401222
0.7881873727087576
0.6631873727087576
0.9223523421588594
0.7782586558044806
0.9205702647657841
0.8014256619144603
0.7423625254582484
0.8854378818737271
0.6484215885947047
0.8665987780040734
0.7380346232179226
0.6957739307535642
0.7589103869653768
0.9518839103869654
0.8319755600814664
0.84979633401222
0.7647657841140529
0.8576883910386965
0.8469959266802444
0.7864052953156823
0.6524949083503055
0.9389002036659878
0.8762729124236253
0.7754582484725051
0.8021894093686355
0.6471486761710794
0.7856415478615071
0.7864052953156823
0.9014765784114053
0.8907841140529531
0.7408350305498982
0.7477087576374746
0.7998981670061099
0.9083503054989817
0.6917006109979633
0.8187372708757638
0.9470468431771895
0.7072301425661914
0.6804989816700611
0.7780040733197556
0.800152749490835
0.7960794297352343
0.7988798370672098
0.8946028513238289
0.859725050916497
0.9429735234215886
0.7810590631364562
0.6922097759674134
0.9585030549898167
0.8062627291242362
0.8752545824847251
0.9142057026476579
0.929989816700611
0.8189918533604889
0.9340631364562119
0.6489307535641547
0.7530549898167006
0.8971486761710794
0.9210794297352343
0.8933299389002036
0.7477087576374746
0.9381364562118126
0.7578920570264766
0.7693482688391039
0.7408350305498982
0.924643584521385
0.8770366598778004
0.7624745417515275
0.8337576374745418
0.740071283095723
0.8915478615071283
0.7474541751527495
0.8342668024439919
0.7466904276985743
0.884928716904277
0.784877800407332
0.8281568228105907
0.790224032586558
0.9017311608961304
0.7064663951120163
0.8533604887983707
0.6812627291242362
0.8215376782077393
0.34241344195519346
0.7861507128309573
0.7194501018329938
0.7362525458248472
0.8263747454175153
0.7780040733197556
0.8533604887983707
0.7818228105906314
0.8383401221995926
0.8592158859470469
0.6990835030549898
0.7688391038696538
0.8072810590631364
0.8976578411405295
0.7764765784114053
0.8839103869653768
0.7006109979633401
0.8289205702647657
0.7477087576374746
0.8052443991853361
0.6764256619144603
0.8862016293279023
0.8510692464358453
0.8052443991853361
0.8905295315682281
0.7380346232179226
0.9261710794297352
0.8989307535641547
0.8004073319755601
0.8785641547861507
0.905040733197556
0.879837067209776
0.8110997963340122
0.8490325865580448
0.7240325865580448
0.7998981670061099
0.6978105906313645
0.8744908350305499
0.8925661914460286
0.729887983706721
0.7785132382892057
0.8806008146639511
0.8284114052953157
0.9264256619144603
0.8192464358452138
0.8546334012219959
0.9190427698574338
0.5486252545824847
0.8714358452138493
0.7693482688391039
0.854887983706721
0.7479633401221996
0.9042769857433809
0.9073319755600815
0.784877800407332
0.794806517311609
0.7963340122199593
0.9215885947046843
0.7543279022403259
0.890274949083503
0.8620162932790224
0.7466904276985743
0.7953156822810591
0.6980651731160896
0.7838594704684317
0.8673625254582484
0.7184317718940937
0.7953156822810591
0.8915478615071283
0.7423625254582484
0.7591649694501018
0.8729633401221996
0.8994399185336049
0.735488798370672
0.7808044806517311
0.7960794297352343
0.8037169042769857
0.8918024439918534
0.8044806517311609
0.924643584521385
0.7818228105906314
0.8531059063136456
0.8266293279022403
0.7510183299389002
0.8622708757637475
0.9073319755600815
0.6967922606924644
0.7780040733197556
0.7858961303462322
0.8032077393075356
0.8375763747454175
0.6909368635437881
0.9501018329938901
0.8182281059063137
0.7685845213849287
0.769857433808554
0.8729633401221996
0.6537678207739308
0.9159877800407332
0.7665478615071283
0.7415987780040734
0.8956211812627292
0.7471995926680245
0.7594195519348269
0.9024949083503055
0.7624745417515275
0.9139511201629328
0.8039714867617108
0.865071283095723
0.9607942973523421
0.9088594704684317
0.8360488798370672
0.77520366598778
0.7558553971486762
0.29327902240325865
0.9070773930753564
0.7823319755600815
0.6176171079429735
0.924643584521385
0.920061099796334
0.32561099796334014
0.8317209775967414
0.7390529531568228
0.8487780040733197
0.824847250509165
0.860488798370672
0.820010183299389
0.8869653767820774
0.8966395112016293
0.7576374745417516
0.7339613034623218
0.8923116089613035
0.8207739307535642
0.7578920570264766
0.7706211812627292
0.8439409368635438
0.7466904276985743
0.8688900203665988
0.7085030549898167
0.8355397148676171
0.6560590631364562
0.820010183299389
0.790224032586558
0.790224032586558
0.8355397148676171
0.8126272912423625
0.3895112016293279
0.9462830957230143
0.8329938900203666
0.8207739307535642
0.8223014256619144
0.9582484725050916
0.6960285132382892
0.835030549898167
0.8622708757637475
0.7881873727087576
0.8528513238289206
0.8184826883910387
0.840122199592668
0.8217922606924644
0.7940427698574338
0.8706720977596741
0.8195010183299389
0.8655804480651731
0.834775967413442
0.8391038696537678
0.8363034623217923
0.725050916496945
0.7059572301425662
0.8943482688391039
0.8643075356415478
0.1774439918533605
0.8912932790224033
0.7222505091649695
0.765274949083503
0.8426680244399185
0.9190427698574338
0.789714867617108
0.7869144602851323
0.6476578411405295
0.834775967413442
0.8182281059063137
0.7156313645621182
0.7892057026476579
0.8859470468431772
0.6945010183299389
0.8729633401221996
0.7823319755600815
0.7678207739307535
0.8431771894093686
0.8462321792260692
0.8093177189409368
0.8383401221995926
0.8370672097759674
0.9539205702647657
0.7662932790224033
0.804989816700611
0.8436863543788188
0.8396130346232179
0.8834012219959266
0.8436863543788188
0.8144093686354379
0.8360488798370672
0.8141547861507128
0.814663951120163
0.7146130346232179
0.7932790224032586
0.8760183299389002
0.8714358452138493
0.7296334012219959
0.7522912423625254
0.6718431771894093
0.8421588594704684
0.8806008146639511
0.7876782077393075
0.8503054989816701
0.009164969450101833
0.9042769857433809
0.7398167006109979
0.7764765784114053
0.9327902240325866
0.9060590631364562
0.9330448065173116
0.804735234215886
0.5669551934826884
0.6336558044806517
0.9111507128309573
0.9317718940936863
0.8640529531568228
0.7940427698574338
0.8419042769857433
0.9226069246435845
0.744908350305499
0.6855906313645621
0.8014256619144603
0.8609979633401222
0.4875254582484725
0.8233197556008147
0.889511201629328
0.7724032586558045
0.7833503054989817
0.9610488798370672
0.8841649694501018
0.7614562118126272
0.8826374745417516
0.8365580448065173
0.835030549898167
0.7510183299389002
0.825356415478615
0.8062627291242362
0.8681262729124236
0.8307026476578412
0.8335030549898167
0.7889511201629328
0.8159368635437881
0.7894602851323829
0.6924643584521385
0.7909877800407332
0.914969450101833
0.7792769857433809
0.8559063136456212
0.7334521384928717
0.7881873727087576
0.7528004073319755
0.8363034623217923
0.9689409368635438
0.8574338085539714
0.810336048879837
0.8365580448065173
0.8770366598778004
0.8291751527494908
0.9536659877800407
0.9442464358452138
0.7795315682281059
0.7538187372708758
0.8345213849287169
0.7696028513238289
0.7232688391038696
0.8747454175152749
0.844704684317719
0.7578920570264766
0.6387474541751528
0.8172097759674134
0.8454684317718941
0.8826374745417516
0.8436863543788188
0.7459266802443992
0.9432281059063137
0.7538187372708758
0.910132382892057
0.685336048879837
0.7792769857433809
0.804989816700611
0.755091649694501
0.8734725050916496
0.9142057026476579
0.8042260692464358
0.7958248472505092
0.7505091649694501
0.8365580448065173
0.8019348268839104
0.8413951120162932
0.7161405295315683
0.8363034623217923
0.755091649694501
0.8571792260692465
0.6764256619144603
0.9228615071283096
0.7418533604887984
0.810081466395112
0.9607942973523421
0.8380855397148677
0.8235743380855397
0.904786150712831
0.814918533604888
0.7296334012219959
0.8505600814663951
0.969959266802444
0.8177189409368636
0.744908350305499
0.8793279022403259
0.8658350305498982
0.835030549898167
0.814663951120163
0.8424134419551935
0.8602342158859471
0.8441955193482689
0.6675152749490835
0.6479124236252546
0.945264765784114
0.8678716904276986
0.7818228105906314
0.8215376782077393
0.810336048879837
0.894857433808554
0.9027494908350305
0.7693482688391039
0.7690936863543788
0.7960794297352343
0.9014765784114053
0.8966395112016293
0.75
0.8230651731160896
0.7940427698574338
0.704938900203666
0.8688900203665988
0.8762729124236253
0.8492871690427699
0.8742362525458248
0.8429226069246436
0.825356415478615
0.7543279022403259
0.890274949083503
0.7222505091649695
0.9045315682281059
0.824847250509165
0.8918024439918534
0.7713849287169042
0.7678207739307535
0.8116089613034623
0.8271384928716904
0.6412932790224033
0.6056517311608961
0.8093177189409368
0.9060590631364562
0.9623217922606925
0.710030549898167
0.7820773930753564
0.8197556008146639
0.7940427698574338
0.9126782077393075
0.8327393075356415
0.829938900203666
0.7311608961303462
0.8719450101832994
0.8693991853360489
0.7703665987780041
0.7668024439918534
0.8273930753564155
0.8312118126272913
0.8044806517311609
0.800152749490835
0.7662932790224033
0.8968940936863544
0.789969450101833
0.7729124236252546
0.8095723014256619
0.8220468431771895
0.8966395112016293
0.8935845213849287
0.8141547861507128
0.780040733197556
0.6894093686354379
0.8790733197556008
0.754837067209776
0.8212830957230143
0.8956211812627292
0.7428716904276986
0.7833503054989817
0.9024949083503055
0.7085030549898167
0.8882382892057027
0.8775458248472505
0.8734725050916496
0.8355397148676171
0.8462321792260692
0.9080957230142567
0.8126272912423625
0.735488798370672
0.7469450101832994
0.8235743380855397
0.8907841140529531
0.7843686354378818
0.7830957230142567
0.789714867617108
0.789714867617108
0.7716395112016293
0.8592158859470469
0.8230651731160896
0.8431771894093686
0.8727087576374746
0.8790733197556008
0.7739307535641547
0.9024949083503055
0.920061099796334
0.6779531568228105
0.854887983706721
0.859979633401222
0.7833503054989817
0.8984215885947047
0.7787678207739308
0.980142566191446
0.7375254582484725
0.734979633401222
0.9030040733197556
0.899949083503055
0.6983197556008147
0.7983706720977597
0.8128818737270875
0.9567209775967414
0.834775967413442
0.929989816700611
0.7311608961303462
0.8342668024439919
0.7734215885947047
0.700356415478615
0.920061099796334
0.9190427698574338
0.8421588594704684
0.8538696537678208
0.8284114052953157
0.7940427698574338
0.8312118126272913
0.7008655804480651
0.8192464358452138
0.7976069246435845
0.410132382892057
0.7815682281059063
0.7937881873727087
0.7146130346232179
0.8834012219959266
0.8271384928716904
0.8126272912423625
0.6995926680244399
0.8335030549898167
0.9203156822810591
0.7484725050916496
0.890020366598778
0.7594195519348269
0.7688391038696538
0.8088085539714868
0.7632382892057027
0.9483197556008147
0.7818228105906314
0.9088594704684317
0.8294297352342159
0.8060081466395111
0.8021894093686355
0.8174643584521385
0.829938900203666
0.7772403258655805
0.9024949083503055
0.9312627291242362
0.7339613034623218
0.7069755600814664
0.9172606924643585
0.5613543788187373
0.8337576374745418
0.9205702647657841
0.8981670061099797
0.8897657841140529
0.755346232179226
0.9208248472505092
0.7367617107942973
0.890274949083503
0.914969450101833
0.8322301425661914
0.8658350305498982
0.8444501018329938
0.8177189409368636
0.8032077393075356
0.8480142566191446
0.8324847250509165
0.845213849287169
0.8034623217922607
0.8783095723014257
0.7988798370672098
0.7843686354378818
0.7792769857433809
0.9012219959266803
0.8714358452138493
0.880091649694501
0.8309572301425662
0.8141547861507128
0.8587067209775967
0.8938391038696538
0.7576374745417516
0.7792769857433809
0.8757637474541752
0.7642566191446029
0.8915478615071283
0.884928716904277
0.9363543788187373
0.9371181262729125
0.8986761710794298
0.9065682281059063
0.8930753564154786
0.8324847250509165
0.6484215885947047
0.9266802443991853
0.7324338085539714
0.8421588594704684
0.8360488798370672
0.7143584521384929
0.7008655804480651
0.9243890020366599
0.8082993890020367
0.6743890020366599
0.8632892057026477
0.8668533604887984
0.9330448065173116
0.8495417515274949
0.9304989816700611
0.8268839103869654
0.8184826883910387
0.8953665987780041
0.8182281059063137
0.8655804480651731
0.3391038696537678
0.6962830957230143
0.755091649694501
0.7869144602851323
0.8609979633401222
0.8989307535641547
0.6794806517311609
0.20493890020366598
0.8327393075356415
0.7757128309572301
0.759928716904277
0.8788187372708758
0.8365580448065173
0.8044806517311609
0.8019348268839104
0.8172097759674134
0.7283604887983707
0.8324847250509165
0.9106415478615071
0.7866598778004074
0.7311608961303462
0.8841649694501018
0.8123727087576375
0.8994399185336049
0.8161914460285132
0.8915478615071283
0.8986761710794298
0.8088085539714868
0.9613034623217923
0.8335030549898167
0.7624745417515275
0.8207739307535642
0.7225050916496945
0.9164969450101833
0.8144093686354379
0.9177698574338086
0.820264765784114
0.90020366598778
0.7059572301425662
0.8434317718940937
0.7556008146639511
0.7326883910386965
0.8851832993890021
0.8342668024439919
0.7953156822810591
0.7095213849287169
0.8620162932790224
0.8413951120162932
0.8421588594704684
0.829938900203666
0.8128818737270875
0.7191955193482689
0.7912423625254582
0.9019857433808554
0.9340631364562119
0.839867617107943
0.8510692464358453
0.6321283095723014
0.9045315682281059
0.8309572301425662
0.9378818737270875
0.8332484725050916
0.8034623217922607
0.789714867617108
0.8385947046843177
0.8946028513238289
0.7482179226069247
0.8739816700610998
0.8729633401221996
0.7601832993890021
0.9366089613034623
0.7668024439918534
0.795061099796334
0.810336048879837
0.8467413441955194
0.8131364562118126
0.7489816700610998
0.8385947046843177
0.8910386965376782
0.7782586558044806
0.810336048879837
0.8579429735234216
0.8042260692464358
0.9045315682281059
0.8095723014256619
0.954938900203666
0.8340122199592668
0.6278004073319755
0.7968431771894093
0.6229633401221996
0.7497454175152749
0.8564154786150713
0.7772403258655805
0.8485234215885947
0.72479633401222
0.7647657841140529
0.7342158859470469
0.895112016293279
0.8042260692464358
0.8098268839103869
0.8869653767820774
0.8503054989816701
0.8139002036659878
0.834775967413442
0.7079938900203666
0.8778004073319755
0.7520366598778004
0.804735234215886
0.7352342158859471
0.6934826883910387
0.7813136456211812
0.4325356415478615
0.8984215885947047
0.8788187372708758
0.8933299389002036
0.9068228105906314
0.8602342158859471
0.7011201629327902
0.8739816700610998
0.6929735234215886
0.7932790224032586
0.7469450101832994
0.8543788187372708
0.9620672097759674
0.8559063136456212
0.8632892057026477
0.8963849287169042
0.7782586558044806
0.7746945010183299
0.7708757637474541
0.9618126272912424
0.7922606924643585
0.9712321792260692
0.7604378818737271
0.6664969450101833
0.755346232179226
0.9490835030549898
0.9080957230142567
0.6776985743380856
0.905295315682281
0.8935845213849287
0.7008655804480651
0.9521384928716904
0.8592158859470469
0.719704684317719
0.8393584521384929
0.7591649694501018
0.8245926680244399
0.7810590631364562
0.8714358452138493
0.8439409368635438
0.9332993890020367
0.7886965376782077
0.7339613034623218
0.7390529531568228
0.7410896130346232
0.7242871690427699
0.7678207739307535
0.7874236252545825
0.7245417515274949
0.689918533604888
0.8324847250509165
0.824847250509165
0.8004073319755601
0.6957739307535642
0.765020366598778
0.8706720977596741
0.7907331975560081
0.9058044806517311
0.8413951120162932
0.7777494908350305
0.8016802443991853
0.7864052953156823
0.9467922606924644
0.769857433808554
0.764511201629328
0.914714867617108
0.8709266802443992
0.8714358452138493
0.8284114052953157
0.7260692464358453
0.784877800407332
0.9526476578411406
0.8788187372708758
0.7642566191446029
0.7685845213849287
0.8462321792260692
0.9373727087576375
0.8930753564154786
0.8648167006109979
0.9536659877800407
0.8060081466395111
0.7629837067209776
0.9304989816700611
0.8169551934826884
0.9248981670061099
0.810336048879837
0.8042260692464358
0.8940936863543788
0.845213849287169
0.8612525458248472
0.8429226069246436
0.7988798370672098
0.8925661914460286
0.9259164969450102
0.8192464358452138
0.8678716904276986
0.7876782077393075
0.7296334012219959
0.8131364562118126
0.875
0.719959266802444
0.9116598778004074
0.7023930753564155
0.8095723014256619
0.8711812627291242
0.7342158859470469
0.8205193482688391
0.8156822810590632
0.8441955193482689
0.8877291242362525
0.9019857433808554
0.7303971486761711
0.8195010183299389
0.8617617107942973
0.7423625254582484
0.7464358452138493
0.7237780040733197
0.7207230142566191
0.9060590631364562
0.8630346232179226
0.9343177189409368
0.6911914460285132
0.8856924643584522
0.8732179226069247
0.880346232179226
0.9218431771894093
0.715122199592668
0.804989816700611
0.909877800407332
0.7726578411405295
0.9035132382892057
0.8933299389002036
0.7955702647657841
0.9170061099796334
0.8663441955193483
0.810336048879837
0.859725050916497
0.844959266802444
0.8357942973523421
0.7174134419551935
0.8266293279022403
0.7357433808553971
0.7670570264765784
0.7505091649694501
0.7311608961303462
0.7395621181262729
0.8011710794297352
0.14129327902240327
0.8110997963340122
0.7726578411405295
0.9144602851323829
0.7370162932790224
0.7031568228105907
0.6886456211812627
0.8131364562118126
0.9134419551934827
0.8121181262729125
0.8706720977596741
0.7133401221995926
0.7303971486761711
0.7375254582484725
0.9121690427698574
0.8335030549898167
0.710030549898167
0.820010183299389
0.9315173116089613
0.8123727087576375
0.7825865580448065
0.7530549898167006
0.8263747454175153
0.9317718940936863
0.6871181262729125
0.8077902240325866
0.910132382892057
0.779786150712831
0.840122199592668
0.8640529531568228
0.7237780040733197
0.9042769857433809
0.8286659877800407
0.8225560081466395
0.8928207739307535
0.9208248472505092
0.7836048879837068
0.8925661914460286
0.895112016293279
0.9348268839103869
0.8531059063136456
0.9037678207739308
0.7912423625254582
0.9529022403258656
0.7431262729124236
0.825356415478615
0.835030549898167
0.9111507128309573
0.7739307535641547
0.870417515274949
0.8968940936863544
0.7578920570264766
0.8205193482688391
0.8854378818737271
0.7107942973523421
0.8385947046843177
0.8144093686354379
0.7230142566191446
0.8538696537678208
0.8976578411405295
0.8243380855397149
0.7688391038696538
0.6639511201629328
0.8546334012219959
0.7716395112016293
0.8813645621181263
0.844704684317719
0.8469959266802444
0.7398167006109979
0.7563645621181263
0.9465376782077393
0.7912423625254582
0.820010183299389
0.7046843177189409
0.9228615071283096
0.7426171079429735
0.8872199592668024
0.8862016293279023
0.705193482688391
0.7466904276985743
0.9228615071283096
0.955193482688391
0.7838594704684317
0.9022403258655805
0.7904786150712831
0.6792260692464358
0.8368126272912424
0.834775967413442
0.8678716904276986
0.9394093686354379
0.8996945010183299
0.8464867617107943
0.9658859470468432
0.8823828920570265
0.8762729124236253
0.8054989816700611
0.7255600814663951
0.8490325865580448
0.7665478615071283
0.7879327902240326
0.9022403258655805
0.7930244399185336
0.7935336048879837
0.9075865580448065
0.8044806517311609
0.8732179226069247
0.9635947046843177
0.6924643584521385
0.8520875763747454
0.8393584521384929
0.7538187372708758
0.7632382892057027
0.7833503054989817
0.1871181262729124
0.7764765784114053
0.9271894093686355
0.8421588594704684
0.7441446028513238
0.744653767820774
0.8747454175152749
0.7352342158859471
0.8197556008146639
0.7441446028513238
0.8640529531568228
0.8643075356415478
0.8032077393075356
0.9065682281059063
0.8212830957230143
0.7123217922606925
0.8892566191446029
0.8098268839103869
0.7512729124236253
0.7044297352342159
0.9228615071283096
0.6733706720977597
0.8223014256619144
0.7640020366598778
0.705193482688391
0.8337576374745418
0.7436354378818737
0.8368126272912424
0.5417515274949084
0.7619653767820774
0.9037678207739308
0.8971486761710794
0.7696028513238289
0.7584012219959266
0.7619653767820774
0.7675661914460286
0.924643584521385
0.7339613034623218
0.8681262729124236
0.6621690427698574
0.8179735234215886
0.9231160896130346
0.9462830957230143
0.8258655804480651
0.34877800407331977
0.7912423625254582
0.7828411405295316
0.6318737270875764
0.7204684317718941
0.7105397148676171
0.8912932790224033
0.8663441955193483
0.7907331975560081
0.9429735234215886
0.8459775967413442
0.9144602851323829
0.9116598778004074
0.8928207739307535
0.8839103869653768
0.8867107942973523
0.8915478615071283
0.9381364562118126
0.8161914460285132
0.9162423625254582
0.8177189409368636
0.8518329938900203
0.8189918533604889
0.9531568228105907
0.8032077393075356
0.9213340122199593
0.8357942973523421
0.7179226069246436
0.890020366598778
0.8930753564154786
0.8678716904276986
0.9078411405295316
0.8935845213849287
0.6835539714867617
0.895112016293279
0.6586048879837068
0.9024949083503055
0.8062627291242362
0.830193482688391
0.7708757637474541
0.7107942973523421
0.5967413441955194
0.8508146639511202
0.925152749490835
0.880091649694501
0.8062627291242362
0.8683808553971487
0.8495417515274949
0.8335030549898167
0.8882382892057027
0.7288696537678208
0.8161914460285132
0.9562118126272913
0.7074847250509165
0.889511201629328
0.8566700610997964
0.7833503054989817
0.9292260692464358
0.795061099796334
0.8388492871690427
0.8286659877800407
0.7930244399185336
0.7477087576374746
0.8373217922606925
0.7561099796334012
0.7001018329938901
0.7881873727087576
0.7780040733197556
0.7614562118126272
0.8284114052953157
0.9493380855397149
0.9490835030549898
0.7573828920570265
0.6901731160896131
0.825356415478615
0.8057535641547862
0.8574338085539714
0.7334521384928717
0.9386456211812627
0.8581975560081466
0.9035132382892057
0.8752545824847251
0.8467413441955194
0.8681262729124236
0.8240835030549898
0.7166496945010183
0.8686354378818737
0.8918024439918534
0.7138492871690427
0.7359979633401222
0.8688900203665988
0.8279022403258656
0.7011201629327902
0.8294297352342159
0.8156822810590632
0.7960794297352343
0.8042260692464358
0.7596741344195519
0.7492362525458248
0.9144602851323829
0.7601832993890021
0.829938900203666
0.6061608961303462
0.8324847250509165
0.7431262729124236
0.884928716904277
0.8357942973523421
0.7217413441955194
0.8752545824847251
0.9192973523421588
0.7718940936863544
0.7477087576374746
0.910132382892057
0.814918533604888
0.7808044806517311
0.9139511201629328
0.804735234215886
0.8258655804480651
0.8862016293279023
0.7204684317718941
0.9261710794297352
0.7191955193482689
0.8307026476578412
0.7095213849287169
0.8312118126272913
0.6838085539714868
0.8403767820773931
0.7935336048879837
0.8355397148676171
0.8592158859470469
0.884928716904277
0.810081466395112
0.9704684317718941
0.9040224032586558
0.7993890020366599
0.7334521384928717
0.8907841140529531
0.14765784114052954
0.8421588594704684
0.8271384928716904
0.7693482688391039
0.9027494908350305
0.8905295315682281
0.8515784114052953
0.8167006109979633
0.7706211812627292
0.8062627291242362
0.7741853360488798
0.7281059063136456
0.9164969450101833
0.7576374745417516
0.8151731160896131
0.8854378818737271
0.8021894093686355
0.7573828920570265
0.8640529531568228
0.8553971486761711
0.7772403258655805
0.7886965376782077
0.7329429735234216
0.7912423625254582
0.9391547861507128
0.869908350305499
0.8780549898167006
0.8513238289205702
0.7904786150712831
0.9312627291242362
0.9442464358452138
0.9007128309572301
0.9274439918533605
0.6769348268839104
0.8105906313645621
0.6356924643584522
0.7685845213849287
0.7757128309572301
0.800152749490835
0.7894602851323829
0.7696028513238289
0.8172097759674134
0.8508146639511202
0.6731160896130346
0.7153767820773931
0.8905295315682281
0.8421588594704684
0.8923116089613035
0.7838594704684317
0.8230651731160896
0.8077902240325866
0.77520366598778
0.8851832993890021
0.8416496945010183
0.8037169042769857
0.8564154786150713
0.7703665987780041
0.7138492871690427
0.6917006109979633
0.7235234215885947
0.7912423625254582
0.7166496945010183
0.7606924643584522
0.7708757637474541
0.7146130346232179
0.9681771894093686
0.8266293279022403
0.8482688391038696
0.8632892057026477
0.8345213849287169
0.8711812627291242
0.8197556008146639
0.779786150712831
0.7922606924643585
0.7858961303462322
0.8413951120162932
0.7843686354378818
0.869908350305499
0.7471995926680245
0.8472505091649695
0.72479633401222
0.7059572301425662
0.7978615071283096
0.7125763747454175
0.8655804480651731
0.8095723014256619
0.7998981670061099
0.9116598778004074
0.7314154786150713
0.6914460285132383
0.8307026476578412
0.9040224032586558
0.8291751527494908
0.7242871690427699
0.14867617107942974
0.8538696537678208
0.77520366598778
0.879582484725051
0.7660386965376782
0.9111507128309573
0.9557026476578412
0.7759674134419552
0.8475050916496945
0.8874745417515275
0.7156313645621182
0.8831466395112016
0.7958248472505092
0.9366089613034623
0.7767311608961304
0.7586558044806517
0.679735234215886
0.8963849287169042
0.9862525458248472
0.8363034623217923
0.9022403258655805
0.8869653767820774
0.9162423625254582
0.845213849287169
0.7764765784114053
0.7612016293279023
0.5672097759674134
0.7492362525458248
0.9195519348268839
0.8528513238289206
0.8920570264765784
0.7953156822810591
0.8243380855397149
0.9045315682281059
0.8968940936863544
0.9381364562118126
0.810081466395112
0.7561099796334012
0.9233706720977597
0.8378309572301426
0.9012219959266803
0.905295315682281
0.8739816700610998
0.8205193482688391
0.7858961303462322
0.9083503054989817
0.7120672097759674
0.8276476578411406
0.9129327902240326
0.8370672097759674
0.9478105906313645
0.7884419551934827
0.9035132382892057
0.8841649694501018
0.7942973523421588
0.6927189409368636
0.6924643584521385
0.8307026476578412
0.7927698574338086
0.8258655804480651
0.14231160896130346
0.7808044806517311
0.8388492871690427
0.744653767820774
0.7230142566191446
0.8070264765784114
0.9620672097759674
0.7703665987780041
0.7782586558044806
0.8368126272912424
0.8004073319755601
0.8363034623217923
0.7673116089613035
0.7724032586558045
0.8416496945010183
0.9546843177189409
0.8052443991853361
0.7970977596741344
0.830193482688391
0.814663951120163
0.7604378818737271
0.8167006109979633
0.8755091649694501
0.8737270875763747
0.899949083503055
0.8263747454175153
0.7288696537678208
0.8327393075356415
0.7790224032586558
0.8388492871690427
0.7240325865580448
0.6978105906313645
0.6741344195519349
0.8683808553971487
0.8923116089613035
0.9254073319755601
0.7408350305498982
0.8637983706720977
0.7334521384928717
0.6983197556008147
0.9142057026476579
0.6904276985743381
0.8095723014256619
0.8727087576374746
0.845213849287169
0.9315173116089613
0.789714867617108
0.7283604887983707
0.7909877800407332
0.9455193482688391
0.7466904276985743
0.3475050916496945
0.6318737270875764
0.7655295315682281
0.7696028513238289
0.9060590631364562
0.9017311608961304
0.9075865580448065
0.8454684317718941
0.7362525458248472
0.774949083503055
0.7571283095723014
0.8559063136456212
0.7059572301425662
0.9210794297352343
0.7871690427698574
0.8319755600814664
0.7907331975560081
0.8543788187372708
0.8589613034623218
0.8989307535641547
0.9254073319755601
0.8014256619144603
0.7494908350305499
0.9055498981670062
0.730142566191446
0.7566191446028513
0.6789714867617108
0.6614052953156823
0.8734725050916496
0.770112016293279
0.8436863543788188
0.8719450101832994
0.7864052953156823
0.9389002036659878
0.8974032586558045
0.909877800407332
0.9315173116089613
0.7492362525458248
0.7026476578411406
0.8553971486761711
0.9330448065173116
0.8663441955193483
0.7813136456211812
0.8281568228105907
0.929735234215886
0.7395621181262729
0.889511201629328
0.8240835030549898
0.7874236252545825
0.9164969450101833
0.7395621181262729
0.755346232179226
0.8332484725050916
0.8335030549898167
0.8981670061099797
0.8826374745417516
0.7774949083503055
0.7039205702647657
0.664969450101833
0.8189918533604889
0.7930244399185336
0.8938391038696538
0.744908350305499
0.7823319755600815
0.7107942973523421
0.664714867617108
0.7303971486761711
0.8864562118126272
0.6945010183299389
0.8182281059063137
0.9335539714867617
0.8177189409368636
0.7219959266802444
0.8637983706720977
0.654786150712831
0.8991853360488798
0.8189918533604889
0.7970977596741344
0.9032586558044806
0.7576374745417516
0.8230651731160896
0.8673625254582484
0.7925152749490835
0.9068228105906314
0.9055498981670062
0.9086048879837068
0.9022403258655805
0.8788187372708758
0.8477596741344195
0.7413441955193483
0.8755091649694501
0.8520875763747454
0.8304480651731161
0.8632892057026477
0.8225560081466395
0.8230651731160896
0.669806517311609
0.8691446028513238
0.669806517311609
0.7334521384928717
0.9325356415478615
0.895112016293279
0.7477087576374746
0.8266293279022403
0.8210285132382892
0.779786150712831
0.8676171079429735
0.869653767820774
0.6945010183299389
0.8525967413441955
0.7387983706720977
0.9325356415478615
0.9070773930753564
0.9009674134419552
0.9348268839103869
0.7736761710794298
0.8128818737270875
0.7876782077393075
0.9223523421588594
0.7920061099796334
0.8296843177189409
0.7505091649694501
0.810081466395112
0.5236761710794298
0.8215376782077393
0.9460285132382892
0.7629837067209776
0.7227596741344195
0.9312627291242362
0.7390529531568228
0.7632382892057027
0.8116089613034623
0.8080448065173116
0.8342668024439919
0.6611507128309573
0.7370162932790224
0.8477596741344195
0.7734215885947047
0.9254073319755601
0.8332484725050916
0.6476578411405295
0.8477596741344195
0.8943482688391039
0.8485234215885947
0.804989816700611
0.84979633401222
0.7920061099796334
0.8215376782077393
0.8052443991853361
0.7713849287169042
0.8747454175152749
0.8329938900203666
0.7703665987780041
0.8854378818737271
0.719959266802444
0.8434317718940937
0.7189409368635438
0.8365580448065173
0.9310081466395111
0.835030549898167
0.7731670061099797
0.6578411405295316
0.7846232179226069
0.8429226069246436
0.7377800407331976
0.7932790224032586
0.844959266802444
0.8826374745417516
0.8421588594704684
0.9075865580448065
0.890274949083503
0.7662932790224033
0.8039714867617108
0.7973523421588594
0.7869144602851323
0.7087576374745418
0.8867107942973523
0.7970977596741344
0.8113543788187373
0.9501018329938901
0.8897657841140529
0.8887474541751528
0.8429226069246436
0.8082993890020367
0.9493380855397149
0.0010183299389002036
0.7438900203665988
0.7362525458248472
0.8113543788187373
0.794806517311609
0.8630346232179226
0.8907841140529531
0.8067718940936863
0.7161405295315683
0.8834012219959266
0.8070264765784114
0.9129327902240326
0.7874236252545825
0.889511201629328
0.8925661914460286
0.6804989816700611
0.8388492871690427
0.8072810590631364
0.8940936863543788
0.8645621181262729
0.6988289205702648
0.695264765784114
0.8839103869653768
0.8762729124236253
0.8686354378818737
0.770112016293279
0.7072301425661914
0.7815682281059063
0.8755091649694501
0.7968431771894093
0.9134419551934827
0.7729124236252546
0.8780549898167006
0.7242871690427699
0.7785132382892057
0.8935845213849287
0.7507637474541752
0.7438900203665988
0.8581975560081466
0.9157331975560081
0.9292260692464358
0.8826374745417516
0.8271384928716904
0.7914969450101833
0.7456720977596741
0.7739307535641547
0.9493380855397149
0.7734215885947047
0.8378309572301426
0.8385947046843177
0.7833503054989817
0.7286150712830958
0.8721995926680245
0.8345213849287169
0.8940936863543788
0.7123217922606925
0.8816191446028513
0.6827902240325866
0.8533604887983707
0.7713849287169042
0.7184317718940937
0.8113543788187373
0.7942973523421588
0.4694501018329939
0.8482688391038696
0.8077902240325866
0.9304989816700611
0.8054989816700611
0.870417515274949
0.8116089613034623
0.7502545824847251
0.9017311608961304
0.8574338085539714
0.7894602851323829
0.7881873727087576
0.8161914460285132
0.7726578411405295
0.804735234215886
0.889511201629328
0.8762729124236253
0.754582484725051
0.7612016293279023
0.7772403258655805
0.8971486761710794
0.6367107942973523
0.8907841140529531
0.774949083503055
0.8240835030549898
0.7324338085539714
0.7296334012219959
0.9424643584521385
0.965122199592668
0.8762729124236253
0.8569246435845214
0.7818228105906314
0.8095723014256619
0.9335539714867617
0.6043788187372708
0.8806008146639511
0.8879837067209776
0.7940427698574338
0.7405804480651731
0.9042769857433809
0.7785132382892057
0.9539205702647657
0.7497454175152749
0.7069755600814664
0.910132382892057
0.8910386965376782
0.8327393075356415
0.780040733197556
0.9465376782077393
0.6901731160896131
0.9480651731160896
0.695264765784114
0.7334521384928717
0.7314154786150713
0.9205702647657841
0.7680753564154786
0.9078411405295316
0.9735234215885947
0.8105906313645621
0.825356415478615
0.910132382892057
0.7815682281059063
0.8332484725050916
0.8645621181262729
0.8739816700610998
0.8615071283095723
0.7370162932790224
0.8890020366598778
0.850050916496945
0.8067718940936863
0.8727087576374746
0.7716395112016293
0.919806517311609
0.7856415478615071
0.859725050916497
0.9032586558044806
0.7894602851323829
0.7782586558044806
0.9386456211812627
0.9852342158859471
0.7563645621181263
0.9068228105906314
0.8538696537678208
0.7981160896130346
0.8263747454175153
0.7785132382892057
0.7958248472505092
0.7316700610997964
0.9129327902240326
0.850050916496945
0.9709775967413442
0.8411405295315683
0.8370672097759674
0.829938900203666
0.7433808553971487
0.9154786150712831
0.8569246435845214
0.8032077393075356
0.8533604887983707
0.8574338085539714
0.8971486761710794
0.685336048879837
0.7556008146639511
0.7884419551934827
0.884928716904277
0.8184826883910387
0.8161914460285132
0.9424643584521385
0.7932790224032586
0.8625254582484725
0.9307535641547862
0.16165987780040733
0.9035132382892057
0.8385947046843177
0.834775967413442
0.7774949083503055
0.8230651731160896
0.8979124236252546
0.8467413441955194
0.9335539714867617
0.7517820773930753
0.8714358452138493
0.8482688391038696
0.6443482688391039
0.9116598778004074
0.8783095723014257
0.8340122199592668
0.9493380855397149
0.9271894093686355
0.8930753564154786
0.745162932790224
0.7395621181262729
0.8862016293279023
0.9383910386965377
0.8984215885947047
0.8538696537678208
0.8974032586558045
0.8459775967413442
0.8925661914460286
0.9740325865580448
0.899949083503055
0.9411914460285132
0.8762729124236253
0.7540733197556008
0.8360488798370672
0.9465376782077393
0.7023930753564155
0.7044297352342159
0.7818228105906314
0.8933299389002036
0.7935336048879837
0.835030549898167
0.8994399185336049
0.7505091649694501
0.8760183299389002
0.8322301425661914
0.8930753564154786
0.9467922606924644
0.8836558044806517
0.8612525458248472
0.800152749490835
0.84979633401222
0.9068228105906314
0.8082993890020367
0.780040733197556
0.7090122199592668
0.960285132382892
0.804989816700611
0.905295315682281
0.7072301425661914
0.7561099796334012
0.720213849287169
0.7909877800407332
0.8243380855397149
0.9534114052953157
0.8319755600814664
0.8228105906313645
0.21283095723014256
0.7166496945010183
0.9177698574338086
0.935336048879837
0.8566700610997964
0.9653767820773931
0.7657841140529531
0.8421588594704684
0.8953665987780041
0.8528513238289206
0.7932790224032586
0.8406313645621182
0.8065173116089613
0.865071283095723
0.6917006109979633
0.8920570264765784
0.8935845213849287
0.7731670061099797
0.7739307535641547
0.7634928716904277
0.8080448065173116
0.8559063136456212
0.8281568228105907
0.7543279022403259
0.9042769857433809
0.8508146639511202
0.7283604887983707
0.6947556008146639
0.7594195519348269
0.8561608961303462
0.7932790224032586
0.8266293279022403
0.7678207739307535
0.824847250509165
0.8088085539714868
0.8620162932790224
0.7703665987780041
0.6410386965376782
0.7405804480651731
0.8319755600814664
0.8762729124236253
0.9203156822810591
0.840122199592668
0.6878818737270875
0.8691446028513238
0.7543279022403259
0.7955702647657841
0.8088085539714868
0.9615580448065173
0.7431262729124236
0.8220468431771895
0.8314663951120163
0.7678207739307535
0.869653767820774
0.7163951120162932
0.7087576374745418
0.9587576374745418
0.7270875763747454
0.784877800407332
0.7034114052953157
0.8683808553971487
0.7169042769857433
0.8332484725050916
0.734725050916497
0.8019348268839104
0.7986252545824847
0.8062627291242362
0.7920061099796334
0.8019348268839104
0.8032077393075356
0.8123727087576375
0.7815682281059063
0.8884928716904277
0.8584521384928717
0.7642566191446029
0.780295315682281
0.7530549898167006
0.8480142566191446
0.8714358452138493
0.8444501018329938
0.8156822810590632
0.8380855397148677
0.9091140529531568
0.8541242362525459
0.7268329938900203
0.8923116089613035
0.7571283095723014
0.7729124236252546
0.8617617107942973
0.7146130346232179
0.9080957230142567
0.7757128309572301
0.8004073319755601
0.879837067209776
0.8217922606924644
0.8640529531568228
0.8205193482688391
0.7525458248472505
0.7107942973523421
0.8556517311608961
0.6784623217922607
0.8905295315682281
0.7059572301425662
0.7762219959266803
0.7606924643584522
0.9671588594704684
0.8126272912423625
0.8169551934826884
0.7805498981670062
0.8719450101832994
0.8938391038696538
0.3559063136456212
0.7805498981670062
0.8739816700610998
0.820264765784114
0.8907841140529531
0.9124236252545825
0.6792260692464358
0.9065682281059063
0.7683299389002036
0.7303971486761711
0.6583503054989817
0.7624745417515275
0.7782586558044806
0.7311608961303462
0.8905295315682281
0.6137983706720977
0.8268839103869654
0.8609979633401222
0.7278513238289206
0.7838594704684317
0.9080957230142567
0.8459775967413442
0.9381364562118126
0.9019857433808554
0.7787678207739308
0.8429226069246436
0.7909877800407332
0.7415987780040734
0.8037169042769857
0.8711812627291242
0.7866598778004074
0.9338085539714868
0.7818228105906314
0.9180244399185336
0.894857433808554
0.7408350305498982
0.7958248472505092
0.8406313645621182
0.8314663951120163
0.8337576374745418
0.8882382892057027
0.8495417515274949
0.8974032586558045
0.8475050916496945
0.8874745417515275
0.7191955193482689
0.7874236252545825
0.8131364562118126
0.7734215885947047
0.7909877800407332
0.8258655804480651
0.7533095723014257
0.810336048879837
0.8974032586558045
0.8469959266802444
0.9096232179226069
0.7660386965376782
0.8559063136456212
0.8653258655804481
0.8637983706720977
0.784877800407332
0.7082484725050916
0.9742871690427699
0.8026985743380856
0.814918533604888
0.7477087576374746
0.790224032586558
0.6995926680244399
0.8851832993890021
0.8757637474541752
0.839867617107943
0.8403767820773931
0.7759674134419552
0.9060590631364562
0.8161914460285132
0.9391547861507128
0.8337576374745418
0.7153767820773931
0.859725050916497
0.7387983706720977
0.8538696537678208
0.8918024439918534
0.8538696537678208
0.6901731160896131
0.9248981670061099
0.7594195519348269
0.8268839103869654
0.8673625254582484
0.7225050916496945
0.9236252545824847
0.7815682281059063
0.7912423625254582
0.8627800407331976
0.7685845213849287
0.9223523421588594
0.820264765784114
0.8429226069246436
0.8062627291242362
0.800152749490835
0.8342668024439919
0.8161914460285132
0.9126782077393075
0.9358452138492872
0.8034623217922607
0.8839103869653768
0.8368126272912424
0.9732688391038696
0.8576883910386965
0.8024439918533605
0.764511201629328
0.34674134419551933
0.9327902240325866
0.7166496945010183
0.7932790224032586
0.8536150712830958
0.754837067209776
0.8940936863543788
0.7275967413441955
0.8485234215885947
0.9004582484725051
0.904786150712831
0.8360488798370672
0.7853869653767821
0.850050916496945
0.6718431771894093
0.7581466395112016
0.9022403258655805
0.7568737270875764
0.6705702647657841
0.8426680244399185
0.9096232179226069
0.6779531568228105
0.8925661914460286
0.9014765784114053
0.5809572301425662
0.7342158859470469
0.8579429735234216
0.9376272912423625
0.889511201629328
0.7489816700610998
0.8938391038696538
0.7113034623217923
0.8559063136456212
0.8441955193482689
0.8859470468431772
0.7790224032586558
0.6456211812627292
0.8230651731160896
0.7998981670061099
0.7530549898167006
0.8426680244399185
0.914969450101833
0.7792769857433809
0.790224032586558
0.6626782077393075
0.914969450101833
0.7965885947046843
0.745162932790224
0.8312118126272913
0.8021894093686355
0.789969450101833
0.8337576374745418
0.9307535641547862
0.8905295315682281
0.8686354378818737
0.8360488798370672
0.8192464358452138
0.8429226069246436
0.8307026476578412
0.8979124236252546
0.6410386965376782
0.730142566191446
0.8935845213849287
0.8706720977596741
0.3164460285132383
0.8375763747454175
0.8271384928716904
0.7914969450101833
0.7904786150712831
0.7176680244399185
0.814663951120163
0.6484215885947047
0.7808044806517311
0.6341649694501018
0.8976578411405295
0.7907331975560081
0.7861507128309573
0.7484725050916496
0.8543788187372708
0.9343177189409368
0.8151731160896131
0.6970468431771895
0.764511201629328
0.7074847250509165
0.9287169042769857
0.8464867617107943
0.6033604887983707
0.8752545824847251
0.9564663951120163
0.6855906313645621
0.8304480651731161
0.7095213849287169
0.8286659877800407
0.9210794297352343
0.8019348268839104
0.7316700610997964
0.8154276985743381
0.6354378818737271
0.894857433808554
0.7357433808553971
0.9562118126272913
0.9022403258655805
0.8490325865580448
0.9012219959266803
