0.8608247422680413
0.8984232868405094
0.8805336567616737
0.40903577926015766
0.7974530018192845
0.9238932686476653
0.8665858095815646
0.769860521528199
0.7258944815039418
0.8571861734384475
0.908429351121892
0.8068526379624015
0.6867798665858096
0.6382656155245603
0.38841722255912675
0.8392965433596119
0.8244390539721043
0.8899332929047907
0.8101879927228623
0.8253486961795027
0.7152819890842935
0.895997574287447
0.9057004244996968
0.7095209217707702
0.8693147362037599
0.8280776228016979
0.45542753183747725
0.8220133414190418
0.8347483323226198
0.8280776228016979
0.782292298362644
0.8311097634930261
0.8811400848999393
0.8429351121892056
0.39751364463311095
0.823226197695573
0.4175257731958763
0.5191024863553669
0.8265615524560339
0.8117040630685264
0.8841722255912674
0.8778047301394785
0.7695573074590661
0.7210430563978169
0.9123711340206185
0.739842328684051
0.9144936325045482
0.8493026076409945
0.8884172225591267
0.9151000606428138
0.8596118859915101
0.8083687083080655
0.8380836870830807
0.9323832625833839
0.6303820497271073
0.8338386901152214
0.7910855063674954
0.7929047907822923
0.8714372346876895
0.8499090357792601
0.8353547604608854
0.9120679199514857
0.8298969072164949
0.8244390539721043
0.884778653729533
0.8317161916312917
0.8104912067919952
0.7889630078835658
0.7659187386294725
0.8238326258338386
0.8629472407519709
0.6164342025469982
0.7783505154639175
0.9081261370527592
0.8308065494238933
0.4490600363856883
0.8368708308065494
0.8744693753790176
0.8526379624014554
0.8583990297149787
0.06731352334748332
0.8089751364463311
0.7540933899332929
0.8459672528805336
0.7929047907822923
0.7683444511825349
0.7750151607034567
0.8104912067919952
0.8441479684657368
0.8483929654335961
0.7565191024863553
0.9029714978775015
0.7365069739235901
0.7634930260764099
0.9542146755609461
0.43511218920557915
0.917828987265009
0.8074590661006671
0.7950272892662219
0.8214069132807762
0.820194057004245
0.8963007883565798
0.9326864766525167
0.8920557913887205
0.8714372346876895
0.8286840509399637
0.6725288053365677
0.4181322013341419
0.8602183141297757
0.801394784718011
0.8729533050333536
0.8705275924802911
0.7844147968465737
0.7568223165554882
0.7671315949060037
0.8456640388114008
0.7644026682838083
0.8944815039417829
0.7504548211036992
0.9044875682231656
0.7562158884172225
0.8775015160703457
0.8723468768950879
0.8308065494238933
0.7562158884172225
0.8474833232261977
0.8923590054578533
0.7935112189205579
0.7710733778047302
0.8984232868405094
0.8668890236506974
0.7731958762886598
0.7701637355973318
0.6958762886597938
0.8414190418435415
0.7307459066100667
0.8878107944208611
0.7929047907822923
0.7562158884172225
0.8775015160703457
0.7513644633110976
0.7704669496664646
0.8038204972710734
0.8392965433596119
0.805942995755003
0.8823529411764706
0.5964220739842329
0.7546998180715585
0.8435415403274712
0.4272286234081261
0.9063068526379624
0.9060036385688296
0.9223771983020013
0.2859308671922377
0.7725894481503942
0.8141297756215888
0.8386901152213463
0.8250454821103699
0.7647058823529411
0.8241358399029715
0.9475439660400242
0.7465130382049727
0.7671315949060037
0.8687083080654943
0.8520315342631898
0.8620375985445725
0.8089751364463311
0.7701637355973318
0.8380836870830807
0.7589448150394178
0.9044875682231656
0.7644026682838083
0.6898120072771377
0.771376591873863
0.7795633717404488
0.7859308671922377
0.7395391146149182
0.8499090357792601
0.9690721649484536
0.7956337174044875
0.7780473013947847
0.9105518496058217
0.17101273499090358
0.8135233474833232
0.8117040630685264
0.7155852031534263
0.8587022437841115
0.8435415403274712
0.7513644633110976
0.7926015767131595
0.8499090357792601
0.7919951485748938
0.8784111582777441
0.8838690115221346
0.9108550636749545
0.8938750758035173
0.8374772589448151
0.8750758035172832
0.8650697392359006
0.7474226804123711
0.790175864160097
0.9078229229836264
0.9211643420254699
0.8799272286234081
0.801394784718011
0.37659187386294724
0.8338386901152214
0.8483929654335961
0.7449969678593087
0.8065494238932687
0.8289872650090965
0.8938750758035173
0.9166161309884778
0.8820497271073378
0.9363250454821104
0.8477865372953305
0.8365676167374166
0.8908429351121893
0.9108550636749545
0.9011522134627047
0.7528805336567617
0.7498483929654336
0.39690721649484534
0.8587022437841115
0.41237113402061853
0.7613705275924803
0.8571861734384475
0.8944815039417829
0.7692540933899333
0.8671922377198302
0.8174651303820497
0.8583990297149787
0.760157671315949
0.7919951485748938
0.8053365676167374
0.7835051546391752
0.8356579745300182
0.8568829593693147
0.788659793814433
0.8881140084899939
0.9120679199514857
0.8320194057004245
0.8180715585203153
0.9087325651910249
0.9390539721043056
0.7971497877501517
0.8417222559126744
0.09490600363856883
0.8665858095815646
0.8298969072164949
0.926015767131595
0.5375985445724681
0.9408732565191025
0.9063068526379624
0.9266221952698606
0.8089751364463311
0.8638568829593694
0.8541540327471194
0.9557307459066101
0.8896300788356579
0.906913280776228
0.8135233474833232
0.148271679805943
0.7456033959975743
0.7489387507580352
0.9087325651910249
0.6221952698605215
0.7583383869011522
0.7819890842935112
0.7453001819284415
0.6379624014554275
0.8929654335961189
0.8435415403274712
0.8007883565797453
0.8793208004851425
0.6134020618556701
0.8198908429351122
0.9314736203759855
0.9014554275318375
0.9569436021831413
0.7919951485748938
0.7828987265009096
0.8177683444511825
0.913280776228017
0.8101879927228623
0.8362644026682838
0.3944815039417829
0.7407519708914494
0.7704669496664646
0.9311704063068527
0.7155852031534263
0.41419041843541543
0.3859915100060643
0.8790175864160097
0.7401455427531838
0.8896300788356579
0.7425712553062462
0.7992722862340813
0.7434808975136447
0.8972104305639782
0.8432383262583384
0.84232868405094
0.8098847786537295
0.8502122498483929
0.8899332929047907
0.7880533656761673
0.8474833232261977
0.7595512431776834
0.32080048514251064
0.7480291085506368
0.7868405093996361
0.8505154639175257
0.8092783505154639
0.8750758035172832
0.7565191024863553
0.8156458459672529
0.7046694966646453
0.8535476046088538
0.8026076409945422
0.8147362037598544
0.8189812007277137
0.7319587628865979
0.8802304426925409
0.9014554275318375
0.8141297756215888
0.8286840509399637
0.8429351121892056
0.7889630078835658
0.8747725894481504
0.8947847180109157
0.8271679805942995
0.7874469375379017
0.8608247422680413
0.8077622801697999
0.8483929654335961
0.8720436628259551
0.8159490600363857
0.8174651303820497
0.8950879320800486
0.43117040630685266
0.8969072164948454
0.38265615524560337
0.4335961188599151
0.7292298362644026
0.7844147968465737
0.727107337780473
0.8271679805942995
0.8204972710733778
0.813826561552456
0.8502122498483929
0.8204972710733778
0.7647058823529411
0.39933292904790785
0.8850818677986658
0.8338386901152214
0.7313523347483323
0.6446331109763493
0.8489993935718617
0.926015767131595
0.8247422680412371
0.7892662219526986
0.8074590661006671
0.8068526379624015
0.40903577926015766
0.7061855670103093
0.8978168587022438
0.8626440266828381
0.8732565191024864
0.6631291691934506
0.8902365069739235
0.8765918738629472
0.8583990297149787
0.8599151000606429
0.40479078229229837
0.8735597331716192
0.9572468162522741
0.7343844754396605
0.6889023650697392
0.8583990297149787
0.9026682838083687
0.8696179502728927
0.8462704669496665
0.8308065494238933
0.8756822316555488
0.8392965433596119
0.7334748332322619
0.8408126137052759
0.873862947240752
0.7926015767131595
0.7935112189205579
0.8101879927228623
0.9366282595512432
0.7580351728320194
0.7904790782292298
0.8235294117647058
0.8268647665251667
0.7798665858095816
0.9311704063068527
0.7741055184960582
0.42510612492419647
0.823226197695573
0.7583383869011522
0.8714372346876895
0.7346876895087933
0.8544572468162522
0.8496058217101273
0.0015160703456640388
0.779260157671316
0.6907216494845361
0.8496058217101273
0.7704669496664646
0.7835051546391752
0.8459672528805336
0.7865372953305033
0.7756215888417223
0.895997574287447
0.7222559126743481
0.7513644633110976
0.820194057004245
0.8496058217101273
0.7983626440266829
0.7631898120072771
0.7892662219526986
0.8902365069739235
0.8389933292904791
0.8429351121892056
0.7856276531231049
0.709824135839903
0.813826561552456
0.35779260157671317
0.906913280776228
0.4269254093389933
0.8902365069739235
0.6591873862947241
0.36870830806549426
0.7577319587628866
0.8068526379624015
0.8729533050333536
0.7631898120072771
0.790175864160097
0.8523347483323226
0.7968465736810187
0.7377198302001213
0.875379017586416
0.42449969678593086
0.8295936931473621
0.8126137052759248
0.883262583383869
0.7528805336567617
0.39205579138872043
0.8001819284414797
0.4066100667070952
0.8844754396604002
0.9151000606428138
0.8220133414190418
0.4366282595512432
0.927531837477259
0.44996967859308673
0.7292298362644026
0.8353547604608854
0.8183747725894481
0.6691934505761067
0.8220133414190418
0.8371740448756823
0.883262583383869
0.7825955124317768
0.7774408732565191
0.8480897513644633
0.8935718617343845
0.9020618556701031
0.929047907822923
0.37780473013947846
0.9017586416009703
0.8917525773195877
0.8869011522134627
0.7835051546391752
0.8114008489993936
0.8523347483323226
0.8729533050333536
0.7653123104912067
0.9184354154032747
0.7956337174044875
0.9050939963614312
0.8317161916312917
0.8268647665251667
0.40842935112189205
0.8389933292904791
0.8505154639175257
0.7249848392965433
0.8890236506973923
0.8171619163129169
0.8526379624014554
0.8038204972710734
0.8047301394784718
0.5839902971497878
0.7671315949060037
0.8593086719223771
0.6519102486355367
0.8114008489993936
0.7759248029108551
0.4050939963614312
0.8129169193450576
0.8899332929047907
0.7595512431776834
0.8929654335961189
0.42995755003032143
0.422680412371134
0.8323226197695573
0.7968465736810187
0.8386901152213463
0.4175257731958763
0.8778047301394785
0.8474833232261977
0.8881140084899939
0.38872043662825956
0.8368708308065494
0.7565191024863553
0.8150394178289873
0.9038811400849
0.7625833838690115
0.7950272892662219
0.9396604002425712
0.9029714978775015
0.8690115221346271
0.7880533656761673
0.7783505154639175
0.6931473620375985
0.4633110976349303
0.3708308065494239
0.886294724075197
0.8938750758035173
0.8623408126137053
0.8896300788356579
0.41328077622801696
0.8865979381443299
0.4966646452395391
0.7510612492419648
0.8872043662825955
0.8050333535476046
0.8890236506973923
0.7919951485748938
0.16343238326258339
0.8638568829593694
0.8762886597938144
0.788659793814433
0.9193450576106731
0.7841115827774409
0.8702243784111583
0.8065494238932687
0.8935718617343845
0.727107337780473
0.8969072164948454
0.7437841115827775
0.7841115827774409
0.8953911461491814
0.8035172832019406
0.791691934505761
0.6567616737416616
0.8298969072164949
0.8159490600363857
0.7965433596118859
0.6855670103092784
0.813826561552456
0.7674348089751365
0.8732565191024864
0.8001819284414797
0.8920557913887205
0.8238326258338386
0.8238326258338386
0.8550636749545178
0.9087325651910249
0.8050333535476046
0.8001819284414797
0.7283201940570042
0.8150394178289873
0.8790175864160097
0.7922983626440266
0.9154032747119466
0.8047301394784718
0.8869011522134627
0.8781079442086113
0.8489993935718617
0.7992722862340813
0.8399029714978775
0.9108550636749545
0.8417222559126744
0.8471801091570649
0.757125530624621
0.656155245603396
0.7935112189205579
0.8305033353547605
0.8583990297149787
0.8787143723468769
0.9032747119466343
0.8023044269254094
0.9157064887810794
0.8635536688902365
0.6549423893268648
0.697089144936325
0.8614311704063069
0.8671922377198302
0.40479078229229837
0.7804730139478472
0.8335354760460886
0.760157671315949
0.8447543966040024
0.8226197695573074
0.7437841115827775
0.7337780473013947
0.8092783505154639
0.8468768950879321
0.8326258338386902
0.7007277137659187
0.801394784718011
0.9166161309884778
0.875379017586416
0.8468768950879321
0.4387507580351728
0.8690115221346271
0.7992722862340813
0.8793208004851425
0.8963007883565798
0.8608247422680413
0.8550636749545178
0.6597938144329897
0.8708308065494239
0.7762280169799879
0.41267434808975134
0.7783505154639175
0.8095815645845967
0.40903577926015766
0.8911461491813221
0.87689508793208
0.886294724075197
0.405397210430564
0.695573074590661
0.4257125530624621
0.8010915706488781
0.6961795027289266
0.8429351121892056
0.905397210430564
0.897513644633111
0.8505154639175257
0.8392965433596119
0.9293511218920558
0.8241358399029715
0.6388720436628259
0.8741661613098848
0.8223165554881746
0.8993329290479078
0.6967859308671922
0.7838083687083081
0.8317161916312917
0.7277137659187386
0.8908429351121893
0.7022437841115827
0.8323226197695573
0.37689508793208004
0.8098847786537295
0.7850212249848393
0.8671922377198302
0.6173438447543966
0.8459672528805336
0.873862947240752
0.7619769557307459
0.8026076409945422
0.9169193450576106
0.7095209217707702
0.8001819284414797
0.4050939963614312
0.7292298362644026
0.7052759248029109
0.7868405093996361
0.8314129775621589
0.7810794420861128
0.8189812007277137
0.854760460885385
0.8459672528805336
0.8705275924802911
0.9511825348696179
0.7216494845360825
0.7180109157064888
0.39387507580351727
0.899029714978775
0.7832019405700424
0.8987265009096422
0.8917525773195877
0.7410551849605822
0.7498483929654336
0.6673741661613098
0.8650697392359006
0.7525773195876289
0.8162522741055185
0.7974530018192845
0.8599151000606429
0.9193450576106731
0.8505154639175257
0.8486961795027289
0.8587022437841115
0.8320194057004245
0.29047907822922986
0.0009096422073984233
0.8459672528805336
0.38841722255912675
0.8077622801697999
0.8117040630685264
0.679805942995755
0.8899332929047907
0.7974530018192845
0.8032140691328078
0.7941176470588235
0.7986658580958157
0.8526379624014554
0.7959369314736203
0.8550636749545178
0.8080654942389327
0.8911461491813221
0.7686476652516677
0.8311097634930261
0.8326258338386902
0.752274105518496
0.7474226804123711
0.39235900545785324
0.8289872650090965
0.7556094602789569
0.4029714978775015
0.7722862340812614
0.7419648271679806
0.820194057004245
0.8741661613098848
0.38326258338386904
0.8462704669496665
0.739842328684051
0.41540327471194666
0.8135233474833232
0.5773195876288659
0.8881140084899939
0.8374772589448151
0.41237113402061853
0.899029714978775
0.908429351121892
0.8426318981200728
0.9232868405093997
0.9047907822922984
0.8056397816858702
0.8875075803517283
0.42055791388720437
0.42783505154639173
0.7540933899332929
0.8189812007277137
0.9135839902971498
0.8684050939963615
0.9099454214675561
0.4026682838083687
0.9117647058823529
0.8026076409945422
0.7380230442692541
0.8041237113402062
0.8647665251667678
0.8853850818677986
0.906913280776228
0.8602183141297757
0.8377804730139479
0.8841722255912674
0.8702243784111583
0.9029714978775015
0.7689508793208005
0.8508186779866586
0.8950879320800486
0.865979381443299
0.8420254699818072
0.8092783505154639
0.9032747119466343
0.8978168587022438
0.6882959369314736
0.8004851425106125
0.8235294117647058
0.9417828987265009
0.8280776228016979
0.8459672528805336
0.7707701637355974
0.7510612492419648
0.8332322619769558
0.8001819284414797
0.7913887204366282
0.8086719223771983
0.6879927228623408
0.8641600970285022
0.7331716191631291
0.7756215888417223
0.8574893875075803
0.7516676773802304
0.7789569436021831
0.7480291085506368
0.42935112189205576
0.8759854457246816
0.4645239539114615
0.7926015767131595
0.9408732565191025
0.8038204972710734
0.854760460885385
0.8996361431170407
0.6976955730745906
0.4175257731958763
0.7786537295330503
0.8647665251667678
0.9190418435415403
0.5900545785324439
0.41934505761067314
0.7349909035779261
0.8153426318981201
0.782292298362644
0.7022437841115827
0.7410551849605822
0.8708308065494239
0.8905397210430563
0.8323226197695573
0.6779866585809582
0.7525773195876289
0.7968465736810187
0.7859308671922377
0.8095815645845967
0.7122498483929655
0.7847180109157065
0.7980594299575501
0.7422680412371134
0.8590054578532443
0.9363250454821104
0.8405093996361431
0.7910855063674954
0.8938750758035173
0.9214675560946027
0.9511825348696179
0.7092177077016374
0.7738023044269254
0.40418435415403275
0.40024257125530627
0.9093389933292905
0.4387507580351728
0.8286840509399637
0.8323226197695573
0.8941782898726501
0.3314129775621589
0.7944208611279563
0.853244390539721
0.8920557913887205
0.37174044875682233
0.7310491206791995
0.7067919951485749
0.8477865372953305
0.8911461491813221
0.7995755003032141
0.8717404487568223
0.8080654942389327
0.8092783505154639
0.8444511825348696
0.7932080048514251
0.39721043056397815
0.7307459066100667
0.8571861734384475
0.7049727107337781
0.9008489993935719
0.7707701637355974
0.6616130988477865
0.003941782898726501
0.7695573074590661
0.676773802304427
0.7656155245603395
0.7671315949060037
0.8150394178289873
0.8450576106731352
0.8550636749545178
0.843844754396604
0.9160097028502122
0.7980594299575501
0.8526379624014554
0.4335961188599151
0.957550030321407
0.7404487568223166
0.886294724075197
0.8635536688902365
0.8544572468162522
0.8565797453001819
0.7628865979381443
0.9281382656155246
0.8684050939963615
0.8223165554881746
0.8526379624014554
0.7871437234687689
0.7759248029108551
0.8010915706488781
0.8007883565797453
0.9050939963614312
0.7926015767131595
0.7437841115827775
0.7862340812613705
0.7883565797453002
0.8417222559126744
0.7734990903577926
0.8902365069739235
0.8471801091570649
0.5351728320194057
0.8147362037598544
0.8226197695573074
0.8526379624014554
0.8935718617343845
0.9141904184354154
0.689205579138872
0.8156458459672529
0.6691934505761067
0.908429351121892
0.8383869011522135
0.8302001212856277
0.38750758035172833
0.9020618556701031
0.7510612492419648
0.8708308065494239
0.899029714978775
0.9169193450576106
0.7801697998787144
0.8365676167374166
0.7783505154639175
0.7995755003032141
0.7401455427531838
0.7562158884172225
0.8050333535476046
0.8162522741055185
0.9060036385688296
0.899029714978775
0.058823529411764705
0.8493026076409945
0.8383869011522135
0.8896300788356579
0.8183747725894481
0.9032747119466343
0.8559733171619163
0.8295936931473621
0.9041843541540328
0.6676773802304427
0.7862340812613705
0.35961188599151
0.7774408732565191
0.881746513038205
0.8602183141297757
0.002122498483929654
0.883262583383869
0.8820497271073378
0.8493026076409945
0.8741661613098848
0.0030321406913280777
0.8884172225591267
0.8662825955124318
0.27289266221952696
0.8820497271073378
0.8711340206185567
0.8220133414190418
0.8650697392359006
0.8411158277744087
0.7616737416616131
0.8987265009096422
0.9151000606428138
0.8838690115221346
0.8480897513644633
0.8814432989690721
0.9505761067313523
0.7738023044269254
0.7719830200121286
0.8735597331716192
0.8684050939963615
0.8969072164948454
0.7486355366889024
0.8614311704063069
0.7504548211036992
0.8623408126137053
0.8550636749545178
0.38750758035172833
0.7832019405700424
0.7328684050939963
0.7980594299575501
0.34232868405093997
0.8141297756215888
0.3741661613098848
0.9081261370527592
0.7073984232868405
0.8799272286234081
0.7719830200121286
0.7659187386294725
0.8917525773195877
0.8468768950879321
0.8972104305639782
0.8223165554881746
0.7377198302001213
0.9284414796846574
0.8283808368708309
0.7995755003032141
0.7610673135233474
0.812310491206792
0.8459672528805336
0.8499090357792601
0.8098847786537295
0.9035779260157671
0.8790175864160097
0.7859308671922377
0.7959369314736203
0.7440873256519103
0.8571861734384475
0.8999393571861735
0.8171619163129169
0.7610673135233474
0.8235294117647058
0.823226197695573
0.8750758035172832
0.8869011522134627
0.8905397210430563
0.8392965433596119
0.8726500909642207
0.8020012128562766
0.8869011522134627
0.4805942995755003
0.8402061855670103
0.8047301394784718
0.22832019405700424
0.741358399029715
0.8493026076409945
0.36901152213462707
0.9351121892055791
0.8899332929047907
0.9005457853244391
0.9120679199514857
0.8386901152213463
0.8356579745300182
0.9120679199514857
0.7750151607034567
0.7935112189205579
0.6118859915100061
0.3432383262583384
0.8781079442086113
0.7662219526986053
0.8183747725894481
0.4060036385688296
0.8884172225591267
0.8368708308065494
0.7095209217707702
0.8684050939963615
0.8623408126137053
0.8338386901152214
0.8180715585203153
0.7725894481503942
0.8489993935718617
0.41206791995148573
0.8144329896907216
0.4181322013341419
0.7665251667677381
0.8065494238932687
0.4584596725288053
0.8292904790782293
0.7580351728320194
0.7853244390539721
0.7340812613705275
0.7892662219526986
0.8511218920557914
0.7926015767131595
0.8471801091570649
0.9208611279563371
0.9190418435415403
0.8229229836264402
0.8929654335961189
0.720739842328684
0.7695573074590661
0.7653123104912067
0.7013341419041843
0.7610673135233474
0.6885991510006064
0.8408126137052759
0.7716798059429958
0.8395997574287447
0.7371134020618557
0.9032747119466343
0.8690115221346271
0.8038204972710734
0.8996361431170407
0.8126137052759248
0.8717404487568223
0.8972104305639782
0.8602183141297757
0.7310491206791995
0.884778653729533
0.7710733778047302
0.7738023044269254
0.7904790782292298
0.7689508793208005
0.7410551849605822
0.4575500303214069
0.5248635536688903
0.8283808368708309
0.8923590054578533
0.7377198302001213
0.8302001212856277
0.7619769557307459
0.6889023650697392
0.8265615524560339
0.8714372346876895
0.8068526379624015
0.8762886597938144
0.8483929654335961
0.5251667677380231
0.7389326864766526
0.801394784718011
0.8386901152213463
0.37780473013947846
0.9072164948453608
0.8811400848999393
0.9014554275318375
0.8629472407519709
0.8662825955124318
0.632504548211037
0.8156458459672529
0.8426318981200728
0.810794420861128
0.884778653729533
0.7610673135233474
0.8132201334141904
0.8235294117647058
0.8969072164948454
0.8189812007277137
0.7474226804123711
0.8486961795027289
0.8771983020012128
0.8368708308065494
0.7722862340812614
0.7546998180715585
0.84232868405094
0.8235294117647058
0.8647665251667678
0.883262583383869
0.9526986052152819
0.7283201940570042
0.8474833232261977
0.7277137659187386
0.8368708308065494
0.7519708914493632
0.8647665251667678
0.8987265009096422
0.7895694360218314
0.8802304426925409
0.8929654335961189
0.7604608853850818
0.7701637355973318
0.7889630078835658
0.788659793814433
0.8650697392359006
0.8317161916312917
0.9160097028502122
0.7686476652516677
0.7089144936325046
0.0006064281382656155
0.8399029714978775
0.42116434202547
0.8981200727713766
0.8620375985445725
0.4020618556701031
0.7847180109157065
0.8917525773195877
0.7950272892662219
0.7841115827774409
0.8529411764705882
0.33474833232261975
0.6425106124924197
0.7610673135233474
0.8286840509399637
0.8383869011522135
0.8486961795027289
0.8729533050333536
0.845360824742268
0.8192844147968465
0.7868405093996361
0.8917525773195877
0.8526379624014554
0.7929047907822923
0.8723468768950879
0.7989690721649485
0.7683444511825349
0.8302001212856277
0.7962401455427531
0.5633717404487568
0.9426925409338993
0.9081261370527592
0.929047907822923
0.8523347483323226
0.8793208004851425
0.9217707701637355
0.9135839902971498
0.6352334748332322
0.8917525773195877
0.8183747725894481
0.8941782898726501
0.854760460885385
0.3708308065494239
0.9038811400849
0.7437841115827775
0.7798665858095816
0.7565191024863553
0.7252880533656761
0.7929047907822923
0.4063068526379624
0.8499090357792601
0.41479684657368104
0.8068526379624015
0.823226197695573
0.9375379017586416
0.9035779260157671
0.8781079442086113
0.8856882959369314
0.7898726500909642
0.8856882959369314
0.38326258338386904
0.8159490600363857
0.8602183141297757
0.42813826561552454
0.8386901152213463
0.8635536688902365
0.8110976349302608
0.7486355366889024
0.8195876288659794
0.41358399029714976
0.8811400848999393
0.39660400242571253
0.7859308671922377
0.8869011522134627
0.8411158277744087
0.7598544572468162
0.8159490600363857
0.8235294117647058
0.7459066100667071
0.7483323226197696
0.8508186779866586
0.7553062462098241
0.8408126137052759
0.8004851425106125
0.7762280169799879
0.9066100667070952
0.959066100667071
0.752274105518496
0.812310491206792
0.906913280776228
0.7771376591873863
0.8799272286234081
0.35809581564584597
0.7468162522741055
0.8156458459672529
0.8890236506973923
0.9314736203759855
0.44572468162522744
0.8917525773195877
0.8150394178289873
0.9251061249241965
0.7637962401455427
0.7947240751970891
0.8317161916312917
0.7980594299575501
0.41449363250454824
0.8605215281989085
0.7722862340812614
0.8150394178289873
0.9484536082474226
0.87689508793208
0.8320194057004245
0.8550636749545178
0.9187386294724075
0.3956943602183141
0.8493026076409945
0.7534869617950273
0.8717404487568223
0.8656761673741662
0.834445118253487
0.8377804730139479
0.8368708308065494
0.832929047907823
0.8650697392359006
0.9008489993935719
0.8095815645845967
0.7868405093996361
0.7738023044269254
0.8911461491813221
0.8853850818677986
0.7689508793208005
0.9138872043662826
0.7992722862340813
0.4166161309884779
0.8189812007277137
0.8456640388114008
0.8723468768950879
0.7489387507580352
0.7662219526986053
0.7568223165554882
0.9244996967859309
0.4014554275318375
0.5897513644633111
0.8020012128562766
0.8562765312310491
0.8150394178289873
0.7707701637355974
0.7325651910248635
0.7804730139478472
0.7680412371134021
0.9172225591267434
0.883262583383869
0.7847180109157065
0.7983626440266829
0.8465736810187993
0.8362644026682838
0.7261976955730746
0.8711340206185567
0.8593086719223771
0.9187386294724075
0.8841722255912674
0.835961188599151
0.9078229229836264
0.8308065494238933
0.790175864160097
0.8383869011522135
0.7637962401455427
0.8508186779866586
0.9199514857489387
0.8156458459672529
0.7377198302001213
0.33626440266828383
0.8787143723468769
0.8080654942389327
0.9226804123711341
0.8441479684657368
0.9081261370527592
0.8872043662825955
0.8259551243177683
0.7659187386294725
0.16828380836870832
0.820194057004245
0.7998787143723469
0.7889630078835658
0.8347483323226198
0.8295936931473621
0.8929654335961189
0.9096422073984233
0.8395997574287447
0.914796846573681
0.9302607640994542
0.8259551243177683
0.7289266221952698
0.6885991510006064
0.7189205579138872
0.6976955730745906
0.7983626440266829
0.9338993329290479
0.6649484536082474
0.8274711946634323
0.8450576106731352
0.8514251061249242
0.8893268647665251
0.7146755609460279
0.8981200727713766
0.7804730139478472
0.8362644026682838
0.9184354154032747
0.5506367495451789
0.8408126137052759
0.7598544572468162
0.8571861734384475
0.7501516070345664
0.8480897513644633
0.7719830200121286
0.6682838083687083
0.7234687689508793
0.8514251061249242
0.8826561552456034
0.8047301394784718
0.8417222559126744
0.9363250454821104
0.8153426318981201
0.8186779866585809
0.8192844147968465
0.8456640388114008
0.9075197089144936
0.8471801091570649
0.7489387507580352
0.8887204366282595
0.6922377198302001
0.87689508793208
0.3583990297149788
0.4739235900545785
0.8341419041843542
0.406913280776228
0.8295936931473621
0.8929654335961189
0.8065494238932687
0.37810794420861127
0.8787143723468769
0.9157064887810794
0.7828987265009096
0.9114614918132201
0.42480291085506366
0.42995755003032143
0.929047907822923
0.9117647058823529
0.8032140691328078
0.9129775621588841
0.7219526986052153
0.7862340812613705
0.9023650697392359
0.7865372953305033
0.8923590054578533
0.8647665251667678
0.7731958762886598
0.7519708914493632
0.8750758035172832
0.6691934505761067
0.8426318981200728
0.8429351121892056
0.7456033959975743
0.8377804730139479
0.7892662219526986
0.8520315342631898
0.8129169193450576
0.44026682838083686
0.4654335961188599
0.8632504548211037
0.7847180109157065
0.8629472407519709
0.7689508793208005
0.71922377198302
0.8732565191024864
0.8023044269254094
0.8829593693147362
0.9060036385688296
0.7932080048514251
0.8647665251667678
0.6961795027289266
0.8450576106731352
0.8289872650090965
0.3917525773195876
0.8268647665251667
0.8972104305639782
0.8899332929047907
0.8677986658580958
0.9002425712553063
0.9120679199514857
0.5130382049727107
0.3865979381443299
0.6443298969072165
0.7938144329896907
0.8899332929047907
0.8023044269254094
0.7938144329896907
0.8080654942389327
0.851728320194057
0.7543966040024257
0.7813826561552456
0.9096422073984233
0.8038204972710734
0.7898726500909642
0.40024257125530627
0.8693147362037599
0.7449969678593087
0.3793208004851425
0.8505154639175257
0.8068526379624015
0.9214675560946027
0.7926015767131595
0.4111582777440873
0.4257125530624621
0.8599151000606429
0.7410551849605822
0.9199514857489387
0.7789569436021831
0.8917525773195877
0.8098847786537295
0.8165554881746513
0.7516676773802304
0.7998787143723469
0.8993329290479078
0.7977562158884173
0.9508793208004851
0.8953911461491814
0.7904790782292298
0.33717404487568226
0.8929654335961189
0.6907216494845361
0.8402061855670103
0.4029714978775015
0.4317768344451183
0.8347483323226198
0.8614311704063069
0.8893268647665251
0.7295330503335354
0.834445118253487
0.8065494238932687
0.8171619163129169
0.7804730139478472
0.7070952092177077
0.8171619163129169
0.8662825955124318
0.9317768344451183
0.9396604002425712
0.4678593086719224
0.8544572468162522
0.8623408126137053
0.7707701637355974
0.8483929654335961
0.8153426318981201
0.8511218920557914
0.8714372346876895
0.8614311704063069
0.7804730139478472
0.7932080048514251
0.8617343844754397
0.8577926015767131
0.8914493632504549
0.8253486961795027
0.7841115827774409
0.7386294724075197
0.7929047907822923
0.7810794420861128
0.8320194057004245
0.8395997574287447
0.8420254699818072
0.8174651303820497
0.7850212249848393
0.8062462098241359
0.8444511825348696
0.779260157671316
0.8587022437841115
0.5936931473620376
0.6964827167980594
0.8229229836264402
0.7389326864766526
0.7759248029108551
0.35718617343844755
0.8459672528805336
0.7668283808368709
0.7480291085506368
0.8771983020012128
0.7659187386294725
0.9141904184354154
0.9533050333535477
0.8162522741055185
0.9220739842328685
0.8520315342631898
0.8016979987871438
0.804426925409339
0.3559733171619163
0.6804123711340206
0.8168587022437841
0.3914493632504548
0.9484536082474226
0.8635536688902365
0.9050939963614312
0.4020618556701031
0.906913280776228
0.8511218920557914
0.8117040630685264
0.8729533050333536
0.8493026076409945
0.42449969678593086
0.834445118253487
0.8062462098241359
0.823226197695573
0.8535476046088538
0.7756215888417223
0.09066100667070952
0.6646452395391146
0.7919951485748938
0.929047907822923
0.823226197695573
0.8271679805942995
0.8192844147968465
0.4951485748938751
0.41267434808975134
0.8950879320800486
0.8923590054578533
0.9108550636749545
0.8238326258338386
0.38204972710733776
0.7913887204366282
0.7850212249848393
0.8884172225591267
0.9032747119466343
0.8098847786537295
0.7856276531231049
0.8465736810187993
0.8411158277744087
0.7431776834445118
0.7453001819284415
0.42510612492419647
0.750758035172832
0.8010915706488781
0.8677986658580958
0.8223165554881746
0.9138872043662826
0.6791995148574894
0.782292298362644
0.8180715585203153
0.9657368101879927
0.4072164948453608
0.8502122498483929
0.8371740448756823
0.8389933292904791
0.8444511825348696
0.8496058217101273
0.9063068526379624
0.8335354760460886
0.8395997574287447
0.8902365069739235
0.87689508793208
0.8129169193450576
0.3850818677986659
0.7980594299575501
0.905397210430564
0.7316555488174651
0.8474833232261977
0.6813220133414191
0.7040630685263797
0.8820497271073378
0.43602183141297757
0.8702243784111583
0.4050939963614312
0.8826561552456034
0.823226197695573
0.790175864160097
0.7128562765312311
0.7768344451182535
0.8032140691328078
0.8969072164948454
0.7959369314736203
0.8126137052759248
0.8074590661006671
0.9099454214675561
0.8153426318981201
0.7440873256519103
0.8838690115221346
0.6558520315342632
0.8144329896907216
0.7922983626440266
0.42055791388720437
0.7798665858095816
0.7644026682838083
0.8389933292904791
0.7965433596118859
0.8583990297149787
0.8026076409945422
0.8723468768950879
0.8405093996361431
0.39781685870224376
0.8590054578532443
0.7871437234687689
0.9157064887810794
0.7974530018192845
0.9157064887810794
0.7186173438447544
0.8529411764705882
0.8535476046088538
0.8326258338386902
0.7944208611279563
0.771376591873863
0.8405093996361431
0.8511218920557914
0.758641600970285
0.4063068526379624
0.895997574287447
0.41995148574893876
0.8805336567616737
0.8944815039417829
0.47786537295330506
0.8380836870830807
0.8347483323226198
0.8662825955124318
0.7980594299575501
0.9584596725288054
0.7568223165554882
0.8362644026682838
0.8838690115221346
0.7519708914493632
0.41904184354154034
0.7941176470588235
0.7219526986052153
0.7856276531231049
0.9063068526379624
0.8074590661006671
0.895997574287447
0.7580351728320194
0.725591267434809
0.8114008489993936
0.8796240145542753
0.8981200727713766
0.8441479684657368
0.8414190418435415
0.7489387507580352
0.8247422680412371
0.7795633717404488
0.9254093389933293
0.7622801697998787
0.897513644633111
0.8153426318981201
0.8114008489993936
0.8471801091570649
0.7956337174044875
0.8080654942389327
0.6992116434202547
0.916312916919345
0.9278350515463918
0.9011522134627047
0.820194057004245
0.7128562765312311
0.845360824742268
0.7859308671922377
0.8471801091570649
0.8568829593693147
0.7671315949060037
0.8298969072164949
0.791691934505761
0.8496058217101273
0.8483929654335961
0.8026076409945422
0.8317161916312917
0.8535476046088538
0.9035779260157671
0.20618556701030927
0.8741661613098848
0.8599151000606429
0.40751970891449363
0.9099454214675561
0.8856882959369314
0.9241964827167981
0.8923590054578533
0.9008489993935719
0.905397210430564
0.7637962401455427
0.8620375985445725
0.8323226197695573
0.8489993935718617
0.916312916919345
0.7804730139478472
0.8771983020012128
0.9011522134627047
0.9038811400849
0.8399029714978775
0.8098847786537295
0.36779866585809584
0.7101273499090358
0.7459066100667071
0.8435415403274712
0.8920557913887205
0.6952698605215282
0.823226197695573
0.7825955124317768
0.8035172832019406
0.8511218920557914
0.813826561552456
0.7731958762886598
0.7932080048514251
0.802910855063675
0.750758035172832
0.8932686476652517
0.8441479684657368
0.8756822316555488
0.9348089751364463
0.8408126137052759
0.7607640994542146
0.8411158277744087
0.7804730139478472
0.16494845360824742
0.8726500909642207
0.8711340206185567
0.8908429351121893
0.7101273499090358
0.8153426318981201
0.8089751364463311
0.32171012734990906
0.8756822316555488
0.6003638568829593
0.7810794420861128
0.8538508186779866
0.8969072164948454
0.9190418435415403
0.8559733171619163
0.8696179502728927
0.8635536688902365
0.7449969678593087
0.4096422073984233
0.7449969678593087
0.7819890842935112
0.8978168587022438
0.6124924196482717
0.4523953911461492
0.8095815645845967
0.4117647058823529
0.8869011522134627
0.835961188599151
0.8305033353547605
0.7686476652516677
0.8717404487568223
0.8259551243177683
0.8062462098241359
0.8117040630685264
0.851728320194057
0.8523347483323226
0.8292904790782293
0.8756822316555488
0.8365676167374166
0.834445118253487
0.7865372953305033
0.8599151000606429
0.7656155245603395
0.8223165554881746
0.802910855063675
0.7910855063674954
0.8981200727713766
0.8853850818677986
0.875379017586416
0.7568223165554882
0.7656155245603395
0.8065494238932687
0.7277137659187386
0.873862947240752
0.8477865372953305
0.771376591873863
0.8180715585203153
0.9348089751364463
0.8156458459672529
0.7528805336567617
0.35172832019405703
0.9363250454821104
0.8468768950879321
0.7155852031534263
0.9172225591267434
0.45178896300788357
0.802910855063675
0.9338993329290479
0.8353547604608854
0.8483929654335961
0.7040630685263797
0.7838083687083081
0.8362644026682838
0.813826561552456
0.8911461491813221
0.7953305033353547
0.6819284414796847
0.8141297756215888
0.7974530018192845
0.7131594906003639
0.7756215888417223
0.36901152213462707
0.8568829593693147
0.8705275924802911
0.4257125530624621
0.8214069132807762
0.8302001212856277
0.8317161916312917
0.7832019405700424
0.7883565797453002
0.8250454821103699
0.8953911461491814
0.8496058217101273
0.8353547604608854
0.37628865979381443
0.8250454821103699
0.779260157671316
0.8389933292904791
0.9044875682231656
0.8092783505154639
0.8171619163129169
0.8541540327471194
0.7695573074590661
0.8256519102486355
0.8805336567616737
0.7868405093996361
0.8126137052759248
0.8568829593693147
0.8699211643420255
0.801394784718011
0.8762886597938144
0.6979987871437234
0.757125530624621
0.7449969678593087
0.8887204366282595
0.750758035172832
0.0036385688295936932
0.8350515463917526
0.834445118253487
0.8417222559126744
0.8399029714978775
0.8981200727713766
0.7225591267434809
0.7337780473013947
0.8938750758035173
0.8914493632504549
0.9063068526379624
0.8935718617343845
0.8732565191024864
0.7195269860521528
0.7440873256519103
0.8966040024257126
0.8317161916312917
0.8963007883565798
0.37810794420861127
0.8720436628259551
0.823226197695573
0.8241358399029715
0.7559126743480897
0.8508186779866586
0.7616737416616131
0.7313523347483323
0.7977562158884173
0.8486961795027289
0.7801697998787144
0.6819284414796847
0.8283808368708309
0.8850818677986658
0.8956943602183142
0.8629472407519709
0.7798665858095816
0.8577926015767131
0.7425712553062462
0.7953305033353547
0.9323832625833839
0.7832019405700424
0.8289872650090965
0.9105518496058217
0.8253486961795027
0.8520315342631898
0.8177683444511825
0.8499090357792601
0.8483929654335961
0.9457246816252274
0.3944815039417829
0.4008489993935719
0.10036385688295937
0.3869011522134627
0.9017586416009703
0.7992722862340813
0.8486961795027289
0.41904184354154034
0.3793208004851425
0.8341419041843542
0.7137659187386295
0.7107337780473014
0.8511218920557914
0.9063068526379624
0.8414190418435415
0.8295936931473621
0.8020012128562766
0.41237113402061853
0.7750151607034567
0.8993329290479078
0.7686476652516677
0.8823529411764706
0.7349909035779261
0.4687689508793208
0.6934505761067313
0.6916312916919345
0.8311097634930261
0.5530624620982414
0.8972104305639782
0.8150394178289873
0.7580351728320194
0.8841722255912674
0.002122498483929654
0.7146755609460279
0.9041843541540328
0.3914493632504548
0.9439053972104305
0.7228623408126137
0.8580958156458459
0.834445118253487
0.7525773195876289
0.3744693753790176
0.813826561552456
0.8223165554881746
0.8298969072164949
0.7592480291085506
0.7707701637355974
0.8793208004851425
0.7319587628865979
0.8456640388114008
0.916312916919345
0.4166161309884779
0.8120072771376592
0.7777440873256519
0.884778653729533
0.7880533656761673
0.782292298362644
0.8775015160703457
0.9169193450576106
0.9181322013341419
0.8277744087325651
0.41419041843541543
0.6828380836870831
0.7031534263189813
0.38811400848999394
0.913280776228017
0.41570648878107946
0.8887204366282595
0.8477865372953305
0.8662825955124318
0.8966040024257126
0.8432383262583384
0.7656155245603395
0.8826561552456034
0.9026682838083687
0.40812613705275924
0.65767131594906
0.40782292298362643
0.8811400848999393
0.6889023650697392
0.8092783505154639
0.897513644633111
0.7368101879927229
0.9044875682231656
0.8208004851425106
0.790175864160097
0.8302001212856277
0.41449363250454824
0.9417828987265009
0.8696179502728927
0.9096422073984233
0.7813826561552456
0.7592480291085506
0.7662219526986053
0.728623408126137
0.7607640994542146
0.41388720436628257
0.7898726500909642
0.929047907822923
0.9445118253486962
0.7625833838690115
0.788659793814433
0.8377804730139479
0.8302001212856277
0.739842328684051
0.9087325651910249
0.40842935112189205
0.8347483323226198
0.9217707701637355
0.5145542753183747
0.8744693753790176
0.7277137659187386
0.36597938144329895
0.8368708308065494
0.8447543966040024
0.8253486961795027
0.3899332929047908
0.38932686476652517
0.7249848392965433
0.7926015767131595
0.8890236506973923
0.8259551243177683
0.8147362037598544
0.865979381443299
0.8720436628259551
0.8571861734384475
0.8893268647665251
0.7971497877501517
0.8963007883565798
0.8787143723468769
0.8362644026682838
0.39387507580351727
0.4269254093389933
0.7947240751970891
0.7292298362644026
0.843844754396604
0.7865372953305033
0.8690115221346271
0.8456640388114008
0.4117647058823529
0.8914493632504549
0.8565797453001819
0.947847180109157
0.8981200727713766
0.7716798059429958
0.7862340812613705
0.7765312310491207
0.8872043662825955
0.8881140084899939
0.8605215281989085
0.7959369314736203
0.7910855063674954
0.697089144936325
0.8932686476652517
0.8562765312310491
0.8750758035172832
0.8950879320800486
0.8174651303820497
0.8244390539721043
0.8881140084899939
0.873862947240752
0.7871437234687689
0.38781079442086114
0.9238932686476653
0.8262583383869011
0.9047907822922984
0.7898726500909642
0.7268041237113402
0.7825955124317768
0.7528805336567617
0.8004851425106125
0.8214069132807762
0.7771376591873863
0.7225591267434809
0.4266221952698605
0.8189812007277137
0.8244390539721043
0.720739842328684
0.752274105518496
0.4414796846573681
0.7780473013947847
0.7277137659187386
0.8050333535476046
0.9587628865979382
0.8399029714978775
0.8195876288659794
0.5391146149181322
0.7847180109157065
0.8302001212856277
0.8244390539721043
0.7971497877501517
0.727107337780473
0.3959975742874469
0.7550030321406913
0.6858702243784112
0.8244390539721043
0.8489993935718617
0.3699211643420255
0.9008489993935719
0.7598544572468162
0.7186173438447544
0.750758035172832
0.8326258338386902
0.750758035172832
0.8668890236506974
0.9387507580351728
0.8969072164948454
0.00030321406913280777
0.7731958762886598
0.7774408732565191
0.8875075803517283
0.9754396604002425
0.8180715585203153
0.9017586416009703
0.8238326258338386
0.7610673135233474
0.35748938750758036
0.7568223165554882
0.8665858095815646
0.8823529411764706
0.8583990297149787
0.9032747119466343
0.8402061855670103
0.867495451788963
0.851728320194057
0.8235294117647058
0.7938144329896907
0.7644026682838083
0.405397210430564
0.4057004244996968
0.8887204366282595
0.8656761673741662
0.7449969678593087
0.7086112795633718
0.8208004851425106
0.7765312310491207
0.37295330503335355
0.36203759854457246
0.8577926015767131
0.8135233474833232
0.7995755003032141
0.8259551243177683
0.9184354154032747
0.676773802304427
0.8444511825348696
0.8693147362037599
0.7992722862340813
0.8681018799272286
0.7258944815039418
0.8593086719223771
0.9251061249241965
0.7073984232868405
0.9099454214675561
0.667070952092177
0.8444511825348696
0.8508186779866586
0.779260157671316
0.9166161309884778
0.7862340812613705
0.3853850818677987
0.3908429351121892
0.7959369314736203
0.8720436628259551
0.8935718617343845
0.7941176470588235
0.7929047907822923
0.7774408732565191
0.7753183747725895
0.8550636749545178
0.3435415403274712
0.8395997574287447
0.9087325651910249
0.8926622195269861
0.8074590661006671
0.8950879320800486
0.771376591873863
0.6743480897513645
0.8477865372953305
0.6943602183141298
0.8732565191024864
0.9226804123711341
0.8283808368708309
0.7058823529411765
0.6867798665858096
0.8662825955124318
0.9111582777440873
0.8541540327471194
0.8456640388114008
0.43026076409945424
0.8274711946634323
0.7498483929654336
0.8204972710733778
0.8923590054578533
0.8450576106731352
0.8262583383869011
0.7510612492419648
0.8211036992116434
0.788659793814433
0.40782292298362643
0.7343844754396605
0.8156458459672529
0.42965433596118857
0.8386901152213463
0.9166161309884778
0.7310491206791995
0.7231655548817465
0.8153426318981201
0.38417222559126746
0.4008489993935719
0.8001819284414797
0.4223771983020012
0.8280776228016979
0.9063068526379624
0.8389933292904791
0.834445118253487
0.8238326258338386
0.8023044269254094
0.8159490600363857
0.37810794420861127
0.8450576106731352
0.7437841115827775
0.7480291085506368
0.8117040630685264
0.845360824742268
0.8032140691328078
0.8550636749545178
0.6701030927835051
0.3856882959369315
0.9266221952698606
0.8963007883565798
0.8941782898726501
0.8444511825348696
0.9205579138872043
0.8468768950879321
0.8292904790782293
0.8326258338386902
0.7892662219526986
0.8953911461491814
0.7374166161309885
0.8374772589448151
0.7956337174044875
0.804426925409339
0.8056397816858702
0.9326864766525167
0.8235294117647058
0.695573074590661
0.8714372346876895
0.8787143723468769
0.9108550636749545
0.8311097634930261
0.8092783505154639
0.7995755003032141
0.8447543966040024
0.8110976349302608
0.8053365676167374
0.4736203759854457
0.8756822316555488
0.7152819890842935
0.8890236506973923
0.38356579745300184
0.6864766525166768
0.7258944815039418
0.8050333535476046
0.8298969072164949
0.8389933292904791
0.8229229836264402
0.4366282595512432
0.8750758035172832
0.3602183141297756
0.8526379624014554
0.9320800485142511
0.8462704669496665
0.8026076409945422
0.9263189812007278
0.8180715585203153
0.8435415403274712
0.8708308065494239
0.7622801697998787
0.8917525773195877
0.8926622195269861
0.8459672528805336
0.8614311704063069
0.8993329290479078
0.834445118253487
0.3963007883565797
0.771376591873863
0.7910855063674954
0.7453001819284415
0.8635536688902365
0.9202546998180715
0.7386294724075197
0.39781685870224376
0.7719830200121286
0.41358399029714976
0.7462098241358399
0.728623408126137
0.8708308065494239
0.8623408126137053
0.8429351121892056
0.7731958762886598
0.7540933899332929
0.9357186173438448
0.8386901152213463
0.4272286234081261
0.7556094602789569
0.8875075803517283
0.8905397210430563
0.7701637355973318
0.8796240145542753
0.7161916312916919
0.8432383262583384
0.7095209217707702
0.3963007883565797
0.4254093389933293
0.8981200727713766
0.8520315342631898
0.8402061855670103
0.8189812007277137
0.7656155245603395
0.8265615524560339
0.8038204972710734
0.7719830200121286
0.7907822922983626
0.8708308065494239
0.5533656761673742
0.8950879320800486
0.8459672528805336
0.739842328684051
0.3171619163129169
0.9481503941782898
0.8920557913887205
0.42359005457853244
0.8508186779866586
0.7231655548817465
0.8884172225591267
0.7777440873256519
0.7932080048514251
0.3429351121892056
0.8765918738629472
0.8875075803517283
0.8681018799272286
0.7289266221952698
0.9284414796846574
0.7319587628865979
0.8735597331716192
0.8635536688902365
0.9587628865979382
0.8756822316555488
0.8377804730139479
0.881746513038205
0.5142510612492419
0.8778047301394785
0.8614311704063069
0.7874469375379017
0.7871437234687689
0.739842328684051
0.8887204366282595
0.930563978168587
0.7977562158884173
0.7953305033353547
0.9211643420254699
0.9714978775015161
0.7252880533656761
0.8902365069739235
0.8335354760460886
0.8338386901152214
0.8320194057004245
0.8165554881746513
0.9526986052152819
0.8010915706488781
0.8711340206185567
0.8956943602183142
0.645239539114615
0.39781685870224376
0.8016979987871438
0.8502122498483929
0.9038811400849
0.9041843541540328
0.8626440266828381
0.897513644633111
0.864463311097635
0.8732565191024864
0.8638568829593694
0.4263189812007277
0.7446937537901759
0.9169193450576106
0.9238932686476653
0.8289872650090965
0.9005457853244391
0.9581564584596726
0.9090357792601577
0.8917525773195877
0.8129169193450576
0.9244996967859309
0.7992722862340813
0.39205579138872043
0.8896300788356579
0.8775015160703457
0.9023650697392359
0.8056397816858702
0.8283808368708309
0.8787143723468769
0.8265615524560339
0.8887204366282595
0.8305033353547605
0.9005457853244391
0.7753183747725895
0.4178289872650091
0.895997574287447
0.7443905397210431
0.8101879927228623
0.375379017586416
0.7640994542146755
0.8292904790782293
0.9378411158277744
0.8902365069739235
0.3799272286234081
0.8984232868405094
0.8878107944208611
0.8668890236506974
0.40448756822316556
0.8602183141297757
0.8902365069739235
0.4026682838083687
0.7880533656761673
0.3805336567616737
0.813826561552456
0.854760460885385
0.7671315949060037
0.805942995755003
0.8089751364463311
0.4050939963614312
0.3905397210430564
0.8805336567616737
0.42935112189205576
0.3444511825348696
0.8302001212856277
0.8229229836264402
0.3914493632504548
0.7859308671922377
0.8920557913887205
0.8395997574287447
0.7092177077016374
0.7944208611279563
0.7634930260764099
0.8699211643420255
0.8541540327471194
0.8902365069739235
0.37719830200121285
0.5576106731352335
0.9372346876895088
0.7850212249848393
0.821710127349909
0.8729533050333536
0.7838083687083081
0.8656761673741662
0.7289266221952698
0.38083687083080653
0.8135233474833232
0.7025469981807155
0.8647665251667678
0.8626440266828381
0.823226197695573
0.7201334141904184
0.8426318981200728
0.8908429351121893
0.7107337780473014
0.8535476046088538
0.6998180715585203
0.41934505761067314
0.3914493632504548
0.7898726500909642
0.40873256519102485
0.8314129775621589
0.7201334141904184
0.7919951485748938
0.8023044269254094
0.8211036992116434
0.7738023044269254
0.8450576106731352
0.864463311097635
0.7810794420861128
0.8872043662825955
0.8923590054578533
0.788659793814433
0.805942995755003
0.7734990903577926
0.7504548211036992
0.42389326864766524
0.8020012128562766
0.9014554275318375
0.6397816858702243
0.8174651303820497
0.8489993935718617
0.7747119466343239
0.810794420861128
0.9035779260157671
0.7504548211036992
0.38295936931473623
0.8526379624014554
0.7647058823529411
0.9117647058823529
0.7565191024863553
0.8999393571861735
0.8505154639175257
0.8283808368708309
0.8929654335961189
0.7935112189205579
0.4275318374772589
0.7747119466343239
0.8211036992116434
0.7759248029108551
0.7734990903577926
0.8402061855670103
0.8332322619769558
0.7750151607034567
0.8829593693147362
0.8890236506973923
0.8474833232261977
0.7119466343238327
0.9536082474226805
0.7722862340812614
0.8223165554881746
0.8596118859915101
0.8399029714978775
0.8711340206185567
0.8126137052759248
0.8414190418435415
0.8865979381443299
0.84232868405094
0.9263189812007278
0.8062462098241359
0.769860521528199
0.7022437841115827
0.8147362037598544
0.8723468768950879
0.711340206185567
0.8823529411764706
0.8602183141297757
0.7644026682838083
0.9338993329290479
0.7780473013947847
0.7101273499090358
0.8135233474833232
0.9047907822922984
0.8447543966040024
0.5751970891449363
0.7665251667677381
0.9193450576106731
0.9081261370527592
0.8177683444511825
0.8150394178289873
0.8620375985445725
0.9272286234081262
0.790175864160097
0.8298969072164949
0.6743480897513645
0.8302001212856277
0.8938750758035173
0.8941782898726501
0.3590054578532444
0.7919951485748938
0.8556701030927835
0.8781079442086113
0.9017586416009703
0.7838083687083081
0.8474833232261977
0.9490600363856883
0.8917525773195877
0.7201334141904184
0.8553668890236507
0.7237719830200121
0.8259551243177683
0.8141297756215888
0.7968465736810187
0.9026682838083687
0.7816858702243784
0.3917525773195876
0.6573681018799272
0.8929654335961189
0.6267434808975136
0.8587022437841115
0.7622801697998787
0.7674348089751365
0.8211036992116434
0.8787143723468769
0.8526379624014554
0.865979381443299
0.8192844147968465
0.8320194057004245
0.9087325651910249
0.7995755003032141
0.8353547604608854
0.8256519102486355
0.7540933899332929
0.8065494238932687
0.8053365676167374
0.8935718617343845
0.7689508793208005
0.8614311704063069
0.805942995755003
0.7304426925409339
0.8332322619769558
0.4275318374772589
0.9417828987265009
0.7268041237113402
0.42813826561552454
0.6737416616130989
0.883262583383869
0.8884172225591267
0.8098847786537295
0.7610673135233474
0.8386901152213463
0.8893268647665251
0.9523953911461491
0.84232868405094
