0.5041888804265042
0.7600913937547601
0.8027418126428028
0.5091393754760092
0.7075399847677075
0.6355674028941356
0.8107387661843107
0.7372429550647372
0.8888042650418888
0.8172124904798173
0.1466108149276466
0.7048743335872049
0.6458492003046459
0.5734958111195735
0.6134805788271135
0.8465346534653465
0.5887281035795887
0.7246763137852247
0.6249047981721249
0.10548362528560548
0.6778370144706778
0.5773038842345773
0.7421934501142422
0.7307692307692307
0.4025133282559025
0.7083015993907082
0.6995430312261995
0.733054074638233
0.6785986290936786
0.686976389946687
0.6363290175171363
0.693069306930693
0.6256664127951257
0.5833968012185834
0.6241431835491241
0.6260472201066261
0.814927646610815
0.6827875095201827
0.7787509520182787
0.8522467631378522
0.7996953541507997
0.8392993145468393
0.8834729626808835
0.6656511805026657
0.765041888804265
0.5674028941355674
0.7098248286367098
0.6778370144706778
0.6515613099771516
0.6481340441736482
0.6686976389946687
0.6854531607006854
0.4699162223914699
0.6485148514851485
0.7646610814927647
0.6089108910891089
0.6736481340441737
0.7985529322162985
0.5327494287890328
0.7520944402132521
0.7966488956587966
0.8214013709063214
0.7585681645087585
0.5841584158415841
0.7498095963442498
0.7284843869002284
0.7707539984767707
0.7437166793602438
0.6351865955826352
0.8400609291698401
0.6907844630616908
0.8061690784463061
0.6953541507996953
0.6793602437166794
0.19306930693069307
0.6896420411271896
0.7848438690022849
0.8392993145468393
0.7867479055597868
0.6104341203351105
0.5658796648895659
0.5818735719725818
0.7406702208682406
0.15232292460015232
0.8891850723533892
0.6892612338156893
0.6641279512566641
0.897943640517898
0.8354912414318355
0.7090632140137091
0.8073115003808073
0.6683168316831684
0.8065498857578065
0.6580350342726581
0.5605483625285606
0.7277227722772277
0.7562833206397562
0.7791317593297792
0.7631378522467631
0.9097486671744097
0.8442498095963442
0.2399086062452399
0.5913937547600914
0.7136329017517137
0.7928408225437928
0.6336633663366337
0.6995430312261995
0.5026656511805027
0.7208682406702208
0.7574257425742574
0.7711348057882711
0.7475247524752475
0.7856054836252856
0.7387661843107388
0.8194973343488196
0.7261995430312262
0.7939832444782939
0.646991622239147
0.8453922315308454
0.7429550647372429
0.5803503427265804
0.8061690784463061
0.5388423457730388
0.7722772277227723
0.4737242955064737
0.20982482863670981
0.5201827875095202
0.6626047220106626
0.5814927646610815
0.6846915460776847
0.813023610053313
0.7383853769992383
0.4390708301599391
0.6344249809596344
0.7136329017517137
0.7882711348057883
0.7288651942117289
0.8697638994668697
0.789032749428789
0.607006854531607
0.7105864432597105
0.5932977913175933
0.7090632140137091
0.7014470677837015
0.5746382330540747
0.6865955826351866
0.7612338156892612
0.5868240670220868
0.6957349581111958
0.5247524752475248
0.8187357197258187
0.7083015993907082
0.766945925361767
0.6580350342726581
0.6827875095201827
0.6683168316831684
0.8899466869763899
0.6846915460776847
0.6766945925361767
0.7284843869002284
0.6690784463061691
0.5064737242955065
0.6953541507996953
0.7155369383092155
0.6462300076161462
0.03541507996953541
0.824067022086824
0.6614623000761615
0.6587966488956588
0.6865955826351866
0.6431835491241432
0.6191926884996192
0.7056359482102056
0.45506473724295504
0.5845392231530845
0.13023610053313023
0.8465346534653465
0.7654226961157654
0.8990860624523991
0.7757044935262757
0.7273419649657273
0.6770753998476771
0.7894135567402895
0.8153084539223153
0.5616907844630616
0.5917745620715917
0.7010662604722011
0.7086824067022087
0.7996953541507997
0.7124904798172125
0.7757044935262757
0.8305407463823306
0.2661843107387662
0.8971820258948972
0.7242955064737243
0.805026656511805
0.7688499619192688
0.6953541507996953
0.7033511043412034
0.5178979436405179
0.7083015993907082
0.6157654226961158
0.5125666412795126
0.6835491241431836
0.8168316831683168
0.7463823305407464
0.6169078446306169
0.6824067022086824
0.5666412795125666
0.7098248286367098
0.6797410510281797
0.686976389946687
0.6622239146991622
0.6344249809596344
0.7600913937547601
0.7399086062452399
0.6686976389946687
0.76999238385377
0.8731911652703732
0.6645087585681645
0.7936024371667936
0.8278750952018279
0.7132520944402132
0.8758568164508759
0.8164508758568164
0.8869002284843869
0.5506473724295506
0.6991622239146992
0.6964965727341965
0.667936024371668
0.6568926123381569
0.3613861386138614
0.8027418126428028
0.6824067022086824
0.76999238385377
0.6127189642041128
0.6515613099771516
0.6523229246001523
0.7319116527037319
0.714013709063214
0.7387661843107388
0.7281035795887281
0.6111957349581112
0.6728865194211728
0.57996953541508
0.584920030464585
0.7718964204112719
0.8111195734958111
0.6092916984006093
0.678979436405179
0.3869002284843869
0.6976389946686976
0.7741812642802742
0.5837776085300838
0.5727341964965728
0.536938309215537
0.5986290936785986
0.8526275704493527
0.7867479055597868
0.6005331302361006
0.8252094440213252
0.714013709063214
0.7909367859862909
0.6523229246001523
0.7486671744097486
0.0894897182025895
0.6195734958111195
0.6747905559786748
0.5913937547600914
0.7166793602437167
0.7182025894897182
0.6290936785986291
0.623000761614623
0.554074638233054
0.5616907844630616
0.6344249809596344
0.33625285605483624
0.8194973343488196
0.686976389946687
0.8533891850723534
0.7802741812642803
0.7814166031987814
0.591012947448591
0.869002284843869
0.587966488956588
0.686976389946687
0.4683929931454684
0.753998476770754
0.7985529322162985
0.8313023610053313
0.7475247524752475
0.8674790555978675
0.8903274942878904
0.6721249047981721
0.6926884996191927
0.7273419649657273
0.784082254379284
0.8465346534653465
0.7654226961157654
0.6435643564356436
0.6667936024371668
0.777989337395278
0.7802741812642803
0.8415841584158416
0.6995430312261995
0.6972581873571972
0.6633663366336634
0.6614623000761615
0.7711348057882711
0.6976389946686976
0.6702208682406702
0.6991622239146992
0.6287128712871287
0.045316070068545315
0.8054074638233054
0.6264280274181264
0.7281035795887281
0.7261995430312262
0.630997715156131
0.6763137852246763
0.9268849961919269
0.6066260472201066
0.6005331302361006
0.857958872810358
0.667936024371668
0.5666412795125666
0.6363290175171363
0.8225437928408226
0.5148514851485149
0.6260472201066261
0.7829398324447829
0.5262757044935262
0.623000761614623
0.7524752475247525
0.6595582635186595
0.238004569687738
0.5472201066260473
0.615003808073115
0.8282559025133283
0.6953541507996953
0.8324447829398325
0.7916984006092918
0.683929931454684
0.6142421934501142
0.7296268088347296
0.7471439451637472
0.8971820258948972
0.7223914699162224
0.7501904036557502
0.6744097486671744
0.8282559025133283
0.4984767707539985
0.30654988575780656
0.7174409748667174
0.6953541507996953
0.8194973343488196
0.8731911652703732
0.6591774562071592
0.7677075399847677
0.7273419649657273
0.5342726580350343
0.7593297791317594
0.19421172886519422
0.5792079207920792
0.6393754760091394
0.6191926884996192
0.789032749428789
0.7357197258187357
0.5529322162985529
0.7353389185072353
0.6865955826351866
0.7368621477532369
0.7201066260472201
0.6587966488956588
0.7955064737242955
0.7448591012947449
0.7414318354912415
0.8910891089108911
0.8377760853008378
0.7566641279512567
0.7383853769992383
0.741051028179741
0.5872048743335873
0.9025133282559025
0.6245239908606245
0.806930693069307
0.7536176694592536
0.7463823305407464
0.7372429550647372
0.837014470677837
0.8366336633663366
0.7909367859862909
0.16298552932216298
0.6957349581111958
0.8606245239908606
0.84996191926885
0.6511805026656512
0.6637471439451638
0.8122619954303123
0.4992383853769992
0.5955826351865956
0.5426504188880427
0.6363290175171363
0.5811119573495811
0.6344249809596344
0.8545316070068545
0.6968773800456969
0.16717440974866718
0.6603198781416603
0.662985529322163
0.7128712871287128
0.7265803503427266
0.523990860624524
0.7246763137852247
0.8461538461538461
0.5963442498095963
0.8092155369383092
0.8054074638233054
0.7631378522467631
0.6119573495811119
0.47182025894897184
0.682025894897182
0.5647372429550648
0.5906321401370906
0.718964204112719
0.35453160700685454
0.7193450114242194
0.6683168316831684
0.642041127189642
0.6835491241431836
0.6637471439451638
0.7136329017517137
0.7128712871287128
0.03274942878903275
0.7242955064737243
0.7696115765422696
0.6169078446306169
0.7932216298552932
0.7025894897182026
0.693069306930693
0.6835491241431836
0.5418888042650419
0.7901751713632902
0.741051028179741
0.643945163747144
0.8293983244478293
0.7353389185072353
0.6667936024371668
0.854912414318355
0.8476770753998477
0.9261233815689262
0.7201066260472201
0.5224676313785225
0.7429550647372429
0.6827875095201827
0.8952779893373953
0.7208682406702208
0.904036557501904
0.8015993907083016
0.8278750952018279
0.806930693069307
0.76999238385377
0.6401370906321401
0.7555217060167555
0.7494287890327495
0.65003808073115
0.6945925361766946
0.785986290936786
0.7962680883472962
0.6565118050266565
0.726961157654227
0.6713632901751714
0.6256664127951257
0.004188880426504189
0.6553693830921554
0.7281035795887281
0.7383853769992383
0.7296268088347296
0.6115765422696116
0.8286367098248286
0.8442498095963442
0.6283320639756284
0.41774562071591775
0.5872048743335873
0.7909367859862909
0.7387661843107388
0.6332825590251333
0.8922315308453922
0.7871287128712872
0.9329779131759329
0.5365575019040365
0.6035795887281036
0.4451637471439452
0.5125666412795126
0.6957349581111958
0.2121096725057121
0.8263518659558263
0.7083015993907082
0.7094440213252095
0.7532368621477532
0.7875095201827875
0.6938309215536939
0.5483625285605483
0.8023610053313024
0.678979436405179
0.6492764661081493
0.7143945163747144
0.4741051028179741
0.47029702970297027
0.5403655750190404
0.7574257425742574
0.8606245239908606
0.7916984006092918
0.5978674790555979
0.5925361766945926
0.5872048743335873
0.7010662604722011
0.6287128712871287
0.6782178217821783
0.7242955064737243
0.7322924600152323
0.6675552170601675
0.8621477532368621
0.8248286367098249
0.6408987052551409
0.8156892612338157
0.829017517136329
0.7376237623762376
0.8343488194973343
0.829017517136329
0.6222391469916222
0.5373191165270373
0.6831683168316832
0.7448591012947449
0.7753236862147753
0.7718964204112719
0.5898705255140899
0.5982482863670983
0.6873571972581873
0.6481340441736482
0.6961157654226962
0.5792079207920792
0.6332825590251333
0.69002284843869
0.8476770753998477
0.3632901751713633
0.428027418126428
0.7993145468392994
0.6153846153846154
0.710967250571211
0.777989337395278
0.7319116527037319
0.5255140898705255
0.6111957349581112
0.7022086824067022
0.6515613099771516
0.642041127189642
0.7924600152322925
0.7132520944402132
0.6816450875856817
0.7886519421172886
0.6865955826351866
0.8396801218583397
0.5186595582635186
0.710967250571211
0.7391469916222392
0.6698400609291698
0.8194973343488196
0.7037319116527038
0.41698400609291697
0.8023610053313024
0.726961157654227
0.7616146230007617
0.6458492003046459
0.6888804265041889
0.821020563594821
0.7806549885757806
0.6382330540746383
0.6732673267326733
0.642041127189642
0.7208682406702208
0.6477532368621478
0.6507996953541508
0.6964965727341965
0.5175171363290175
0.698019801980198
0.8804265041888805
0.7848438690022849
0.8480578827113481
0.76999238385377
0.7079207920792079
0.8568164508758568
0.5361766945925361
0.776085300837776
0.6728865194211728
0.7429550647372429
0.6458492003046459
0.6801218583396801
0.5883472962680883
0.5232292460015232
0.5026656511805027
0.6614623000761615
0.5517897943640518
0.7292460015232293
0.6462300076161462
0.8061690784463061
0.6865955826351866
0.6652703731911652
0.7585681645087585
0.5963442498095963
0.7646610814927647
0.6252856054836253
0.5453160700685453
0.7528560548362528
0.7768469154607769
0.7418126428027418
0.6176694592536177
0.8686214775323686
0.8080731150038081
0.646991622239147
0.19192688499619193
0.7212490479817213
0.7757044935262757
0.6443259710586443
0.6454683929931455
0.6683168316831684
0.7482863670982483
0.7444782939832445
0.5476009139375476
0.6896420411271896
0.4767707539984768
0.20182787509520184
0.8899466869763899
0.8141660319878141
0.0773038842345773
0.6968773800456969
0.18697638994668697
0.7341964965727342
0.832063975628332
0.6256664127951257
0.6633663366336634
0.7597105864432597
0.4562071591774562
0.7844630616907845
0.8236862147753237
0.4782939832444783
0.7399086062452399
0.8419649657273419
0.8027418126428028
0.8122619954303123
0.6999238385376999
0.7798933739527799
0.8046458492003047
0.6424219345011424
0.5525514089870526
0.602056359482102
0.7738004569687738
0.7467631378522468
0.7025894897182026
0.607006854531607
0.6915460776846916
0.7795125666412795
0.57996953541508
0.7981721249047982
0.5837776085300838
0.6374714394516374
0.5118050266565118
0.5140898705255141
0.7170601675552171
0.8271134805788272
0.4798172124904798
0.5681645087585682
0.6100533130236101
0.5384615384615384
0.7044935262757045
0.034653465346534656
0.7585681645087585
0.6805026656511804
0.7166793602437167
0.8941355674028941
0.6485148514851485
0.6595582635186595
0.6431835491241432
0.7258187357197258
0.6119573495811119
0.7734196496572734
0.5731150038080731
0.7532368621477532
0.7178217821782178
0.7166793602437167
0.607006854531607
0.6466108149276466
0.6249047981721249
0.535034272658035
0.6831683168316832
0.5548362528560549
0.5529322162985529
0.7574257425742574
0.635948210205636
0.8244478293983244
0.7227722772277227
0.6968773800456969
0.6934501142421935
0.8316831683168316
0.6808834729626809
0.7928408225437928
0.7498095963442498
0.5788271134805788
0.5620715917745621
0.7936024371667936
0.6793602437166794
0.1169078446306169
0.7962680883472962
0.7098248286367098
0.15575019040365576
0.6553693830921554
0.6161462300076161
0.6801218583396801
0.7440974866717441
0.7147753236862148
0.8332063975628332
0.7208682406702208
0.10891089108910891
0.44173648134044174
0.8434881949733435
0.8236862147753237
0.8488194973343488
0.6858339680121859
0.7833206397562833
0.7147753236862148
0.6751713632901751
0.7273419649657273
0.07044935262757045
0.6005331302361006
0.6892612338156893
0.6568926123381569
0.6881188118811881
0.6477532368621478
0.9025133282559025
0.8214013709063214
0.8617669459253617
0.6431835491241432
0.7581873571972582
0.7475247524752475
0.7048743335872049
0.7623762376237624
0.7581873571972582
0.10929169840060929
0.5567402894135567
0.7098248286367098
0.8625285605483626
0.6210967250571211
0.42003046458492005
0.7197258187357197
0.7281035795887281
0.5502665651180503
0.8488194973343488
0.773038842345773
0.682025894897182
0.7837014470677837
0.7505712109672505
0.6614623000761615
0.5715917745620716
0.7067783701447068
0.7322924600152323
0.5792079207920792
0.6066260472201066
0.8343488194973343
0.8122619954303123
0.7734196496572734
0.7696115765422696
0.8712871287128713
0.7425742574257426
0.8332063975628332
0.8057882711348058
0.646991622239147
0.8076923076923077
0.5666412795125666
0.8366336633663366
0.6073876618431074
0.6271896420411271
0.6507996953541508
0.643945163747144
0.7063975628332064
0.6858339680121859
0.5544554455445545
0.8385376999238385
0.6249047981721249
0.8274942878903275
0.5913937547600914
0.7798933739527799
0.6481340441736482
0.7703731911652704
0.6534653465346535
0.5575019040365575
0.6984006092916984
0.7307692307692307
0.7014470677837015
0.6317593297791317
0.45544554455445546
0.6846915460776847
0.6039603960396039
0.5853008377760853
0.806930693069307
0.5571210967250572
0.07387661843107388
0.7909367859862909
0.8400609291698401
0.599009900990099
0.8278750952018279
0.6054836252856055
0.7646610814927647
0.48172124904798175
0.7128712871287128
0.7425742574257426
0.6862147753236862
0.6408987052551409
0.544935262757045
0.6393754760091394
0.57996953541508
0.7517136329017517
0.5731150038080731
0.7722772277227723
0.8522467631378522
0.6968773800456969
0.9070830159939071
0.5255140898705255
0.7738004569687738
0.7098248286367098
0.7928408225437928
0.6785986290936786
0.6458492003046459
0.7482863670982483
0.6774562071591774
0.718964204112719
0.7003046458492003
0.7783701447067783
0.6591774562071592
0.6515613099771516
0.6858339680121859
0.7281035795887281
0.7612338156892612
0.6732673267326733
0.6568926123381569
0.7090632140137091
0.5468392993145469
0.8023610053313024
0.23876618431073876
0.6351865955826352
0.6538461538461539
0.7536176694592536
0.7486671744097486
0.4211728865194212
0.7178217821782178
0.7867479055597868
0.6675552170601675
0.46268088347296266
0.7837014470677837
0.6854531607006854
0.5738766184310738
0.6462300076161462
0.5986290936785986
0.456968773800457
0.6999238385376999
0.6344249809596344
0.7745620715917746
0.7623762376237624
0.7357197258187357
0.5883472962680883
0.6938309215536939
0.8141660319878141
0.7456207159177456
0.7182025894897182
0.7627570449352628
0.7996953541507997
0.7368621477532369
0.8027418126428028
0.5057121096725057
0.5026656511805027
0.45125666412795123
0.6386138613861386
0.6290936785986291
0.6995430312261995
0.6355674028941356
0.7391469916222392
0.1747905559786748
0.07083015993907082
0.6770753998476771
0.9006092916984006
0.8111195734958111
0.8103579588728104
0.7033511043412034
0.6553693830921554
0.6557501904036558
0.7353389185072353
0.6252856054836253
0.6058644325971059
0.6873571972581873
0.011424219345011425
0.7696115765422696
0.7829398324447829
0.7604722010662605
0.5198019801980198
0.6428027418126429
0.6393754760091394
0.5845392231530845
0.7136329017517137
0.6923076923076923
0.7772277227722773
0.6728865194211728
0.7147753236862148
0.26123381568926124
0.583015993907083
0.3948971820258949
0.7425742574257426
0.7128712871287128
0.6039603960396039
0.814927646610815
0.6096725057121096
0.6603198781416603
0.7231530845392231
0.6785986290936786
0.8061690784463061
0.6428027418126429
0.5483625285605483
0.6824067022086824
0.6816450875856817
0.7905559786747905
0.710967250571211
0.6686976389946687
0.7444782939832445
0.8293983244478293
0.29055597867479055
0.8084539223153084
0.6412795125666413
0.7174409748667174
0.5118050266565118
0.584920030464585
0.7452399086062452
0.7117288651942117
0.80997715156131
0.7505712109672505
0.6576542269611576
0.6252856054836253
0.6976389946686976
0.3869002284843869
0.884996191926885
0.7559025133282559
0.7555217060167555
0.674028941355674
0.7437166793602438
0.7018278750952018
0.523990860624524
0.8377760853008378
0.6747905559786748
0.7608530083777608
0.8297791317593298
0.6424219345011424
0.8571972581873571
0.7391469916222392
0.7528560548362528
0.6523229246001523
0.8038842345773038
0.6408987052551409
0.7543792840822544
0.4623000761614623
0.337014470677837
0.7151561309977151
0.8107387661843107
0.7364813404417365
0.7536176694592536
0.46153846153846156
0.7692307692307693
0.6294744859101294
0.693069306930693
0.816070068545316
0.7532368621477532
0.5700685453160701
0.8903274942878904
0.6964965727341965
0.5773038842345773
0.8271134805788272
0.8118811881188119
0.7798933739527799
0.6054836252856055
0.6972581873571972
0.6603198781416603
0.7551408987052551
0.8644325971058644
0.5643564356435643
0.7665651180502666
0.8373952779893374
0.7658035034272658
0.5609291698400609
0.6595582635186595
0.7936024371667936
0.7014470677837015
0.7151561309977151
0.6732673267326733
0.7524752475247525
0.7479055597867479
0.5818735719725818
0.6660319878141661
0.7437166793602438
0.7143945163747144
0.5654988575780655
0.7471439451637472
0.7303884234577304
0.8846153846153846
0.6618431073876618
0.832063975628332
0.5662604722010662
0.7376237623762376
0.766945925361767
0.8400609291698401
0.5453160700685453
0.7098248286367098
0.5769230769230769
0.6717440974866717
0.544935262757045
0.554074638233054
0.6805026656511804
0.6892612338156893
0.5776846915460777
0.48552932216298555
0.7052551408987052
0.6831683168316832
0.555978674790556
0.6214775323686215
0.5742574257425742
0.5841584158415841
0.6195734958111195
0.5517897943640518
0.7326732673267327
0.7132520944402132
0.6664127951256664
0.7044935262757045
0.7231530845392231
0.544935262757045
0.8518659558263518
0.686976389946687
0.7098248286367098
0.6454683929931455
0.8023610053313024
0.6043412033511043
0.7692307692307693
0.5993907083015994
0.7147753236862148
0.7311500380807312
0.6911652703731912
0.5072353389185073
0.8141660319878141
0.6367098248286367
0.5422696115765423
0.7303884234577304
0.6717440974866717
0.6412795125666413
0.8214013709063214
0.8511043412033511
0.6428027418126429
0.7532368621477532
0.6698400609291698
0.7505712109672505
0.5266565118050267
0.6884996191926885
0.4843869002284844
0.6915460776846916
0.7414318354912415
0.662985529322163
0.6626047220106626
0.597105864432597
0.18926123381568927
0.5563594821020563
0.6953541507996953
0.7387661843107388
0.7010662604722011
0.6812642802741813
0.7943640517897944
0.5624523990860625
0.6896420411271896
0.8442498095963442
0.7025894897182026
0.6367098248286367
0.6538461538461539
0.8461538461538461
0.7486671744097486
0.6351865955826352
0.8076923076923077
0.8076923076923077
0.7722772277227723
0.7825590251332826
0.7143945163747144
0.5434120335110434
0.6386138613861386
0.7284843869002284
0.8092155369383092
0.06816450875856817
0.7970297029702971
0.7875095201827875
0.7837014470677837
0.6736481340441737
0.7311500380807312
0.5780654988575781
0.8244478293983244
0.8910891089108911
0.7821782178217822
0.8164508758568164
0.7452399086062452
0.6854531607006854
0.6896420411271896
0.8194973343488196
0.7817974105102818
0.7063975628332064
0.49124143183549124
0.5807311500380807
0.53998476770754
0.7303884234577304
0.8023610053313024
0.5601675552170602
0.784082254379284
0.6896420411271896
0.8591012947448591
0.6431835491241432
0.7288651942117289
0.8103579588728104
0.6877380045696877
0.7597105864432597
0.5917745620715917
0.8457730388423458
0.6858339680121859
0.536938309215537
0.5487433358720487
0.7185833968012186
0.7075399847677075
0.8267326732673267
0.7151561309977151
0.6877380045696877
0.6565118050266565
0.8145468392993146
0.7071591774562072
0.6622239146991622
0.6766945925361767
0.7368621477532369
0.674028941355674
0.7722772277227723
0.7402894135567403
0.6846915460776847
0.7334348819497334
0.7242955064737243
0.7578065498857578
0.8271134805788272
0.7707539984767707
0.7265803503427266
0.6896420411271896
0.6290936785986291
0.8293983244478293
0.6744097486671744
0.5396039603960396
0.5955826351865956
0.2105864432597106
0.35376999238385376
0.7825590251332826
0.8168316831683168
0.7421934501142422
0.6249047981721249
0.8541507996953541
0.7265803503427266
0.6527037319116527
0.6412795125666413
0.5396039603960396
0.6043412033511043
0.7033511043412034
0.623000761614623
0.8427265803503428
0.6907844630616908
0.746001523229246
0.7182025894897182
0.7444782939832445
0.8000761614623001
0.7981721249047982
0.7715156130997716
0.746001523229246
0.816070068545316
0.7593297791317594
0.571972581873572
0.7208682406702208
0.7585681645087585
0.7094440213252095
0.8998476770753998
0.7033511043412034
0.7204874333587205
0.6610814927646611
0.73000761614623
0.88004569687738
0.6736481340441737
0.7920792079207921
0.06359482102056359
0.7155369383092155
0.6728865194211728
0.5974866717440975
0.4805788271134806
0.17212490479817213
0.5952018278750952
0.6096725057121096
0.6031987814166032
0.7684691546077684
0.7593297791317594
0.7204874333587205
0.7867479055597868
0.694973343488195
0.7094440213252095
0.6603198781416603
0.5277989337395278
0.7429550647372429
0.6054836252856055
0.3983244478293983
0.6306169078446306
0.6207159177456207
0.7463823305407464
0.6660319878141661
0.536938309215537
0.5677837014470678
0.7520944402132521
0.667936024371668
0.5384615384615384
0.7246763137852247
0.5506473724295506
0.8507235338918507
0.587966488956588
0.7201066260472201
0.6755521706016756
0.5152322924600152
0.6580350342726581
0.7372429550647372
0.6610814927646611
0.5578827113480579
0.6485148514851485
0.5609291698400609
0.7155369383092155
0.5769230769230769
0.46268088347296266
0.6706016755521707
0.5163747143945163
0.6245239908606245
0.7341964965727342
0.7208682406702208
0.753998476770754
0.8583396801218584
0.821020563594821
0.7661843107387661
0.8015993907083016
0.7132520944402132
0.7418126428027418
0.7147753236862148
0.8492003046458492
0.5476009139375476
0.6203351104341204
0.8301599390708302
0.8827113480578828
0.7966488956587966
0.7319116527037319
0.8408225437928408
0.6089108910891089
0.6382330540746383
0.634044173648134
0.8427265803503428
0.7505712109672505
0.8876618431073877
0.5734958111195735
0.29131759329779133
0.7421934501142422
0.5384615384615384
0.6751713632901751
0.8095963442498096
0.7543792840822544
0.5632140137090632
0.6873571972581873
0.8145468392993146
0.6275704493526276
0.5312261995430312
0.675932977913176
0.6584158415841584
0.6862147753236862
0.789032749428789
0.7052551408987052
0.511043412033511
0.8503427265803504
0.7722772277227723
0.7909367859862909
0.7692307692307693
0.6637471439451638
0.7559025133282559
0.5403655750190404
0.733054074638233
0.7223914699162224
0.6515613099771516
0.6005331302361006
0.7113480578827114
0.8191165270373191
0.8057882711348058
0.6146230007616146
0.7863670982482863
0.5533130236100533
0.7060167555217061
0.6138613861386139
0.7208682406702208
0.7479055597867479
0.6945925361766946
0.7025894897182026
0.7395277989337395
0.5354150799695354
0.6363290175171363
0.7433358720487433
0.73000761614623
0.8869002284843869
0.698019801980198
0.678979436405179
0.7197258187357197
0.7242955064737243
0.5731150038080731
0.14737242955064736
0.683929931454684
0.6843107387661843
0.7692307692307693
0.6751713632901751
0.7121096725057121
0.6408987052551409
0.5670220868240671
0.5788271134805788
0.686976389946687
0.6713632901751714
0.5997715156130998
0.7696115765422696
0.7520944402132521
0.17707539984767706
0.6656511805026657
0.8743335872048743
0.7197258187357197
0.8362528560548362
0.4105102817974105
0.5833968012185834
0.6652703731911652
0.583015993907083
0.4992383853769992
0.5525514089870526
0.7277227722772277
0.6447067783701447
0.6683168316831684
0.6831683168316832
0.7543792840822544
0.9021325209444021
0.22505712109672504
0.675932977913176
0.7440974866717441
0.7928408225437928
0.15003808073115005
0.6766945925361767
0.5255140898705255
0.5875856816450876
0.6648895658796649
0.8396801218583397
0.47486671744097486
0.2791317593297791
0.5746382330540747
0.7543792840822544
0.7162985529322163
0.7322924600152323
0.6565118050266565
0.4451637471439452
0.40555978674790555
0.766945925361767
0.8358720487433359
0.7341964965727342
0.5064737242955065
0.646991622239147
0.765041888804265
0.7524752475247525
0.7684691546077684
0.7989337395277989
0.73000761614623
0.43412033511043413
0.6180502665651181
0.5015232292460016
0.5361766945925361
0.7631378522467631
0.7083015993907082
0.5746382330540747
0.5837776085300838
0.7745620715917746
0.832063975628332
0.06968773800456969
0.7223914699162224
0.599009900990099
0.4558263518659558
0.6964965727341965
0.6523229246001523
0.7684691546077684
0.2555217060167555
0.7726580350342727
0.6336633663366337
0.726961157654227
0.7627570449352628
0.857958872810358
0.7604722010662605
0.6077684691546078
0.6862147753236862
0.6805026656511804
0.7494287890327495
0.7204874333587205
0.6717440974866717
0.8198781416603199
0.7787509520182787
0.6953541507996953
0.8027418126428028
0.21858339680121858
0.6249047981721249
0.7532368621477532
0.4878141660319878
0.6961157654226962
0.7258187357197258
0.746001523229246
0.1846915460776847
0.591012947448591
0.693069306930693
0.7658035034272658
0.8827113480578828
0.7433358720487433
0.6725057121096725
0.8095963442498096
0.53998476770754
0.6374714394516374
0.734958111195735
0.551028179741051
0.16450875856816452
0.8781416603198782
0.6926884996191927
0.774942878903275
0.8865194211728865
0.8217821782178217
0.6428027418126429
0.599009900990099
0.6428027418126429
0.6858339680121859
0.6683168316831684
0.630997715156131
0.6153846153846154
0.8008377760853008
0.6785986290936786
0.7757044935262757
0.7856054836252856
0.6801218583396801
0.7612338156892612
0.8964204112718964
0.6203351104341204
0.8084539223153084
0.49047981721249045
0.7044935262757045
0.6751713632901751
0.5704493526275705
0.6568926123381569
0.6561309977151562
0.9013709063214014
0.7083015993907082
0.7440974866717441
0.7334348819497334
0.5548362528560549
0.7863670982482863
0.40403655750190404
0.8023610053313024
0.7852246763137852
0.5967250571210967
0.7665651180502666
0.7425742574257426
0.7886519421172886
0.8625285605483626
0.6987814166031988
0.6492764661081493
0.6618431073876618
0.6363290175171363
0.6119573495811119
0.6793602437166794
0.6824067022086824
0.6119573495811119
0.6260472201066261
0.8278750952018279
0.7136329017517137
0.8172124904798173
0.44325971058644326
0.5312261995430312
0.4306930693069307
0.5967250571210967
0.8004569687738005
0.5022848438690023
0.47715156130997716
0.6587966488956588
0.722010662604722
0.6805026656511804
0.7661843107387661
0.8408225437928408
0.5853008377760853
0.698019801980198
0.8080731150038081
0.7452399086062452
0.7041127189642041
0.7178217821782178
0.6873571972581873
0.5677837014470678
0.22962680883472963
0.4127951256664128
0.7863670982482863
0.7726580350342727
0.5822543792840823
0.8347296268088348
0.9025133282559025
0.5993907083015994
0.6587966488956588
0.2718964204112719
0.7235338918507236
0.7010662604722011
0.670982482863671
0.7707539984767707
0.5853008377760853
0.832063975628332
0.5875856816450876
0.5198019801980198
0.8571972581873571
0.6904036557501904
0.8084539223153084
0.6016755521706016
0.698019801980198
0.6054836252856055
0.1504188880426504
0.801980198019802
0.7863670982482863
0.7227722772277227
0.7924600152322925
0.8533891850723534
0.7136329017517137
0.6195734958111195
0.8217821782178217
0.7562833206397562
0.5761614623000761
0.7753236862147753
0.6195734958111195
0.8263518659558263
0.03541507996953541
0.6904036557501904
0.7265803503427266
0.7178217821782178
0.723914699162224
0.5384615384615384
0.7261995430312262
0.6923076923076923
0.6896420411271896
0.7844630616907845
0.8476770753998477
0.7711348057882711
0.813023610053313
0.7353389185072353
0.7277227722772277
0.7223914699162224
0.7399086062452399
0.5974866717440975
0.7254379284082254
0.2399086062452399
0.6169078446306169
0.6923076923076923
0.6424219345011424
0.5586443259710586
0.5773038842345773
0.694973343488195
0.8088347296268088
0.6576542269611576
0.6218583396801218
0.7536176694592536
0.8175932977913176
0.6378522467631379
0.4881949733434882
0.5506473724295506
0.6062452399086062
0.7627570449352628
0.0894897182025895
0.6332825590251333
0.8709063214013709
0.8968012185833968
0.6275704493526276
0.5662604722010662
0.7757044935262757
0.7593297791317594
0.7128712871287128
0.6721249047981721
0.6123381568926123
0.8164508758568164
0.5818735719725818
0.8347296268088348
0.6964965727341965
0.8202589489718203
0.5068545316070069
0.5894897182025894
0.5015232292460016
0.6816450875856817
0.7616146230007617
0.523990860624524
0.7227722772277227
0.8354912414318355
0.7806549885757806
0.5845392231530845
0.6519421172886519
0.6466108149276466
0.6058644325971059
0.7825590251332826
0.682025894897182
0.726961157654227
0.5285605483625285
0.7886519421172886
0.6873571972581873
0.4607768469154608
0.2102056359482102
0.7787509520182787
0.7307692307692307
0.6595582635186595
0.7977913175932978
0.5232292460015232
0.045316070068545315
0.8187357197258187
0.6858339680121859
0.7795125666412795
0.825971058644326
0.7688499619192688
0.8122619954303123
0.6984006092916984
0.23153084539223154
0.5963442498095963
0.6519421172886519
0.662985529322163
0.5182787509520183
0.7383853769992383
0.7817974105102818
0.6888804265041889
0.33434881949733436
0.9021325209444021
0.030083777608530083
0.8301599390708302
0.6336633663366337
0.6477532368621478
0.9025133282559025
0.8438690022848438
0.686976389946687
0.8503427265803504
0.746001523229246
0.5575019040365575
0.736100533130236
0.8808073115003808
0.7932216298552932
0.7768469154607769
0.8023610053313024
0.718964204112719
0.7322924600152323
0.8438690022848438
0.7231530845392231
0.61995430312262
0.6283320639756284
0.7597105864432597
0.6706016755521707
0.7296268088347296
0.869002284843869
0.6904036557501904
0.6233815689261234
0.8115003808073115
0.7642802741812643
0.6507996953541508
0.7692307692307693
0.7696115765422696
0.6766945925361767
0.42345773038842344
0.7692307692307693
0.7543792840822544
0.32063975628332064
0.7216298552932217
0.1808834729626809
0.7486671744097486
0.8008377760853008
0.7368621477532369
0.8031226199543031
0.5491241431835491
0.21287128712871287
0.5544554455445545
0.8834729626808835
0.6268088347296268
0.7201066260472201
0.5967250571210967
0.6092916984006093
0.5811119573495811
0.8141660319878141
0.8838537699923839
0.7044935262757045
0.7368621477532369
0.6527037319116527
0.7429550647372429
0.7486671744097486
0.8065498857578065
0.7490479817212491
0.5986290936785986
0.5228484386900228
0.8107387661843107
0.6283320639756284
0.8122619954303123
0.7261995430312262
0.5346534653465347
0.9070830159939071
0.6485148514851485
0.6123381568926123
0.6896420411271896
0.7665651180502666
0.2345773038842346
0.61995430312262
0.6717440974866717
0.5944402132520944
0.6507996953541508
0.6698400609291698
0.6591774562071592
0.7939832444782939
0.8682406702208683
0.6763137852246763
0.7559025133282559
0.5266565118050267
0.5784463061690784
0.7886519421172886
0.5738766184310738
0.170982482863671
0.7707539984767707
0.432977913175933
0.6424219345011424
0.7939832444782939
0.7665651180502666
0.8705255140898706
0.758948971820259
0.821020563594821
0.6443259710586443
0.7703731911652704
0.6907844630616908
0.8164508758568164
0.5833968012185834
0.607006854531607
0.8682406702208683
0.7406702208682406
0.7962680883472962
0.7178217821782178
0.646991622239147
0.476009139375476
0.5700685453160701
0.3789032749428789
0.753998476770754
0.7014470677837015
0.6111957349581112
0.8080731150038081
0.8080731150038081
0.6534653465346535
0.7094440213252095
0.7482863670982483
0.6538461538461539
0.5616907844630616
0.7795125666412795
0.6557501904036558
0.8057882711348058
0.832063975628332
0.6096725057121096
0.682025894897182
0.6953541507996953
0.7951256664127951
0.6770753998476771
0.8095963442498096
0.7338156892612339
0.6957349581111958
0.2814166031987814
0.8385376999238385
0.7364813404417365
0.8705255140898706
0.7060167555217061
0.7677075399847677
0.8861386138613861
0.5670220868240671
0.7437166793602438
0.7677075399847677
0.6191926884996192
0.8427265803503428
0.6755521706016756
0.6896420411271896
0.8598629093678599
0.8960396039603961
0.781035795887281
0.19383092155369383
0.7989337395277989
0.7102056359482102
0.776085300837776
0.6580350342726581
0.7962680883472962
0.8396801218583397
0.805026656511805
0.9242193450114242
0.6732673267326733
0.7425742574257426
0.8613861386138614
0.8332063975628332
0.7886519421172886
0.7071591774562072
0.6287128712871287
0.7307692307692307
0.7037319116527038
0.6614623000761615
0.8347296268088348
0.6702208682406702
0.7052551408987052
0.6123381568926123
0.8278750952018279
0.6298552932216298
0.7102056359482102
0.8385376999238385
0.8111195734958111
0.2242955064737243
0.8309215536938309
0.7048743335872049
0.6466108149276466
0.5487433358720487
0.4527798933739528
0.6732673267326733
0.8004569687738005
0.7086824067022087
0.7372429550647372
0.6770753998476771
0.5776846915460777
0.6884996191926885
0.6953541507996953
0.7764661081492764
0.7654226961157654
0.5552170601675552
0.6938309215536939
0.7090632140137091
0.6009139375476009
0.8084539223153084
0.20753998476770755
0.6568926123381569
0.6115765422696116
0.7475247524752475
0.6454683929931455
0.5948210205635949
0.5140898705255141
0.6884996191926885
0.8446306169078446
0.3202589489718203
0.37166793602437165
0.6652703731911652
0.7147753236862148
0.5434120335110434
0.7463823305407464
0.6454683929931455
0.6485148514851485
0.8156892612338157
0.6683168316831684
0.825971058644326
0.7475247524752475
0.816070068545316
0.6012947448591013
0.8282559025133283
0.7075399847677075
0.6527037319116527
0.6287128712871287
0.5476009139375476
0.7124904798172125
0.7029702970297029
0.7170601675552171
0.8088347296268088
0.7524752475247525
0.7414318354912415
0.7284843869002284
0.6123381568926123
0.8191165270373191
0.7562833206397562
0.7079207920792079
0.615003808073115
0.6100533130236101
0.857958872810358
0.6401370906321401
0.7517136329017517
0.597105864432597
0.6351865955826352
0.7939832444782939
0.6667936024371668
0.8244478293983244
0.7334348819497334
0.5887281035795887
0.7193450114242194
0.7433358720487433
0.5738766184310738
0.6713632901751714
0.08377760853008377
0.5521706016755522
0.6587966488956588
0.7421934501142422
0.6203351104341204
0.7707539984767707
0.746001523229246
0.7981721249047982
0.8651942117288652
0.6393754760091394
0.6165270373191165
0.6793602437166794
0.7254379284082254
0.7235338918507236
0.48476770753998477
0.7597105864432597
0.3313023610053313
0.6926884996191927
0.5986290936785986
0.7570449352627571
0.7345773038842346
0.7718964204112719
0.7612338156892612
0.4482102056359482
0.7048743335872049
0.6370906321401371
0.602056359482102
0.31035795887281037
0.8233054074638233
0.6290936785986291
0.5757806549885758
0.5856816450875857
0.7421934501142422
0.6911652703731912
0.7863670982482863
0.6401370906321401
0.6763137852246763
0.8168316831683168
0.2418126428027418
0.7227722772277227
0.3952779893373953
0.615003808073115
0.7600913937547601
0.5853008377760853
0.19801980198019803
0.6405178979436406
0.8198781416603199
0.6123381568926123
0.7364813404417365
0.7147753236862148
0.675932977913176
0.4451637471439452
0.7833206397562833
0.6846915460776847
0.7429550647372429
0.6275704493526276
0.7970297029702971
0.8381568926123382
0.6843107387661843
0.6511805026656512
0.7231530845392231
0.6782178217821783
0.6580350342726581
0.7223914699162224
0.635948210205636
0.7882711348057883
0.7242955064737243
0.7235338918507236
0.5514089870525514
0.5582635186595583
0.8750952018278751
0.6942117288651942
0.7288651942117289
0.7863670982482863
0.5342726580350343
0.7608530083777608
0.7597105864432597
0.8518659558263518
0.7974105102817974
0.7003046458492003
0.7258187357197258
0.73000761614623
0.8518659558263518
0.6808834729626809
0.7951256664127951
0.7936024371667936
0.6161462300076161
0.7063975628332064
0.6957349581111958
0.46648895658796646
0.6329017517136329
0.607006854531607
0.7608530083777608
0.8423457730388424
0.7692307692307693
0.6580350342726581
0.5757806549885758
0.8202589489718203
0.714013709063214
0.7829398324447829
0.5776846915460777
0.5426504188880427
0.5228484386900228
0.8994668697638994
0.2006854531607007
0.7147753236862148
0.8381568926123382
0.7444782939832445
0.8137852246763138
0.21515613099771516
0.5693069306930693
0.4424980959634425
0.6104341203351105
0.7098248286367098
0.766945925361767
0.6805026656511804
0.8914699162223915
0.544935262757045
0.6725057121096725
0.6923076923076923
0.7570449352627571
0.6405178979436406
0.583015993907083
0.8606245239908606
0.6744097486671744
0.6683168316831684
0.5232292460015232
0.7684691546077684
0.5765422696115765
0.6473724295506473
0.6907844630616908
0.8488194973343488
0.8446306169078446
0.7025894897182026
0.6329017517136329
0.6283320639756284
0.7429550647372429
0.7029702970297029
0.7075399847677075
0.1527037319116527
0.8073115003808073
0.6717440974866717
0.7311500380807312
0.8431073876618431
0.6953541507996953
0.6382330540746383
0.7882711348057883
0.7581873571972582
0.7456207159177456
0.741051028179741
0.7025894897182026
0.6466108149276466
0.7182025894897182
0.7311500380807312
0.7204874333587205
0.4881949733434882
0.7894135567402895
0.7787509520182787
0.12718964204112718
0.8964204112718964
0.9082254379284083
0.6123381568926123
0.8526275704493527
0.9017517136329017
0.856054836252856
0.725057121096725
0.5993907083015994
0.8111195734958111
0.7821782178217822
0.6717440974866717
0.7162985529322163
0.7661843107387661
0.7498095963442498
0.6561309977151562
0.667936024371668
0.7715156130997716
0.8895658796648895
0.20297029702970298
0.7509520182787509
0.758948971820259
0.5780654988575781
0.29360243716679363
0.6884996191926885
0.7372429550647372
0.7010662604722011
0.7128712871287128
0.6934501142421935
0.5955826351865956
0.6546077684691546
0.7501904036557502
0.5727341964965728
0.6572734196496572
0.7658035034272658
0.5514089870525514
0.6694592536176694
0.7623762376237624
0.4047981721249048
0.6382330540746383
0.8507235338918507
0.686976389946687
0.829017517136329
0.7182025894897182
0.7776085300837776
0.7204874333587205
0.7936024371667936
0.6534653465346535
0.6968773800456969
0.6603198781416603
0.7364813404417365
0.6169078446306169
0.7517136329017517
0.6805026656511804
0.5316070068545317
0.19040365575019041
0.5696877380045697
0.6397562833206397
0.3667174409748667
0.6812642802741813
0.693069306930693
0.7311500380807312
0.7429550647372429
0.7608530083777608
0.5776846915460777
0.6153846153846154
0.6462300076161462
0.7121096725057121
0.7673267326732673
0.5415079969535415
0.7593297791317594
0.6774562071591774
0.6713632901751714
0.7399086062452399
0.5792079207920792
0.8008377760853008
0.44097486671744096
0.7117288651942117
0.6987814166031988
0.654988575780655
0.6888804265041889
0.8587204874333587
0.6785986290936786
0.8362528560548362
0.6995430312261995
0.7098248286367098
0.7105864432597105
0.6142421934501142
0.6987814166031988
0.7509520182787509
0.6089108910891089
0.6241431835491241
0.7795125666412795
0.06359482102056359
0.734958111195735
0.7547600913937548
0.8126428027418127
0.7014470677837015
0.2418126428027418
0.6587966488956588
0.6675552170601675
0.817974105102818
0.9006092916984006
0.7265803503427266
0.7894135567402895
0.865955826351866
0.7212490479817213
0.7090632140137091
0.5658796648895659
0.825971058644326
0.6016755521706016
0.7646610814927647
0.6237623762376238
0.7075399847677075
0.7368621477532369
0.6351865955826352
0.8823305407463823
0.6485148514851485
0.7608530083777608
0.832063975628332
0.7151561309977151
0.5700685453160701
0.8107387661843107
0.6138613861386139
0.900990099009901
0.544935262757045
0.7414318354912415
0.8895658796648895
0.6077684691546078
0.6271896420411271
0.7600913937547601
0.5022848438690023
0.7437166793602438
0.6991622239146992
0.15118050266565117
0.531987814166032
0.7414318354912415
0.6805026656511804
0.554074638233054
0.7292460015232293
0.6607006854531607
0.8202589489718203
0.6028179741051028
0.6717440974866717
0.773038842345773
0.738004569687738
0.8278750952018279
0.7600913937547601
0.6652703731911652
0.6953541507996953
0.7132520944402132
0.49581111957349583
0.8621477532368621
0.8354912414318355
0.8830921553693831
0.753998476770754
0.5441736481340441
0.1706016755521706
0.6058644325971059
0.6721249047981721
0.7581873571972582
0.7079207920792079
0.8031226199543031
0.7395277989337395
0.7528560548362528
0.5628332063975628
0.053313023610053314
0.6264280274181264
0.6972581873571972
0.6831683168316832
0.8175932977913176
0.7136329017517137
0.8252094440213252
0.6412795125666413
0.6172886519421172
0.5894897182025894
0.8015993907083016
0.869002284843869
0.4714394516374714
0.6995430312261995
0.8198781416603199
0.6774562071591774
0.1169078446306169
0.6686976389946687
0.6580350342726581
0.7105864432597105
0.7844630616907845
0.7071591774562072
0.7916984006092918
0.583015993907083
0.5517897943640518
0.2242955064737243
0.6226199543031227
0.6226199543031227
0.635948210205636
0.8214013709063214
0.6534653465346535
0.6134805788271135
0.6873571972581873
0.634044173648134
0.6393754760091394
0.7646610814927647
0.714013709063214
0.900990099009901
0.7688499619192688
0.594059405940594
0.6260472201066261
0.6031987814166032
0.5993907083015994
0.5841584158415841
0.627951256664128
0.8381568926123382
0.6725057121096725
0.6904036557501904
0.7006854531607006
0.6115765422696116
0.6313785224676314
0.6831683168316832
0.5856816450875857
0.6454683929931455
0.412033511043412
0.7018278750952018
0.7170601675552171
0.675932977913176
0.6595582635186595
0.8678598629093679
0.8244478293983244
0.7901751713632902
0.9127951256664127
0.6591774562071592
0.5338918507235338
0.6527037319116527
0.8545316070068545
0.7105864432597105
0.726961157654227
0.7764661081492764
0.7787509520182787
0.8046458492003047
0.7479055597867479
0.6405178979436406
0.8709063214013709
0.6169078446306169
0.7821782178217822
0.7113480578827114
0.8522467631378522
0.6618431073876618
0.20106626047220105
0.8141660319878141
0.805026656511805
0.8012185833968012
0.654988575780655
0.7897943640517898
0.7387661843107388
0.261995430312262
0.6035795887281036
0.674028941355674
0.6877380045696877
0.17174409748667174
0.7452399086062452
0.8648134044173648
0.7783701447067783
0.7067783701447068
0.766945925361767
0.4630616907844631
0.6226199543031227
0.8682406702208683
0.7665651180502666
0.8457730388423458
0.8282559025133283
0.7334348819497334
0.7471439451637472
0.766945925361767
0.6999238385376999
0.642041127189642
0.6660319878141661
0.685072353389185
0.7692307692307693
0.6881188118811881
0.7692307692307693
0.8164508758568164
0.8762376237623762
0.6073876618431074
0.7387661843107388
0.675932977913176
0.5643564356435643
0.8313023610053313
0.6245239908606245
0.8301599390708302
0.6770753998476771
0.5418888042650419
0.872048743335872
0.7025894897182026
0.8728103579588729
0.7307692307692307
0.7817974105102818
0.8945163747143945
0.7041127189642041
0.7688499619192688
0.6751713632901751
0.4859101294744859
0.4714394516374714
0.602056359482102
0.7018278750952018
0.746001523229246
0.6397562833206397
0.6846915460776847
0.8427265803503428
0.7033511043412034
0.8122619954303123
0.6603198781416603
0.6557501904036558
0.6964965727341965
0.7303884234577304
0.6805026656511804
0.8518659558263518
0.7246763137852247
0.766945925361767
0.634044173648134
0.7216298552932217
0.7692307692307693
0.6717440974866717
0.8613861386138614
0.6344249809596344
0.6884996191926885
0.18392993145468392
0.8202589489718203
0.1568926123381569
0.6146230007616146
0.5662604722010662
0.7437166793602438
0.6671744097486672
0.43945163747143945
0.8145468392993146
0.6511805026656512
0.69002284843869
0.6203351104341204
0.6732673267326733
0.6062452399086062
0.6698400609291698
0.694973343488195
0.8636709824828637
0.8031226199543031
0.5685453160700685
0.5289413556740289
0.8214013709063214
0.6435643564356436
0.7985529322162985
0.5826351865955827
0.7494287890327495
0.6351865955826352
0.6736481340441737
0.4501142421934501
0.6957349581111958
0.6043412033511043
0.7909367859862909
0.7738004569687738
0.6648895658796649
0.7421934501142422
0.7102056359482102
0.41964965727341963
0.5323686214775324
0.8187357197258187
0.5704493526275705
0.8465346534653465
0.8431073876618431
0.683929931454684
0.5114242193450115
0.5936785986290937
0.43412033511043413
0.3796648895658797
0.6485148514851485
0.8115003808073115
0.7448591012947449
0.693069306930693
0.7977913175932978
0.667936024371668
0.7440974866717441
0.905940594059406
0.6572734196496572
0.8126428027418127
0.8895658796648895
0.6751713632901751
0.7616146230007617
0.48095963442498096
0.8968012185833968
0.7178217821782178
0.7753236862147753
0.8846153846153846
0.6203351104341204
0.674028941355674
0.8332063975628332
0.6942117288651942
0.7486671744097486
0.6527037319116527
0.6835491241431836
0.46496572734196495
0.7319116527037319
0.6713632901751714
0.8541507996953541
0.5038080731150039
0.7604722010662605
0.6633663366336634
0.761995430312262
0.7303884234577304
0.7372429550647372
0.7817974105102818
0.6595582635186595
0.6904036557501904
0.7025894897182026
0.7162985529322163
0.5624523990860625
0.6127189642041128
0.21363290175171362
0.7684691546077684
0.7395277989337395
0.6557501904036558
0.736100533130236
0.5437928408225438
0.8027418126428028
0.718964204112719
0.5685453160700685
0.8655750190403656
0.8400609291698401
0.7155369383092155
0.7242955064737243
0.5441736481340441
0.7204874333587205
0.8153084539223153
0.8412033511043412
0.6214775323686215
0.8122619954303123
0.7338156892612339
0.02246763137852247
0.670982482863671
0.7486671744097486
0.6968773800456969
0.643945163747144
0.6519421172886519
0.8248286367098249
0.15765422696115766
0.16374714394516374
0.7136329017517137
0.7646610814927647
0.6747905559786748
0.6725057121096725
0.8457730388423458
0.8945163747143945
0.16831683168316833
0.7322924600152323
0.6873571972581873
0.6702208682406702
0.39984767707539987
0.6507996953541508
0.781035795887281
0.7303884234577304
0.34843869002284844
0.7936024371667936
0.7787509520182787
0.7433358720487433
0.8076923076923077
0.6888804265041889
0.6884996191926885
0.8705255140898706
0.5312261995430312
0.725057121096725
0.6835491241431836
0.5472201066260473
0.8400609291698401
0.856054836252856
0.6945925361766946
0.8175932977913176
0.7277227722772277
0.7265803503427266
0.7993145468392994
0.7608530083777608
0.5974866717440975
0.5986290936785986
0.645087585681645
0.5491241431835491
0.7722772277227723
0.8347296268088348
0.6778370144706778
0.5616907844630616
0.6873571972581873
0.6256664127951257
0.8156892612338157
0.48514851485148514
0.6153846153846154
0.6976389946686976
0.5277989337395278
0.6884996191926885
0.6942117288651942
0.29284082254379284
0.4558263518659558
0.6435643564356436
0.7932216298552932
0.6785986290936786
0.6344249809596344
0.6092916984006093
0.678979436405179
0.6306169078446306
0.6607006854531607
0.5403655750190404
0.8655750190403656
0.5780654988575781
0.6999238385376999
0.736100533130236
0.4798172124904798
0.5986290936785986
0.674028941355674
0.6919268849961919
0.6576542269611576
0.5841584158415841
0.7060167555217061
0.7383853769992383
0.7814166031987814
0.7894135567402895
0.8872810357958872
0.8278750952018279
0.7174409748667174
0.7608530083777608
0.6603198781416603
0.8827113480578828
0.6816450875856817
0.7829398324447829
0.6660319878141661
0.6843107387661843
0.6626047220106626
0.7718964204112719
0.7680883472962681
0.8027418126428028
0.6957349581111958
0.595963442498096
0.8377760853008378
0.7326732673267327
0.7052551408987052
0.7467631378522468
0.5662604722010662
0.7825590251332826
0.6641279512566641
0.9101294744859101
0.8373952779893374
0.6751713632901751
0.6755521706016756
0.5091393754760092
0.73000761614623
0.6237623762376238
0.7482863670982483
0.8038842345773038
0.6645087585681645
0.7353389185072353
0.47791317593297794
0.8229246001523229
0.8419649657273419
0.6587966488956588
0.6736481340441737
0.7185833968012186
0.7970297029702971
0.5072353389185073
0.7006854531607006
0.7718964204112719
0.5898705255140899
0.7433358720487433
0.7151561309977151
0.8621477532368621
0.7048743335872049
0.6778370144706778
0.7395277989337395
0.6865955826351866
0.7989337395277989
0.559025133282559
0.6538461538461539
0.7932216298552932
0.7718964204112719
0.5757806549885758
0.6287128712871287
0.6843107387661843
0.6576542269611576
0.45354150799695353
0.12871287128712872
0.5601675552170602
0.7856054836252856
0.5826351865955827
0.7680883472962681
0.41622239146991624
0.8282559025133283
0.6268088347296268
0.7033511043412034
0.8446306169078446
0.5773038842345773
0.710967250571211
0.7718964204112719
0.7124904798172125
0.12909367859862908
0.8092155369383092
0.5986290936785986
0.627951256664128
0.6298552932216298
0.7372429550647372
0.5792079207920792
0.8693830921553694
0.7334348819497334
0.49124143183549124
0.8248286367098249
0.5552170601675552
0.806930693069307
0.27875095201827876
0.6130997715156131
0.8918507235338918
0.3111195734958111
0.686976389946687
0.5152322924600152
0.6477532368621478
0.7513328255902514
0.5677837014470678
0.6146230007616146
0.597105864432597
0.7166793602437167
0.5232292460015232
0.7208682406702208
0.6694592536176694
0.6991622239146992
0.5635948210205636
0.6458492003046459
0.674028941355674
0.6100533130236101
0.6214775323686215
0.6203351104341204
0.7966488956587966
0.7105864432597105
0.8469154607768469
0.8724295506473724
0.5335110434120335
0.5955826351865956
0.1210967250571211
0.8118811881188119
0.8217821782178217
0.7258187357197258
0.741051028179741
0.763899466869764
0.685072353389185
0.65003808073115
0.4501142421934501
0.4497334348819497
0.7083015993907082
0.5316070068545317
0.5521706016755522
0.08377760853008377
0.9322162985529322
0.6191926884996192
0.8061690784463061
0.547981721249048
0.5887281035795887
0.8271134805788272
0.7456207159177456
0.591012947448591
0.3926123381568926
0.5795887281035796
0.714013709063214
0.4775323686214775
0.694973343488195
0.06130997715156131
0.7791317593297792
0.7871287128712872
0.49581111957349583
0.7281035795887281
0.7155369383092155
0.7265803503427266
0.7924600152322925
0.8396801218583397
0.7094440213252095
0.5891089108910891
0.7098248286367098
0.5952018278750952
0.6477532368621478
0.7440974866717441
0.857958872810358
0.6599390708301599
0.6862147753236862
0.9105102817974106
0.7631378522467631
0.7155369383092155
0.7551408987052551
0.685072353389185
0.8960396039603961
0.8305407463823306
0.7193450114242194
0.7837014470677837
0.7932216298552932
0.6424219345011424
0.6054836252856055
0.678979436405179
0.6645087585681645
0.5784463061690784
0.6858339680121859
0.7562833206397562
0.774942878903275
0.6256664127951257
0.7673267326732673
0.683929931454684
0.6626047220106626
0.6058644325971059
0.6626047220106626
0.7829398324447829
0.6664127951256664
0.7661843107387661
0.7098248286367098
0.7924600152322925
0.47486671744097486
0.7505712109672505
0.6862147753236862
0.6443259710586443
0.27456207159177454
0.6431835491241432
0.5761614623000761
0.7806549885757806
0.6599390708301599
0.6664127951256664
0.40022848438690023
0.8472962680883473
0.5331302361005331
0.0003808073115003808
0.6405178979436406
0.4798172124904798
0.7105864432597105
0.7143945163747144
0.817974105102818
0.7909367859862909
0.5437928408225438
0.5552170601675552
0.7494287890327495
0.7475247524752475
0.583015993907083
0.6888804265041889
0.9405940594059405
0.7661843107387661
0.5666412795125666
0.8236862147753237
0.5997715156130998
0.6721249047981721
0.6942117288651942
0.5418888042650419
0.5677837014470678
0.42155369383092156
0.6702208682406702
0.6633663366336634
0.8773800456968773
0.7680883472962681
0.5757806549885758
0.7174409748667174
0.781035795887281
0.638994668697639
0.3286367098248286
0.19116527037319117
0.33625285605483624
0.7231530845392231
0.6519421172886519
0.7319116527037319
0.6915460776846916
0.7044935262757045
0.7098248286367098
0.7193450114242194
0.8305407463823306
0.7338156892612339
0.5651180502665651
0.5304645849200305
0.6325209444021325
0.6755521706016756
0.6565118050266565
0.7353389185072353
0.555978674790556
0.8217821782178217
0.8137852246763138
0.46268088347296266
0.667936024371668
0.5792079207920792
0.7433358720487433
0.8111195734958111
0.6667936024371668
0.20182787509520184
0.7555217060167555
0.7612338156892612
0.9044173648134044
0.43335872048743335
0.6884996191926885
0.6995430312261995
0.6317593297791317
0.7166793602437167
0.7768469154607769
0.7722772277227723
0.7547600913937548
0.551028179741051
0.7844630616907845
0.685072353389185
0.6557501904036558
0.7532368621477532
0.7520944402132521
0.7559025133282559
0.7025894897182026
0.6911652703731912
0.6134805788271135
0.7182025894897182
0.6488956587966489
0.7787509520182787
0.6808834729626809
0.8172124904798173
0.7086824067022087
0.5281797410510282
0.7319116527037319
0.5967250571210967
0.6271896420411271
0.6683168316831684
0.8533891850723534
0.5498857578065499
0.7429550647372429
0.8564356435643564
0.7029702970297029
0.559025133282559
0.6896420411271896
0.6603198781416603
0.7905559786747905
0.7338156892612339
0.7003046458492003
0.7852246763137852
0.7718964204112719
0.607006854531607
0.6458492003046459
0.6961157654226962
0.8061690784463061
0.7281035795887281
0.7574257425742574
0.6610814927646611
0.5186595582635186
0.04455445544554455
0.6964965727341965
0.6747905559786748
0.8895658796648895
0.5997715156130998
0.6089108910891089
0.7966488956587966
0.6100533130236101
0.8469154607768469
0.7063975628332064
0.7463823305407464
0.6568926123381569
0.678979436405179
0.7079207920792079
0.5784463061690784
0.685072353389185
0.7505712109672505
0.725057121096725
0.9219345011424219
0.6706016755521707
0.6622239146991622
0.7597105864432597
0.8903274942878904
0.7162985529322163
0.4074638233054075
0.7319116527037319
0.8225437928408226
0.5026656511805027
0.9166031987814166
0.7292460015232293
0.8792840822543793
0.6325209444021325
0.6888804265041889
0.7677075399847677
0.7372429550647372
0.6846915460776847
0.8198781416603199
0.6169078446306169
0.7044935262757045
0.7570449352627571
0.015232292460015232
0.20373191165270374
0.6995430312261995
0.6405178979436406
0.6557501904036558
0.5137090632140137
0.6915460776846916
0.7044935262757045
0.8008377760853008
0.8339680121858339
0.5826351865955827
0.7871287128712872
0.5220868240670221
0.05407463823305408
0.6858339680121859
0.8434881949733435
0.12490479817212491
0.6785986290936786
0.7928408225437928
0.6561309977151562
0.6553693830921554
0.638994668697639
0.5228484386900228
0.805026656511805
0.6915460776846916
0.8861386138613861
0.7155369383092155
0.6805026656511804
0.7726580350342727
0.6325209444021325
0.7958872810357959
0.7578065498857578
0.7936024371667936
0.6652703731911652
0.7536176694592536
0.6717440974866717
0.7635186595582635
0.6424219345011424
0.8137852246763138
0.18392993145468392
0.8214013709063214
0.8271134805788272
0.7920792079207921
0.8564356435643564
0.7315308453922316
0.686976389946687
0.8000761614623001
0.8236862147753237
0.7170601675552171
0.6073876618431074
0.6146230007616146
0.6024371667936025
0.6546077684691546
0.7867479055597868
0.6797410510281797
0.821020563594821
0.761995430312262
0.766945925361767
0.8278750952018279
0.761995430312262
0.5594059405940595
0.7311500380807312
0.6123381568926123
0.5548362528560549
0.7909367859862909
0.8153084539223153
0.6557501904036558
0.6919268849961919
0.1785986290936786
0.575019040365575
0.7490479817212491
0.7635186595582635
0.5723533891850724
0.8644325971058644
0.8172124904798173
0.8168316831683168
0.8895658796648895
0.7098248286367098
0.7928408225437928
0.7117288651942117
0.6542269611576542
0.8533891850723534
0.678979436405179
0.7661843107387661
0.7505712109672505
0.758948971820259
0.6473724295506473
0.5932977913175933
0.5003808073115004
0.8286367098248286
0.7197258187357197
0.8884234577303884
0.7098248286367098
0.8156892612338157
0.7117288651942117
0.8313023610053313
0.5118050266565118
0.8587204874333587
0.575019040365575
0.6515613099771516
0.6203351104341204
0.627951256664128
0.6157654226961158
0.5624523990860625
0.7882711348057883
0.7418126428027418
0.5224676313785225
0.7174409748667174
0.48743335872048743
0.7745620715917746
0.6321401370906321
0.7322924600152323
0.5357958872810358
0.5696877380045697
0.6591774562071592
0.7989337395277989
0.6938309215536939
0.531987814166032
0.2863670982482864
0.6146230007616146
0.714013709063214
0.6207159177456207
0.5613099771515613
0.8400609291698401
0.5137090632140137
0.5921553693830921
0.7098248286367098
0.7821782178217822
0.6534653465346535
0.7418126428027418
0.7067783701447068
0.761995430312262
0.7962680883472962
0.6686976389946687
0.8869002284843869
0.8389185072353389
0.8095963442498096
0.5639756283320639
0.6184310738766184
0.7033511043412034
0.7151561309977151
0.586062452399086
0.7993145468392994
0.7254379284082254
0.8252094440213252
0.6827875095201827
0.8225437928408226
0.6884996191926885
0.5921553693830921
0.6538461538461539
0.7951256664127951
0.6827875095201827
0.5982482863670983
0.7924600152322925
0.6538461538461539
0.7162985529322163
0.777989337395278
0.7501904036557502
0.5803503427265804
0.6485148514851485
0.693069306930693
0.6268088347296268
0.789032749428789
0.7197258187357197
0.5974866717440975
0.7296268088347296
0.7052551408987052
0.7920792079207921
0.5594059405940595
0.723914699162224
0.10738766184310738
0.829017517136329
0.7471439451637472
0.5769230769230769
0.7947448591012948
0.8514851485148515
0.6481340441736482
0.6904036557501904
0.8766184310738766
0.8507235338918507
0.42345773038842344
0.76999238385377
0.7208682406702208
0.670982482863671
0.6405178979436406
0.6572734196496572
0.6191926884996192
0.7829398324447829
0.5498857578065499
0.738004569687738
0.6222391469916222
0.8122619954303123
0.7494287890327495
0.7623762376237624
0.7322924600152323
0.7505712109672505
0.7581873571972582
0.7555217060167555
0.8808073115003808
0.6313785224676314
0.6161462300076161
0.6607006854531607
0.4523990860624524
0.5506473724295506
0.8385376999238385
0.5403655750190404
0.7833206397562833
0.5243716679360244
0.00456968773800457
0.33244478293983243
0.8419649657273419
0.6172886519421172
0.5856816450875857
0.7383853769992383
0.774942878903275
0.47182025894897184
0.6001523229246002
0.725057121096725
0.7852246763137852
0.6092916984006093
0.7547600913937548
0.784082254379284
0.5236100533130236
0.7033511043412034
0.6047220106626047
0.5700685453160701
0.7402894135567403
0.8948971820258949
0.7939832444782939
0.6504188880426505
0.7216298552932217
0.6732673267326733
0.7060167555217061
0.6957349581111958
0.6953541507996953
0.6378522467631379
0.5552170601675552
0.9002284843869002
0.7471439451637472
0.6991622239146992
0.19116527037319117
0.6816450875856817
0.7063975628332064
0.7383853769992383
0.6268088347296268
0.7440974866717441
0.6747905559786748
0.5266565118050267
0.5967250571210967
0.5620715917745621
0.9002284843869002
0.6321401370906321
0.8004569687738005
0.7547600913937548
0.607006854531607
0.8766184310738766
0.14051789794364053
0.5727341964965728
0.1824067022086824
0.8412033511043412
0.7635186595582635
0.662985529322163
0.6618431073876618
0.698019801980198
0.7231530845392231
0.4900990099009901
0.6736481340441737
0.683929931454684
0.6808834729626809
0.8907083015993907
0.7086824067022087
0.6660319878141661
0.7482863670982483
0.14432597105864434
0.7570449352627571
0.6393754760091394
0.6702208682406702
0.4661081492764661
0.5658796648895659
0.7467631378522468
0.42383853769992386
0.6717440974866717
0.8137852246763138
0.6942117288651942
0.7490479817212491
0.6435643564356436
0.7197258187357197
0.7044935262757045
0.6607006854531607
0.7105864432597105
0.6873571972581873
0.8830921553693831
0.7383853769992383
0.7227722772277227
0.7033511043412034
0.741051028179741
0.7147753236862148
0.7060167555217061
0.7018278750952018
0.5803503427265804
0.7456207159177456
0.8225437928408226
0.8084539223153084
0.7677075399847677
0.06092916984006093
0.7193450114242194
0.5521706016755522
0.8663366336633663
0.8762376237623762
0.13747143945163748
0.9166031987814166
0.8038842345773038
0.5894897182025894
0.7494287890327495
0.7399086062452399
0.6702208682406702
0.46953541507996954
0.054455445544554455
0.5418888042650419
0.8309215536938309
0.6614623000761615
0.7448591012947449
0.6568926123381569
0.6945925361766946
0.7787509520182787
0.5677837014470678
0.5163747143945163
0.7429550647372429
0.7353389185072353
0.6344249809596344
0.6976389946686976
0.5765422696115765
0.7292460015232293
0.6507996953541508
0.6846915460776847
0.6496572734196496
0.7326732673267327
0.7696115765422696
0.7543792840822544
0.7383853769992383
0.7018278750952018
0.7056359482102056
0.7326732673267327
0.7463823305407464
0.801980198019802
0.7022086824067022
0.7913175932977913
0.8118811881188119
0.7048743335872049
0.6995430312261995
0.6702208682406702
0.7003046458492003
0.6473724295506473
0.806930693069307
0.5628332063975628
0.5007616146230007
0.5818735719725818
0.8945163747143945
0.7814166031987814
0.8804265041888805
0.6553693830921554
0.6587966488956588
0.6626047220106626
0.6846915460776847
0.7612338156892612
0.4775323686214775
0.7303884234577304
0.6485148514851485
0.8415841584158416
0.8362528560548362
0.7532368621477532
0.5293221629855294
0.746001523229246
0.7338156892612339
0.6546077684691546
0.7821782178217822
0.602056359482102
0.6519421172886519
0.5997715156130998
0.7532368621477532
0.7063975628332064
0.5338918507235338
0.6926884996191927
0.7821782178217822
0.02284843869002285
0.6938309215536939
0.7113480578827114
0.7555217060167555
0.20182787509520184
0.35148514851485146
0.7684691546077684
0.8126428027418127
0.678979436405179
0.7425742574257426
0.6755521706016756
0.8366336633663366
0.6904036557501904
0.5734958111195735
0.7578065498857578
0.4767707539984768
0.7174409748667174
0.7037319116527038
0.6938309215536939
0.7185833968012186
0.6873571972581873
0.7494287890327495
0.6945925361766946
0.7627570449352628
0.8910891089108911
0.4284082254379284
0.3549124143183549
0.6332825590251333
0.8373952779893374
0.7242955064737243
0.5643564356435643
0.908987052551409
0.5597867479055598
0.7867479055597868
0.6595582635186595
0.6618431073876618
0.5453160700685453
0.5894897182025894
0.6721249047981721
0.7711348057882711
0.8754760091393755
0.21134805788271135
0.7147753236862148
0.7490479817212491
0.6976389946686976
0.854912414318355
0.5784463061690784
0.7098248286367098
0.7296268088347296
0.8674790555978675
0.7041127189642041
0.7604722010662605
0.7970297029702971
0.16907844630616908
0.7882711348057883
0.7223914699162224
0.7612338156892612
0.6260472201066261
0.7307692307692307
0.6797410510281797
0.7718964204112719
0.7414318354912415
0.7966488956587966
0.7022086824067022
0.8617669459253617
0.6671744097486672
0.6614623000761615
0.8172124904798173
0.7261995430312262
0.7993145468392994
0.6633663366336634
0.7437166793602438
0.5003808073115004
0.674028941355674
0.6271896420411271
0.7833206397562833
0.7566641279512567
0.6854531607006854
0.8960396039603961
0.6329017517136329
0.7193450114242194
0.7772277227722773
0.7958872810357959
0.5262757044935262
0.38537699923838536
0.5677837014470678
0.8198781416603199
0.8872810357958872
0.7433358720487433
0.80997715156131
0.5102817974105103
0.634044173648134
0.6797410510281797
0.6016755521706016
0.8214013709063214
0.7128712871287128
0.7741812642802742
0.7307692307692307
0.924980959634425
0.8187357197258187
0.6454683929931455
0.7597105864432597
0.7608530083777608
0.777989337395278
0.7105864432597105
0.6329017517136329
0.8137852246763138
0.6923076923076923
0.7658035034272658
0.8511043412033511
0.6454683929931455
0.5597867479055598
0.900990099009901
0.6035795887281036
0.6089108910891089
0.8031226199543031
0.7597105864432597
0.8785224676313785
0.6881188118811881
0.675932977913176
0.7315308453922316
0.6111957349581112
0.6092916984006093
0.6405178979436406
0.7128712871287128
0.7006854531607006
0.6348057882711348
0.44935262757044936
0.5917745620715917
0.7345773038842346
0.7897943640517898
0.805026656511805
0.14927646610814926
0.7932216298552932
0.774942878903275
0.8008377760853008
0.6260472201066261
0.813023610053313
0.7783701447067783
0.7616146230007617
0.5118050266565118
0.8594821020563594
0.6485148514851485
0.6763137852246763
0.46268088347296266
0.7048743335872049
0.6999238385376999
0.46572734196496574
0.7711348057882711
0.758948971820259
0.7688499619192688
0.19421172886519422
0.7783701447067783
0.723914699162224
0.824067022086824
0.6896420411271896
0.7315308453922316
0.6237623762376238
0.6976389946686976
0.6747905559786748
0.7856054836252856
0.7875095201827875
0.6774562071591774
0.8792840822543793
0.8857578065498858
0.7658035034272658
0.45354150799695353
0.7235338918507236
0.45163747143945165
0.7033511043412034
0.6816450875856817
0.6846915460776847
0.7414318354912415
0.8168316831683168
0.6934501142421935
0.8682406702208683
0.7368621477532369
0.7658035034272658
0.7977913175932978
0.7936024371667936
0.5681645087585682
0.7574257425742574
0.781035795887281
0.667936024371668
0.8084539223153084
0.6942117288651942
0.6793602437166794
0.8035034272658035
0.7757044935262757
0.8156892612338157
0.428027418126428
0.8115003808073115
0.8271134805788272
0.6233815689261234
0.7974105102817974
0.5495049504950495
0.6976389946686976
0.5883472962680883
0.6233815689261234
0.7368621477532369
0.773038842345773
0.5811119573495811
0.7787509520182787
0.5411271896420411
0.6911652703731912
0.7025894897182026
0.7734196496572734
0.8602437166793603
0.7977913175932978
0.6831683168316832
0.5376999238385377
0.7265803503427266
0.8324447829398325
0.6782178217821783
0.7166793602437167
0.6934501142421935
0.7753236862147753
0.8191165270373191
0.5913937547600914
0.8221629855293222
0.7372429550647372
0.7684691546077684
0.6995430312261995
0.8115003808073115
0.8107387661843107
0.7875095201827875
0.65003808073115
0.6618431073876618
0.6816450875856817
0.5437928408225438
0.8457730388423458
0.7509520182787509
0.7326732673267327
0.6656511805026657
0.6325209444021325
0.8606245239908606
0.8613861386138614
0.6458492003046459
0.7029702970297029
0.6957349581111958
0.6919268849961919
0.2932216298552932
0.6774562071591774
0.6736481340441737
0.8728103579588729
0.7654226961157654
0.6507996953541508
0.7227722772277227
0.8156892612338157
0.7208682406702208
0.6888804265041889
0.5993907083015994
0.7170601675552171
0.5613099771515613
0.6283320639756284
0.6507996953541508
0.6717440974866717
0.7726580350342727
0.7376237623762376
0.6732673267326733
0.6938309215536939
0.6751713632901751
0.5003808073115004
0.6051028179741051
0.824067022086824
0.6077684691546078
0.674028941355674
0.6618431073876618
0.7616146230007617
0.6405178979436406
0.7006854531607006
0.607006854531607
0.6355674028941356
0.7536176694592536
0.674028941355674
0.722010662604722
0.801980198019802
0.642041127189642
0.8507235338918507
0.8233054074638233
0.7170601675552171
0.5011424219345011
0.892993145468393
0.7174409748667174
0.3594821020563595
0.6401370906321401
0.8023610053313024
0.7037319116527038
0.7296268088347296
0.6222391469916222
0.6290936785986291
0.6580350342726581
0.6344249809596344
0.7113480578827114
0.715917745620716
0.6039603960396039
0.6686976389946687
0.535034272658035
0.7722772277227723
0.6428027418126429
0.030464584920030464
0.6344249809596344
0.7547600913937548
0.6694592536176694
0.8118811881188119
0.7928408225437928
0.7882711348057883
0.8248286367098249
0.8415841584158416
0.7559025133282559
0.8815689261233816
0.6287128712871287
0.4775323686214775
0.34615384615384615
0.5548362528560549
0.5495049504950495
0.6865955826351866
0.646991622239147
0.8073115003808073
0.6473724295506473
0.6603198781416603
0.7166793602437167
0.777989337395278
0.5620715917745621
0.6919268849961919
0.6633663366336634
0.6321401370906321
0.5845392231530845
0.7863670982482863
0.6938309215536939
0.6134805788271135
0.8297791317593298
0.7258187357197258
0.7517136329017517
0.7513328255902514
0.4885757806549886
0.7916984006092918
0.6675552170601675
0.8206397562833206
0.6367098248286367
0.6454683929931455
0.6127189642041128
0.6477532368621478
0.6134805788271135
0.7067783701447068
0.8514851485148515
0.7692307692307693
0.7757044935262757
0.726961157654227
0.8827113480578828
0.5925361766945926
0.8057882711348058
0.6024371667936025
0.8206397562833206
0.5624523990860625
0.7547600913937548
0.5700685453160701
0.7334348819497334
0.5811119573495811
0.7383853769992383
0.7856054836252856
0.774942878903275
0.6268088347296268
0.6233815689261234
0.7258187357197258
0.6233815689261234
0.551028179741051
0.715917745620716
0.7178217821782178
0.5651180502665651
0.7418126428027418
0.6984006092916984
0.6626047220106626
0.7981721249047982
0.6884996191926885
0.6862147753236862
0.5853008377760853
0.7463823305407464
0.7037319116527038
0.6146230007616146
0.46725057121096725
0.4923838537699924
0.6130997715156131
0.6115765422696116
0.9101294744859101
0.584920030464585
0.6755521706016756
0.7341964965727342
0.6835491241431836
0.8153084539223153
0.7798933739527799
0.6671744097486672
0.5765422696115765
0.722010662604722
0.6378522467631379
0.6233815689261234
0.5978674790555979
0.7688499619192688
0.7536176694592536
0.6618431073876618
0.6237623762376238
0.6386138613861386
0.5666412795125666
0.6051028179741051
0.7505712109672505
0.6127189642041128
0.7471439451637472
0.6919268849961919
0.6485148514851485
0.6245239908606245
0.5411271896420411
0.7090632140137091
0.7170601675552171
0.869002284843869
0.4801980198019802
0.6607006854531607
0.7307692307692307
0.5407463823305407
0.7661843107387661
0.7528560548362528
0.905940594059406
0.7143945163747144
0.8225437928408226
0.5582635186595583
0.9291698400609292
0.6565118050266565
0.6157654226961158
0.805026656511805
0.19725818735719725
0.7429550647372429
0.6599390708301599
0.5411271896420411
0.16450875856816452
0.6725057121096725
0.6188118811881188
0.714013709063214
0.6051028179741051
0.5536938309215537
0.6568926123381569
0.6431835491241432
0.7844630616907845
0.8214013709063214
0.638994668697639
0.8286367098248286
0.6835491241431836
0.5780654988575781
0.46268088347296266
0.5453160700685453
0.5993907083015994
0.8073115003808073
0.7768469154607769
0.8035034272658035
0.6009139375476009
0.5247524752475248
0.7151561309977151
0.6698400609291698
0.8686214775323686
0.6260472201066261
0.8373952779893374
0.6964965727341965
0.11233815689261234
0.6987814166031988
0.8309215536938309
0.7128712871287128
0.6298552932216298
0.6546077684691546
0.7570449352627571
0.7402894135567403
0.544935262757045
0.773038842345773
0.694973343488195
0.817974105102818
0.646991622239147
0.5567402894135567
0.8686214775323686
0.7303884234577304
0.6302361005331303
0.6268088347296268
0.6865955826351866
0.6877380045696877
0.7151561309977151
0.6972581873571972
0.8518659558263518
0.7006854531607006
0.7261995430312262
0.7616146230007617
0.5236100533130236
0.546077684691546
0.7806549885757806
0.801980198019802
0.8469154607768469
0.7437166793602438
0.6306169078446306
0.7482863670982483
0.6667936024371668
0.7391469916222392
0.6763137852246763
0.683929931454684
0.7048743335872049
0.6892612338156893
0.8937547600913938
0.6599390708301599
0.8115003808073115
0.8583396801218584
0.6405178979436406
0.5422696115765423
0.7772277227722773
0.41165270373191165
0.832063975628332
0.36595582635186596
0.8103579588728104
0.6580350342726581
0.6344249809596344
0.7844630616907845
0.8286367098248286
0.3316831683168317
0.7905559786747905
0.7212490479817213
0.7204874333587205
0.6934501142421935
0.6675552170601675
0.7178217821782178
0.865955826351866
0.7837014470677837
0.4428789032749429
0.6290936785986291
0.20297029702970298
0.6858339680121859
0.49657273419649656
0.7852246763137852
0.7924600152322925
0.8274942878903275
0.7414318354912415
0.5887281035795887
0.6633663366336634
0.5601675552170602
0.7071591774562072
0.7166793602437167
0.8381568926123382
0.6378522467631379
0.6766945925361767
0.7517136329017517
0.805026656511805
0.8343488194973343
0.6987814166031988
0.6431835491241432
0.7307692307692307
0.7136329017517137
0.7143945163747144
0.6382330540746383
0.634044173648134
0.7136329017517137
0.662985529322163
0.8103579588728104
0.6191926884996192
0.7338156892612339
0.8796648895658796
0.6725057121096725
0.7494287890327495
0.13747143945163748
0.523990860624524
0.8004569687738005
0.8233054074638233
0.6995430312261995
0.7612338156892612
0.8156892612338157
0.7193450114242194
0.892993145468393
0.5647372429550648
0.6538461538461539
0.5422696115765423
0.5178979436405179
0.5814927646610815
0.710967250571211
0.571972581873572
0.5658796648895659
0.6667936024371668
0.6774562071591774
0.8381568926123382
0.7745620715917746
0.6721249047981721
0.47791317593297794
0.6565118050266565
0.6431835491241432
0.46953541507996954
0.7806549885757806
0.5856816450875857
0.6054836252856055
0.49504950495049505
0.7338156892612339
0.5833968012185834
0.733054074638233
0.7604722010662605
0.7071591774562072
0.7170601675552171
0.6690784463061691
0.5872048743335873
0.7513328255902514
0.694973343488195
0.6614623000761615
0.7086824067022087
0.8137852246763138
0.6755521706016756
0.6161462300076161
0.5205635948210205
0.7258187357197258
0.6268088347296268
0.547981721249048
0.7856054836252856
0.824067022086824
0.7688499619192688
0.7376237623762376
0.8343488194973343
0.6473724295506473
0.784082254379284
0.8065498857578065
0.7837014470677837
0.39946686976389945
0.6157654226961158
0.6683168316831684
0.6995430312261995
0.6904036557501904
0.4897182025894897
0.6222391469916222
0.7829398324447829
0.8095963442498096
0.8122619954303123
0.8202589489718203
0.6968773800456969
0.714013709063214
0.7296268088347296
0.5887281035795887
0.8625285605483626
0.7254379284082254
0.13670982482863672
0.7456207159177456
0.38766184310738766
0.6904036557501904
0.15003808073115005
0.8263518659558263
0.7010662604722011
0.825971058644326
0.806930693069307
0.6009139375476009
0.16222391469916222
0.643945163747144
0.8933739527798934
0.6683168316831684
0.19801980198019803
0.5727341964965728
0.6945925361766946
0.6031987814166032
0.7776085300837776
0.6907844630616908
0.8164508758568164
0.674028941355674
0.6507996953541508
0.8362528560548362
0.7307692307692307
0.6443259710586443
0.7741812642802742
0.16641279512566642
0.7688499619192688
0.6157654226961158
0.7060167555217061
0.6565118050266565
0.8385376999238385
0.6504188880426505
0.3389185072353389
0.6984006092916984
0.7501904036557502
0.6511805026656512
0.8172124904798173
0.7223914699162224
0.7296268088347296
0.33054074638233055
0.6519421172886519
0.5487433358720487
0.7570449352627571
0.7166793602437167
0.7821782178217822
0.6416603198781416
0.8587204874333587
0.7117288651942117
0.6801218583396801
0.8606245239908606
0.627951256664128
0.5693069306930693
0.5906321401370906
0.46496572734196495
0.7421934501142422
0.8153084539223153
0.6546077684691546
0.5658796648895659
0.6770753998476771
0.725057121096725
0.6770753998476771
0.7174409748667174
0.634044173648134
0.6511805026656512
0.7006854531607006
0.5967250571210967
0.6256664127951257
0.5841584158415841
0.5993907083015994
0.6827875095201827
0.776085300837776
0.7052551408987052
0.0594059405940594
0.7920792079207921
0.6210967250571211
0.821020563594821
0.7467631378522468
0.825971058644326
0.7353389185072353
0.7936024371667936
0.6435643564356436
0.694973343488195
0.654988575780655
0.6035795887281036
0.6793602437166794
0.7947448591012948
0.7901751713632902
0.8453922315308454
0.8663366336633663
0.6195734958111195
0.8271134805788272
0.6237623762376238
0.7616146230007617
0.8381568926123382
0.7825590251332826
0.49504950495049505
0.7010662604722011
0.8145468392993146
0.7121096725057121
0.7368621477532369
0.698019801980198
0.814927646610815
0.7806549885757806
0.6104341203351105
0.7326732673267327
0.7208682406702208
0.8678598629093679
0.6127189642041128
0.645087585681645
0.7037319116527038
0.714013709063214
0.8712871287128713
0.683929931454684
0.7448591012947449
0.13366336633663367
0.7425742574257426
0.5312261995430312
0.7216298552932217
0.6656511805026657
0.6142421934501142
0.17402894135567404
0.8701447067783702
0.5575019040365575
0.8533891850723534
0.7958872810357959
0.39946686976389945
0.9105102817974106
0.6603198781416603
0.8035034272658035
0.7578065498857578
0.6827875095201827
0.892993145468393
0.7901751713632902
0.7897943640517898
0.7517136329017517
0.7197258187357197
0.6169078446306169
0.8103579588728104
0.662985529322163
0.3872810357958873
0.8587204874333587
0.725057121096725
0.7631378522467631
0.674028941355674
0.6401370906321401
0.7532368621477532
0.7341964965727342
0.6568926123381569
0.8804265041888805
0.781035795887281
0.7677075399847677
0.7600913937547601
0.5415079969535415
0.7033511043412034
0.7440974866717441
0.6744097486671744
0.6595582635186595
0.6728865194211728
0.678979436405179
0.6077684691546078
0.6321401370906321
0.16755521706016754
0.7060167555217061
0.7479055597867479
0.7136329017517137
0.6877380045696877
0.10624523990860625
0.7894135567402895
0.6485148514851485
0.5133282559025133
0.5544554455445545
0.7974105102817974
0.7486671744097486
0.599009900990099
0.6690784463061691
0.913937547600914
0.4881949733434882
0.6713632901751714
0.6964965727341965
0.7665651180502666
0.8103579588728104
0.583015993907083
0.7482863670982483
0.6321401370906321
0.5609291698400609
0.7429550647372429
0.6005331302361006
0.7143945163747144
0.7608530083777608
0.1964965727341965
0.5609291698400609
0.7029702970297029
0.5201827875095202
0.638994668697639
0.7014470677837015
0.8891850723533892
0.5106626047220106
0.912033511043412
0.5921553693830921
0.69002284843869
0.6386138613861386
0.6492764661081493
0.4383092155369383
0.7623762376237624
0.9047981721249048
0.6907844630616908
0.7338156892612339
0.8332063975628332
0.7444782939832445
0.8354912414318355
0.7067783701447068
0.5993907083015994
0.7806549885757806
0.7174409748667174
0.8286367098248286
0.5106626047220106
0.6976389946686976
0.6919268849961919
0.6454683929931455
0.8328255902513328
0.2798933739527799
0.6146230007616146
0.8202589489718203
0.544935262757045
0.7010662604722011
0.7117288651942117
0.8526275704493527
0.7547600913937548
0.6728865194211728
0.682025894897182
0.8103579588728104
0.9162223914699162
0.7798933739527799
0.8297791317593298
0.7166793602437167
0.7578065498857578
0.7052551408987052
0.6561309977151562
0.5582635186595583
0.16450875856816452
0.42155369383092156
0.7136329017517137
0.9025133282559025
0.6683168316831684
0.5552170601675552
0.6218583396801218
0.8057882711348058
0.7559025133282559
0.178979436405179
0.6351865955826352
0.6481340441736482
0.6683168316831684
0.738004569687738
0.7334348819497334
0.801980198019802
0.6066260472201066
0.8484386900228484
0.5354150799695354
0.8015993907083016
0.7783701447067783
0.8926123381568926
0.8648134044173648
0.5651180502665651
0.6770753998476771
0.6964965727341965
0.816070068545316
0.6648895658796649
0.8808073115003808
0.7079207920792079
0.662985529322163
0.6477532368621478
0.837014470677837
0.698019801980198
0.5875856816450876
0.6028179741051028
0.7825590251332826
0.8103579588728104
0.9124143183549124
0.7486671744097486
0.3865194211728865
0.8225437928408226
0.7802741812642803
0.7467631378522468
0.6321401370906321
0.8286367098248286
0.7151561309977151
0.8362528560548362
0.9082254379284083
0.7341964965727342
0.8233054074638233
0.7372429550647372
0.774942878903275
0.7399086062452399
0.7490479817212491
0.6702208682406702
0.8156892612338157
0.6378522467631379
0.6572734196496572
0.7939832444782939
0.7166793602437167
0.7265803503427266
0.6926884996191927
0.7372429550647372
0.8145468392993146
0.7010662604722011
0.8008377760853008
0.6915460776846916
0.7955064737242955
0.8377760853008378
0.6770753998476771
0.8065498857578065
0.7517136329017517
0.5765422696115765
0.15803503427265803
0.7223914699162224
0.6706016755521707
0.8945163747143945
0.7170601675552171
0.8015993907083016
0.73000761614623
0.6968773800456969
0.32520944402132523
0.4383092155369383
0.7665651180502666
0.9124143183549124
0.806930693069307
0.6744097486671744
0.5194211728865195
0.7856054836252856
0.8248286367098249
0.7418126428027418
0.8446306169078446
0.03351104341203351
0.544935262757045
0.7094440213252095
0.7421934501142422
0.6222391469916222
0.4737242955064737
0.6999238385376999
0.6812642802741813
0.6843107387661843
0.7833206397562833
0.607006854531607
0.7707539984767707
0.6153846153846154
0.7616146230007617
0.16984006092916984
0.736100533130236
0.4763899466869764
0.5609291698400609
0.6062452399086062
0.6755521706016756
0.6961157654226962
0.7079207920792079
0.7536176694592536
0.09444021325209444
0.5281797410510282
0.8476770753998477
0.7806549885757806
0.6770753998476771
0.6317593297791317
0.7155369383092155
0.7886519421172886
0.7741812642802742
0.7821782178217822
0.7098248286367098
0.693069306930693
0.6877380045696877
0.7996953541507997
0.806930693069307
0.49428789032749426
0.16603198781416603
0.1964965727341965
0.7821782178217822
0.7387661843107388
0.7821782178217822
0.6808834729626809
0.6797410510281797
0.8214013709063214
0.6671744097486672
0.5666412795125666
0.7197258187357197
0.6999238385376999
0.6873571972581873
0.6603198781416603
0.7182025894897182
0.7970297029702971
0.7254379284082254
0.6987814166031988
0.801980198019802
0.7642802741812643
0.5788271134805788
0.6058644325971059
0.7627570449352628
0.7025894897182026
0.6667936024371668
0.7848438690022849
0.6367098248286367
0.7391469916222392
0.37014470677837014
0.7665651180502666
0.6012947448591013
0.6987814166031988
0.9047981721249048
0.7981721249047982
0.7083015993907082
0.8092155369383092
0.6367098248286367
0.7863670982482863
0.686976389946687
0.789032749428789
0.8933739527798934
0.6607006854531607
0.7136329017517137
0.21553693830921553
0.8088347296268088
0.5095201827875095
0.7597105864432597
0.686976389946687
0.6603198781416603
0.8408225437928408
0.15384615384615385
0.6214775323686215
0.7768469154607769
0.6473724295506473
0.6587966488956588
0.7006854531607006
0.6561309977151562
0.6995430312261995
0.7977913175932978
0.5811119573495811
0.7143945163747144
0.6637471439451638
0.7966488956587966
0.7745620715917746
0.6652703731911652
0.48705255140898707
0.7170601675552171
0.5811119573495811
0.6915460776846916
0.761995430312262
0.7003046458492003
0.7067783701447068
0.6393754760091394
0.9051789794364051
0.7391469916222392
0.6785986290936786
0.7170601675552171
0.7246763137852247
0.8118811881188119
0.723914699162224
0.6801218583396801
0.6747905559786748
0.6485148514851485
0.7646610814927647
0.6713632901751714
0.7437166793602438
0.7494287890327495
0.7117288651942117
0.654988575780655
0.6904036557501904
0.6336633663366337
0.8434881949733435
0.7562833206397562
0.837014470677837
0.19573495811119573
0.7284843869002284
0.7867479055597868
0.7368621477532369
0.1546077684691546
0.7772277227722773
0.8057882711348058
0.8914699162223915
0.6039603960396039
0.6089108910891089
0.693069306930693
0.6964965727341965
0.543031226199543
0.7079207920792079
0.7608530083777608
0.7067783701447068
0.7395277989337395
0.6896420411271896
0.8480578827113481
0.7086824067022087
0.8739527798933739
0.7928408225437928
0.4706778370144707
0.6542269611576542
0.6538461538461539
0.07235338918507235
0.7482863670982483
0.7147753236862148
0.5681645087585682
0.718964204112719
0.5194211728865195
0.693069306930693
0.13366336633663367
0.5952018278750952
0.69002284843869
0.7612338156892612
0.3511043412033511
0.6576542269611576
0.7143945163747144
0.6119573495811119
0.6926884996191927
0.8073115003808073
0.47867479055597867
0.7288651942117289
0.7307692307692307
0.8126428027418127
0.725057121096725
0.7467631378522468
0.7166793602437167
0.9067022086824067
0.7894135567402895
0.5171363290175172
0.825971058644326
0.49809596344249807
0.6222391469916222
0.7943640517897944
0.8027418126428028
0.7364813404417365
0.45125666412795123
0.5605483625285606
0.7136329017517137
0.8217821782178217
0.710967250571211
0.7798933739527799
0.6130997715156131
0.5757806549885758
0.7920792079207921
0.7463823305407464
0.6561309977151562
0.7981721249047982
0.7399086062452399
0.6766945925361767
0.8305407463823306
0.630997715156131
0.9185072353389185
0.594059405940594
0.7418126428027418
0.7197258187357197
0.6957349581111958
0.8000761614623001
0.6321401370906321
0.69002284843869
0.597105864432597
0.8396801218583397
0.7372429550647372
0.5548362528560549
0.7745620715917746
0.6275704493526276
0.035034272658035034
0.6816450875856817
0.8556740289413557
0.6043412033511043
0.6024371667936025
0.761995430312262
0.7642802741812643
0.5578827113480579
0.6222391469916222
0.9143183549124143
0.8156892612338157
0.1504188880426504
0.6370906321401371
0.5936785986290937
0.8480578827113481
0.6717440974866717
0.6873571972581873
0.6462300076161462
0.5411271896420411
0.6378522467631379
0.7391469916222392
0.7006854531607006
0.897943640517898
0.8206397562833206
0.8511043412033511
0.8377760853008378
0.7833206397562833
0.575019040365575
0.6618431073876618
0.5392231530845393
0.7402894135567403
0.15536938309215537
0.685072353389185
0.6161462300076161
0.832063975628332
0.6923076923076923
0.7079207920792079
0.9543031226199543
0.6241431835491241
0.872048743335872
0.7319116527037319
0.5963442498095963
0.8583396801218584
0.7612338156892612
0.4752475247524752
0.8377760853008378
0.642041127189642
0.8004569687738005
0.6062452399086062
0.7182025894897182
0.6892612338156893
0.6671744097486672
0.7711348057882711
0.7806549885757806
0.7372429550647372
0.7920792079207921
0.8537699923838538
0.6584158415841584
0.27875095201827876
0.6458492003046459
0.832063975628332
0.7315308453922316
0.011424219345011425
0.7962680883472962
0.7258187357197258
0.7288651942117289
0.8038842345773038
0.7029702970297029
0.718964204112719
0.829017517136329
0.5807311500380807
0.7654226961157654
0.49733434881949734
0.7334348819497334
0.1964965727341965
0.7996953541507997
0.694973343488195
0.49581111957349583
0.6683168316831684
0.5190403655750191
0.5434120335110434
0.4642041127189642
0.6298552932216298
0.694973343488195
0.2182025894897182
0.5156130997715156
0.6728865194211728
0.6542269611576542
0.6557501904036558
0.7772277227722773
0.6119573495811119
0.5213252094440213
0.6542269611576542
0.4105102817974105
0.7288651942117289
0.5118050266565118
0.7951256664127951
0.8191165270373191
0.7951256664127951
0.6812642802741813
0.7376237623762376
0.8392993145468393
0.6142421934501142
0.1172886519421173
0.6645087585681645
0.6915460776846916
0.7399086062452399
0.7143945163747144
0.5856816450875857
0.6115765422696116
0.7623762376237624
0.7494287890327495
0.8137852246763138
0.6039603960396039
0.8971820258948972
0.7345773038842346
0.8423457730388424
0.635948210205636
