0.7415300546448087
0.8721311475409836
0.8931693989071038
0.8778688524590164
0.8396174863387978
0.8289617486338798
0.923224043715847
0.8163934426229508
0.898360655737705
0.9407103825136612
0.9008196721311476
0.7527322404371585
0.8382513661202186
0.8688524590163934
0.9344262295081968
0.809016393442623
0.8030054644808743
0.6038251366120219
0.7877049180327869
0.8797814207650273
0.7207650273224043
0.8502732240437159
0.9387978142076503
0.7806010928961749
0.896448087431694
0.8355191256830601
0.8360655737704918
0.8297814207650274
0.6956284153005464
0.9081967213114754
0.8136612021857923
0.9043715846994536
0.6308743169398907
0.9087431693989071
0.8366120218579235
0.8202185792349727
0.923224043715847
0.7896174863387978
0.8062841530054645
0.8226775956284152
0.8008196721311476
0.8172131147540984
0.6868852459016394
0.8243169398907104
0.8781420765027322
0.8945355191256831
0.8540983606557377
0.8131147540983606
0.8978142076502732
0.7909836065573771
0.8887978142076502
0.492896174863388
0.8904371584699453
0.8950819672131147
0.8595628415300547
0.8841530054644808
0.7874316939890711
0.7491803278688525
0.744535519125683
0.8278688524590164
0.823224043715847
0.9120218579234972
0.7355191256830601
0.7874316939890711
0.8316939890710382
0.9379781420765028
0.8628415300546448
0.8972677595628415
0.9420765027322404
0.8262295081967214
0.8401639344262295
0.730327868852459
0.9292349726775956
0.8306010928961749
0.7860655737704918
0.8836065573770492
0.8289617486338798
0.8581967213114754
0.9259562841530055
0.1609289617486339
0.7532786885245901
0.8778688524590164
0.8095628415300546
0.755464480874317
0.9109289617486339
0.9543715846994536
0.8289617486338798
0.8341530054644809
0.9079234972677596
0.8724043715846994
0.8153005464480875
0.7314207650273225
0.7532786885245901
0.7527322404371585
0.825136612021858
0.7950819672131147
0.8275956284153005
0.8710382513661202
0.7311475409836066
0.73224043715847
0.8016393442622951
0.9524590163934427
0.8021857923497268
0.8724043715846994
0.8775956284153006
0.8609289617486339
0.8896174863387978
0.8579234972677595
0.9300546448087431
0.36038251366120216
0.6374316939890711
0.8346994535519126
0.9234972677595629
0.8005464480874317
0.7836065573770492
0.8896174863387978
0.7683060109289618
0.737431693989071
0.7849726775956284
0.8715846994535519
0.7584699453551913
0.8174863387978142
0.7959016393442623
0.8311475409836065
0.8112021857923497
0.8590163934426229
0.7740437158469945
0.9379781420765028
0.7486338797814208
0.423224043715847
0.7333333333333333
0.8396174863387978
0.7592896174863388
0.9254098360655738
0.9704918032786886
0.7543715846994535
0.8158469945355191
0.7046448087431694
0.919672131147541
0.8852459016393442
0.8106557377049181
0.8180327868852459
0.8765027322404372
0.8371584699453551
0.9057377049180327
0.8150273224043716
0.7557377049180328
0.9377049180327869
0.905464480874317
0.9032786885245901
0.8336065573770491
0.7814207650273224
0.819672131147541
0.8095628415300546
0.8655737704918033
0.85
0.8814207650273224
0.7877049180327869
0.8756830601092896
0.7505464480874317
0.8079234972677596
0.7860655737704918
0.8262295081967214
0.7683060109289618
0.9046448087431694
0.8915300546448087
0.8959016393442623
0.8349726775956284
0.8896174863387978
0.8521857923497268
0.7437158469945355
0.8969945355191257
0.8122950819672131
0.8092896174863388
0.8021857923497268
0.8792349726775956
0.8437158469945355
0.780327868852459
0.7120218579234973
0.7841530054644809
0.7830601092896174
0.9057377049180327
0.928415300546448
0.8666666666666667
0.8032786885245902
0.8185792349726776
0.744535519125683
0.7983606557377049
0.49508196721311476
0.926775956284153
0.8169398907103825
0.7710382513661203
0.853551912568306
0.8836065573770492
0.8530054644808743
0.8833333333333333
0.7655737704918033
0.6915300546448088
0.7912568306010929
0.842896174863388
0.8073770491803278
0.8639344262295082
0.8010928961748633
0.7407103825136612
0.7666666666666667
0.8213114754098361
0.8013661202185792
0.9259562841530055
0.9114754098360656
0.8743169398907104
0.9614754098360656
0.8390710382513661
0.725136612021858
0.8352459016393443
0.7691256830601093
0.8352459016393443
0.7896174863387978
0.914207650273224
0.33797814207650273
0.8603825136612022
0.9683060109289617
0.7844262295081967
0.8918032786885246
0.7978142076502732
0.8825136612021858
0.8213114754098361
0.8483606557377049
0.9013661202185792
0.7530054644808744
0.7822404371584699
0.7292349726775956
0.8180327868852459
0.914207650273224
0.8508196721311475
0.3013661202185792
0.8530054644808743
0.7926229508196722
0.7346994535519126
0.839344262295082
0.8557377049180328
0.7775956284153005
0.7931693989071038
0.8240437158469945
0.8661202185792349
0.9770491803278688
0.8420765027322404
0.3040983606557377
0.9057377049180327
0.8144808743169399
0.8890710382513661
0.8306010928961749
0.7021857923497268
0.7308743169398907
0.8327868852459016
0.7549180327868853
0.8502732240437159
0.8158469945355191
0.7680327868852459
0.8475409836065574
0.8625683060109289
0.8133879781420765
0.9218579234972678
0.8355191256830601
0.9147540983606557
0.803551912568306
0.8797814207650273
0.7816939890710383
0.9314207650273224
0.6997267759562842
0.8360655737704918
0.9068306010928961
0.9073770491803279
0.8953551912568306
0.8237704918032787
0.7669398907103825
0.9084699453551912
0.8450819672131148
0.7715846994535519
0.735792349726776
0.8366120218579235
0.8002732240437158
0.8098360655737705
0.9210382513661202
0.9133879781420765
0.8587431693989072
0.940983606557377
0.8456284153005464
0.8633879781420765
0.8677595628415301
0.9355191256830601
0.7816939890710383
0.8904371584699453
0.9502732240437158
0.8139344262295082
0.7806010928961749
0.8431693989071039
0.8773224043715847
0.8691256830601093
0.898360655737705
0.8191256830601092
0.8180327868852459
0.8677595628415301
0.769672131147541
0.5297814207650273
0.7956284153005464
0.7830601092896174
0.7188524590163935
0.7669398907103825
0.8827868852459017
0.885792349726776
0.8953551912568306
0.730327868852459
0.8387978142076503
0.8068306010928962
0.7672131147540984
0.807103825136612
0.8295081967213115
0.7896174863387978
0.7909836065573771
0.9475409836065574
0.766120218579235
0.7595628415300546
0.8131147540983606
0.8568306010928962
0.896448087431694
0.9412568306010929
0.821584699453552
0.8114754098360656
0.7784153005464481
0.9010928961748634
0.9357923497267759
0.8210382513661202
0.7961748633879782
0.8245901639344262
0.4926229508196721
0.8639344262295082
0.8193989071038251
0.9057377049180327
0.9587431693989071
0.8967213114754098
0.9478142076502732
0.8183060109289617
0.85
0.8647540983606558
0.9592896174863388
0.975136612021858
0.8153005464480875
0.9081967213114754
0.9202185792349726
0.8325136612021858
0.7857923497267759
0.7674863387978142
0.780327868852459
0.7879781420765027
0.8592896174863388
0.9087431693989071
0.842896174863388
0.8316939890710382
0.6986338797814208
0.7453551912568306
0.8754098360655738
0.825136612021858
0.719672131147541
0.7284153005464481
0.8672131147540983
0.8114754098360656
0.7295081967213115
0.8333333333333334
0.8519125683060109
0.8797814207650273
0.8114754098360656
0.8256830601092896
0.9461748633879782
0.8901639344262295
0.9702185792349727
0.7928961748633879
0.8688524590163934
0.894808743169399
0.7915300546448087
0.7778688524590164
0.8961748633879781
0.807103825136612
0.7912568306010929
0.773224043715847
0.6543715846994536
0.7336065573770492
0.8273224043715847
0.8527322404371585
0.9502732240437158
0.8371584699453551
0.6969945355191257
0.5084699453551913
0.7685792349726775
0.8549180327868853
0.776775956284153
0.8991803278688525
0.8013661202185792
0.7811475409836065
0.759016393442623
0.8942622950819672
0.8702185792349727
0.8918032786885246
0.8792349726775956
0.8278688524590164
0.7631147540983606
0.864207650273224
0.889344262295082
0.7442622950819672
0.7762295081967213
0.823224043715847
0.7306010928961748
0.8420765027322404
0.7210382513661202
0.8377049180327869
0.7784153005464481
0.7781420765027323
0.8912568306010928
0.6953551912568307
0.8278688524590164
0.8469945355191257
0.7975409836065573
0.7855191256830601
0.8986338797814207
0.7743169398907104
0.7008196721311475
0.8825136612021858
0.7849726775956284
0.8467213114754099
0.8243169398907104
0.91775956284153
0.9385245901639344
0.7431693989071039
0.8540983606557377
0.9207650273224044
0.7795081967213114
0.8631147540983607
0.8724043715846994
0.7852459016393443
0.8366120218579235
0.7491803278688525
0.905464480874317
0.9002732240437158
0.8907103825136612
0.8986338797814207
0.833879781420765
0.8486338797814208
0.8568306010928962
0.7478142076502732
0.8521857923497268
0.769672131147541
0.8677595628415301
0.8057377049180328
0.8398907103825136
0.9103825136612022
0.8032786885245902
0.8756830601092896
0.7781420765027323
0.16229508196721312
0.7136612021857923
0.8
0.6781420765027323
0.8792349726775956
0.8133879781420765
0.7469945355191256
0.8256830601092896
0.8584699453551913
0.839344262295082
0.7882513661202186
0.8199453551912569
0.7781420765027323
0.8510928961748634
0.8939890710382513
0.8748633879781421
0.8685792349726776
0.7986338797814208
0.9226775956284153
0.6390710382513661
0.8453551912568306
0.9396174863387978
0.9038251366120219
0.9325136612021858
0.8907103825136612
0.8647540983606558
0.7844262295081967
0.8289617486338798
0.8366120218579235
0.7890710382513662
0.7693989071038252
0.8969945355191257
0.8975409836065574
0.7863387978142077
0.8319672131147541
0.9319672131147541
0.860655737704918
0.6759562841530055
0.8333333333333334
0.8931693989071038
0.7953551912568306
0.8557377049180328
0.8860655737704918
0.9770491803278688
0.7863387978142077
0.8950819672131147
0.7683060109289618
0.6409836065573771
0.9049180327868852
0.8584699453551913
0.921311475409836
0.7084699453551913
0.8519125683060109
0.8573770491803279
0.8453551912568306
0.7521857923497268
0.9112021857923497
0.760655737704918
0.9038251366120219
0.8836065573770492
0.8450819672131148
0.7598360655737705
0.6737704918032786
0.7997267759562842
0.6521857923497267
0.34207650273224044
0.8
0.7390710382513661
0.7898907103825137
0.8237704918032787
0.8784153005464481
0.8726775956284153
0.8885245901639345
0.8549180327868853
0.7224043715846995
0.9450819672131148
0.8628415300546448
0.8311475409836065
0.8144808743169399
0.8527322404371585
0.8696721311475409
0.7756830601092897
0.8456284153005464
0.7699453551912568
0.8562841530054645
0.9112021857923497
0.8262295081967214
0.8109289617486338
0.826775956284153
0.8079234972677596
0.7549180327868853
0.7273224043715847
0.8647540983606558
0.7581967213114754
0.8024590163934426
0.7866120218579234
0.8920765027322405
0.7729508196721312
0.8557377049180328
0.8387978142076503
0.8396174863387978
0.8939890710382513
0.803551912568306
0.8688524590163934
0.95
0.807103825136612
0.8786885245901639
0.8680327868852459
0.8122950819672131
0.7967213114754098
0.7674863387978142
0.8229508196721311
0.912568306010929
0.8103825136612022
0.8846994535519126
0.8319672131147541
0.7341530054644809
0.7969945355191257
0.8087431693989071
0.821584699453552
0.6781420765027323
0.8612021857923498
0.7699453551912568
0.8131147540983606
0.9043715846994536
0.9
0.8680327868852459
0.9002732240437158
0.8527322404371585
0.8576502732240437
0.8825136612021858
0.6658469945355191
0.7702185792349727
0.7423497267759562
0.8218579234972677
0.8945355191256831
0.7172131147540983
0.8259562841530055
0.7710382513661203
0.8650273224043716
0.8191256830601092
0.5972677595628415
0.8896174863387978
0.8360655737704918
0.8218579234972677
0.8546448087431694
0.8639344262295082
0.8010928961748633
0.7248633879781421
0.7885245901639344
0.8863387978142077
0.7076502732240437
0.912568306010929
0.9396174863387978
0.8707650273224044
0.8469945355191257
0.9316939890710383
0.7950819672131147
0.8133879781420765
0.7852459016393443
0.812568306010929
0.8920765027322405
0.7560109289617486
0.7882513661202186
0.8024590163934426
0.6644808743169399
0.7510928961748634
0.8699453551912568
0.8040983606557377
0.8502732240437159
0.9357923497267759
0.8109289617486338
0.716120218579235
0.9084699453551912
0.7226775956284153
0.8297814207650274
0.8360655737704918
0.8491803278688524
0.826775956284153
0.7278688524590164
0.916120218579235
0.8207650273224044
0.8918032786885246
0.760655737704918
0.8972677595628415
0.914207650273224
0.7773224043715847
0.8860655737704918
0.7926229508196722
0.8740437158469946
0.7475409836065574
0.8202185792349727
0.8204918032786885
0.6669398907103825
0.8281420765027322
0.7920765027322404
0.844535519125683
0.8740437158469946
0.776775956284153
0.9172131147540984
0.8327868852459016
0.9237704918032786
0.7756830601092897
0.8234972677595629
0.7863387978142077
0.8325136612021858
0.9021857923497267
0.8650273224043716
0.8076502732240437
0.860655737704918
0.676775956284153
0.8956284153005465
0.8587431693989072
0.8729508196721312
0.739344262295082
0.8956284153005465
0.8898907103825137
0.8306010928961749
0.8289617486338798
0.8423497267759563
0.8306010928961749
0.9010928961748634
0.7431693989071039
0.7721311475409836
0.7874316939890711
0.8647540983606558
0.8142076502732241
0.8770491803278688
0.8672131147540983
0.7762295081967213
0.7702185792349727
0.7715846994535519
0.8584699453551913
0.8549180327868853
0.8756830601092896
0.85
0.8505464480874317
0.733879781420765
0.8346994535519126
0.8027322404371585
0.8920765027322405
0.8032786885245902
0.8666666666666667
0.8704918032786885
0.8360655737704918
0.7060109289617487
0.9262295081967213
0.844535519125683
0.7751366120218579
0.7095628415300547
0.8016393442622951
0.7398907103825136
0.885792349726776
0.9265027322404371
0.7224043715846995
0.9336065573770492
0.9068306010928961
0.8696721311475409
0.7939890710382513
0.907103825136612
0.7693989071038252
0.6546448087431694
0.7163934426229508
0.5683060109289617
0.8188524590163935
0.8934426229508197
0.8245901639344262
0.8923497267759563
0.9057377049180327
0.8655737704918033
0.7502732240437159
0.7442622950819672
0.8262295081967214
0.8010928961748633
0.6986338797814208
0.7836065573770492
0.8672131147540983
0.7418032786885246
0.6877049180327869
0.8931693989071038
0.8131147540983606
0.7363387978142076
0.8098360655737705
0.9265027322404371
0.896448087431694
0.7950819672131147
0.9139344262295082
0.796448087431694
0.8346994535519126
0.7915300546448087
0.8931693989071038
0.446448087431694
0.8789617486338798
0.730327868852459
0.823224043715847
0.8707650273224044
0.855191256830601
0.8128415300546448
0.7926229508196722
0.742896174863388
0.9371584699453552
0.8180327868852459
0.7737704918032787
0.6270491803278688
0.9620218579234973
0.7579234972677595
0.8442622950819673
0.7863387978142077
0.7756830601092897
0.8390710382513661
0.8942622950819672
0.85
0.8806010928961748
0.7825136612021858
0.9319672131147541
0.9076502732240437
0.8991803278688525
0.8057377049180328
0.6144808743169399
0.8453551912568306
0.7904371584699453
0.8461748633879781
0.9243169398907104
0.7213114754098361
0.8431693989071039
0.7489071038251366
0.8792349726775956
0.8710382513661202
0.9005464480874317
0.8691256830601093
0.9275956284153005
0.7934426229508197
0.8030054644808743
0.9084699453551912
0.8904371584699453
0.8650273224043716
0.8349726775956284
0.8158469945355191
0.8021857923497268
0.9494535519125683
0.8060109289617486
0.8568306010928962
0.9172131147540984
0.8803278688524591
0.8437158469945355
0.8590163934426229
0.8030054644808743
0.8109289617486338
0.7866120218579234
0.894808743169399
0.7292349726775956
0.7901639344262295
0.7797814207650273
0.8797814207650273
0.9379781420765028
0.7562841530054645
0.9155737704918033
0.9144808743169399
0.676775956284153
0.8521857923497268
0.8426229508196721
0.8816939890710382
0.8505464480874317
0.8560109289617487
0.7174863387978142
0.8702185792349727
0.8505464480874317
0.6975409836065574
0.816120218579235
0.8172131147540984
0.83224043715847
0.7680327868852459
0.7420765027322405
0.8508196721311475
0.8661202185792349
0.8830601092896175
0.8243169398907104
0.6931693989071038
0.8950819672131147
0.7898907103825137
0.8336065573770491
0.8557377049180328
0.7609289617486339
0.8131147540983606
0.7775956284153005
0.8513661202185793
0.8775956284153006
0.8448087431693989
0.7907103825136612
0.9155737704918033
0.8387978142076503
0.8830601092896175
0.8379781420765028
0.8434426229508196
0.6770491803278689
0.740983606557377
0.8396174863387978
0.8256830601092896
0.7740437158469945
0.7852459016393443
0.7759562841530054
0.8144808743169399
0.9013661202185792
0.9013661202185792
0.8122950819672131
0.8191256830601092
0.8759562841530054
0.8316939890710382
0.6456284153005465
0.9112021857923497
0.7122950819672131
0.8587431693989072
0.8163934426229508
0.9114754098360656
0.8918032786885246
0.7658469945355191
0.9393442622950819
0.8508196721311475
0.7871584699453552
0.8456284153005464
0.830327868852459
0.8489071038251366
0.8426229508196721
0.8095628415300546
0.9289617486338798
0.8956284153005465
0.9352459016393443
0.9229508196721311
0.8614754098360655
0.8920765027322405
0.9202185792349726
0.839344262295082
0.7855191256830601
0.8008196721311476
0.8598360655737705
0.7628415300546448
0.8827868852459017
0.8079234972677596
0.8543715846994535
0.8505464480874317
0.7729508196721312
0.7983606557377049
0.8904371584699453
0.730327868852459
0.7855191256830601
0.7666666666666667
0.8131147540983606
0.8316939890710382
0.6685792349726776
0.7603825136612021
0.7923497267759563
0.8890710382513661
0.7112021857923497
0.6707650273224044
0.9191256830601093
0.6579234972677596
0.7822404371584699
0.8002732240437158
0.8325136612021858
0.8193989071038251
0.8142076502732241
0.8693989071038252
0.7846994535519126
0.8060109289617486
0.8437158469945355
0.8759562841530054
0.7781420765027323
0.8997267759562841
0.740983606557377
0.9551912568306011
0.7617486338797814
0.7483606557377049
0.6961748633879782
0.7461748633879781
0.7655737704918033
0.9139344262295082
0.7721311475409836
0.8112021857923497
0.9005464480874317
0.8989071038251366
0.8819672131147541
0.7795081967213114
0.7265027322404372
0.7461748633879781
0.7997267759562842
0.7983606557377049
0.8573770491803279
0.8382513661202186
0.8942622950819672
0.8371584699453551
0.7633879781420765
0.7874316939890711
0.8459016393442623
0.8243169398907104
0.8461748633879781
0.7387978142076502
0.8909836065573771
0.3325136612021858
0.9603825136612022
0.42240437158469946
0.8183060109289617
0.8336065573770491
0.8013661202185792
0.83224043715847
0.8401639344262295
0.7450819672131147
0.6622950819672131
0.8325136612021858
0.8382513661202186
0.7871584699453552
0.7737704918032787
0.8625683060109289
0.9024590163934426
0.7961748633879782
0.8789617486338798
0.7024590163934427
0.8109289617486338
0.7595628415300546
0.8918032786885246
0.8079234972677596
0.8808743169398907
0.7898907103825137
0.7483606557377049
0.7754098360655738
0.7833333333333333
0.8237704918032787
0.7969945355191257
0.7950819672131147
0.9120218579234972
0.837431693989071
0.7800546448087432
0.8114754098360656
0.8398907103825136
0.8680327868852459
0.774863387978142
0.8475409836065574
0.6994535519125683
0.8489071038251366
0.7863387978142077
0.9139344262295082
0.8770491803278688
0.8098360655737705
0.8789617486338798
0.828688524590164
0.928415300546448
0.8715846994535519
0.9240437158469945
0.9401639344262295
0.9144808743169399
0.8344262295081967
0.8920765027322405
0.7893442622950819
0.833879781420765
0.8122950819672131
0.8439890710382514
0.9153005464480874
0.8934426229508197
0.8420765027322404
0.8461748633879781
0.9371584699453552
0.8467213114754099
0.7166666666666667
0.7653005464480874
0.9103825136612022
0.7483606557377049
0.7909836065573771
0.889344262295082
0.8166666666666667
0.9346994535519125
0.9092896174863389
0.842896174863388
0.8644808743169399
0.8183060109289617
0.8841530054644808
0.8560109289617487
0.9155737704918033
0.664207650273224
0.9005464480874317
0.8688524590163934
0.8991803278688525
0.7959016393442623
0.8346994535519126
0.8363387978142076
0.8901639344262295
0.937431693989071
0.8133879781420765
0.8961748633879781
0.746448087431694
0.9057377049180327
0.8923497267759563
0.7926229508196722
0.8972677595628415
0.7980874316939891
0.7939890710382513
0.7877049180327869
0.9669398907103826
0.8330601092896175
0.8923497267759563
0.8767759562841531
0.7549180327868853
0.8300546448087431
0.8027322404371585
0.905464480874317
0.8008196721311476
0.7868852459016393
0.8136612021857923
0.8866120218579235
0.8767759562841531
0.8489071038251366
0.7609289617486339
0.8852459016393442
0.6710382513661202
0.671311475409836
0.9210382513661202
0.7311475409836066
0.805464480874317
0.8344262295081967
0.7991803278688525
0.18060109289617488
0.8797814207650273
0.7715846994535519
0.8866120218579235
0.9202185792349726
0.9092896174863389
0.7827868852459017
0.8767759562841531
0.7114754098360656
0.7538251366120219
0.8057377049180328
0.9554644808743169
0.7896174863387978
0.8346994535519126
0.909016393442623
0.7601092896174864
0.8989071038251366
0.889344262295082
0.7866120218579234
0.774863387978142
0.8724043715846994
0.9095628415300546
0.8265027322404371
0.7868852459016393
0.8024590163934426
0.6849726775956284
0.821584699453552
0.8281420765027322
0.8625683060109289
0.6926229508196722
0.6046448087431694
0.8628415300546448
0.9122950819672131
0.7989071038251366
0.8390710382513661
0.7841530054644809
0.7360655737704918
0.8368852459016394
0.6931693989071038
0.8087431693989071
0.8404371584699454
0.8920765027322405
0.8486338797814208
0.7707650273224044
0.7516393442622951
0.8994535519125683
0.4046448087431694
0.8505464480874317
0.7868852459016393
0.8614754098360655
0.7833333333333333
0.912568306010929
0.8008196721311476
0.8814207650273224
0.7224043715846995
0.7666666666666667
0.7702185792349727
0.8371584699453551
0.7133879781420766
0.8513661202185793
0.9489071038251367
0.7896174863387978
0.8934426229508197
0.83224043715847
0.8489071038251366
0.8907103825136612
0.9136612021857924
0.9431693989071038
0.17103825136612022
0.9322404371584699
0.9647540983606557
0.919672131147541
0.7437158469945355
0.7508196721311475
0.8084699453551912
0.8674863387978142
0.7896174863387978
0.7046448087431694
0.9163934426229509
0.9581967213114754
0.828688524590164
0.8576502732240437
0.8169398907103825
0.8674863387978142
0.737431693989071
0.7868852459016393
0.8931693989071038
0.8967213114754098
0.7896174863387978
0.9327868852459016
0.8349726775956284
0.746448087431694
0.6904371584699454
0.9355191256830601
0.8407103825136611
0.9453551912568307
0.7765027322404372
0.8341530054644809
0.6122950819672132
0.7486338797814208
0.7707650273224044
0.8240437158469945
0.7978142076502732
0.7546448087431694
0.7502732240437159
0.8153005464480875
0.8355191256830601
0.8106557377049181
0.8472677595628415
0.8415300546448088
0.7756830601092897
0.9226775956284153
0.7969945355191257
0.730327868852459
0.7587431693989071
0.7368852459016394
0.8289617486338798
0.6010928961748634
0.8890710382513661
0.8199453551912569
0.8174863387978142
0.06830601092896176
0.8666666666666667
0.8363387978142076
0.8904371584699453
0.8344262295081967
0.7745901639344263
0.8483606557377049
0.7737704918032787
0.923224043715847
0.8306010928961749
0.8672131147540983
0.9204918032786885
0.8289617486338798
0.819672131147541
0.8713114754098361
0.8114754098360656
0.805464480874317
0.9603825136612022
0.812568306010929
0.7743169398907104
0.889344262295082
0.8920765027322405
0.8497267759562842
0.8672131147540983
0.839344262295082
0.9565573770491803
0.9079234972677596
0.7150273224043716
0.7254098360655737
0.9505464480874317
0.8937158469945355
0.7994535519125683
0.7942622950819672
0.8352459016393443
0.8273224043715847
0.8092896174863388
0.8950819672131147
0.8095628415300546
0.8431693989071039
0.898360655737705
0.7707650273224044
0.7762295081967213
0.8265027322404371
0.8142076502732241
0.8685792349726776
0.9040983606557377
0.857103825136612
0.8128415300546448
0.9311475409836065
0.842896174863388
0.7311475409836066
0.8057377049180328
0.7631147540983606
0.8065573770491803
0.7819672131147541
0.8609289617486339
0.9259562841530055
0.7672131147540984
0.823224043715847
0.8595628415300547
0.8732240437158469
0.9494535519125683
0.85
0.8489071038251366
0.7816939890710383
0.7434426229508196
0.9251366120218579
0.8292349726775956
0.8418032786885246
0.3377049180327869
0.9139344262295082
0.8191256830601092
0.8756830601092896
0.9027322404371585
0.13278688524590163
0.9286885245901639
0.7382513661202186
0.7612021857923498
0.8650273224043716
0.8890710382513661
0.8344262295081967
0.8396174863387978
0.740983606557377
0.8396174863387978
0.8961748633879781
0.8136612021857923
0.7920765027322404
0.9166666666666666
0.9122950819672131
0.7
0.844535519125683
0.8439890710382514
0.823224043715847
0.7961748633879782
0.8806010928961748
0.8289617486338798
0.9057377049180327
0.8166666666666667
0.8647540983606558
0.9131147540983606
0.840983606557377
0.9188524590163935
0.8483606557377049
0.8106557377049181
0.7650273224043715
0.7816939890710383
0.8967213114754098
0.7989071038251366
0.7893442622950819
0.9655737704918033
0.8912568306010928
0.928415300546448
0.8510928961748634
0.9038251366120219
0.8846994535519126
0.8890710382513661
0.8745901639344262
0.8795081967213115
0.8234972677595629
0.8754098360655738
0.8718579234972678
0.8609289617486339
0.8316939890710382
0.8543715846994535
0.7281420765027322
0.8685792349726776
0.8748633879781421
0.6860655737704918
0.9349726775956284
0.8316939890710382
0.8874316939890711
0.848087431693989
0.9229508196721311
0.8306010928961749
0.921311475409836
0.8693989071038252
0.8418032786885246
0.8439890710382514
0.8319672131147541
0.8254098360655737
0.7480874316939891
0.9150273224043716
0.8527322404371585
0.9256830601092896
0.7456284153005465
0.9079234972677596
0.8133879781420765
0.8956284153005465
0.8997267759562841
0.9530054644808743
0.816120218579235
0.7907103825136612
0.8868852459016393
0.8650273224043716
0.9095628415300546
0.7284153005464481
0.8521857923497268
0.8879781420765027
0.8592896174863388
0.8489071038251366
0.7633879781420765
0.8672131147540983
0.7456284153005465
0.737431693989071
0.8038251366120218
0.7136612021857923
0.7893442622950819
0.8049180327868852
0.735792349726776
0.7297814207650273
0.7565573770491804
0.8494535519125683
0.7442622950819672
0.8950819672131147
0.7816939890710383
0.7724043715846994
0.8969945355191257
0.8702185792349727
0.8431693989071039
0.8997267759562841
0.9379781420765028
0.8644808743169399
0.7325136612021858
0.8147540983606557
0.8297814207650274
0.9147540983606557
0.889344262295082
0.6653005464480874
0.816120218579235
0.7729508196721312
0.8221311475409836
0.7092896174863388
0.8289617486338798
0.8385245901639344
0.9281420765027323
0.7980874316939891
0.8543715846994535
0.7898907103825137
0.8049180327868852
0.7743169398907104
0.7461748633879781
0.7221311475409836
0.8204918032786885
0.9079234972677596
0.8131147540983606
0.8133879781420765
0.8202185792349727
0.8565573770491803
0.8568306010928962
0.8795081967213115
0.8505464480874317
0.8715846994535519
0.7928961748633879
0.8560109289617487
0.8568306010928962
0.8519125683060109
0.8614754098360655
0.8844262295081967
0.2975409836065574
0.9527322404371584
0.8210382513661202
0.8590163934426229
0.9218579234972678
0.7456284153005465
0.7989071038251366
0.8256830601092896
0.8193989071038251
0.8363387978142076
0.9601092896174863
0.8961748633879781
0.8863387978142077
0.9385245901639344
0.842896174863388
0.8540983606557377
0.9032786885245901
0.853551912568306
0.8352459016393443
0.7524590163934426
0.7377049180327869
0.8229508196721311
0.8426229508196721
0.8759562841530054
0.14508196721311475
0.7483606557377049
0.723224043715847
0.723224043715847
0.8270491803278689
0.796448087431694
0.8926229508196721
0.8174863387978142
0.6349726775956284
0.7819672131147541
0.8554644808743169
0.8918032786885246
0.9005464480874317
0.8147540983606557
0.8644808743169399
0.8139344262295082
0.733879781420765
0.8284153005464481
0.7207650273224043
0.8513661202185793
0.7939890710382513
0.8010928961748633
0.7822404371584699
0.8573770491803279
0.7912568306010929
0.8797814207650273
0.8696721311475409
0.8136612021857923
0.9166666666666666
0.8068306010928962
0.6885245901639344
0.8775956284153006
0.7887978142076503
0.7595628415300546
0.8275956284153005
0.8382513661202186
0.7106557377049181
0.8565573770491803
0.9357923497267759
0.9344262295081968
0.844535519125683
0.855191256830601
0.8866120218579235
0.9322404371584699
0.8021857923497268
0.744535519125683
0.7412568306010929
0.839344262295082
0.735792349726776
0.803551912568306
0.8349726775956284
0.7557377049180328
0.8775956284153006
0.6346994535519126
0.9185792349726776
0.8092896174863388
0.9079234972677596
0.803551912568306
0.8786885245901639
0.9289617486338798
0.8489071038251366
0.6169398907103825
0.8644808743169399
0.7494535519125683
0.9557377049180328
0.8336065573770491
0.8319672131147541
0.7573770491803279
0.7650273224043715
0.807103825136612
0.32431693989071037
0.7685792349726775
0.8696721311475409
0.7628415300546448
0.8598360655737705
0.8699453551912568
0.9172131147540984
0.7453551912568306
0.730327868852459
0.2546448087431694
0.6450819672131147
0.8158469945355191
0.9103825136612022
0.8926229508196721
0.809016393442623
0.8467213114754099
0.809016393442623
0.726775956284153
0.819672131147541
0.8133879781420765
0.43306010928961747
0.680327868852459
0.8795081967213115
0.8830601092896175
0.755464480874317
0.8174863387978142
0.9081967213114754
0.7352459016393442
0.8032786885245902
0.8901639344262295
0.885792349726776
0.9
0.8896174863387978
0.7546448087431694
0.8079234972677596
0.8185792349726776
0.8622950819672132
0.8598360655737705
0.819672131147541
0.8396174863387978
0.7825136612021858
0.803551912568306
0.757103825136612
0.8284153005464481
0.8748633879781421
0.8183060109289617
0.8581967213114754
0.840983606557377
0.8019125683060109
0.7726775956284153
0.8751366120218579
0.8032786885245902
0.8937158469945355
0.9489071038251367
0.774863387978142
0.8573770491803279
0.7128415300546448
0.8743169398907104
0.8300546448087431
0.7729508196721312
0.7786885245901639
0.8647540983606558
0.9112021857923497
0.7199453551912568
0.8147540983606557
0.8756830601092896
0.8174863387978142
0.614207650273224
0.8732240437158469
0.8827868852459017
0.9292349726775956
0.7480874316939891
0.7199453551912568
0.9144808743169399
0.8199453551912569
0.833879781420765
0.8297814207650274
0.8172131147540984
0.8991803278688525
0.8379781420765028
0.8245901639344262
0.9065573770491804
0.9005464480874317
0.8866120218579235
0.7822404371584699
0.9122950819672131
0.7125683060109289
0.844535519125683
0.7806010928961749
0.8620218579234973
0.18989071038251365
0.6560109289617486
0.905464480874317
0.8352459016393443
0.8046448087431693
0.7879781420765027
0.8098360655737705
0.864207650273224
0.8855191256830601
0.8497267759562842
0.8163934426229508
0.7060109289617487
0.8174863387978142
0.9098360655737705
0.8437158469945355
0.7672131147540984
0.8991803278688525
0.8743169398907104
0.7726775956284153
0.8336065573770491
0.7112021857923497
0.8674863387978142
0.8172131147540984
0.7707650273224044
0.8027322404371585
0.9617486338797814
0.9101092896174864
0.9467213114754098
0.8658469945355192
0.8628415300546448
0.8907103825136612
0.6188524590163934
0.9049180327868852
0.8431693989071039
0.9191256830601093
0.826775956284153
0.8710382513661202
0.9202185792349726
0.8603825136612022
0.8275956284153005
0.75
0.8199453551912569
0.8245901639344262
0.7904371584699453
0.7415300546448087
0.8491803278688524
0.8524590163934426
0.7612021857923498
0.837431693989071
0.7806010928961749
0.8781420765027322
0.8363387978142076
0.7754098360655738
0.6983606557377049
0.8254098360655737
0.6469945355191257
0.9538251366120218
0.8915300546448087
0.8789617486338798
0.7532786885245901
0.8814207650273224
0.8483606557377049
0.8387978142076503
0.8909836065573771
0.889344262295082
0.8991803278688525
0.8084699453551912
0.7822404371584699
0.8581967213114754
0.7792349726775957
0.8030054644808743
0.5308743169398907
0.7540983606557377
0.755464480874317
0.7202185792349727
0.8087431693989071
0.892896174863388
0.8183060109289617
0.7786885245901639
0.8849726775956284
0.8158469945355191
0.9199453551912569
0.8412568306010929
0.8598360655737705
0.7188524590163935
0.823224043715847
0.7915300546448087
0.7437158469945355
0.776775956284153
0.7174863387978142
0.83224043715847
0.7841530054644809
0.7907103825136612
0.7836065573770492
0.8693989071038252
0.8098360655737705
0.8079234972677596
0.8297814207650274
0.9442622950819672
0.9674863387978142
0.7931693989071038
0.8836065573770492
0.8527322404371585
0.8767759562841531
0.8939890710382513
0.7685792349726775
0.9240437158469945
0.8926229508196721
0.7398907103825136
0.8773224043715847
0.7928961748633879
0.907103825136612
0.9133879781420765
0.9032786885245901
0.864207650273224
0.8021857923497268
0.7844262295081967
0.6956284153005464
0.844535519125683
0.8065573770491803
0.9420765027322404
0.9330601092896175
0.8978142076502732
0.5226775956284153
0.8557377049180328
0.8213114754098361
0.8153005464480875
0.9472677595628415
0.8248633879781421
0.7579234972677595
0.8265027322404371
0.7928961748633879
0.8527322404371585
0.8538251366120219
0.737431693989071
0.8213114754098361
0.846448087431694
0.85
0.9497267759562842
0.9092896174863389
0.8781420765027322
0.8396174863387978
0.7448087431693989
0.7699453551912568
0.857103825136612
0.9057377049180327
0.8218579234972677
0.914207650273224
0.8237704918032787
0.8538251366120219
0.7013661202185792
0.903551912568306
0.912568306010929
0.9040983606557377
0.8562841530054645
0.8811475409836066
0.7084699453551913
0.809016393442623
0.9450819672131148
0.8740437158469946
0.9229508196721311
0.8554644808743169
0.8568306010928962
0.8019125683060109
0.8797814207650273
0.7622950819672131
0.8751366120218579
0.8890710382513661
0.8975409836065574
0.8475409836065574
0.7680327868852459
0.9273224043715848
0.8527322404371585
0.8030054644808743
0.8297814207650274
0.9040983606557377
0.8259562841530055
0.8767759562841531
0.8609289617486339
0.7379781420765027
0.8467213114754099
0.8382513661202186
0.7961748633879782
0.8043715846994536
0.728688524590164
0.9308743169398908
0.7978142076502732
0.7827868852459017
0.8060109289617486
0.8087431693989071
0.8945355191256831
0.8636612021857923
0.7396174863387979
0.7800546448087432
0.7237704918032787
0.7202185792349727
0.809016393442623
0.9098360655737705
0.8800546448087432
0.8773224043715847
0.7912568306010929
0.8234972677595629
0.8087431693989071
0.821584699453552
0.8281420765027322
0.8636612021857923
0.8084699453551912
0.769672131147541
0.8825136612021858
0.8636612021857923
0.17486338797814208
0.9131147540983606
0.8710382513661202
0.8491803278688524
0.905464480874317
0.7844262295081967
0.8896174863387978
0.7508196721311475
0.905464480874317
0.8193989071038251
0.896448087431694
0.6726775956284153
0.7653005464480874
0.8830601092896175
0.8489071038251366
0.8150273224043716
0.7475409836065574
0.9027322404371585
0.8109289617486338
0.7221311475409836
0.27349726775956285
0.7743169398907104
0.896448087431694
0.8207650273224044
0.9418032786885245
0.8775956284153006
0.8562841530054645
0.8827868852459017
0.9204918032786885
0.8707650273224044
0.8420765027322404
0.9076502732240437
0.8442622950819673
0.7210382513661202
0.17486338797814208
0.9322404371584699
0.6975409836065574
0.8185792349726776
0.8953551912568306
0.8379781420765028
0.7948087431693989
0.7893442622950819
0.844535519125683
0.898360655737705
0.7994535519125683
0.8628415300546448
0.9073770491803279
0.8
0.9275956284153005
0.8524590163934426
0.8453551912568306
0.9510928961748634
0.8472677595628415
0.6948087431693989
0.7669398907103825
0.766120218579235
0.8008196721311476
0.7336065573770492
0.839344262295082
0.8270491803278689
0.8879781420765027
0.844535519125683
0.8680327868852459
0.8636612021857923
0.8177595628415301
0.9
0.833879781420765
0.730327868852459
0.8967213114754098
0.8158469945355191
0.8674863387978142
0.7983606557377049
0.6887978142076503
0.7885245901639344
0.6989071038251367
0.8188524590163935
0.9122950819672131
0.7021857923497268
0.6513661202185792
0.9095628415300546
0.8016393442622951
0.7295081967213115
0.8789617486338798
0.753551912568306
0.7308743169398907
0.6871584699453552
0.7868852459016393
0.8295081967213115
0.8767759562841531
0.8644808743169399
0.8754098360655738
0.7647540983606558
0.728688524590164
0.8811475409836066
0.7415300546448087
0.823224043715847
0.7956284153005464
0.8112021857923497
0.8961748633879781
0.8994535519125683
0.2969945355191257
0.7628415300546448
0.9095628415300546
0.7057377049180328
0.8513661202185793
0.9330601092896175
0.6961748633879782
0.7434426229508196
0.8792349726775956
0.8336065573770491
0.8147540983606557
0.9120218579234972
0.8300546448087431
0.7786885245901639
0.8497267759562842
0.9079234972677596
0.8792349726775956
0.1469945355191257
0.9251366120218579
0.783879781420765
0.7262295081967213
0.7647540983606558
0.8989071038251366
0.894808743169399
0.9308743169398908
0.8923497267759563
0.7806010928961749
0.9472677595628415
0.6710382513661202
0.9144808743169399
0.7691256830601093
0.6469945355191257
0.9153005464480874
0.8142076502732241
0.855191256830601
0.7467213114754099
0.8844262295081967
0.7281420765027322
0.8382513661202186
0.8573770491803279
0.840983606557377
0.8748633879781421
0.816120218579235
0.7822404371584699
0.7363387978142076
0.32650273224043713
0.8795081967213115
0.11475409836065574
0.7448087431693989
0.8729508196721312
0.7923497267759563
0.725136612021858
0.7918032786885246
0.8183060109289617
0.8775956284153006
0.7879781420765027
0.6931693989071038
0.7377049180327869
0.8617486338797814
0.8866120218579235
0.8076502732240437
0.8923497267759563
0.7355191256830601
0.8601092896174863
0.8207650273224044
0.7745901639344263
0.8527322404371585
0.809016393442623
0.8901639344262295
0.7256830601092896
0.8997267759562841
0.8306010928961749
0.8467213114754099
0.9139344262295082
0.8625683060109289
0.8781420765027322
0.7576502732240438
0.8002732240437158
0.7415300546448087
0.6710382513661202
0.8355191256830601
0.8770491803278688
0.833879781420765
0.796448087431694
0.8010928961748633
0.9319672131147541
0.7557377049180328
0.8431693989071039
0.8986338797814207
0.8702185792349727
0.8407103825136611
0.17486338797814208
0.8240437158469945
0.7644808743169399
0.8918032786885246
0.8079234972677596
0.746448087431694
0.7920765027322404
0.9076502732240437
0.7658469945355191
0.7857923497267759
0.8718579234972678
0.7871584699453552
0.7789617486338798
0.9
0.8898907103825137
0.7866120218579234
0.8538251366120219
0.8920765027322405
0.8256830601092896
0.9210382513661202
0.7521857923497268
0.8737704918032787
0.8423497267759563
0.8333333333333334
0.9275956284153005
0.7204918032786886
0.7836065573770492
0.796448087431694
0.8163934426229508
0.842896174863388
0.7478142076502732
0.942896174863388
0.8155737704918032
0.8926229508196721
0.9207650273224044
0.780327868852459
0.7997267759562842
0.7691256830601093
0.7912568306010929
0.9478142076502732
0.8969945355191257
0.9540983606557377
0.9131147540983606
0.8398907103825136
0.8379781420765028
0.7636612021857924
0.9215846994535519
0.9349726775956284
0.8237704918032787
0.8560109289617487
0.7729508196721312
0.8784153005464481
0.8939890710382513
0.8549180327868853
0.8784153005464481
0.825136612021858
0.7726775956284153
0.8748633879781421
0.8330601092896175
0.646448087431694
0.1546448087431694
0.8008196721311476
0.8289617486338798
0.7986338797814208
0.9087431693989071
0.6827868852459016
0.8521857923497268
0.7379781420765027
0.8262295081967214
0.8486338797814208
0.8734972677595628
0.8710382513661202
0.9459016393442623
0.7530054644808744
0.8450819672131148
0.8825136612021858
0.8292349726775956
0.8459016393442623
0.7934426229508197
0.8297814207650274
0.8128415300546448
0.7669398907103825
0.8898907103825137
0.8207650273224044
0.8874316939890711
0.8579234972677595
0.742896174863388
0.7016393442622951
0.889344262295082
0.8543715846994535
0.746448087431694
0.8814207650273224
0.740983606557377
0.823224043715847
0.746448087431694
0.8289617486338798
0.7989071038251366
0.7868852459016393
0.7199453551912568
0.8770491803278688
0.8073770491803278
0.6729508196721311
0.8519125683060109
0.889344262295082
0.8669398907103825
0.8098360655737705
0.9437158469945355
0.76775956284153
0.8540983606557377
0.8524590163934426
0.7655737704918033
0.9076502732240437
0.783879781420765
0.8887978142076502
0.8325136612021858
0.8092896174863388
0.6961748633879782
0.8390710382513661
0.8855191256830601
0.7997267759562842
0.8278688524590164
0.7158469945355191
0.8005464480874317
0.860655737704918
0.7087431693989071
0.7234972677595628
0.8961748633879781
0.7683060109289618
0.9144808743169399
0.9191256830601093
0.8262295081967214
0.9155737704918033
0.8398907103825136
0.6265027322404372
0.9199453551912569
0.9183060109289618
0.885792349726776
0.823224043715847
0.8325136612021858
0.8989071038251366
0.7418032786885246
0.680327868852459
0.8609289617486339
0.8139344262295082
0.760655737704918
0.7931693989071038
0.9562841530054644
0.8450819672131148
0.8524590163934426
0.8956284153005465
0.8601092896174863
0.8505464480874317
0.9202185792349726
0.8423497267759563
0.828688524590164
0.8243169398907104
0.8330601092896175
0.7210382513661202
0.848087431693989
0.7644808743169399
0.9016393442622951
0.8830601092896175
0.8808743169398907
0.7363387978142076
0.7672131147540984
0.7346994535519126
0.9672131147540983
0.8346994535519126
0.9270491803278689
0.9079234972677596
0.319672131147541
0.9461748633879782
0.9459016393442623
0.7754098360655738
0.8912568306010928
0.8497267759562842
0.7644808743169399
0.8920765027322405
0.8565573770491803
0.7997267759562842
0.7939890710382513
0.8538251366120219
0.9040983606557377
0.7833333333333333
0.8773224043715847
0.8879781420765027
0.7508196721311475
0.7647540983606558
0.8027322404371585
0.7997267759562842
0.9256830601092896
0.8483606557377049
0.7822404371584699
0.8554644808743169
0.8191256830601092
0.8672131147540983
0.7609289617486339
0.807103825136612
0.7939890710382513
0.8904371584699453
0.694535519125683
0.914207650273224
0.7207650273224043
0.8051912568306011
0.8295081967213115
0.946448087431694
0.821584699453552
0.933879781420765
0.8352459016393443
0.8729508196721312
0.966120218579235
0.8368852459016394
0.7715846994535519
0.7316939890710382
0.8150273224043716
0.8060109289617486
0.783879781420765
0.8841530054644808
0.8540983606557377
0.9459016393442623
0.8969945355191257
0.8256830601092896
0.7879781420765027
0.8874316939890711
0.9120218579234972
0.8081967213114755
0.7560109289617486
0.8453551912568306
0.9131147540983606
0.885792349726776
0.7959016393442623
0.8418032786885246
0.7478142076502732
0.7142076502732241
0.8907103825136612
0.8614754098360655
0.8002732240437158
0.8051912568306011
0.8554644808743169
0.857103825136612
0.740983606557377
0.8986338797814207
0.7284153005464481
0.8942622950819672
0.8472677595628415
0.776775956284153
0.7896174863387978
0.8049180327868852
0.7647540983606558
0.7546448087431694
0.7576502732240438
0.669672131147541
0.8237704918032787
0.8915300546448087
0.7360655737704918
0.823224043715847
0.7688524590163934
0.8360655737704918
0.9136612021857924
0.8144808743169399
0.8494535519125683
0.7972677595628416
0.9062841530054645
0.851639344262295
0.7560109289617486
0.8043715846994536
0.8087431693989071
0.7972677595628416
0.837431693989071
0.7942622950819672
0.8
0.7983606557377049
0.8243169398907104
0.8046448087431693
0.8800546448087432
0.8912568306010928
0.8953551912568306
0.7879781420765027
0.664207650273224
0.8617486338797814
0.9040983606557377
0.8150273224043716
0.8991803278688525
0.7598360655737705
0.8811475409836066
0.8530054644808743
0.8349726775956284
0.8565573770491803
0.7636612021857924
0.7775956284153005
0.742896174863388
0.8756830601092896
0.7857923497267759
0.7775956284153005
0.807103825136612
0.8155737704918032
0.8459016393442623
0.8281420765027322
0.8557377049180328
0.8994535519125683
0.8475409836065574
0.910655737704918
0.9155737704918033
0.7144808743169399
0.8213114754098361
0.8724043715846994
0.7628415300546448
0.8762295081967213
0.7718579234972678
0.9781420765027322
0.757103825136612
0.8060109289617486
0.7702185792349727
0.823224043715847
0.6904371584699454
0.7866120218579234
0.7923497267759563
0.9437158469945355
0.7942622950819672
0.8049180327868852
0.8038251366120218
0.7396174863387979
0.8912568306010928
0.9319672131147541
0.816120218579235
0.828688524590164
0.825136612021858
0.7983606557377049
0.6986338797814208
0.8087431693989071
0.5472677595628416
0.8204918032786885
0.5508196721311476
0.8926229508196721
0.8683060109289618
0.7866120218579234
0.8579234972677595
0.8683060109289618
0.7278688524590164
0.8833333333333333
0.759016393442623
0.8106557377049181
0.942896174863388
0.7953551912568306
0.8986338797814207
0.8601092896174863
0.823224043715847
0.7691256830601093
0.8133879781420765
0.783879781420765
0.8062841530054645
0.8057377049180328
0.9308743169398908
0.9352459016393443
0.6841530054644809
0.8114754098360656
0.8483606557377049
0.7439890710382514
0.8868852459016393
0.9204918032786885
0.8486338797814208
0.9330601092896175
0.8188524590163935
0.8907103825136612
0.901912568306011
0.8019125683060109
0.8704918032786885
0.8636612021857923
0.7887978142076503
0.7997267759562842
0.8803278688524591
0.8502732240437159
0.8595628415300547
0.823224043715847
0.8786885245901639
0.7926229508196722
0.8049180327868852
0.7601092896174864
0.9024590163934426
0.8909836065573771
0.7775956284153005
0.8434426229508196
0.889344262295082
0.816120218579235
0.837431693989071
0.8811475409836066
0.7942622950819672
0.7204918032786886
0.8360655737704918
0.903551912568306
0.944535519125683
0.9081967213114754
0.898360655737705
0.9038251366120219
0.725136612021858
0.8021857923497268
0.9226775956284153
0.7786885245901639
0.830327868852459
0.8147540983606557
0.7994535519125683
0.8275956284153005
0.6584699453551912
0.8967213114754098
0.8131147540983606
0.7972677595628416
0.8879781420765027
0.5169398907103825
0.9172131147540984
0.8830601092896175
0.9281420765027323
0.8532786885245902
0.8284153005464481
0.9065573770491804
0.8158469945355191
0.7669398907103825
0.8590163934426229
0.8314207650273224
0.7918032786885246
0.7773224043715847
0.7956284153005464
0.8469945355191257
0.8920765027322405
0.7213114754098361
0.7997267759562842
0.8193989071038251
0.8292349726775956
0.7972677595628416
0.8814207650273224
0.8346994535519126
0.8221311475409836
0.8150273224043716
0.8032786885245902
0.9
0.7827868852459017
0.7513661202185792
0.8095628415300546
0.8879781420765027
0.8112021857923497
0.901912568306011
0.7786885245901639
0.8677595628415301
0.8898907103825137
0.8762295081967213
0.9448087431693989
0.6877049180327869
0.835792349726776
0.7527322404371585
0.8868852459016393
0.8633879781420765
0.8666666666666667
0.8275956284153005
0.9060109289617486
0.8076502732240437
0.607103825136612
0.6715846994535519
0.8081967213114755
0.7909836065573771
0.728688524590164
0.8795081967213115
0.8319672131147541
0.7797814207650273
0.8510928961748634
0.8259562841530055
0.34617486338797815
0.755464480874317
0.9133879781420765
0.9344262295081968
0.8644808743169399
0.8693989071038252
0.2510928961748634
0.7614754098360655
0.9166666666666666
0.9368852459016394
0.8360655737704918
0.8431693989071039
0.7204918032786886
0.7887978142076503
0.8778688524590164
0.8882513661202186
0.7669398907103825
0.8270491803278689
0.8306010928961749
0.8887978142076502
0.8040983606557377
0.8467213114754099
0.8956284153005465
0.716120218579235
0.848087431693989
0.8142076502732241
0.8904371584699453
0.8412568306010929
0.8240437158469945
0.7945355191256831
0.7603825136612021
0.4713114754098361
0.8112021857923497
0.8265027322404371
0.8896174863387978
0.6756830601092896
0.7262295081967213
0.7743169398907104
0.8811475409836066
0.7997267759562842
0.7890710382513662
0.8614754098360655
0.7095628415300547
0.889344262295082
0.8084699453551912
0.7601092896174864
0.7669398907103825
0.7199453551912568
0.889344262295082
0.8923497267759563
0.9
0.9199453551912569
0.7207650273224043
0.8653005464480874
0.7382513661202186
0.8931693989071038
0.7581967213114754
0.7546448087431694
0.8038251366120218
0.7887978142076503
0.8360655737704918
0.8672131147540983
0.9259562841530055
0.7961748633879782
0.7759562841530054
0.8139344262295082
0.9456284153005464
0.8068306010928962
0.9775956284153006
0.7543715846994535
0.8677595628415301
0.7860655737704918
0.759016393442623
0.15081967213114755
0.8513661202185793
0.8663934426229508
0.9398907103825137
0.9032786885245901
0.7188524590163935
0.9147540983606557
0.9
0.7396174863387979
0.9486338797814208
0.9008196721311476
0.8581967213114754
0.8685792349726776
0.7475409836065574
0.8101092896174863
0.8371584699453551
0.9273224043715848
0.7887978142076503
0.7128415300546448
0.7978142076502732
0.7879781420765027
0.7450819672131147
0.7609289617486339
0.639344262295082
0.8226775956284152
0.6934426229508197
0.8434426229508196
0.8434426229508196
0.8109289617486338
0.8806010928961748
0.8352459016393443
0.7819672131147541
0.9497267759562842
0.776775956284153
0.9136612021857924
0.8901639344262295
0.7989071038251366
0.8472677595628415
0.8021857923497268
0.7898907103825137
0.7860655737704918
0.9647540983606557
0.9016393442622951
0.840983606557377
0.8158469945355191
0.8360655737704918
0.9461748633879782
0.9049180327868852
0.7726775956284153
0.7262295081967213
0.8797814207650273
0.9743169398907103
0.8975409836065574
0.8144808743169399
0.9278688524590164
0.8795081967213115
0.8106557377049181
0.901912568306011
0.8240437158469945
0.8081967213114755
0.8396174863387978
0.8625683060109289
0.8434426229508196
0.8005464480874317
0.923224043715847
0.8300546448087431
0.8314207650273224
0.7576502732240438
0.7366120218579235
0.7095628415300547
0.8972677595628415
0.7560109289617486
0.7945355191256831
0.8576502732240437
0.8051912568306011
0.8412568306010929
0.8336065573770491
0.8647540983606558
0.944535519125683
0.857103825136612
0.8254098360655737
0.76775956284153
0.816120218579235
0.742896174863388
0.9043715846994536
0.8825136612021858
0.9278688524590164
0.7360655737704918
0.9139344262295082
0.9117486338797814
0.8341530054644809
0.7546448087431694
0.7855191256830601
0.9084699453551912
0.812568306010929
0.9065573770491804
0.8863387978142077
0.7882513661202186
0.8666666666666667
0.7770491803278688
0.8240437158469945
0.8628415300546448
0.6434426229508197
0.85
0.7076502732240437
0.7024590163934427
0.8049180327868852
0.7683060109289618
0.6898907103825137
0.7907103825136612
0.842896174863388
0.7508196721311475
0.8073770491803278
0.759016393442623
0.759016393442623
0.8434426229508196
0.8898907103825137
0.7658469945355191
0.8172131147540984
0.9155737704918033
0.8336065573770491
0.7524590163934426
0.7592896174863388
0.8781420765027322
0.7702185792349727
0.8046448087431693
0.9546448087431694
0.7603825136612021
0.8098360655737705
0.7573770491803279
0.8144808743169399
0.1669398907103825
0.9087431693989071
0.8491803278688524
0.9224043715846995
0.8510928961748634
0.9437158469945355
0.8666666666666667
0.8898907103825137
0.8931693989071038
0.728688524590164
0.8316939890710382
0.8363387978142076
0.7778688524590164
0.8663934426229508
0.8945355191256831
0.6926229508196722
0.8385245901639344
0.8789617486338798
0.8674863387978142
0.7336065573770492
0.8147540983606557
0.8579234972677595
0.8095628415300546
0.8868852459016393
0.7923497267759563
0.8636612021857923
0.8038251366120218
0.853551912568306
0.5827868852459016
0.9136612021857924
0.8778688524590164
0.6857923497267759
0.7601092896174864
0.8923497267759563
0.8934426229508197
0.7346994535519126
0.8106557377049181
0.9043715846994536
0.9508196721311475
0.8101092896174863
0.8139344262295082
0.8289617486338798
0.8128415300546448
0.8612021857923498
0.9114754098360656
0.8333333333333334
0.8314207650273224
0.7109289617486338
0.8784153005464481
0.8204918032786885
0.7945355191256831
0.7811475409836065
0.7874316939890711
0.8068306010928962
0.8879781420765027
0.7636612021857924
0.8021857923497268
0.9576502732240437
0.7330601092896175
0.7540983606557377
0.8754098360655738
0.8934426229508197
0.7486338797814208
0.7653005464480874
0.7628415300546448
0.7655737704918033
0.8169398907103825
0.8896174863387978
0.8021857923497268
0.7461748633879781
0.7950819672131147
0.7784153005464481
0.8404371584699454
0.8183060109289617
0.8715846994535519
0.7969945355191257
0.7065573770491803
0.9180327868852459
0.8724043715846994
0.7852459016393443
0.3215846994535519
0.9185792349726776
0.7508196721311475
0.7811475409836065
0.7702185792349727
0.8740437158469946
0.8478142076502733
0.7603825136612021
0.8658469945355192
0.7469945355191256
0.826775956284153
0.8923497267759563
0.8172131147540984
0.8087431693989071
0.7448087431693989
0.7912568306010929
0.7863387978142077
0.8573770491803279
0.8950819672131147
0.9270491803278689
0.8341530054644809
0.8030054644808743
0.7702185792349727
0.8491803278688524
0.6415300546448087
0.7631147540983606
0.7653005464480874
0.9065573770491804
0.833879781420765
0.7926229508196722
0.9281420765027323
0.9193989071038251
0.9185792349726776
0.91775956284153
0.8896174863387978
0.8898907103825137
0.9155737704918033
0.9095628415300546
0.8213114754098361
0.9043715846994536
0.9644808743169399
0.8292349726775956
0.8866120218579235
0.8510928961748634
0.7426229508196721
0.8907103825136612
0.9049180327868852
0.9224043715846995
0.8849726775956284
0.7051912568306011
0.8707650273224044
0.6997267759562842
0.8877049180327868
0.8270491803278689
0.7450819672131147
0.648360655737705
0.8549180327868853
0.9060109289617486
0.837431693989071
0.8062841530054645
0.8243169398907104
0.7065573770491803
0.8221311475409836
0.8789617486338798
0.7710382513661203
0.8224043715846995
0.9483606557377049
0.909016393442623
0.855191256830601
0.9379781420765028
0.7997267759562842
0.8193989071038251
0.7961748633879782
0.7934426229508197
0.7702185792349727
0.6961748633879782
0.8396174863387978
0.7461748633879781
0.7314207650273225
0.8218579234972677
0.7379781420765027
0.8306010928961749
0.7601092896174864
0.8450819672131148
0.95
0.9581967213114754
0.7579234972677595
0.7513661202185792
0.7860655737704918
0.8300546448087431
0.8439890710382514
0.7527322404371585
0.9366120218579235
0.7855191256830601
0.8939890710382513
0.8882513661202186
0.857103825136612
0.7822404371584699
0.8674863387978142
0.9191256830601093
0.7489071038251366
0.760655737704918
0.8595628415300547
0.8010928961748633
0.8259562841530055
0.7751366120218579
0.8295081967213115
0.7448087431693989
0.7953551912568306
0.8038251366120218
0.8980874316939891
0.7407103825136612
0.7344262295081967
0.8674863387978142
0.8109289617486338
0.7300546448087432
0.8912568306010928
0.8128415300546448
0.8295081967213115
0.6622950819672131
0.894808743169399
0.9095628415300546
0.7631147540983606
0.9322404371584699
0.8092896174863388
0.9095628415300546
0.1778688524590164
0.8289617486338798
0.9120218579234972
0.8740437158469946
0.7265027322404372
0.7775956284153005
0.807103825136612
0.6948087431693989
0.7863387978142077
0.8497267759562842
0.7281420765027322
0.8005464480874317
0.7480874316939891
0.853551912568306
0.8502732240437159
0.8844262295081967
0.9587431693989071
0.9062841530054645
0.8877049180327868
0.7756830601092897
0.7423497267759562
0.7841530054644809
0.8292349726775956
0.8016393442622951
0.9038251366120219
0.9286885245901639
0.8557377049180328
0.7808743169398907
0.8311475409836065
0.8379781420765028
0.7256830601092896
0.8546448087431694
0.8669398907103825
0.8704918032786885
0.8079234972677596
0.4931693989071038
0.7576502732240438
0.8560109289617487
0.8715846994535519
0.8721311475409836
0.7655737704918033
0.7543715846994535
0.9314207650273224
0.8863387978142077
0.9043715846994536
0.8688524590163934
0.7734972677595628
0.8989071038251366
0.6806010928961749
0.842896174863388
0.919672131147541
0.7863387978142077
0.8144808743169399
0.812568306010929
0.8008196721311476
0.8262295081967214
0.7174863387978142
0.7726775956284153
0.8833333333333333
0.8032786885245902
0.7868852459016393
0.8183060109289617
0.8532786885245902
0.7371584699453552
0.7595628415300546
0.7650273224043715
0.8797814207650273
0.7948087431693989
0.7204918032786886
0.7437158469945355
0.8068306010928962
0.7825136612021858
0.7478142076502732
0.9693989071038251
0.8256830601092896
0.7308743169398907
0.7207650273224043
0.898360655737705
0.8693989071038252
0.8836065573770492
0.8398907103825136
0.8770491803278688
0.8401639344262295
0.7420765027322405
0.8554644808743169
0.844535519125683
0.7469945355191256
0.7144808743169399
0.7844262295081967
0.7289617486338797
0.8371584699453551
0.8540983606557377
0.9144808743169399
0.7928961748633879
0.8065573770491803
0.30218579234972676
0.8254098360655737
0.9030054644808743
0.6669398907103825
0.6877049180327869
0.6308743169398907
0.8259562841530055
0.8049180327868852
0.8956284153005465
0.8073770491803278
0.8923497267759563
0.8030054644808743
0.8341530054644809
0.8622950819672132
0.7786885245901639
0.8838797814207651
0.7737704918032787
0.7699453551912568
0.9013661202185792
0.8259562841530055
0.9814207650273225
0.8502732240437159
0.9065573770491804
0.914207650273224
0.7489071038251366
0.8945355191256831
0.8131147540983606
0.8144808743169399
0.5456284153005464
0.912568306010929
0.8256830601092896
0.9010928961748634
0.848087431693989
0.8767759562841531
0.9183060109289618
0.9491803278688524
0.8423497267759563
0.9117486338797814
0.8560109289617487
0.8505464480874317
0.835792349726776
0.8109289617486338
0.9112021857923497
0.896448087431694
0.8680327868852459
0.8672131147540983
0.757103825136612
0.9027322404371585
0.6789617486338798
0.7142076502732241
0.9234972677595629
0.8628415300546448
0.7581967213114754
0.8114754098360656
0.8284153005464481
0.7502732240437159
0.7237704918032787
0.6609289617486339
0.9502732240437158
0.8789617486338798
0.8150273224043716
0.8407103825136611
0.8122950819672131
0.8068306010928962
0.8188524590163935
0.9453551912568307
0.753551912568306
0.8666666666666667
0.7480874316939891
0.7819672131147541
0.8185792349726776
0.8560109289617487
0.8931693989071038
0.8718579234972678
0.8439890710382514
0.8002732240437158
0.7912568306010929
0.8144808743169399
0.7863387978142077
0.7439890710382514
0.7934426229508197
0.7142076502732241
0.8562841530054645
0.9265027322404371
0.7508196721311475
0.8489071038251366
0.8259562841530055
0.7289617486338797
0.9259562841530055
0.7628415300546448
0.8543715846994535
0.8775956284153006
0.7939890710382513
0.7549180327868853
0.8532786885245902
0.7956284153005464
0.9390710382513662
0.7866120218579234
0.7765027322404372
0.7808743169398907
0.7819672131147541
0.9010928961748634
0.8931693989071038
0.9560109289617487
0.8978142076502732
0.7565573770491804
0.5300546448087432
0.7811475409836065
0.8437158469945355
0.737431693989071
0.848087431693989
0.8068306010928962
0.8265027322404371
0.8767759562841531
0.8961748633879781
0.9112021857923497
0.8265027322404371
0.6939890710382514
0.8836065573770492
0.7778688524590164
0.6715846994535519
0.7204918032786886
0.8721311475409836
0.8898907103825137
0.8412568306010929
0.9270491803278689
0.8775956284153006
0.7942622950819672
0.8704918032786885
0.923224043715847
0.8062841530054645
0.8483606557377049
0.9371584699453552
0.7467213114754099
0.8306010928961749
0.9030054644808743
0.8620218579234973
0.8087431693989071
0.7806010928961749
0.848087431693989
0.8456284153005464
0.9032786885245901
0.8937158469945355
0.8371584699453551
0.7644808743169399
0.6860655737704918
0.8106557377049181
0.7663934426229508
0.8352459016393443
0.7434426229508196
0.7926229508196722
0.7204918032786886
0.7980874316939891
0.7915300546448087
0.8237704918032787
0.9387978142076503
0.7579234972677595
0.739344262295082
0.8912568306010928
0.7775956284153005
0.8420765027322404
0.7387978142076502
0.8912568306010928
0.8013661202185792
0.8915300546448087
0.9
0.7989071038251366
0.9174863387978142
0.8781420765027322
0.8379781420765028
0.8530054644808743
0.7538251366120219
0.7721311475409836
0.8620218579234973
0.7904371584699453
0.8415300546448088
0.3396174863387978
0.8756830601092896
0.7420765027322405
0.9314207650273224
0.8677595628415301
0.7666666666666667
0.8092896174863388
0.8459016393442623
0.7972677595628416
0.8909836065573771
0.7576502732240438
0.8150273224043716
0.842896174863388
0.7934426229508197
0.9401639344262295
0.9084699453551912
0.9079234972677596
0.9215846994535519
0.7806010928961749
0.01557377049180328
0.8204918032786885
0.7816939890710383
0.919672131147541
0.8177595628415301
0.8122950819672131
0.7448087431693989
0.8666666666666667
0.4830601092896175
0.8333333333333334
0.9519125683060109
0.7710382513661203
0.9139344262295082
0.7573770491803279
0.8207650273224044
0.8226775956284152
0.8325136612021858
0.8076502732240437
0.8508196721311475
0.7975409836065573
0.8647540983606558
0.7062841530054644
0.8631147540983607
0.8967213114754098
0.894808743169399
0.8049180327868852
0.8866120218579235
0.8068306010928962
0.8213114754098361
0.7639344262295082
0.8049180327868852
0.9049180327868852
0.7360655737704918
0.91775956284153
0.8289617486338798
0.9131147540983606
0.8680327868852459
0.7691256830601093
0.805464480874317
0.6942622950819672
0.7806010928961749
0.8306010928961749
0.7918032786885246
0.7789617486338798
0.8005464480874317
0.8306010928961749
0.8945355191256831
0.7639344262295082
0.17704918032786884
0.8112021857923497
0.7762295081967213
0.8953551912568306
0.7901639344262295
0.5366120218579234
0.7549180327868853
0.8674863387978142
0.8327868852459016
0.8650273224043716
0.9021857923497267
0.9087431693989071
0.8412568306010929
0.7530054644808744
0.9434426229508197
0.7420765027322405
0.8142076502732241
0.7270491803278688
0.8344262295081967
0.7683060109289618
0.8721311475409836
0.8803278688524591
0.7980874316939891
0.7846994535519126
0.903551912568306
0.8377049180327869
0.8918032786885246
0.7587431693989071
0.9038251366120219
0.8904371584699453
0.8106557377049181
0.9032786885245901
0.8620218579234973
0.7448087431693989
0.8863387978142077
0.8775956284153006
0.8352459016393443
0.8926229508196721
0.8218579234972677
0.9316939890710383
0.7109289617486338
0.8027322404371585
0.7887978142076503
0.9101092896174864
0.7325136612021858
0.7833333333333333
0.8478142076502733
0.85
0.8366120218579235
0.9068306010928961
0.8491803278688524
0.8502732240437159
0.7898907103825137
0.7762295081967213
0.9497267759562842
0.8423497267759563
0.8109289617486338
0.8385245901639344
0.8095628415300546
0.7822404371584699
0.8754098360655738
0.9081967213114754
0.764207650273224
0.8855191256830601
0.7519125683060109
0.8680327868852459
0.7349726775956285
0.8603825136612022
0.7948087431693989
0.8289617486338798
0.7524590163934426
0.9040983606557377
0.8415300546448088
0.8754098360655738
0.8330601092896175
0.7587431693989071
0.8942622950819672
0.8062841530054645
0.8336065573770491
0.8139344262295082
0.7565573770491804
0.8229508196721311
0.8734972677595628
0.8830601092896175
0.774863387978142
0.816120218579235
0.7691256830601093
0.5655737704918032
0.7576502732240438
0.8836065573770492
0.8713114754098361
0.7248633879781421
0.8117486338797815
0.9234972677595629
0.9721311475409836
0.9218579234972678
0.7743169398907104
0.8117486338797815
0.9366120218579235
0.655464480874317
0.8680327868852459
0.8907103825136612
0.825136612021858
0.7543715846994535
0.7885245901639344
0.7923497267759563
0.7193989071038251
0.8849726775956284
0.9013661202185792
0.8778688524590164
0.9240437158469945
0.73224043715847
0.9497267759562842
0.7833333333333333
0.7396174863387979
0.7972677595628416
0.7967213114754098
0.9183060109289618
0.7612021857923498
0.9057377049180327
0.9587431693989071
0.8650273224043716
0.8437158469945355
0.9016393442622951
0.8172131147540984
0.8423497267759563
0.853551912568306
0.3114754098360656
0.8519125683060109
0.8685792349726776
0.796448087431694
0.9046448087431694
0.889344262295082
0.8560109289617487
0.8603825136612022
0.9207650273224044
0.8467213114754099
0.8046448087431693
0.8846994535519126
0.8781420765027322
0.7939890710382513
0.8084699453551912
0.9273224043715848
0.9833333333333333
0.5904371584699454
0.9046448087431694
0.9008196721311476
0.8923497267759563
0.6912568306010929
0.8092896174863388
0.8281420765027322
0.8273224043715847
0.7448087431693989
0.8245901639344262
0.9622950819672131
0.8330601092896175
0.8456284153005464
0.9131147540983606
0.892896174863388
0.839344262295082
0.9002732240437158
0.9046448087431694
0.6833333333333333
0.7663934426229508
0.7418032786885246
0.8622950819672132
0.9005464480874317
0.9390710382513662
0.8939890710382513
0.8379781420765028
0.18360655737704917
0.8715846994535519
0.8934426229508197
0.8557377049180328
0.9032786885245901
0.8773224043715847
0.7806010928961749
0.889344262295082
0.8904371584699453
0.9368852459016394
0.8546448087431694
0.8592896174863388
0.9322404371584699
0.9327868852459016
0.8915300546448087
0.7765027322404372
0.6199453551912568
0.9371584699453552
0.9286885245901639
0.8997267759562841
0.8882513661202186
0.8573770491803279
0.9300546448087431
0.9021857923497267
0.928415300546448
0.8959016393442623
0.8920765027322405
0.8792349726775956
0.930327868852459
0.76775956284153
0.8210382513661202
0.8937158469945355
0.8644808743169399
0.7945355191256831
0.8584699453551913
0.8789617486338798
0.9576502732240437
0.8407103825136611
0.8718579234972678
0.8199453551912569
0.8420765027322404
0.9120218579234972
0.821584699453552
0.6852459016393443
0.9538251366120218
0.8300546448087431
0.9005464480874317
0.728688524590164
0.8057377049180328
0.6683060109289618
0.8079234972677596
0.8062841530054645
0.95
0.8576502732240437
0.7658469945355191
0.8256830601092896
0.9021857923497267
0.8658469945355192
0.9502732240437158
0.7868852459016393
0.8371584699453551
0.8939890710382513
0.8325136612021858
0.7442622950819672
0.837431693989071
0.819672131147541
0.8382513661202186
0.776775956284153
0.8846994535519126
0.744535519125683
0.7688524590163934
0.5038251366120219
0.8278688524590164
0.8144808743169399
0.6631147540983606
0.9049180327868852
0.8325136612021858
0.7442622950819672
0.7584699453551913
0.7185792349726776
0.8415300546448088
0.8904371584699453
0.7737704918032787
0.7620218579234973
0.8560109289617487
0.7773224043715847
0.7825136612021858
0.8811475409836066
0.9062841530054645
0.8128415300546448
0.783879781420765
0.8961748633879781
0.8117486338797815
0.76775956284153
0.9352459016393443
0.7655737704918033
0.8434426229508196
0.8262295081967214
0.857103825136612
0.9461748633879782
0.7437158469945355
0.8497267759562842
0.7658469945355191
0.8743169398907104
0.7349726775956285
0.8765027322404372
0.7587431693989071
0.8043715846994536
0.8849726775956284
0.8008196721311476
0.8218579234972677
0.8213114754098361
0.7718579234972678
0.8833333333333333
0.7532786885245901
0.8538251366120219
0.7978142076502732
0.803551912568306
0.8546448087431694
0.9122950819672131
0.826775956284153
0.8256830601092896
0.9087431693989071
0.673224043715847
0.7418032786885246
0.8918032786885246
0.7106557377049181
0.8775956284153006
0.7483606557377049
0.7882513661202186
0.76775956284153
0.7631147540983606
0.7934426229508197
0.8907103825136612
0.8038251366120218
0.8363387978142076
0.8199453551912569
0.7098360655737705
0.8803278688524591
0.6737704918032786
0.8691256830601093
0.7587431693989071
0.7857923497267759
0.7467213114754099
0.9743169398907103
0.8243169398907104
0.8284153005464481
0.8295081967213115
0.8978142076502732
0.8344262295081967
0.7718579234972678
0.8852459016393442
0.8412568306010929
0.8967213114754098
0.907103825136612
0.7021857923497268
0.9
0.7953551912568306
0.8106557377049181
0.7756830601092897
0.8
0.9073770491803279
0.6759562841530055
0.8013661202185792
0.8371584699453551
0.7431693989071039
0.821584699453552
0.8975409836065574
0.8494535519125683
0.9281420765027323
0.7540983606557377
0.7702185792349727
0.8352459016393443
0.7871584699453552
0.9163934426229509
0.7915300546448087
0.9092896174863389
0.8314207650273224
0.7890710382513662
0.8587431693989072
0.3254098360655738
0.8147540983606557
0.8849726775956284
0.8543715846994535
0.8937158469945355
0.7724043715846994
0.8213114754098361
0.7934426229508197
0.828688524590164
0.7860655737704918
0.8106557377049181
0.9030054644808743
0.8866120218579235
0.8595628415300547
0.8836065573770492
0.796448087431694
0.7969945355191257
0.9038251366120219
0.8833333333333333
0.8387978142076503
0.7019125683060109
0.9617486338797814
0.8382513661202186
0.8423497267759563
0.7155737704918033
0.7598360655737705
0.8795081967213115
0.8797814207650273
0.8614754098360655
0.7945355191256831
0.9043715846994536
0.6478142076502732
0.8355191256830601
0.9265027322404371
0.8472677595628415
0.7467213114754099
0.7349726775956285
0.8073770491803278
0.8846994535519126
0.7644808743169399
0.8975409836065574
0.8685792349726776
0.9292349726775956
0.8420765027322404
0.7169398907103826
0.9437158469945355
0.8185792349726776
0.7090163934426229
0.8292349726775956
0.8114754098360656
0.7846994535519126
0.8898907103825137
0.7928961748633879
0.8076502732240437
0.8292349726775956
0.9286885245901639
0.9325136612021858
0.8254098360655737
0.9773224043715847
0.8423497267759563
0.7199453551912568
0.5519125683060109
0.940983606557377
0.7718579234972678
0.8661202185792349
0.8292349726775956
0.6814207650273224
0.7844262295081967
0.8188524590163935
0.9065573770491804
0.8980874316939891
0.8636612021857923
0.7177595628415301
0.31065573770491806
0.703551912568306
0.7745901639344263
0.1505464480874317
0.7174863387978142
0.9172131147540984
0.9243169398907104
0.7920765027322404
0.8609289617486339
0.9418032786885245
0.916120218579235
0.642896174863388
0.8975409836065574
0.8106557377049181
0.840983606557377
0.8762295081967213
0.8860655737704918
0.8254098360655737
0.8144808743169399
0.7959016393442623
0.8363387978142076
0.9084699453551912
0.8265027322404371
0.809016393442623
0.7169398907103826
0.8360655737704918
0.004371584699453552
0.825136612021858
0.8275956284153005
0.6986338797814208
0.8587431693989072
0.8754098360655738
0.9092896174863389
0.8281420765027322
0.833879781420765
0.8581967213114754
0.9068306010928961
0.6879781420765028
0.7972677595628416
0.9043715846994536
0.8128415300546448
0.805464480874317
0.8431693989071039
0.7437158469945355
0.7674863387978142
0.7967213114754098
0.7923497267759563
0.8986338797814207
0.7857923497267759
0.8191256830601092
0.7144808743169399
0.9013661202185792
0.771311475409836
0.6729508196721311
0.7775956284153005
0.8068306010928962
0.8959016393442623
0.7423497267759562
0.9475409836065574
0.6751366120218579
0.846448087431694
0.6808743169398908
0.9010928961748634
0.8459016393442623
0.7754098360655738
0.7341530054644809
0.8407103825136611
0.7076502732240437
0.8825136612021858
0.7841530054644809
0.9513661202185792
0.9322404371584699
0.8576502732240437
