0.8711743772241993
0.8896797153024911
0.8469750889679716
0.798932384341637
0.8469750889679716
0.798576512455516
0.7889679715302491
0.9430604982206405
0.899288256227758
0.6889679715302491
0.805693950177936
0.8676156583629894
0.891459074733096
0.9409252669039145
0.7487544483985765
0.8266903914590747
0.5516014234875445
0.7580071174377224
0.8572953736654805
0.6512455516014235
0.8199288256227758
0.8619217081850534
0.9395017793594306
0.796085409252669
0.9384341637010676
0.8327402135231317
0.8483985765124555
0.8412811387900356
0.8569395017793594
0.8814946619217082
0.9302491103202847
0.798576512455516
0.902135231316726
0.9064056939501779
0.9320284697508897
0.9117437722419929
0.901067615658363
0.9459074733096086
0.8088967971530249
0.8975088967971531
0.8188612099644128
0.8156583629893238
0.8330960854092526
0.8131672597864769
0.8124555160142348
0.8405693950177936
0.7266903914590748
0.7206405693950177
0.8459074733096086
0.8754448398576512
0.9227758007117438
0.8572953736654805
0.8142348754448399
0.8900355871886121
0.800355871886121
0.7935943060498221
0.802491103202847
0.90355871886121
0.7793594306049823
0.9081850533807829
0.8629893238434164
0.7800711743772242
0.7056939501779359
0.7818505338078292
0.8412811387900356
0.902135231316726
0.9160142348754449
0.8174377224199288
0.7686832740213523
0.8291814946619217
0.8693950177935943
0.8911032028469751
0.9412811387900356
0.8466192170818505
0.900355871886121
0.7437722419928826
0.9028469750889679
0.8512455516014235
0.8234875444839858
0.8508896797153025
0.9110320284697508
0.897153024911032
0.8587188612099644
0.8494661921708185
0.8729537366548042
0.9661921708185054
0.9234875444839857
0.8583629893238434
0.8042704626334519
0.902491103202847
0.8540925266903915
0.7341637010676156
0.9028469750889679
0.9398576512455517
0.7893238434163701
0.8975088967971531
0.7594306049822064
0.9423487544483986
0.890391459074733
0.8761565836298932
0.8170818505338078
0.8729537366548042
0.8701067615658363
0.8217081850533808
0.7900355871886121
0.7434163701067615
0.8320284697508897
0.8306049822064057
0.8345195729537367
0.7562277580071174
0.8512455516014235
0.8750889679715302
0.9081850533807829
0.7042704626334519
0.8359430604982206
0.9601423487544484
0.892526690391459
0.8185053380782918
0.9451957295373665
0.898220640569395
0.8131672597864769
0.8473309608540925
0.8868327402135231
0.8868327402135231
0.9149466192170819
0.8295373665480427
0.908896797153025
0.8918149466192171
0.9163701067615658
0.8807829181494662
0.3622775800711744
0.8722419928825623
0.9419928825622775
0.8156583629893238
0.7651245551601423
0.9309608540925267
0.7907473309608541
0.7811387900355872
0.704982206405694
0.7797153024911032
0.8615658362989324
0.8548042704626334
0.8505338078291815
0.7548042704626334
0.902135231316726
0.8330960854092526
0.8975088967971531
0.8074733096085409
0.9188612099644128
0.8110320284697509
0.708185053380783
0.8654804270462634
0.7163701067615659
0.9430604982206405
0.9800711743772242
0.8345195729537367
0.8405693950177936
0.8747330960854093
0.7302491103202847
0.9352313167259787
0.9153024911032028
0.8352313167259786
0.796085409252669
0.7903914590747331
0.890391459074733
0.8405693950177936
0.9341637010676157
0.7903914590747331
0.9729537366548042
0.9213523131672597
0.8918149466192171
0.8423487544483986
0.697508896797153
0.7740213523131673
0.7896797153024911
0.8306049822064057
0.8761565836298932
0.8939501779359431
0.7505338078291814
0.899288256227758
0.8338078291814947
0.9715302491103203
0.80711743772242
0.8530249110320285
0.7195729537366548
0.8530249110320285
0.797508896797153
0.8448398576512456
0.9138790035587189
0.9419928825622775
0.9380782918149466
0.801423487544484
0.9395017793594306
0.9501779359430605
0.8402135231316726
0.8402135231316726
0.8516014234875445
0.8797153024911032
0.13274021352313167
0.701067615658363
0.8288256227758007
0.802491103202847
0.8042704626334519
0.8523131672597865
0.9120996441281138
0.8427046263345196
0.797153024911032
0.896797153024911
0.7555160142348755
0.8192170818505338
0.88932384341637
0.7416370106761566
0.7857651245551601
0.8295373665480427
0.8355871886120997
0.8128113879003559
0.799288256227758
0.6046263345195729
0.9227758007117438
0.9295373665480428
0.8306049822064057
0.3505338078291815
0.8953736654804271
0.8594306049822064
0.8451957295373665
0.9163701067615658
0.7637010676156584
0.8412811387900356
0.8640569395017793
0.8032028469750889
0.8259786476868327
0.8373665480427046
0.8818505338078292
0.8943060498220641
0.7747330960854093
0.8266903914590747
0.7583629893238434
0.7462633451957296
0.8088967971530249
0.9284697508896798
0.8861209964412812
0.9669039145907473
0.8551601423487545
0.27793594306049824
0.8199288256227758
0.7384341637010676
0.8565836298932384
0.8348754448398576
0.9352313167259787
0.8245551601423488
0.8854092526690391
0.9697508896797153
0.7875444839857652
0.8711743772241993
0.8409252669039146
0.9081850533807829
0.9039145907473309
0.8
0.8103202846975089
0.896085409252669
0.8113879003558719
0.8370106761565836
0.9277580071174377
0.7373665480427046
0.8526690391459075
0.7437722419928826
0.8747330960854093
0.791814946619217
0.8099644128113879
0.3697508896797153
0.8256227758007118
0.8181494661921708
0.7957295373665481
0.7793594306049823
0.8562277580071175
0.9829181494661922
0.8053380782918149
0.8718861209964412
0.32348754448398576
0.9274021352313168
0.7291814946619217
0.7850533807829182
0.8370106761565836
0.9
0.8419928825622776
0.7754448398576512
0.7601423487544484
0.36298932384341637
0.8526690391459075
0.8199288256227758
0.7156583629893238
0.8067615658362989
0.8797153024911032
0.8131672597864769
0.9274021352313168
0.8448398576512456
0.7790035587188612
0.9501779359430605
0.8327402135231317
0.8672597864768683
0.8711743772241993
0.9188612099644128
0.8181494661921708
0.8498220640569395
0.9117437722419929
0.9135231316725979
0.902135231316726
0.804982206405694
0.8298932384341637
0.695373665480427
0.9544483985765124
0.3718861209964413
0.8975088967971531
0.80355871886121
0.46441281138790036
0.8587188612099644
0.799288256227758
0.8085409252669039
0.8306049822064057
0.8846975088967971
0.9274021352313168
0.894661921708185
0.8775800711743772
0.8153024911032029
0.9313167259786477
0.8896797153024911
0.9476868327402135
0.904626334519573
0.8572953736654805
0.8911032028469751
0.90355871886121
0.9234875444839857
0.903202846975089
0.9306049822064056
0.8284697508896797
0.600355871886121
0.801779359430605
0.8928825622775801
0.0014234875444839859
0.9
0.8192170818505338
0.8298932384341637
0.7935943060498221
0.8829181494661922
0.7053380782918149
0.899288256227758
0.8807829181494662
0.8067615658362989
0.7284697508896797
0.8953736654804271
0.8206405693950178
0.8202846975088968
0.8590747330960854
0.80711743772242
0.8227758007117437
0.8145907473309608
0.8092526690391459
0.8227758007117437
0.9483985765124555
0.79644128113879
0.7437722419928826
0.8540925266903915
0.9028469750889679
0.9309608540925267
0.8544483985765124
0.7580071174377224
0.892526690391459
0.9562277580071175
0.8676156583629894
0.8562277580071175
0.8366548042704627
0.8811387900355871
0.8505338078291815
0.9277580071174377
0.9213523131672597
0.7160142348754448
0.8590747330960854
0.9640569395017794
0.902491103202847
0.9498220640569395
0.8608540925266904
0.8807829181494662
0.8551601423487545
0.9679715302491103
0.8195729537366548
0.9889679715302491
0.8466192170818505
0.9099644128113878
0.8896797153024911
0.8779359430604983
0.7519572953736655
0.8124555160142348
0.7818505338078292
0.8889679715302491
0.9220640569395018
0.8270462633451957
0.8451957295373665
0.6686832740213523
0.7288256227758008
0.7430604982206406
0.8822064056939501
0.8526690391459075
0.7903914590747331
0.7925266903914591
0.7943060498220641
0.9562277580071175
0.9419928825622775
0.8572953736654805
0.7875444839857652
0.7875444839857652
0.8743772241992882
0.8430604982206406
0.796797153024911
0.8366548042704627
0.9430604982206405
0.9117437722419929
0.9725978647686833
0.7345195729537367
0.7459074733096085
0.8234875444839858
0.7434163701067615
0.8270462633451957
0.8743772241992882
0.8911032028469751
0.8124555160142348
0.8736654804270463
0.5430604982206406
0.801423487544484
0.8704626334519573
0.7284697508896797
0.8153024911032029
0.8409252669039146
0.8661921708185053
0.9427046263345196
0.7548042704626334
0.8530249110320285
0.7647686832740214
0.9185053380782918
0.8128113879003559
0.6612099644128114
0.800355871886121
0.9131672597864768
0.8313167259786477
0.799644128113879
0.8612099644128114
0.7839857651245552
0.9053380782918149
0.8964412811387901
0.899288256227758
0.9142348754448398
0.8192170818505338
0.791814946619217
0.9145907473309609
0.7804270462633452
0.8441281138790035
0.7619217081850533
0.8501779359430605
0.7380782918149467
0.2309608540925267
0.8661921708185053
0.7854092526690392
0.7747330960854093
0.7117437722419929
0.8320284697508897
0.8395017793594306
0.8861209964412812
0.7861209964412811
0.899644128113879
0.5099644128113879
0.8637010676156583
0.8725978647686833
0.7722419928825622
0.7875444839857652
0.6935943060498221
0.8740213523131672
0.802491103202847
0.7544483985765125
0.8725978647686833
0.8323843416370107
0.8907473309608541
0.9288256227758007
0.7854092526690392
0.8818505338078292
0.9466192170818505
0.7804270462633452
0.8943060498220641
0.804982206405694
0.8718861209964412
0.7879003558718861
0.907829181494662
0.9135231316725979
0.8270462633451957
0.8690391459074733
0.8113879003558719
0.8551601423487545
0.8565836298932384
0.7597864768683275
0.8633451957295374
0.8555160142348754
0.8501779359430605
0.890391459074733
0.7957295373665481
0.9177935943060498
0.7373665480427046
0.9256227758007117
0.8836298932384342
0.9071174377224199
0.7790035587188612
0.8679715302491103
0.7359430604982207
0.7875444839857652
0.7704626334519573
0.901423487544484
0.8391459074733096
0.7419928825622776
0.8313167259786477
0.8697508896797153
0.79288256227758
0.8099644128113879
0.7192170818505338
0.8516014234875445
0.8814946619217082
0.5786476868327403
0.9
0.8042704626334519
0.7377224199288256
0.9274021352313168
0.6779359430604982
0.893594306049822
0.9601423487544484
0.897153024911032
0.9199288256227758
0.9195729537366548
0.8711743772241993
0.801067615658363
0.8256227758007118
0.8434163701067615
0.8096085409252669
0.7818505338078292
0.9238434163701068
0.8491103202846975
0.8604982206405694
0.7846975088967971
0.697508896797153
0.7224199288256228
0.9409252669039145
0.9234875444839857
0.8704626334519573
0.891459074733096
0.7782918149466193
0.8661921708185053
0.8434163701067615
0.797153024911032
0.8669039145907473
0.7740213523131673
0.600711743772242
0.9060498220640569
0.8430604982206406
0.9309608540925267
0.8807829181494662
0.9345195729537367
0.899288256227758
0.8640569395017793
0.9163701067615658
0.7516014234875444
0.8693950177935943
0.7868327402135231
0.9583629893238435
0.8775800711743772
0.796085409252669
0.90355871886121
0.8380782918149466
0.8128113879003559
0.3320284697508897
0.801779359430605
0.7160142348754448
0.7797153024911032
0.8284697508896797
0.8402135231316726
0.8939501779359431
0.8708185053380783
0.8790035587188612
0.8793594306049822
0.7398576512455516
0.9594306049822064
0.896797153024911
0.8362989323843416
0.8530249110320285
0.8615658362989324
0.8736654804270463
0.7252669039145907
0.8565836298932384
0.7911032028469751
0.7907473309608541
0.8822064056939501
0.9462633451957295
0.8263345195729538
0.7846975088967971
0.8373665480427046
0.702491103202847
0.7309608540925266
0.7480427046263345
0.7843416370106762
0.8281138790035587
0.8455516014234875
0.9138790035587189
0.7601423487544484
0.8793594306049822
0.3800711743772242
0.8519572953736655
0.905693950177936
0.7533807829181495
0.8939501779359431
0.9615658362989323
0.7868327402135231
0.9092526690391459
0.8651245551601423
0.9064056939501779
0.8395017793594306
0.7526690391459074
0.8185053380782918
0.9245551601423487
0.9113879003558719
0.9064056939501779
0.8523131672597865
0.8473309608540925
0.8313167259786477
0.7338078291814947
0.7807829181494662
0.7629893238434163
0.796797153024911
0.7654804270462633
0.8476868327402135
0.7576512455516015
0.8953736654804271
0.7911032028469751
0.798220640569395
0.9580071174377224
0.9128113879003559
0.9096085409252669
0.8743772241992882
0.8395017793594306
0.8338078291814947
0.8861209964412812
0.6491103202846975
0.7654804270462633
0.8177935943060498
0.9028469750889679
0.7523131672597865
0.7747330960854093
0.7886120996441282
0.79644128113879
0.8814946619217082
0.7943060498220641
0.7167259786476868
0.903202846975089
0.8854092526690391
0.8740213523131672
0.8832740213523131
0.7291814946619217
0.7793594306049823
0.9071174377224199
0.88932384341637
0.8512455516014235
0.8754448398576512
0.9487544483985765
0.8718861209964412
0.9302491103202847
0.9391459074733096
0.7366548042704626
0.8067615658362989
0.8064056939501779
0.8761565836298932
0.904626334519573
0.8042704626334519
0.806049822064057
0.8722419928825623
0.7686832740213523
0.8302491103202847
0.6967971530249111
0.896085409252669
0.8291814946619217
0.8274021352313167
0.9644128113879004
0.8217081850533808
0.9601423487544484
0.6633451957295373
0.8985765124555161
0.6661921708185053
0.8459074733096086
0.8444839857651245
0.8711743772241993
0.8647686832740213
0.897864768683274
0.8754448398576512
0.7078291814946619
0.900711743772242
0.7932384341637011
0.9195729537366548
0.9153024911032028
0.7882562277580071
0.8953736654804271
0.8224199288256228
0.7480427046263345
0.7907473309608541
0.8551601423487545
0.7818505338078292
0.7825622775800711
0.8291814946619217
0.7366548042704626
0.9288256227758007
0.8120996441281139
0.9302491103202847
0.3665480427046263
0.8473309608540925
0.8167259786476868
0.805693950177936
0.8804270462633452
0.8316725978647687
0.8814946619217082
0.804626334519573
0.8533807829181494
0.8953736654804271
0.7380782918149467
0.8651245551601423
0.8633451957295374
0.8761565836298932
0.793950177935943
0.8622775800711744
0.8078291814946619
0.8804270462633452
0.7483985765124556
0.7355871886120996
0.7505338078291814
0.8462633451957295
0.8302491103202847
0.9017793594306049
0.8053380782918149
0.8843416370106761
0.8234875444839858
0.8943060498220641
0.9017793594306049
0.7861209964412811
0.7932384341637011
0.8896797153024911
0.8583629893238434
0.8124555160142348
0.8338078291814947
0.8750889679715302
0.8565836298932384
0.8138790035587189
0.8900355871886121
0.8551601423487545
0.8879003558718861
0.8491103202846975
0.8430604982206406
0.7494661921708186
0.9170818505338079
0.8473309608540925
0.8708185053380783
0.6245551601423488
0.7765124555160142
0.8373665480427046
0.9384341637010676
0.7576512455516015
0.9281138790035587
0.7857651245551601
0.9879003558718861
0.9259786476868327
0.9259786476868327
0.8402135231316726
0.7747330960854093
0.9153024911032028
0.802491103202847
0.6487544483985765
0.7085409252669039
0.8526690391459075
0.8932384341637011
0.8850533807829182
0.9128113879003559
0.9199288256227758
0.798576512455516
0.5291814946619217
0.7352313167259786
0.8412811387900356
0.8622775800711744
0.8743772241992882
0.8213523131672598
0.8943060498220641
0.8192170818505338
0.8505338078291815
0.5405693950177936
0.7508896797153025
0.9195729537366548
0.8202846975088968
0.6957295373665481
0.897864768683274
0.8295373665480427
0.7163701067615659
0.8419928825622776
0.70711743772242
0.9060498220640569
0.904270462633452
0.7850533807829182
0.9266903914590747
0.797508896797153
0.895017793594306
0.8131672597864769
0.802846975088968
0.893594306049822
0.8797153024911032
0.7519572953736655
0.7896797153024911
0.8423487544483986
0.7384341637010676
0.8889679715302491
0.7380782918149467
0.9526690391459075
0.8345195729537367
0.804626334519573
0.6782918149466192
0.9338078291814946
0.8722419928825623
0.7508896797153025
0.7320284697508896
0.8843416370106761
0.8939501779359431
0.8754448398576512
0.892526690391459
0.7893238434163701
0.9320284697508897
0.8526690391459075
0.8580071174377224
0.8462633451957295
0.8629893238434164
0.8416370106761566
0.41245551601423486
0.8740213523131672
0.8131672597864769
0.8875444839857651
0.9227758007117438
0.7466192170818505
0.8444839857651245
0.9263345195729538
0.7395017793594306
0.8423487544483986
0.8875444839857651
0.8911032028469751
0.8480427046263345
0.6775800711743772
0.9448398576512456
0.7715302491103203
0.8341637010676156
0.8637010676156583
0.8985765124555161
0.8868327402135231
0.8288256227758007
0.7953736654804271
0.7786476868327402
0.7935943060498221
0.9345195729537367
0.8765124555160142
0.8846975088967971
0.7708185053380783
0.8747330960854093
0.8747330960854093
0.8032028469750889
0.8277580071174377
0.904270462633452
0.8231316725978648
0.7814946619217081
0.8540925266903915
0.8128113879003559
0.901423487544484
0.908896797153025
0.8252669039145908
0.9245551601423487
0.903202846975089
0.8889679715302491
0.6572953736654804
0.8398576512455516
0.901067615658363
0.8918149466192171
0.7508896797153025
0.8786476868327402
0.8722419928825623
0.7839857651245552
0.7622775800711744
0.7323843416370107
0.8380782918149466
0.6131672597864769
0.79644128113879
0.8245551601423488
0.8708185053380783
0.7608540925266903
0.7911032028469751
0.8651245551601423
0.8615658362989324
0.9163701067615658
0.8736654804270463
0.7209964412811388
0.7722419928825622
0.9430604982206405
0.9149466192170819
0.8288256227758007
0.8533807829181494
0.7871886120996441
0.8644128113879004
0.7768683274021352
0.8430604982206406
0.9053380782918149
0.8163701067615659
0.795017793594306
0.9181494661921709
0.8779359430604983
0.8829181494661922
0.9085409252669039
0.8501779359430605
0.7508896797153025
0.8854092526690391
0.6807829181494662
0.8861209964412812
0.7241992882562278
0.8569395017793594
0.8209964412811388
0.8174377224199288
0.8359430604982206
0.8558718861209964
0.891459074733096
0.9113879003558719
0.8985765124555161
0.8355871886120997
0.8875444839857651
0.8594306049822064
0.6220640569395017
0.9231316725978648
0.7861209964412811
0.6672597864768683
0.896085409252669
0.9327402135231316
0.8676156583629894
0.9192170818505339
0.9188612099644128
0.7708185053380783
0.9270462633451957
0.8256227758007118
0.8202846975088968
0.8281138790035587
0.7935943060498221
0.8597864768683274
0.802491103202847
0.7925266903914591
0.899288256227758
0.9512455516014234
0.9516014234875445
0.9338078291814946
0.9081850533807829
0.80355871886121
0.8943060498220641
0.9266903914590747
0.7501779359430605
0.8088967971530249
0.7711743772241992
0.8387900355871886
0.8911032028469751
0.8825622775800712
0.8473309608540925
0.8882562277580072
0.7679715302491104
0.8711743772241993
0.9138790035587189
0.7096085409252669
0.8277580071174377
0.6900355871886121
0.8352313167259786
0.8370106761565836
0.4935943060498221
0.8822064056939501
0.7170818505338078
0.6836298932384341
0.8245551601423488
0.8626334519572953
0.7181494661921708
0.8074733096085409
0.9
0.8964412811387901
0.7128113879003559
0.7925266903914591
0.8149466192170819
0.6437722419928825
0.698576512455516
0.80711743772242
0.8572953736654805
0.890391459074733
0.7572953736654804
0.803914590747331
0.8761565836298932
0.8352313167259786
0.8907473309608541
0.26583629893238436
0.9174377224199288
0.7516014234875444
0.9533807829181494
0.8064056939501779
0.7096085409252669
0.6551601423487544
0.7619217081850533
0.8
0.8932384341637011
0.8291814946619217
0.8900355871886121
0.903202846975089
0.9081850533807829
0.7743772241992882
0.6843416370106762
0.7469750889679715
0.8227758007117437
0.8370106761565836
0.8263345195729538
0.8814946619217082
0.8145907473309608
0.8444839857651245
0.904626334519573
0.8875444839857651
0.8718861209964412
0.5476868327402136
0.8608540925266904
0.8466192170818505
0.8601423487544484
0.6686832740213523
0.896085409252669
0.8398576512455516
0.8124555160142348
0.8227758007117437
0.8277580071174377
0.7879003558718861
0.9110320284697508
0.8939501779359431
0.8551601423487545
0.8199288256227758
0.8256227758007118
0.7733096085409252
0.9124555160142349
0.7797153024911032
0.8362989323843416
0.8412811387900356
0.8373665480427046
0.8722419928825623
0.9124555160142349
0.8078291814946619
0.8921708185053381
0.5597864768683274
0.795017793594306
0.8483985765124555
0.3644128113879004
0.7907473309608541
0.8124555160142348
0.8217081850533808
0.7274021352313167
0.9
0.7548042704626334
0.7814946619217081
0.8423487544483986
0.8900355871886121
0.6174377224199288
0.7825622775800711
0.9181494661921709
0.8330960854092526
0.7580071174377224
0.796797153024911
0.8245551601423488
0.8782918149466192
0.8163701067615659
0.8306049822064057
0.7103202846975089
0.7576512455516015
0.7270462633451957
0.8412811387900356
0.8533807829181494
0.8473309608540925
0.8555160142348754
0.9238434163701068
0.8448398576512456
0.8864768683274021
0.898932384341637
0.9491103202846976
0.8846975088967971
0.9274021352313168
0.9384341637010676
0.9612099644128114
0.9049822064056939
0.7818505338078292
0.8804270462633452
0.7875444839857652
0.8704626334519573
0.8483985765124555
0.8765124555160142
0.9199288256227758
0.9366548042704627
0.9049822064056939
0.8565836298932384
0.7957295373665481
0.8217081850533808
0.9362989323843416
0.8548042704626334
0.8245551601423488
0.896797153024911
0.7508896797153025
0.8327402135231317
0.9185053380782918
0.9238434163701068
0.8597864768683274
0.8918149466192171
0.8544483985765124
0.8569395017793594
0.8629893238434164
0.9338078291814946
0.7775800711743772
0.9099644128113878
0.8793594306049822
0.9145907473309609
0.8654804270462634
0.8633451957295374
0.9523131672597864
0.8032028469750889
0.6338078291814947
0.7494661921708186
0.9149466192170819
0.897864768683274
0.7871886120996441
0.9
0.8309608540925267
0.7669039145907474
0.8199288256227758
0.9758007117437723
0.8153024911032029
0.8818505338078292
0.8092526690391459
0.7131672597864769
0.8398576512455516
0.7558718861209964
0.893594306049822
0.800711743772242
0.7448398576512456
0.8177935943060498
0.8199288256227758
0.8387900355871886
0.9188612099644128
0.802846975088968
0.891459074733096
0.9487544483985765
0.8469750889679716
0.802846975088968
0.8128113879003559
0.8672597864768683
0.8676156583629894
0.7391459074733097
0.9266903914590747
0.7558718861209964
0.8661921708185053
0.8263345195729538
0.8565836298932384
0.7868327402135231
0.892526690391459
0.8192170818505338
0.8921708185053381
0.08647686832740213
0.9288256227758007
0.7455516014234875
0.8818505338078292
0.8548042704626334
0.8398576512455516
0.9416370106761566
0.7654804270462633
0.7829181494661922
0.9231316725978648
0.9708185053380783
0.7213523131672598
0.8398576512455516
0.891459074733096
0.8697508896797153
0.9049822064056939
0.8064056939501779
0.9185053380782918
0.9284697508896798
0.19501779359430604
0.7800711743772242
0.8854092526690391
0.9181494661921709
0.8259786476868327
0.8850533807829182
0.802846975088968
0.8085409252669039
0.8227758007117437
0.798220640569395
0.33807829181494664
0.8690391459074733
0.9039145907473309
0.7911032028469751
0.7896797153024911
0.608540925266904
0.7825622775800711
0.8291814946619217
0.791814946619217
0.8669039145907473
0.8181494661921708
0.8491103202846975
0.8380782918149466
0.7797153024911032
0.9263345195729538
0.8558718861209964
0.9562277580071175
0.8886120996441281
0.6722419928825623
0.7501779359430605
0.8523131672597865
0.6718861209964413
0.8740213523131672
0.8277580071174377
0.804982206405694
0.8188612099644128
0.8839857651245552
0.7234875444839858
0.8291814946619217
0.796085409252669
0.7879003558718861
0.797153024911032
0.9373665480427046
0.9548042704626335
0.80711743772242
0.8658362989323843
0.8814946619217082
0.8142348754448399
0.892526690391459
0.8149466192170819
0.8558718861209964
0.9572953736654805
0.8099644128113879
0.7508896797153025
0.896085409252669
0.9708185053380783
0.7672597864768683
0.8345195729537367
0.7608540925266903
0.8177935943060498
0.8384341637010676
0.8355871886120997
0.3181494661921708
0.9188612099644128
0.9366548042704627
0.8736654804270463
0.8188612099644128
0.798576512455516
0.8284697508896797
0.8320284697508897
0.9131672597864768
0.9128113879003559
0.9149466192170819
0.7295373665480427
0.9231316725978648
0.8615658362989324
0.7615658362989324
0.7309608540925266
0.597864768683274
0.904270462633452
0.8886120996441281
0.9266903914590747
0.804982206405694
0.8779359430604983
0.7911032028469751
0.8818505338078292
0.7889679715302491
0.8362989323843416
0.8377224199288256
0.7533807829181495
0.9444839857651246
0.8644128113879004
0.9263345195729538
0.8345195729537367
0.7772241992882563
0.8170818505338078
0.702491103202847
0.7758007117437722
0.7594306049822064
0.702135231316726
0.892526690391459
0.8697508896797153
0.7508896797153025
0.9295373665480428
0.7352313167259786
0.8412811387900356
0.7608540925266903
0.8234875444839858
0.8551601423487545
0.6804270462633452
0.9177935943060498
0.8213523131672598
0.6914590747330961
0.8718861209964412
0.8334519572953737
0.8882562277580072
0.8651245551601423
0.8690391459074733
0.8861209964412812
0.9412811387900356
0.8459074733096086
0.7345195729537367
0.8597864768683274
0.7565836298932385
0.8302491103202847
0.8419928825622776
0.9138790035587189
0.7932384341637011
0.8427046263345196
0.9644128113879004
0.8128113879003559
0.9181494661921709
0.8423487544483986
0.9177935943060498
0.8921708185053381
0.90355871886121
0.8523131672597865
0.9266903914590747
0.8615658362989324
0.899644128113879
0.9722419928825623
0.9174377224199288
0.6348754448398577
0.9540925266903915
0.905693950177936
0.8516014234875445
0.7932384341637011
0.8576512455516014
0.8245551601423488
0.896797153024911
0.7953736654804271
0.8775800711743772
0.8580071174377224
0.9181494661921709
0.36263345195729535
0.7836298932384341
0.8359430604982206
0.7868327402135231
0.8355871886120997
0.9085409252669039
0.8345195729537367
0.9448398576512456
0.8540925266903915
0.6409252669039146
0.7811387900355872
0.8505338078291815
0.7384341637010676
0.8832740213523131
0.9523131672597864
0.7548042704626334
0.8580071174377224
0.8160142348754449
0.8782918149466192
0.901067615658363
0.9459074733096086
0.7903914590747331
0.8274021352313167
0.7765124555160142
0.49572953736654807
0.9327402135231316
0.3850533807829182
0.8451957295373665
0.8558718861209964
0.5604982206405694
0.9028469750889679
0.704982206405694
0.9174377224199288
0.8192170818505338
0.8473309608540925
0.9163701067615658
0.9185053380782918
0.7120996441281139
0.7202846975088968
0.7526690391459074
0.8494661921708185
0.8850533807829182
0.8419928825622776
0.8476868327402135
0.7893238434163701
0.8434163701067615
0.8846975088967971
0.9117437722419929
0.7676156583629893
0.8338078291814947
0.9185053380782918
0.895729537366548
0.7113879003558718
0.8202846975088968
0.8526690391459075
0.8334519572953737
0.9
0.8736654804270463
0.8145907473309608
0.905693950177936
0.8153024911032029
0.9277580071174377
0.8836298932384342
0.9530249110320285
0.88932384341637
0.8750889679715302
0.7295373665480427
0.7793594306049823
0.8227758007117437
0.8224199288256228
0.9017793594306049
0.7683274021352313
0.9469750889679716
0.9128113879003559
0.9341637010676157
0.8530249110320285
0.9081850533807829
0.9234875444839857
0.9419928825622775
0.9302491103202847
0.8850533807829182
0.908896797153025
0.8832740213523131
0.8975088967971531
0.8886120996441281
0.8871886120996442
0.902135231316726
0.8473309608540925
0.9085409252669039
0.8384341637010676
0.906761565836299
0.8964412811387901
0.6779359430604982
0.9049822064056939
0.8565836298932384
0.8889679715302491
0.8619217081850534
0.9153024911032028
0.8886120996441281
0.88932384341637
0.9494661921708185
0.9252669039145908
0.898220640569395
0.901423487544484
0.8889679715302491
0.8572953736654805
0.8483985765124555
0.8032028469750889
0.7629893238434163
0.8879003558718861
0.8765124555160142
0.9306049822064056
0.8099644128113879
0.7903914590747331
0.9209964412811388
0.33594306049822065
0.899288256227758
0.8064056939501779
0.890391459074733
0.891459074733096
0.9594306049822064
0.7932384341637011
0.7861209964412811
0.7637010676156584
0.896085409252669
0.9427046263345196
0.7846975088967971
0.8483985765124555
0.8861209964412812
0.8519572953736655
0.8537366548042704
0.7149466192170818
0.8896797153024911
0.4096085409252669
0.697153024911032
0.35551601423487544
0.8234875444839858
0.7064056939501779
0.8540925266903915
0.8288256227758007
0.8096085409252669
0.7804270462633452
0.7957295373665481
0.9281138790035587
0.8441281138790035
0.8085409252669039
0.698576512455516
0.8896797153024911
0.7590747330960854
0.8323843416370107
0.8619217081850534
0.800711743772242
0.7925266903914591
0.900355871886121
0.9192170818505339
0.8355871886120997
0.9409252669039145
0.6957295373665481
0.9106761565836299
0.5362989323843417
0.8476868327402135
0.7387900355871886
0.8074733096085409
0.9316725978647686
0.9103202846975089
0.9711743772241993
0.8466192170818505
0.791814946619217
0.7626334519572954
0.8085409252669039
0.797153024911032
0.7594306049822064
0.8298932384341637
0.8338078291814947
0.8676156583629894
0.8117437722419929
0.800711743772242
0.9284697508896798
0.8647686832740213
0.804626334519573
0.8167259786476868
0.7886120996441282
0.8398576512455516
0.8167259786476868
0.7690391459074734
0.7750889679715303
0.8683274021352313
0.8953736654804271
0.8548042704626334
0.8380782918149466
0.8302491103202847
0.8658362989323843
0.899644128113879
0.8939501779359431
0.7935943060498221
0.9138790035587189
0.8825622775800712
0.8686832740213523
0.896797153024911
0.8676156583629894
0.8669039145907473
0.8889679715302491
0.8907473309608541
0.895017793594306
0.8316725978647687
0.9238434163701068
0.7540925266903915
0.8309608540925267
0.8743772241992882
0.8583629893238434
0.8889679715302491
0.8227758007117437
0.8790035587188612
0.9587188612099644
0.892526690391459
0.8683274021352313
0.9572953736654805
0.8861209964412812
0.8861209964412812
0.8679715302491103
0.9306049822064056
0.8804270462633452
0.8512455516014235
0.7843416370106762
0.8096085409252669
0.7608540925266903
0.8725978647686833
0.8587188612099644
0.9163701067615658
0.8715302491103203
0.5345195729537366
0.7156583629893238
0.9160142348754449
0.802491103202847
0.8551601423487545
0.8921708185053381
0.8402135231316726
0.898932384341637
0.7259786476868327
0.8181494661921708
0.901067615658363
0.8921708185053381
0.593238434163701
0.8864768683274021
0.8711743772241993
0.8583629893238434
0.8555160142348754
0.7074733096085409
0.8572953736654805
0.6978647686832741
0.8669039145907473
0.8153024911032029
0.8306049822064057
0.7398576512455516
0.7811387900355872
0.804982206405694
0.8608540925266904
0.7829181494661922
0.890391459074733
0.8729537366548042
0.8409252669039146
0.7064056939501779
0.8338078291814947
0.8701067615658363
0.9259786476868327
0.7782918149466193
0.7370106761565837
0.8608540925266904
0.8626334519572953
0.7804270462633452
0.8725978647686833
0.8341637010676156
0.7665480427046263
0.8672597864768683
0.7637010676156584
0.8640569395017793
0.9419928825622775
0.9427046263345196
0.8505338078291815
0.8761565836298932
0.9153024911032028
0.9451957295373665
0.8384341637010676
0.7209964412811388
0.7743772241992882
0.803914590747331
0.31743772241992885
0.8711743772241993
0.8316725978647687
0.7476868327402135
0.8654804270462634
0.7419928825622776
0.9281138790035587
0.8701067615658363
0.8085409252669039
0.9138790035587189
0.8291814946619217
0.5569395017793595
0.8587188612099644
0.9142348754448398
0.8498220640569395
0.6807829181494662
0.9131672597864768
0.7633451957295374
0.8896797153024911
0.7782918149466193
0.8427046263345196
0.9153024911032028
0.7444839857651245
0.7722419928825622
0.7889679715302491
0.806049822064057
0.8064056939501779
0.8597864768683274
0.6686832740213523
0.8480427046263345
0.9153024911032028
0.3064056939501779
0.8444839857651245
0.7811387900355872
0.6576512455516014
0.8259786476868327
0.8779359430604983
0.7373665480427046
0.893594306049822
0.8615658362989324
0.8871886120996442
0.8576512455516014
0.6160142348754448
0.7483985765124556
0.8327402135231317
0.8416370106761566
0.8818505338078292
0.8067615658362989
0.8583629893238434
0.9145907473309609
0.805693950177936
0.8106761565836299
0.9167259786476868
0.8405693950177936
0.8505338078291815
0.8629893238434164
0.9071174377224199
0.8921708185053381
0.8921708185053381
0.80355871886121
0.8441281138790035
0.7679715302491104
0.901067615658363
0.8729537366548042
0.7886120996441282
0.8633451957295374
0.8345195729537367
0.8597864768683274
0.8149466192170819
0.8612099644128114
0.8864768683274021
0.8402135231316726
0.8640569395017793
0.7487544483985765
0.8672597864768683
0.8334519572953737
0.8480427046263345
0.8846975088967971
0.7601423487544484
0.8537366548042704
0.8391459074733096
0.9206405693950178
0.9594306049822064
0.9615658362989323
0.7907473309608541
0.7875444839857652
0.899644128113879
0.8572953736654805
0.8740213523131672
0.9612099644128114
0.8800711743772242
0.7658362989323844
0.9487544483985765
0.8476868327402135
0.8985765124555161
0.9231316725978648
0.7722419928825622
0.7281138790035587
0.8291814946619217
0.8078291814946619
0.7505338078291814
0.8854092526690391
0.8672597864768683
0.9395017793594306
0.8238434163701067
0.7879003558718861
0.7195729537366548
0.0007117437722419929
0.8313167259786477
0.8466192170818505
0.7882562277580071
0.7814946619217081
0.9313167259786477
0.801423487544484
0.8437722419928826
0.9170818505338079
0.7925266903914591
0.903202846975089
0.7505338078291814
0.9306049822064056
0.8576512455516014
0.8291814946619217
0.8572953736654805
0.7743772241992882
0.6555160142348755
0.8943060498220641
0.703202846975089
0.8402135231316726
0.8569395017793594
0.8448398576512456
0.8213523131672598
0.8604982206405694
0.8782918149466192
0.892526690391459
0.8587188612099644
0.7352313167259786
0.8131672597864769
0.8619217081850534
0.8195729537366548
0.9202846975088967
0.8241992882562278
0.9124555160142349
0.8911032028469751
0.8676156583629894
0.8185053380782918
0.9419928825622775
0.8765124555160142
0.796797153024911
0.8516014234875445
0.9081850533807829
0.8128113879003559
0.8750889679715302
0.80711743772242
0.7619217081850533
0.8676156583629894
0.8444839857651245
0.80355871886121
0.8288256227758007
0.9747330960854093
0.8822064056939501
0.8953736654804271
0.902135231316726
0.9733096085409253
0.8879003558718861
0.8330960854092526
0.8544483985765124
0.9583629893238435
0.9085409252669039
0.6825622775800712
0.9206405693950178
0.8846975088967971
0.9416370106761566
0.8846975088967971
0.7508896797153025
0.8921708185053381
0.8323843416370107
0.9523131672597864
0.8402135231316726
0.7580071174377224
0.8430604982206406
0.9266903914590747
0.8021352313167259
0.7772241992882563
0.8565836298932384
0.8078291814946619
0.7715302491103203
0.8690391459074733
0.8900355871886121
0.8188612099644128
0.8537366548042704
0.8555160142348754
0.7576512455516015
0.9434163701067616
0.899644128113879
0.7893238434163701
0.90355871886121
0.8523131672597865
0.8750889679715302
0.9
0.7790035587188612
0.8761565836298932
0.9131672597864768
0.8160142348754449
0.7587188612099645
0.8797153024911032
0.8327402135231317
0.8451957295373665
0.595373665480427
0.7722419928825622
0.9455516014234876
0.7110320284697509
0.8562277580071175
0.8487544483985765
0.7491103202846975
0.8323843416370107
0.8718861209964412
0.708185053380783
0.7843416370106762
0.902491103202847
0.8765124555160142
0.8231316725978648
0.8359430604982206
0.9249110320284698
0.8875444839857651
0.8412811387900356
0.9288256227758007
0.7779359430604982
0.8523131672597865
0.7601423487544484
0.8441281138790035
0.7935943060498221
0.7412811387900355
0.7533807829181495
0.7348754448398577
0.8505338078291815
0.7793594306049823
0.8092526690391459
0.800711743772242
0.8683274021352313
0.7900355871886121
0.7747330960854093
0.8743772241992882
0.9419928825622775
0.7758007117437722
0.8857651245551601
0.8459074733096086
0.8644128113879004
0.9110320284697508
0.7775800711743772
0.9306049822064056
0.8953736654804271
0.7676156583629893
0.8633451957295374
0.8217081850533808
0.9156583629893238
0.8765124555160142
0.9316725978647686
0.8587188612099644
0.896085409252669
0.900711743772242
0.8103202846975089
0.6715302491103203
0.6252669039145907
0.8487544483985765
0.9263345195729538
0.9544483985765124
0.8526690391459075
0.895729537366548
0.8156583629893238
0.8615658362989324
0.7946619217081851
0.9412811387900356
0.7644128113879004
0.7772241992882563
0.8704626334519573
0.8708185053380783
0.8647686832740213
0.7644128113879004
0.8498220640569395
0.90355871886121
0.8373665480427046
0.9797153024911032
0.896797153024911
0.896085409252669
0.8338078291814947
0.8889679715302491
0.9099644128113878
0.9113879003558719
0.9526690391459075
0.4462633451957295
0.7501779359430605
0.8782918149466192
0.8217081850533808
0.8747330960854093
0.7615658362989324
0.898220640569395
0.8758007117437723
0.8540925266903915
0.8697508896797153
0.5637010676156584
0.7935943060498221
0.9679715302491103
0.9039145907473309
0.9124555160142349
0.8715302491103203
0.8693950177935943
0.8754448398576512
0.8355871886120997
0.8932384341637011
0.8886120996441281
0.8900355871886121
0.9028469750889679
0.7644128113879004
0.9309608540925267
0.8832740213523131
0.8252669039145908
0.8772241992882562
0.7857651245551601
0.8565836298932384
0.902135231316726
0.7740213523131673
0.894661921708185
0.8487544483985765
0.7637010676156584
0.8384341637010676
0.8106761565836299
0.8430604982206406
0.8658362989323843
0.7786476868327402
0.80711743772242
0.9330960854092527
0.7790035587188612
0.8651245551601423
0.9195729537366548
0.798932384341637
0.7341637010676156
0.8572953736654805
0.8252669039145908
0.8619217081850534
0.9124555160142349
0.8701067615658363
0.7871886120996441
0.7241992882562278
0.7779359430604982
0.88932384341637
0.901423487544484
0.9302491103202847
0.9103202846975089
0.8857651245551601
0.8427046263345196
0.7818505338078292
0.793950177935943
0.8163701067615659
0.8348754448398576
0.8850533807829182
0.7249110320284697
0.7647686832740214
0.8423487544483986
0.9238434163701068
0.8633451957295374
0.8402135231316726
0.9491103202846976
0.7868327402135231
0.8932384341637011
0.8647686832740213
0.7241992882562278
0.899644128113879
0.8672597864768683
0.8793594306049822
0.6811387900355872
0.8619217081850534
0.8647686832740213
0.8572953736654805
0.9259786476868327
0.7850533807829182
0.7708185053380783
0.9142348754448398
0.897864768683274
0.9096085409252669
0.8284697508896797
0.7932384341637011
0.7405693950177936
0.8074733096085409
0.895729537366548
0.8451957295373665
0.9508896797153025
0.8601423487544484
0.8818505338078292
0.9373665480427046
0.8601423487544484
0.897864768683274
0.9274021352313168
0.8779359430604983
0.8829181494661922
0.8608540925266904
0.8750889679715302
0.9028469750889679
0.8462633451957295
0.8654804270462634
0.7526690391459074
0.7309608540925266
0.907829181494662
0.7494661921708186
0.8110320284697509
0.895017793594306
0.9373665480427046
0.8448398576512456
0.805693950177936
0.8277580071174377
0.8516014234875445
0.9192170818505339
0.8437722419928826
0.9281138790035587
0.8113879003558719
0.9252669039145908
0.899288256227758
0.8654804270462634
0.9555160142348754
0.8733096085409253
0.8291814946619217
0.7106761565836299
0.805693950177936
0.7683274021352313
0.8106761565836299
0.801423487544484
0.8708185053380783
0.9501779359430605
0.8476868327402135
0.895729537366548
0.8679715302491103
0.8822064056939501
0.8743772241992882
0.8526690391459075
0.9071174377224199
0.7306049822064057
0.8565836298932384
0.8298932384341637
0.8523131672597865
0.8800711743772242
0.9491103202846976
0.8423487544483986
0.6750889679715303
0.9177935943060498
0.8430604982206406
0.8900355871886121
0.8469750889679716
0.6647686832740214
0.9049822064056939
0.399644128113879
0.8768683274021353
0.7765124555160142
0.7284697508896797
0.801067615658363
0.8622775800711744
0.8281138790035587
0.8825622775800712
0.9245551601423487
0.8871886120996442
0.8074733096085409
0.697153024911032
0.8199288256227758
0.6241992882562277
0.800355871886121
0.8483985765124555
0.904270462633452
0.892526690391459
0.7202846975088968
0.7903914590747331
0.798576512455516
0.904626334519573
0.7701067615658364
0.8846975088967971
0.9348754448398576
0.7686832740213523
0.7572953736654804
0.901067615658363
0.8544483985765124
0.9145907473309609
0.801067615658363
0.8640569395017793
0.7886120996441282
0.9572953736654805
0.8177935943060498
0.898220640569395
0.9128113879003559
0.8669039145907473
0.897153024911032
0.8160142348754449
0.9039145907473309
0.8131672597864769
0.9419928825622775
0.88932384341637
0.9135231316725979
0.9281138790035587
0.7750889679715303
0.9576512455516014
0.7309608540925266
0.9181494661921709
0.7832740213523132
0.7427046263345196
0.8106761565836299
0.8576512455516014
0.8665480427046264
0.9181494661921709
0.800355871886121
0.8491103202846975
0.8398576512455516
0.8857651245551601
0.8245551601423488
0.7839857651245552
0.7637010676156584
0.9163701067615658
0.7459074733096085
0.7893238434163701
0.8651245551601423
0.6544483985765125
0.8295373665480427
0.8192170818505338
0.7619217081850533
0.8309608540925267
0.7669039145907474
0.8800711743772242
0.8459074733096086
0.8907473309608541
0.801423487544484
0.8373665480427046
0.9284697508896798
0.8558718861209964
0.7886120996441282
0.7857651245551601
0.8804270462633452
0.9085409252669039
0.8775800711743772
0.8330960854092526
0.9156583629893238
0.7501779359430605
0.32562277580071175
0.8128113879003559
0.8352313167259786
0.7697508896797153
0.8871886120996442
0.8597864768683274
0.8145907473309608
0.8854092526690391
0.8142348754448399
0.892526690391459
0.9053380782918149
0.8117437722419929
0.8953736654804271
0.9039145907473309
0.9245551601423487
0.799288256227758
0.8854092526690391
0.7619217081850533
0.7761565836298933
0.6330960854092527
0.88932384341637
0.6487544483985765
0.8729537366548042
0.8580071174377224
0.7131672597864769
0.9174377224199288
0.8174377224199288
0.9480427046263346
0.7185053380782919
0.8825622775800712
0.9167259786476868
0.8911032028469751
0.8302491103202847
0.8516014234875445
0.8099644128113879
0.8896797153024911
0.8427046263345196
0.9110320284697508
0.7886120996441282
0.6035587188612099
0.8085409252669039
0.899288256227758
0.6875444839857652
0.7501779359430605
0.8128113879003559
0.706049822064057
0.9181494661921709
0.7797153024911032
0.7811387900355872
0.8832740213523131
0.8829181494661922
0.8209964412811388
0.8911032028469751
0.7743772241992882
0.8455516014234875
0.8131672597864769
0.8768683274021353
0.9128113879003559
0.15231316725978647
0.8238434163701067
0.8298932384341637
0.8725978647686833
0.8145907473309608
0.8352313167259786
0.8177935943060498
0.9341637010676157
0.7893238434163701
0.9049822064056939
0.9231316725978648
0.8156583629893238
0.8153024911032029
0.90355871886121
0.8224199288256228
0.8160142348754449
0.8160142348754449
0.9348754448398576
0.7434163701067615
0.8274021352313167
0.8896797153024911
0.9640569395017794
0.9423487544483986
0.795017793594306
0.8619217081850534
0.79288256227758
0.9587188612099644
0.8572953736654805
0.8387900355871886
0.9266903914590747
0.8491103202846975
0.8697508896797153
0.7697508896797153
0.9071174377224199
0.8900355871886121
0.8758007117437723
0.8804270462633452
0.798932384341637
0.8597864768683274
0.9103202846975089
0.7836298932384341
0.791814946619217
0.8918149466192171
0.8202846975088968
0.8491103202846975
0.8345195729537367
0.7893238434163701
0.9138790035587189
0.8128113879003559
0.8679715302491103
0.6854092526690392
0.8743772241992882
0.8434163701067615
0.8391459074733096
0.18398576512455517
0.8398576512455516
0.900355871886121
0.9629893238434164
0.8412811387900356
0.8409252669039146
0.8615658362989324
0.9804270462633452
0.7779359430604982
0.8487544483985765
0.8736654804270463
0.8612099644128114
0.8110320284697509
0.8348754448398576
0.894661921708185
0.8124555160142348
0.8864768683274021
0.8537366548042704
0.8868327402135231
0.7384341637010676
0.8651245551601423
0.8743772241992882
0.9412811387900356
0.24804270462633451
0.8249110320284697
0.8782918149466192
0.41352313167259785
0.9405693950177936
0.8188612099644128
0.7875444839857652
0.702491103202847
0.8918149466192171
0.8145907473309608
0.7185053380782919
0.8533807829181494
0.7836298932384341
0.6822064056939502
0.8790035587188612
0.7669039145907474
0.8469750889679716
0.8455516014234875
0.8569395017793594
0.9124555160142349
0.8854092526690391
0.796085409252669
0.9544483985765124
0.7868327402135231
0.9092526690391459
0.8380782918149466
0.9017793594306049
0.8562277580071175
0.901067615658363
0.893594306049822
0.7562277580071174
0.8491103202846975
0.8096085409252669
0.7348754448398577
0.6288256227758007
0.8750889679715302
0.8861209964412812
0.7718861209964413
0.80711743772242
0.7483985765124556
0.8419928825622776
0.8064056939501779
0.899288256227758
0.7526690391459074
0.708185053380783
0.8142348754448399
0.9238434163701068
0.6790035587188612
0.7722419928825622
0.896797153024911
0.892526690391459
0.905693950177936
0.9103202846975089
0.9284697508896798
0.8704626334519573
0.700711743772242
0.9320284697508897
0.9594306049822064
0.8797153024911032
0.8213523131672598
0.8469750889679716
0.9156583629893238
0.7224199288256228
0.8530249110320285
0.7790035587188612
0.7373665480427046
0.7715302491103203
0.9718861209964412
0.8601423487544484
0.9167259786476868
0.8861209964412812
0.9039145907473309
0.8637010676156583
0.8626334519572953
0.798576512455516
0.898220640569395
0.8640569395017793
0.8658362989323843
0.7879003558718861
0.8594306049822064
0.8480427046263345
0.7572953736654804
0.895729537366548
0.9402135231316726
0.8679715302491103
0.9117437722419929
0.8551601423487545
0.6597864768683274
0.7505338078291814
0.34341637010676157
0.7590747330960854
0.8604982206405694
0.802846975088968
0.9117437722419929
0.8459074733096086
0.9580071174377224
0.800355871886121
0.8800711743772242
0.8693950177935943
0.8355871886120997
0.9284697508896798
0.8637010676156583
0.9028469750889679
0.904270462633452
0.8729537366548042
0.7697508896797153
0.9341637010676157
0.9234875444839857
0.7288256227758008
0.8548042704626334
0.8544483985765124
0.798220640569395
0.8822064056939501
0.7555160142348755
0.900711743772242
0.8779359430604983
0.8142348754448399
0.8775800711743772
0.8608540925266904
0.8818505338078292
0.7768683274021352
0.8391459074733096
0.8120996441281139
0.9071174377224199
0.7252669039145907
0.900355871886121
0.7654804270462633
0.8544483985765124
0.9825622775800712
0.8455516014234875
0.9483985765124555
0.8427046263345196
0.8843416370106761
0.9736654804270463
0.8256227758007118
0.7925266903914591
0.904270462633452
0.8170818505338078
0.7886120996441282
0.8135231316725978
0.8644128113879004
0.8807829181494662
0.8964412811387901
0.6430604982206406
0.7793594306049823
0.9512455516014234
0.8814946619217082
0.9192170818505339
0.8491103202846975
0.9213523131672597
0.8921708185053381
0.7576512455516015
0.48540925266903917
0.8160142348754449
0.9505338078291815
0.9138790035587189
0.8142348754448399
0.8427046263345196
0.7362989323843416
0.8864768683274021
0.8266903914590747
0.8953736654804271
0.8434163701067615
0.7516014234875444
0.8387900355871886
0.8907473309608541
0.9213523131672597
0.8637010676156583
0.7423487544483985
0.8167259786476868
0.8131672597864769
0.8021352313167259
0.7256227758007118
0.697508896797153
0.7857651245551601
0.8217081850533808
0.8932384341637011
0.9562277580071175
0.7711743772241992
0.804626334519573
0.803914590747331
0.8690391459074733
0.8067615658362989
0.8932384341637011
0.8270462633451957
0.8167259786476868
0.802846975088968
0.9064056939501779
0.8775800711743772
0.7893238434163701
0.8480427046263345
0.8188612099644128
0.7818505338078292
0.8747330960854093
0.7946619217081851
0.8234875444839858
0.8195729537366548
0.8932384341637011
0.9099644128113878
0.8846975088967971
0.88932384341637
0.7797153024911032
0.8729537366548042
0.7266903914590748
0.8683274021352313
0.9306049822064056
0.8345195729537367
0.7800711743772242
0.8928825622775801
0.8975088967971531
0.8224199288256228
0.8338078291814947
0.8341637010676156
0.8149466192170819
0.8800711743772242
0.8355871886120997
0.7537366548042704
0.798932384341637
0.6854092526690392
0.804982206405694
0.899644128113879
0.8669039145907473
0.8359430604982206
0.7491103202846975
0.8793594306049822
0.800711743772242
0.7953736654804271
0.8558718861209964
0.9053380782918149
0.9131672597864768
0.8516014234875445
0.9274021352313168
0.7124555160142348
0.8879003558718861
0.897153024911032
0.8377224199288256
0.8921708185053381
0.7711743772241992
0.9857651245551602
0.7380782918149467
0.80711743772242
0.5387900355871886
0.9064056939501779
0.8587188612099644
0.5811387900355872
0.8142348754448399
0.8074733096085409
0.9533807829181494
0.8156583629893238
0.9434163701067616
0.7459074733096085
0.8608540925266904
0.800711743772242
0.7491103202846975
0.897153024911032
0.9345195729537367
0.8366548042704627
0.8398576512455516
0.8092526690391459
0.8501779359430605
0.7505338078291814
0.8238434163701067
0.5092526690391459
0.8455516014234875
0.40747330960854095
0.904270462633452
0.7106761565836299
0.8345195729537367
0.8032028469750889
0.8629893238434164
0.9074733096085409
0.8604982206405694
0.7277580071174378
0.8537366548042704
0.7686832740213523
0.3697508896797153
0.9409252669039145
0.8224199288256228
0.9224199288256227
0.7704626334519573
0.7811387900355872
0.8758007117437723
0.7935943060498221
0.9306049822064056
0.8302491103202847
0.9355871886120997
0.7701067615658364
0.9266903914590747
0.7772241992882563
0.7480427046263345
0.8580071174377224
0.8548042704626334
0.8398576512455516
0.7750889679715303
0.893594306049822
0.9131672597864768
0.8067615658362989
0.88932384341637
0.8857651245551601
0.7576512455516015
0.8629893238434164
0.8729537366548042
0.8601423487544484
0.27402135231316727
0.8241992882562278
0.895729537366548
0.8508896797153025
0.8306049822064057
0.796797153024911
0.9441281138790035
0.8889679715302491
0.8829181494661922
0.903202846975089
0.88932384341637
0.8736654804270463
0.7615658362989324
0.8387900355871886
0.2277580071174377
0.9071174377224199
0.88932384341637
0.9241992882562278
0.9483985765124555
0.9437722419928826
0.90355871886121
0.9131672597864768
0.8604982206405694
0.7473309608540926
0.9206405693950178
0.8676156583629894
0.8569395017793594
0.8096085409252669
0.796797153024911
0.894661921708185
0.7750889679715303
0.9017793594306049
0.8128113879003559
0.8451957295373665
0.8658362989323843
0.892526690391459
0.9071174377224199
0.5754448398576513
0.9199288256227758
0.8879003558718861
0.9451957295373665
0.8402135231316726
0.8448398576512456
0.9594306049822064
0.8590747330960854
0.7761565836298933
0.9053380782918149
0.8679715302491103
0.8053380782918149
0.6875444839857652
0.80355871886121
0.8576512455516014
0.9298932384341637
0.8943060498220641
0.7590747330960854
0.8241992882562278
0.8587188612099644
0.7551601423487544
0.8259786476868327
0.893594306049822
0.7679715302491104
0.796085409252669
0.7946619217081851
0.8313167259786477
0.8348754448398576
0.9124555160142349
0.7697508896797153
0.8697508896797153
0.7384341637010676
0.8886120996441281
0.8533807829181494
0.9103202846975089
0.8359430604982206
0.8793594306049822
0.8928825622775801
0.8836298932384342
0.9259786476868327
0.9640569395017794
0.8857651245551601
0.8640569395017793
0.7814946619217081
0.900711743772242
0.8665480427046264
0.902491103202847
0.8231316725978648
0.9085409252669039
0.8494661921708185
0.8907473309608541
0.6893238434163701
0.8697508896797153
0.8644128113879004
0.7523131672597865
0.8939501779359431
0.9060498220640569
0.8313167259786477
0.7896797153024911
0.893594306049822
0.8526690391459075
0.8669039145907473
0.8758007117437723
0.8448398576512456
0.7925266903914591
0.8362989323843416
0.895729537366548
0.9402135231316726
0.8846975088967971
0.31708185053380783
0.9120996441281138
0.8871886120996442
0.9370106761565836
0.8234875444839858
0.8434163701067615
0.797508896797153
0.9074733096085409
0.8156583629893238
0.9145907473309609
0.8565836298932384
0.8587188612099644
0.796797153024911
0.8836298932384342
0.8160142348754449
0.8085409252669039
0.899644128113879
0.8985765124555161
0.7879003558718861
0.8747330960854093
0.8238434163701067
0.8373665480427046
0.9177935943060498
0.8814946619217082
0.8498220640569395
0.9572953736654805
0.8601423487544484
0.8615658362989324
0.8448398576512456
0.798932384341637
0.8711743772241993
0.8921708185053381
0.7352313167259786
0.8341637010676156
0.7879003558718861
0.7594306049822064
0.8629893238434164
0.8587188612099644
0.896797153024911
0.7
0.8263345195729538
0.8519572953736655
0.6772241992882563
0.8900355871886121
0.7270462633451957
0.8743772241992882
0.8355871886120997
0.7889679715302491
0.7135231316725978
0.8836298932384342
0.9085409252669039
0.8900355871886121
0.8587188612099644
0.7637010676156584
0.8476868327402135
0.8078291814946619
0.7519572953736655
0.8405693950177936
0.7067615658362989
0.8291814946619217
0.7423487544483985
0.9654804270462634
0.8345195729537367
0.8822064056939501
0.7743772241992882
0.7637010676156584
0.8373665480427046
0.9455516014234876
0.9839857651245552
0.7743772241992882
0.8437722419928826
0.7448398576512456
0.4092526690391459
0.9501779359430605
0.9288256227758007
0.2950177935943061
0.8921708185053381
0.9064056939501779
0.797153024911032
0.9654804270462634
0.8928825622775801
0.7775800711743772
0.8879003558718861
0.7345195729537367
0.7768683274021352
0.8818505338078292
0.8804270462633452
0.9167259786476868
0.7669039145907474
0.701067615658363
0.801779359430605
0.8220640569395018
0.7548042704626334
0.8466192170818505
0.8074733096085409
0.8338078291814947
0.900355871886121
0.7295373665480427
0.8323843416370107
0.793950177935943
0.7576512455516015
0.8704626334519573
0.8480427046263345
0.896085409252669
0.890391459074733
0.7690391459074734
0.8313167259786477
0.8448398576512456
0.9590747330960854
0.8231316725978648
0.8341637010676156
0.9238434163701068
0.8462633451957295
0.88932384341637
0.8654804270462634
0.8128113879003559
0.7743772241992882
0.8633451957295374
0.9569395017793594
0.8889679715302491
0.8096085409252669
0.8241992882562278
0.8686832740213523
0.9345195729537367
0.892526690391459
0.8476868327402135
0.8825622775800712
0.8832740213523131
0.8238434163701067
0.8245551601423488
0.9323843416370107
0.8110320284697509
0.8473309608540925
0.906761565836299
0.5818505338078291
0.8074733096085409
0.8594306049822064
0.8601423487544484
0.8601423487544484
0.8135231316725978
0.5900355871886122
0.8879003558718861
0.9138790035587189
0.8558718861209964
0.8626334519572953
0.79644128113879
0.8494661921708185
0.7551601423487544
0.908896797153025
0.7750889679715303
0.8896797153024911
0.8715302491103203
0.8224199288256228
0.8441281138790035
0.8576512455516014
0.8637010676156583
0.9451957295373665
0.7647686832740214
0.8153024911032029
0.8882562277580072
0.8395017793594306
0.791814946619217
0.7316725978647687
0.9295373665480428
0.898220640569395
0.8750889679715302
0.3281138790035587
0.9291814946619217
0.9245551601423487
0.8291814946619217
0.8676156583629894
0.7889679715302491
0.8170818505338078
0.7843416370106762
0.896797153024911
0.797864768683274
0.9153024911032028
0.9120996441281138
0.7569395017793594
0.9177935943060498
0.8854092526690391
0.8128113879003559
0.8412811387900356
0.796085409252669
0.8772241992882562
0.8220640569395018
0.7832740213523132
0.7647686832740214
0.8266903914590747
0.8064056939501779
0.7192170818505338
0.8138790035587189
0.8441281138790035
0.7846975088967971
0.9185053380782918
0.8822064056939501
0.09537366548042704
0.7718861209964413
0.8405693950177936
0.9185053380782918
0.8765124555160142
0.7622775800711744
0.8693950177935943
0.7864768683274022
0.9302491103202847
0.804982206405694
0.8918149466192171
0.8459074733096086
0.7846975088967971
0.6750889679715303
0.791814946619217
0.9683274021352313
0.6348754448398577
0.8327402135231317
0.9270462633451957
0.8067615658362989
0.8665480427046264
0.7256227758007118
0.9209964412811388
0.8288256227758007
0.8871886120996442
0.8921708185053381
0.9480427046263346
0.8362989323843416
0.3790035587188612
0.8722419928825623
0.9192170818505339
0.8451957295373665
0.9106761565836299
0.9722419928825623
0.700355871886121
0.8402135231316726
0.8284697508896797
0.9192170818505339
0.8469750889679716
0.8850533807829182
0.903202846975089
0.79288256227758
0.8519572953736655
0.9099644128113878
0.7056939501779359
0.8138790035587189
0.8686832740213523
0.8622775800711744
0.8651245551601423
0.902491103202847
0.8387900355871886
0.9391459074733096
0.8462633451957295
0.7483985765124556
0.8864768683274021
0.8772241992882562
0.8149466192170819
0.905693950177936
0.8704626334519573
0.902491103202847
0.7683274021352313
0.8167259786476868
0.903202846975089
0.90355871886121
0.7451957295373666
0.9092526690391459
0.9558718861209965
0.7911032028469751
0.6900355871886121
0.9028469750889679
0.9291814946619217
0.8612099644128114
0.9697508896797153
0.8900355871886121
0.8868327402135231
0.8491103202846975
0.7234875444839858
0.899644128113879
0.8306049822064057
0.7672597864768683
0.79644128113879
0.8537366548042704
0.9074733096085409
0.7526690391459074
0.8633451957295374
0.9654804270462634
0.7615658362989324
0.7281138790035587
0.8626334519572953
0.8619217081850534
0.801423487544484
0.7932384341637011
0.8088967971530249
0.9259786476868327
0.8498220640569395
0.7661921708185053
0.8928825622775801
0.8551601423487545
0.7612099644128114
0.88932384341637
0.1683274021352313
0.8964412811387901
0.8644128113879004
0.7487544483985765
0.9288256227758007
0.9209964412811388
0.797153024911032
0.3302491103202847
0.9355871886120997
0.8170818505338078
0.7263345195729537
0.8861209964412812
0.8640569395017793
0.7854092526690392
0.8523131672597865
0.7519572953736655
0.6234875444839858
0.901423487544484
0.7886120996441282
0.805693950177936
0.796797153024911
0.8185053380782918
0.7341637010676156
0.8612099644128114
0.9231316725978648
0.9313167259786477
0.8370106761565836
0.793950177935943
0.7523131672597865
0.8548042704626334
0.7896797153024911
0.7441281138790036
0.9071174377224199
0.7704626334519573
0.9419928825622775
0.8953736654804271
0.9284697508896798
0.9117437722419929
0.9149466192170819
0.6697508896797153
0.9192170818505339
0.8886120996441281
0.8604982206405694
0.9430604982206405
0.8839857651245552
0.8106761565836299
0.8733096085409253
0.9366548042704627
0.8487544483985765
0.9451957295373665
0.8234875444839858
0.806049822064057
0.8943060498220641
0.9142348754448398
0.901067615658363
0.9334519572953737
0.8953736654804271
0.7747330960854093
0.896085409252669
0.7217081850533807
0.805693950177936
0.896085409252669
0.6672597864768683
0.8209964412811388
0.896085409252669
0.9181494661921709
0.8533807829181494
0.7398576512455516
0.8825622775800712
0.6209964412811388
0.8637010676156583
0.8886120996441281
0.8345195729537367
0.9498220640569395
0.901423487544484
0.8590747330960854
0.9423487544483986
0.7925266903914591
0.8149466192170819
0.8138790035587189
0.8298932384341637
0.6889679715302491
0.88932384341637
0.7298932384341636
0.8323843416370107
0.7736654804270463
0.8814946619217082
0.8032028469750889
0.8266903914590747
0.9501779359430605
0.9462633451957295
0.7836298932384341
0.8124555160142348
0.8320284697508897
0.8441281138790035
0.8633451957295374
0.8195729537366548
0.8238434163701067
0.9508896797153025
0.8612099644128114
0.8708185053380783
0.890391459074733
0.8864768683274021
0.796085409252669
0.7893238434163701
0.9053380782918149
0.9412811387900356
0.7437722419928826
0.7619217081850533
0.8594306049822064
0.904270462633452
0.8135231316725978
0.8708185053380783
0.796797153024911
0.8259786476868327
0.80711743772242
0.8209964412811388
0.8985765124555161
0.7879003558718861
0.7733096085409252
0.798220640569395
0.8669039145907473
0.7576512455516015
0.904626334519573
0.7843416370106762
0.8526690391459075
0.7640569395017793
0.9245551601423487
0.9096085409252669
0.801067615658363
0.8281138790035587
0.9387900355871887
0.7647686832740214
0.9074733096085409
0.8729537366548042
0.7459074733096085
0.8722419928825623
0.895017793594306
0.7686832740213523
0.9106761565836299
0.8256227758007118
0.7580071174377224
0.8722419928825623
0.8192170818505338
0.8661921708185053
0.8064056939501779
0.8177935943060498
0.8875444839857651
0.8811387900355871
0.8701067615658363
0.8743772241992882
0.9608540925266904
0.9270462633451957
0.9206405693950178
0.7669039145907474
0.8224199288256228
0.801423487544484
0.7729537366548043
0.9106761565836299
0.9398576512455517
0.8704626334519573
0.8651245551601423
0.7846975088967971
0.8295373665480427
0.7558718861209964
0.8836298932384342
0.8825622775800712
0.8149466192170819
0.8192170818505338
0.8886120996441281
0.8637010676156583
0.7419928825622776
0.7370106761565837
0.8409252669039146
0.9423487544483986
0.8765124555160142
0.904626334519573
0.9274021352313168
0.8170818505338078
0.9323843416370107
0.9558718861209965
0.9185053380782918
0.7124555160142348
0.8355871886120997
0.6811387900355872
0.5918149466192171
0.9202846975088967
0.7935943060498221
0.8117437722419929
0.8199288256227758
0.8032028469750889
0.8238434163701067
0.8362989323843416
0.6455516014234876
0.7537366548042704
0.8772241992882562
0.898220640569395
0.8355871886120997
0.8701067615658363
0.592170818505338
0.45266903914590745
0.8419928825622776
0.7555160142348755
0.6925266903914591
0.7637010676156584
0.7676156583629893
0.8202846975088968
0.701423487544484
0.8085409252669039
0.8604982206405694
0.3747330960854093
0.7804270462633452
0.7309608540925266
0.7733096085409252
0.80711743772242
0.80355871886121
0.8590747330960854
0.902135231316726
0.8761565836298932
0.8270462633451957
0.8199288256227758
0.8679715302491103
0.8441281138790035
0.8437722419928826
0.8711743772241993
0.8679715302491103
0.8348754448398576
0.7387900355871886
0.6526690391459075
0.8306049822064057
0.7758007117437722
0.8868327402135231
0.8284697508896797
0.8430604982206406
0.905693950177936
0.7042704626334519
0.7658362989323844
0.8483985765124555
0.9206405693950178
0.8601423487544484
0.7362989323843416
0.5263345195729537
0.8213523131672598
0.8149466192170819
0.8928825622775801
0.7935943060498221
0.896797153024911
0.9249110320284698
0.8679715302491103
0.8715302491103203
0.7430604982206406
0.9049822064056939
0.8775800711743772
0.0007117437722419929
0.6925266903914591
0.7444839857651245
0.908896797153025
0.9822064056939501
0.8565836298932384
0.9270462633451957
0.9209964412811388
0.9081850533807829
0.8615658362989324
0.795017793594306
0.8298932384341637
0.8096085409252669
0.6672597864768683
0.8551601423487545
0.7576512455516015
0.9092526690391459
0.8537366548042704
0.896085409252669
0.8850533807829182
0.9085409252669039
0.8928825622775801
0.9355871886120997
0.808185053380783
0.8209964412811388
0.9227758007117438
0.8338078291814947
0.8975088967971531
0.8241992882562278
0.9192170818505339
0.9110320284697508
0.8491103202846975
0.802491103202847
0.9263345195729538
0.8679715302491103
0.8943060498220641
0.8373665480427046
0.9576512455516014
0.8661921708185053
0.8889679715302491
0.8733096085409253
0.6284697508896797
0.7448398576512456
0.8722419928825623
0.9384341637010676
0.8669039145907473
0.34412811387900355
0.8288256227758007
0.8875444839857651
0.7868327402135231
0.8
0.9405693950177936
0.8341637010676156
0.8142348754448399
0.8797153024911032
0.8106761565836299
0.8612099644128114
0.7750889679715303
0.8120996441281139
0.8501779359430605
0.9686832740213523
0.8665480427046264
0.8530249110320285
0.8501779359430605
0.8829181494661922
0.7871886120996441
0.8181494661921708
0.893594306049822
0.9167259786476868
0.8918149466192171
0.8355871886120997
0.7889679715302491
0.8352313167259786
0.8259786476868327
0.8298932384341637
0.799644128113879
0.7925266903914591
0.8138790035587189
0.908896797153025
0.9028469750889679
0.9263345195729538
0.8565836298932384
0.797508896797153
0.7330960854092526
0.9352313167259787
0.8921708185053381
0.7341637010676156
0.8761565836298932
0.8672597864768683
0.9516014234875445
0.8416370106761566
0.8782918149466192
0.799644128113879
0.799288256227758
0.9366548042704627
0.8156583629893238
0.8234875444839858
0.28647686832740216
0.8074733096085409
0.9281138790035587
0.9053380782918149
0.899288256227758
0.8064056939501779
0.4419928825622776
0.8202846975088968
0.8633451957295374
0.7266903914590748
0.3103202846975089
0.8800711743772242
0.8512455516014235
0.8772241992882562
0.8647686832740213
0.0014234875444839859
0.9348754448398576
0.8516014234875445
0.890391459074733
0.899288256227758
0.800711743772242
0.7206405693950177
0.691814946619217
0.8839857651245552
0.908896797153025
0.9480427046263346
0.8537366548042704
0.906761565836299
0.80355871886121
0.7120996441281139
0.8907473309608541
0.9370106761565836
0.8701067615658363
0.7793594306049823
0.8444839857651245
0.9829181494661922
0.8192170818505338
0.9359430604982206
0.8
0.9217081850533808
0.7192170818505338
0.7359430604982207
0.8626334519572953
0.8473309608540925
0.9288256227758007
0.8466192170818505
0.8686832740213523
0.7768683274021352
0.8153024911032029
0.7829181494661922
0.7523131672597865
0.8637010676156583
0.8298932384341637
0.8398576512455516
0.8505338078291815
0.9419928825622775
0.8284697508896797
0.8042704626334519
0.7775800711743772
0.8740213523131672
0.9249110320284698
0.8697508896797153
0.8334519572953737
0.7679715302491104
0.8782918149466192
0.8427046263345196
0.8530249110320285
0.900711743772242
0.892526690391459
0.8306049822064057
0.9384341637010676
0.8644128113879004
0.8402135231316726
0.8896797153024911
0.6825622775800712
0.8651245551601423
0.8555160142348754
0.8480427046263345
0.8231316725978648
0.31708185053380783
0.8693950177935943
0.8355871886120997
0.708185053380783
0.9263345195729538
0.9085409252669039
0.8174377224199288
0.79288256227758
0.8120996441281139
0.8889679715302491
0.8775800711743772
0.8352313167259786
0.7548042704626334
0.7633451957295374
0.9081850533807829
0.9099644128113878
0.9330960854092527
0.8195729537366548
0.8295373665480427
0.8434163701067615
0.9362989323843416
0.7921708185053381
0.3459074733096085
0.8227758007117437
0.8227758007117437
0.893594306049822
0.895729537366548
0.599288256227758
0.8505338078291815
0.7775800711743772
0.9092526690391459
0.801423487544484
0.8412811387900356
0.8740213523131672
0.8476868327402135
0.8569395017793594
0.7067615658362989
0.8544483985765124
0.8096085409252669
0.800711743772242
0.6320284697508897
0.8661921708185053
0.9096085409252669
0.906761565836299
0.7861209964412811
0.8790035587188612
0.8512455516014235
0.8409252669039146
0.8309608540925267
0.7875444839857652
0.8206405693950178
0.8206405693950178
0.8953736654804271
0.7231316725978648
0.9177935943060498
0.7387900355871886
0.8430604982206406
0.9320284697508897
0.7633451957295374
0.6530249110320284
0.8384341637010676
0.9209964412811388
0.8697508896797153
0.8135231316725978
0.8224199288256228
0.8352313167259786
0.8437722419928826
0.901067615658363
0.8637010676156583
0.299644128113879
0.3476868327402135
0.8530249110320285
0.8473309608540925
0.8765124555160142
0.7590747330960854
0.901423487544484
0.7758007117437722
0.8306049822064057
0.9462633451957295
0.9306049822064056
0.8259786476868327
0.793950177935943
0.9419928825622775
0.804982206405694
0.8562277580071175
0.6558718861209965
0.8594306049822064
0.892526690391459
0.8476868327402135
0.7743772241992882
0.895729537366548
0.8327402135231317
0.8900355871886121
0.802846975088968
0.8889679715302491
0.9
0.7921708185053381
0.8231316725978648
0.9060498220640569
0.890391459074733
0.7672597864768683
0.797153024911032
0.8832740213523131
0.9238434163701068
0.7562277580071174
0.8768683274021353
0.9227758007117438
0.7270462633451957
0.8711743772241993
0.6565836298932385
0.8405693950177936
0.8149466192170819
0.9096085409252669
0.8722419928825623
0.37117437722419927
0.8822064056939501
0.7718861209964413
0.8637010676156583
0.8508896797153025
0.9209964412811388
0.895729537366548
0.8622775800711744
0.9544483985765124
0.8313167259786477
0.9188612099644128
0.8078291814946619
0.7722419928825622
0.9601423487544484
0.8533807829181494
0.8423487544483986
0.8640569395017793
0.8640569395017793
0.8195729537366548
0.8544483985765124
0.8430604982206406
0.9395017793594306
0.8580071174377224
0.79644128113879
0.8911032028469751
0.7711743772241992
0.8758007117437723
0.6725978647686833
0.8555160142348754
0.8540925266903915
0.9320284697508897
0.8103202846975089
0.8811387900355871
0.8661921708185053
0.7651245551601423
0.9270462633451957
0.8487544483985765
0.8743772241992882
0.8259786476868327
0.7790035587188612
0.8320284697508897
0.8540925266903915
0.8683274021352313
0.8348754448398576
0.804626334519573
0.8921708185053381
0.908896797153025
0.899644128113879
0.8583629893238434
0.6441281138790036
0.8473309608540925
0.9366548042704627
0.9761565836298932
0.8711743772241993
0.9145907473309609
0.8117437722419929
0.7715302491103203
0.9576512455516014
0.7284697508896797
0.8430604982206406
0.9106761565836299
0.8128113879003559
0.7800711743772242
0.7704626334519573
0.8886120996441281
0.6790035587188612
0.7644128113879004
0.894661921708185
0.8651245551601423
0.895017793594306
0.8128113879003559
0.9533807829181494
0.7555160142348755
0.9558718861209965
0.8725978647686833
0.7444839857651245
0.80355871886121
0.8142348754448399
0.7879003558718861
0.9092526690391459
0.7814946619217081
0.9149466192170819
0.9647686832740213
0.8900355871886121
0.9562277580071175
0.8434163701067615
0.9081850533807829
0.7722419928825622
0.8829181494661922
0.8430604982206406
0.5466192170818506
0.8725978647686833
0.8772241992882562
0.7854092526690392
0.9177935943060498
0.8366548042704627
0.895729537366548
0.9402135231316726
0.79288256227758
0.899644128113879
0.8274021352313167
0.8323843416370107
0.9487544483985765
0.9857651245551602
0.6882562277580071
0.905693950177936
0.8612099644128114
0.8209964412811388
0.8483985765124555
0.8206405693950178
0.8163701067615659
0.8145907473309608
0.9839857651245552
0.891459074733096
0.8619217081850534
0.9619217081850534
0.88932384341637
0.9049822064056939
0.9402135231316726
0.6836298932384341
0.8419928825622776
0.798220640569395
0.8370106761565836
0.8142348754448399
0.8701067615658363
0.9113879003558719
0.9512455516014234
0.8430604982206406
0.7259786476868327
0.8932384341637011
0.907829181494662
0.8697508896797153
0.9327402135231316
0.9096085409252669
0.796797153024911
0.9085409252669039
0.90355871886121
0.6932384341637011
0.9117437722419929
0.8854092526690391
0.8530249110320285
0.9185053380782918
0.9533807829181494
0.896797153024911
0.7889679715302491
0.9224199288256227
0.9323843416370107
0.893594306049822
0.8672597864768683
0.9348754448398576
0.8380782918149466
0.9380782918149466
0.9896797153024911
0.9074733096085409
0.9352313167259787
0.902135231316726
0.897153024911032
0.9156583629893238
0.9395017793594306
0.8316725978647687
0.7843416370106762
0.8807829181494662
0.891459074733096
0.8633451957295374
0.803914590747331
0.8209964412811388
0.8854092526690391
0.9259786476868327
0.8708185053380783
0.8437722419928826
0.9017793594306049
0.8064056939501779
0.898932384341637
0.7658362989323844
0.7711743772241992
0.6135231316725979
0.9718861209964412
0.8665480427046264
0.9028469750889679
0.7508896797153025
0.6711743772241993
0.8217081850533808
0.8494661921708185
0.9644128113879004
0.8772241992882562
0.9039145907473309
0.7533807829181495
0.900355871886121
0.8804270462633452
0.8765124555160142
0.8704626334519573
0.7886120996441282
0.38540925266903914
0.9074733096085409
0.8900355871886121
0.8551601423487545
0.9092526690391459
0.7743772241992882
0.8758007117437723
0.7807829181494662
0.8644128113879004
0.801779359430605
0.8473309608540925
0.7131672597864769
0.8829181494661922
0.7508896797153025
0.7925266903914591
0.6921708185053381
0.8814946619217082
0.891459074733096
0.796797153024911
0.7366548042704626
0.901067615658363
0.7953736654804271
0.7213523131672598
0.6540925266903914
0.7779359430604982
0.8779359430604983
0.8088967971530249
0.8754448398576512
0.793950177935943
0.8604982206405694
0.8227758007117437
0.8633451957295374
0.8117437722419929
0.8839857651245552
0.8679715302491103
0.901423487544484
0.8775800711743772
0.9181494661921709
0.8455516014234875
0.8800711743772242
0.8092526690391459
0.9658362989323843
0.7879003558718861
0.8391459074733096
0.8779359430604983
0.8309608540925267
0.8135231316725978
0.9441281138790035
0.8174377224199288
0.8640569395017793
0.8206405693950178
0.892526690391459
0.7409252669039146
0.8672597864768683
0.7380782918149467
0.7896797153024911
0.802491103202847
0.8277580071174377
0.7782918149466193
0.8861209964412812
0.799288256227758
0.7448398576512456
0.903202846975089
0.7914590747330961
0.8772241992882562
0.8928825622775801
0.8879003558718861
0.8209964412811388
0.7889679715302491
0.5049822064056939
0.8939501779359431
0.8138790035587189
0.8245551601423488
0.9202846975088967
0.8697508896797153
0.7544483985765125
0.8462633451957295
0.907829181494662
0.8341637010676156
0.7359430604982207
0.895017793594306
0.7889679715302491
0.8128113879003559
0.897153024911032
0.7665480427046263
0.8391459074733096
0.904270462633452
0.8359430604982206
0.8693950177935943
0.8711743772241993
0.8462633451957295
0.7330960854092526
0.8765124555160142
0.6555160142348755
0.8644128113879004
0.6861209964412811
0.8537366548042704
0.7544483985765125
0.8555160142348754
0.7718861209964413
0.8523131672597865
0.891459074733096
0.904270462633452
0.8209964412811388
0.7224199288256228
0.9145907473309609
0.7782918149466193
0.9128113879003559
0.901067615658363
0.7622775800711744
0.9181494661921709
0.8213523131672598
0.7722419928825622
0.7459074733096085
0.8142348754448399
0.8654804270462634
0.7715302491103203
0.8807829181494662
0.2494661921708185
0.8042704626334519
0.8466192170818505
0.6633451957295373
0.8135231316725978
0.9153024911032028
0.8309608540925267
0.9245551601423487
0.8782918149466192
0.8306049822064057
0.3298932384341637
0.8149466192170819
0.7822064056939502
0.8131672597864769
0.8868327402135231
0.7893238434163701
0.9224199288256227
0.7850533807829182
0.9348754448398576
0.7516014234875444
0.8302491103202847
0.8128113879003559
0.902135231316726
0.8601423487544484
0.890391459074733
0.7654804270462633
0.8241992882562278
0.6327402135231317
0.8683274021352313
0.8192170818505338
0.7740213523131673
0.7398576512455516
0.8939501779359431
0.8711743772241993
0.9113879003558719
0.8498220640569395
0.7893238434163701
0.9224199288256227
0.9185053380782918
0.8459074733096086
0.5370106761565836
0.8341637010676156
0.8373665480427046
0.8110320284697509
0.7822064056939502
0.897864768683274
0.897864768683274
0.8526690391459075
0.9120996441281138
0.899288256227758
0.7943060498220641
0.9224199288256227
0.8473309608540925
0.9462633451957295
0.8398576512455516
0.6875444839857652
0.8647686832740213
0.8533807829181494
0.8537366548042704
0.8775800711743772
0.8530249110320285
0.7295373665480427
0.9234875444839857
0.8448398576512456
0.8879003558718861
0.7533807829181495
0.9622775800711744
0.7925266903914591
0.8085409252669039
0.8355871886120997
0.8679715302491103
0.9113879003558719
0.7811387900355872
0.9320284697508897
0.8245551601423488
0.8274021352313167
0.799288256227758
0.8398576512455516
0.9402135231316726
0.9402135231316726
0.9160142348754449
0.8590747330960854
0.8725978647686833
0.9871886120996441
0.8377224199288256
0.7911032028469751
0.9451957295373665
0.7594306049822064
0.8195729537366548
0.8192170818505338
0.38754448398576513
0.7793594306049823
0.5523131672597865
0.9160142348754449
0.899288256227758
0.8822064056939501
0.7587188612099645
0.7341637010676156
0.7640569395017793
0.9249110320284698
0.8249110320284697
0.7583629893238434
0.7754448398576512
0.8864768683274021
0.9330960854092527
0.9366548042704627
0.8263345195729538
0.8850533807829182
0.9658362989323843
0.9192170818505339
0.7231316725978648
0.8629893238434164
0.9081850533807829
0.7750889679715303
0.7302491103202847
0.8654804270462634
0.8804270462633452
0.8170818505338078
0.8918149466192171
0.9227758007117438
0.8195729537366548
0.7494661921708186
0.9138790035587189
0.8626334519572953
0.698220640569395
0.8800711743772242
0.8469750889679716
0.8231316725978648
0.8690391459074733
0.8106761565836299
0.9380782918149466
0.900355871886121
0.898220640569395
0.8619217081850534
0.8943060498220641
0.8572953736654805
0.8807829181494662
0.8466192170818505
0.8338078291814947
0.8754448398576512
0.7829181494661922
0.8437722419928826
0.7832740213523132
0.7804270462633452
0.6067615658362989
0.7758007117437722
0.7733096085409252
0.896797153024911
0.8683274021352313
0.798220640569395
0.7501779359430605
0.90355871886121
0.9526690391459075
0.804626334519573
0.7362989323843416
0.8498220640569395
0.8281138790035587
0.9274021352313168
0.8765124555160142
0.9551601423487545
0.7637010676156584
0.8455516014234875
0.6903914590747331
0.8928825622775801
0.8274021352313167
0.7715302491103203
0.8658362989323843
0.8074733096085409
0.9185053380782918
0.7943060498220641
0.9733096085409253
0.8797153024911032
0.8601423487544484
