0.8271124935199585
0.9126490409538621
0.8823224468636599
0.8390357698289269
0.8615863141524106
0.8494038361845516
0.9007257646448937
0.8405909797822706
0.9139450492483152
0.9471228615863142
0.9284603421461898
0.845775012960083
0.9038361845515811
0.751684810782789
0.937791601866252
0.8429237947122862
0.8722135821669259
0.6627786417833074
0.8123379989631934
0.8517366511145671
0.7112493519958528
0.8341109383100052
0.855883877656817
0.9209434940383618
0.8693623639191291
0.880248833592535
0.8400725764644894
0.7991187143597719
0.8869880767236911
0.690772420943494
0.9142042509072058
0.8398133748055988
0.7960082944530845
0.9333851736651114
0.8926905132192846
0.9297563504406429
0.9155002592016589
0.8255572835666148
0.9494556765163297
0.8359253499222395
0.9533437013996889
0.786158631415241
0.8322965266977709
0.843701399688958
0.8460342146189735
0.8128564022809746
0.7690513219284604
0.8631415241057543
0.8919129082426127
0.8932089165370658
0.8377397615344738
0.7954898911353032
0.8387765681700363
0.8950233281493002
0.8387765681700363
0.8672887506480041
0.9048729911871436
0.8465526179367548
0.784862623120788
0.7426127527216174
0.7939346811819595
0.8685847589424572
0.9209434940383618
0.786158631415241
0.8182996371176775
0.7851218247796786
0.9556765163297045
0.8916537065837221
0.9085018144116123
0.9481596682218766
0.8509590461378953
0.8579574909279419
0.7628304821150855
0.8481078278900985
0.7353551062726802
0.89917055469155
0.8351477449455676
0.8670295489891136
0.8911353032659409
0.8276308968377397
0.9725246241575947
0.9507516848107828
0.855883877656817
0.7853810264385692
0.8237428719543806
0.8043027475375842
0.9209434940383618
0.9556765163297045
0.8475894245723172
0.812597200622084
0.9271643338517367
0.852514256091239
0.8379989631933644
0.8753240020736133
0.8652151373768792
0.7737169517884914
0.8649559357179886
0.7952306894764126
0.8216692586832556
0.8066355624675998
0.8564022809745983
0.7874546397096941
0.8519958527734578
0.8939865215137377
0.7706065318818041
0.8481078278900985
0.9447900466562986
0.6801451529289787
0.8379989631933644
0.9450492483151892
0.8703991705546915
0.833592534992224
0.8916537065837221
0.885692068429238
0.8501814411612234
0.9613789528252981
0.45645412130637636
0.7731985484707102
0.8610679108346293
0.9421980300673924
0.8151892172109901
0.8035251425609123
0.8908761016070503
0.7895282529808191
0.8252980819077242
0.7778641783307413
0.7195438050803525
0.6674442716433385
0.8748055987558321
0.7838258164852255
0.797045101088647
0.8444790046656299
0.8263348885432866
0.8291861067910835
0.932348367029549
0.833592534992224
0.7477967858994298
0.786158631415241
0.7299118714359772
0.9212026956972524
0.9670813893208916
0.8475894245723172
0.885692068429238
0.7923794712286159
0.9349403836184551
0.8719543805080352
0.8048211508553654
0.8312597200622084
0.895800933125972
0.844997407983411
0.937791601866252
0.9642301710730948
0.9344219803006739
0.8784344219803006
0.8519958527734578
0.8055987558320373
0.8610679108346293
0.8556246759979264
0.8574390876101607
0.8634007257646449
0.8317781233799897
0.84033177812338
0.8224468636599275
0.8644375324002074
0.7817522032141005
0.8659927423535511
0.7895282529808191
0.8745463970969414
0.9507516848107828
0.9375324002073613
0.7475375842405392
0.9056505961638155
0.9670813893208916
0.6731467081389321
0.8970969414204251
0.8649559357179886
0.8843960601347849
0.7962674961119751
0.921461897356143
0.6677034733022291
0.8263348885432866
0.8170036288232244
0.8364437532400207
0.7786417833074132
0.7700881285640228
0.8390357698289269
0.9178330741316745
0.8429237947122862
0.7706065318818041
0.7716433385173666
0.9126490409538621
0.7910834629341628
0.8014515292897875
0.909279419388284
0.9297563504406429
0.8745463970969414
0.8180404354587869
0.8172628304821151
0.7988595127008813
0.8522550544323484
0.7545360290305858
0.921461897356143
0.9326075686884396
0.8737687921202696
0.6988076723691031
0.9051321928460342
0.9105754276827371
0.7820114048729911
0.7612752721617418
0.8895800933125972
0.6814411612234318
0.8483670295489891
0.8022291342664593
0.8564022809745983
0.7986003110419907
0.902540176257128
0.7905650596163816
0.7734577501296008
0.8374805598755832
0.843701399688958
0.8657335406946605
0.9362363919129082
0.9383100051840332
0.910057024364956
0.7822706065318819
0.9525660964230172
0.6982892690513219
0.8641783307413168
0.8631415241057543
0.8693623639191291
0.9326075686884396
0.9095386210471748
0.8447382063245205
0.8846552617936755
0.9748574390876101
0.7965266977708657
0.8939865215137377
0.8426645930533956
0.8989113530326595
0.9035769828926905
0.9116122343182996
0.8317781233799897
0.8074131674442716
0.9193882840850182
0.8247796785899429
0.8968377397615345
0.7345775012960083
0.8639191290824261
0.8639191290824261
0.8198548470710213
0.7420943494038362
0.8017107309486781
0.8377397615344738
0.8128564022809746
0.7076205287713841
0.7467599792638673
0.8945049248315189
0.9818558838776568
0.8144116122343183
0.8087091757387247
0.7952306894764126
0.9447900466562986
0.7493519958527735
0.7913426645930534
0.9149818558838777
0.8468118195956454
0.826075686884396
0.7752721617418351
0.8748055987558321
0.7941938828408501
0.8439606013478487
0.7729393468118196
0.8926905132192846
0.8424053913945049
0.9318299637117677
0.9344219803006739
0.8833592534992224
0.9561949196474857
0.9250907205806117
0.871435977190254
0.9085018144116123
0.7687921202695698
0.8491446345256609
0.7856402280974598
0.7615344738206324
0.9077242094349404
0.9243131156039399
0.9123898392949715
0.8460342146189735
0.8444790046656299
0.9346811819595645
0.8921721099015034
0.8766200103680664
0.7928978745463972
0.8211508553654744
0.7288750648004148
0.8299637117677553
0.7700881285640228
0.9009849663037843
0.8356661482633488
0.9346811819595645
0.9398652151373769
0.8312597200622084
0.916796267496112
0.8810264385692068
0.9564541213063764
0.7975635044064282
0.8657335406946605
0.8742871954380508
0.8983929497148782
0.910057024364956
0.9564541213063764
0.8981337480559876
0.8885432866770347
0.933644375324002
0.859253499222395
0.803784344219803
0.8815448418869881
0.7703473302229135
0.8823224468636599
0.8916537065837221
0.8657335406946605
0.831518921721099
0.8017107309486781
0.8286677034733022
0.8916537065837221
0.8413685847589425
0.892431311560394
0.9279419388284085
0.7871954380508035
0.9250907205806117
0.84033177812338
0.9186106791083463
0.8862104717470192
0.8875064800414723
0.8167444271643338
0.8494038361845516
0.7747537584240539
0.8097459823742872
0.8206324520476931
0.7910834629341628
0.880248833592535
0.8144116122343183
0.7833074131674442
0.892431311560394
0.8418869880767237
0.9097978227060654
0.9497148781752203
0.8361845515811301
0.8716951788491446
0.80248833592535
0.9183514774494557
0.9626749611197511
0.8268532918610679
0.8123379989631934
0.8273716951788491
0.8973561430793157
0.8815448418869881
0.9528252980819077
0.8040435458786936
0.9616381544841887
0.9040953862104717
0.9543805080352514
0.803784344219803
0.8286677034733022
0.8784344219803006
0.8890616899948159
0.9108346293416277
0.8063763608087092
0.925609123898393
0.9300155520995335
0.8219284603421462
0.8055987558320373
0.8496630378434422
0.8157076205287714
0.7579056505961638
0.8517366511145671
0.9375324002073613
0.8548470710212546
0.8595127008812856
0.7104717470191809
0.779419388284085
0.8911353032659409
0.8320373250388803
0.7141005702436496
0.7594608605495076
0.8919129082426127
0.8908761016070503
0.7967858994297563
0.8398133748055988
0.8556246759979264
0.8820632452047693
0.8128564022809746
0.7656817003628823
0.9644893727319855
0.9204250907205807
0.9761534473820632
0.7568688439606014
0.7996371176775532
0.902540176257128
0.8050803525142561
0.8304821150855366
0.7706065318818041
0.9193882840850182
0.8136340072576465
0.9155002592016589
0.8055987558320373
0.7371695178849145
0.8628823224468637
0.7270606531881804
0.7599792638672888
0.8494038361845516
0.9556765163297045
0.8670295489891136
0.7695697252462416
0.8418869880767237
0.7936754795230689
0.833592534992224
0.8452566096423018
0.7366511145671333
0.9103162260238465
0.8387765681700363
0.7869362363919129
0.7858994297563504
0.9250907205806117
0.8882840850181442
0.9191290824261276
0.8027475375842406
0.8670295489891136
0.7843442198030067
0.8939865215137377
0.8452566096423018
0.8989113530326595
0.7954898911353032
0.7511664074650077
0.8483670295489891
0.8182996371176775
0.8900984966303784
0.8009331259720062
0.8696215655780197
0.7962674961119751
0.7695697252462416
0.9271643338517367
0.7700881285640228
0.8302229134266459
0.8895800933125972
0.8561430793157077
0.8276308968377397
0.8996889580093312
0.8289269051321928
0.812597200622084
0.7573872472783826
0.7426127527216174
0.8745463970969414
0.815966822187662
0.6967340590979783
0.8532918610679109
0.8799896319336443
0.9300155520995335
0.9406428201140488
0.790305857957491
0.871435977190254
0.9082426127527217
0.8478486262312078
0.843701399688958
0.910057024364956
0.8460342146189735
0.8475894245723172
0.7910834629341628
0.907983411093831
0.9396060134784863
0.9074650077760498
0.9541213063763608
0.9250907205806117
0.8641783307413168
0.8727319854847071
0.8364437532400207
0.8862104717470192
0.8387765681700363
0.8639191290824261
0.9123898392949715
0.8486262312078797
0.8149300155520995
0.8551062726801452
0.9315707620528771
0.8908761016070503
0.9209434940383618
0.9186106791083463
0.7998963193364438
0.7400207361327112
0.7726801451529289
0.732763089683774
0.8753240020736133
0.8411093831000518
0.7887506480041472
0.8921721099015034
0.9061689994815967
0.854587869362364
0.8157076205287714
0.8268532918610679
0.8999481596682218
0.8960601347848626
0.705028512182478
0.8885432866770347
0.8118195956454122
0.7252462415759461
0.9090202177293935
0.6575946086054951
0.859253499222395
0.9183514774494557
0.9136858475894246
0.9245723172628305
0.9222395023328149
0.8107827890098497
0.8367029548989113
0.8356661482633488
0.8291861067910835
0.7247278382581649
0.9027993779160186
0.7744945567651633
0.897874546397097
0.8286677034733022
0.8512182477967859
0.7547952306894764
0.96215655780197
0.9017625712804562
0.7916018662519441
0.8815448418869881
0.9243131156039399
0.8530326594090202
0.86132711249352
0.8921721099015034
0.9766718506998445
0.8271124935199585
0.7446863659927424
0.845775012960083
0.7967858994297563
0.7921202695697253
0.8530326594090202
0.928978745463971
0.7247278382581649
0.9012441679626749
0.8703991705546915
0.8462934162778641
0.8929497148781752
0.7534992223950233
0.8418869880767237
0.8877656817003629
0.947900466562986
0.7594608605495076
0.9577501296008294
0.8963193364437533
0.8893208916537065
0.8589942975635044
0.8426645930533956
0.7291342664593053
0.8162260238465526
0.2991187143597719
0.9701918092275791
0.7864178330741317
0.81933644375324
0.8670295489891136
0.8691031622602384
0.9191290824261276
0.8600311041990669
0.7293934681181959
0.7734577501296008
0.9548989113530326
0.8390357698289269
0.8418869880767237
0.8862104717470192
0.7817522032141005
0.8154484188698807
0.8190772420943494
0.8691031622602384
0.8963193364437533
0.834888543286677
0.8263348885432866
0.8696215655780197
0.8488854328667703
0.8118195956454122
0.7742353551062727
0.8621047174701918
0.784862623120788
0.8494038361845516
0.8532918610679109
0.7731985484707102
0.9074650077760498
0.9250907205806117
0.8517366511145671
0.8289269051321928
0.8872472783825817
0.8965785381026439
0.7799377916018663
0.8732503888024883
0.9660445826853292
0.8240020736132712
0.04691550025920166
0.8045619491964748
0.880248833592535
0.8716951788491446
0.8965785381026439
0.8100051840331778
0.8354069466044582
0.6871435977190254
0.9056505961638155
0.921461897356143
0.8514774494556765
0.890357698289269
0.8789528252980819
0.7778641783307413
0.803784344219803
0.8807672369103162
0.749611197511664
0.8908761016070503
0.8444790046656299
0.8299637117677553
0.9305339554173147
0.9103162260238465
0.9053913945049248
0.8932089165370658
0.8916537065837221
0.8657335406946605
0.6982892690513219
0.803784344219803
0.782789009849663
0.850440642820114
0.897874546397097
0.78149300155521
0.8351477449455676
0.8641783307413168
0.8154484188698807
0.7457231726283048
0.9116122343182996
0.8678071539657853
0.8447382063245205
0.8921721099015034
0.8532918610679109
0.7843442198030067
0.7957490927941939
0.9118714359771902
0.859253499222395
0.8753240020736133
0.9401244167962675
0.8595127008812856
0.807153965785381
0.9276827371695179
0.8517366511145671
0.8776568170036289
0.7928978745463972
0.8045619491964748
0.8123379989631934
0.8354069466044582
0.7415759460860549
0.8100051840331778
0.9396060134784863
0.8595127008812856
0.9611197511664075
0.8455158113011924
0.7586832555728357
0.9090202177293935
0.8151892172109901
0.8219284603421462
0.8424053913945049
0.8859512700881286
0.8574390876101607
0.8053395541731467
0.7838258164852255
0.9390876101607051
0.8496630378434422
0.8548470710212546
0.730689476412649
0.9051321928460342
0.8968377397615345
0.9367547952306895
0.8120787973043028
0.9204250907205807
0.8527734577501296
0.880248833592535
0.7726801451529289
0.8247796785899429
0.8634007257646449
0.8229652669777087
0.8906168999481596
0.9191290824261276
0.7755313634007258
0.9517884914463453
0.8444790046656299
0.9263867288750648
0.7423535510627268
0.8779160186625194
0.7700881285640228
0.8164852255054432
0.8986521513737687
0.8250388802488335
0.8900984966303784
0.8608087091757387
0.7304302747537584
0.8766200103680664
0.880248833592535
0.7607568688439607
0.7755313634007258
0.8916537065837221
0.8942457231726283
0.7936754795230689
0.8659927423535511
0.78149300155521
0.7817522032141005
0.8900984966303784
0.7475375842405392
0.7851218247796786
0.8854328667703474
0.8164852255054432
0.8996889580093312
0.8434421980300674
0.87817522032141
0.7755313634007258
0.8890616899948159
0.8880248833592534
0.7703473302229135
0.7384655261793676
0.8761016070502852
0.8996889580093312
0.8945049248315189
0.885692068429238
0.910057024364956
0.8302229134266459
0.8691031622602384
0.8405909797822706
0.9126490409538621
0.8771384136858476
0.8968377397615345
0.855883877656817
0.7332814930015552
0.9206842923794712
0.8644375324002074
0.7742353551062727
0.7003628823224468
0.9103162260238465
0.9624157594608606
0.9245723172628305
0.926905132192846
0.9020217729393468
0.8237428719543806
0.9390876101607051
0.7734577501296008
0.7864178330741317
0.8341109383100052
0.8009331259720062
0.8685847589424572
0.8877656817003629
0.9351995852773458
0.8882840850181442
0.7366511145671333
0.8227060653188181
0.8833592534992224
0.42586832555728354
0.7703473302229135
0.7584240539139451
0.8851736651114567
0.7791601866251944
0.7931570762052877
0.9095386210471748
0.7825298081907724
0.8608087091757387
0.6669258683255573
0.902540176257128
0.8465526179367548
0.7649040953862105
0.926905132192846
0.8022291342664593
0.8001555209953344
0.9142042509072058
0.7547952306894764
0.8703991705546915
0.7719025401762571
0.8786936236391913
0.8955417314670814
0.8322965266977709
0.8286677034733022
0.7931570762052877
0.9512700881285641
0.7045101088646968
0.797045101088647
0.826075686884396
0.9647485743908761
0.80248833592535
0.8240020736132712
0.7905650596163816
0.8341109383100052
0.9072058061171592
0.8919129082426127
0.916796267496112
0.8304821150855366
0.9224987039917055
0.8201140487299119
0.9051321928460342
0.7965266977708657
0.6342664593053395
0.8776568170036289
0.8172628304821151
0.8527734577501296
0.9209434940383618
0.9398652151373769
0.726023846552618
0.8994297563504406
0.902540176257128
0.8561430793157077
0.8911353032659409
0.871435977190254
0.8227060653188181
0.949974079834111
0.7768273716951789
0.8532918610679109
0.8683255572835666
0.907983411093831
0.8553654743390358
0.8942457231726283
0.9458268532918611
0.814670813893209
0.8789528252980819
0.9497148781752203
0.9064282011404873
0.8232244686365993
0.8732503888024883
0.8921721099015034
0.8494038361845516
0.8188180404354588
0.9279419388284085
0.8501814411612234
0.7936754795230689
0.7934162778641783
0.8693623639191291
0.8727319854847071
0.9240539139450492
0.7986003110419907
0.9188698807672369
0.9020217729393468
0.9002073613271125
0.6814411612234318
0.8548470710212546
0.8869880767236911
0.8758424053913945
0.85717988595127
0.8807672369103162
0.6923276308968377
0.9038361845515811
0.8517366511145671
0.8297045101088647
0.8496630378434422
0.821410057024365
0.7667185069984448
0.8698807672369103
0.8981337480559876
0.8602903058579575
0.8444790046656299
0.7465007776049767
0.8136340072576465
0.902540176257128
0.8328149300155521
0.9523068947641264
0.8872472783825817
0.8421461897356143
0.8965785381026439
0.9160186625194401
0.5238465526179368
0.8665111456713323
0.7431311560393986
0.8294453084499741
0.8919129082426127
0.8304821150855366
0.776049766718507
0.9302747537584241
0.8828408501814412
0.8895800933125972
0.8750648004147227
0.8623639191290824
0.9237947122861586
0.6744427164333852
0.9043545878693624
0.7965266977708657
0.8621047174701918
0.8385173665111457
0.8291861067910835
0.850440642820114
0.9279419388284085
0.8144116122343183
0.7646448937273198
0.923535510627268
0.8444790046656299
0.9022809745982374
0.8742871954380508
0.8076723691031623
0.8947641264904095
0.9188698807672369
0.8522550544323484
0.855883877656817
0.9263867288750648
0.8307413167444272
0.7501296008294454
0.8919129082426127
0.9038361845515811
0.8742871954380508
0.9287195438050804
0.8932089165370658
0.7042509072058061
0.8488854328667703
0.8872472783825817
0.8916537065837221
0.8846552617936755
0.800414722654225
0.8698807672369103
0.9393468118195957
0.8996889580093312
0.9533437013996889
0.935717988595127
0.9372731985484707
0.8061171591498185
0.7662001036806636
0.9183514774494557
0.794971487817522
0.7892690513219285
0.7501296008294454
0.8999481596682218
0.8429237947122862
0.8615863141524106
0.8087091757387247
0.8872472783825817
0.914722654224987
0.7358735095904614
0.8374805598755832
0.7490927941938829
0.8328149300155521
0.8395541731467081
0.8748055987558321
0.6272680145152929
0.7975635044064282
0.8963193364437533
0.8066355624675998
0.7988595127008813
0.9481596682218766
0.9007257646448937
0.7778641783307413
0.8151892172109901
0.7975635044064282
0.782789009849663
0.7286158631415242
0.8170036288232244
0.8250388802488335
0.8825816485225505
0.7936754795230689
0.78149300155521
0.7978227060653188
0.8854328667703474
0.8963193364437533
0.7547952306894764
0.8893208916537065
0.8006739243131156
0.7589424572317263
0.8087091757387247
0.8716951788491446
0.7125453602903059
0.8703991705546915
0.9219803006739243
0.8462934162778641
0.844997407983411
0.9276827371695179
0.9173146708138932
0.8211508553654744
0.7747537584240539
0.7858994297563504
0.8009331259720062
0.8330741316744427
0.8084499740798341
0.8623639191290824
0.8395541731467081
0.8540694660445827
0.9302747537584241
0.8947641264904095
0.8823224468636599
0.8494038361845516
0.8589942975635044
0.833592534992224
0.8475894245723172
0.8392949714878175
0.9740798341109383
0.7986003110419907
0.7988595127008813
0.7851218247796786
0.9103162260238465
0.7908242612752722
0.8965785381026439
0.7249870399170555
0.7825298081907724
0.7433903576982893
0.8364437532400207
0.8512182477967859
0.8605495075168481
0.8421461897356143
0.907983411093831
0.9434940383618455
0.8128564022809746
0.7125453602903059
0.8346293416277865
0.782789009849663
0.8307413167444272
0.9206842923794712
0.8162260238465526
0.8255572835666148
0.9123898392949715
0.7973043027475376
0.7625712804561949
0.8538102643856921
0.80248833592535
0.8527734577501296
0.821410057024365
0.8206324520476931
0.8499222395023328
0.8761016070502852
0.843701399688958
0.8374805598755832
0.6728875064800415
0.843701399688958
0.8182996371176775
0.8356661482633488
0.8724727838258165
0.8271124935199585
0.8172628304821151
0.9494556765163297
0.8247796785899429
0.8724727838258165
0.9175738724727839
0.6645930533955418
0.8854328667703474
0.8921721099015034
0.8740279937791602
0.9434940383618455
0.8698807672369103
0.9520476931052358
0.9437532400207361
0.9507516848107828
0.9383100051840332
0.8431829963711768
0.8981337480559876
0.8475894245723172
0.8356661482633488
0.7965266977708657
0.871435977190254
0.9318299637117677
0.8748055987558321
0.9476412649040954
0.8947641264904095
0.895800933125972
0.9341627786417833
0.7921202695697253
0.828149300155521
0.9437532400207361
0.784862623120788
0.9204250907205807
0.7384655261793676
0.7371695178849145
0.8297045101088647
0.9209434940383618
0.9116122343182996
0.8893208916537065
0.8885432866770347
0.8934681181959565
0.8818040435458787
0.9074650077760498
0.7892690513219285
0.8820632452047693
0.8701399688958009
0.9237947122861586
0.8634007257646449
0.8367029548989113
0.9561949196474857
0.7477967858994298
0.7522032141005702
0.9090202177293935
0.7703473302229135
0.9131674442716433
0.8289269051321928
0.7973043027475376
0.8483670295489891
0.8286677034733022
0.9652669777086573
0.8711767755313634
0.9103162260238465
0.8890616899948159
0.776049766718507
0.7871954380508035
0.8175220321410057
0.8678071539657853
0.8338517366511146
0.763867288750648
0.8628823224468637
0.8221876620010368
0.9051321928460342
0.7812337998963194
0.833592534992224
0.8815448418869881
0.9258683255572836
0.8569206842923794
0.7967858994297563
0.9258683255572836
0.8514774494556765
0.868066355624676
0.8740279937791602
0.9292379471228616
0.852514256091239
0.9004665629860031
0.9313115603939865
0.9237947122861586
0.910057024364956
0.7978227060653188
0.8354069466044582
0.7879730430274754
0.9095386210471748
0.8387765681700363
0.9245723172628305
0.960082944530845
0.81933644375324
0.7820114048729911
0.892431311560394
0.907983411093831
0.8136340072576465
0.8351477449455676
0.7633488854328667
0.8854328667703474
0.9388284085018144
0.8522550544323484
0.8818040435458787
0.8465526179367548
0.8543286677034733
0.7299118714359772
0.6925868325557284
0.8652151373768792
0.8009331259720062
0.8198548470710213
0.7988595127008813
0.8737687921202696
0.9219803006739243
0.797045101088647
0.9313115603939865
0.8074131674442716
0.866770347330223
0.7825298081907724
0.7905650596163816
0.9302747537584241
0.8755832037325039
0.7628304821150855
0.8963193364437533
0.8252980819077242
0.9209434940383618
0.826075686884396
0.8825816485225505
0.7851218247796786
0.8517366511145671
0.8385173665111457
0.8289269051321928
0.7820114048729911
0.8846552617936755
0.9585277345775013
0.8167444271643338
0.8913945049248315
0.8696215655780197
0.9294971487817522
0.9491964748574391
0.7623120787973043
0.9416796267496111
0.9769310523587351
0.9484188698807673
0.7610160705028512
0.7213582166925868
0.8302229134266459
0.843701399688958
0.807153965785381
0.9349403836184551
0.9528252980819077
0.8302229134266459
0.8481078278900985
0.8610679108346293
0.9012441679626749
0.8548470710212546
0.7192846034214619
0.9284603421461898
0.8252980819077242
0.7620528771384136
0.7071021254536028
0.9530844997407983
0.885692068429238
0.9061689994815967
0.9359771902540176
0.8097459823742872
0.815966822187662
0.8392949714878175
0.8310005184033178
0.7426127527216174
0.3509590461378953
0.9297563504406429
0.8519958527734578
0.9515292897874547
0.7524624157594608
0.7789009849663038
0.7159149818558839
0.8600311041990669
0.7369103162260239
0.8364437532400207
0.7825298081907724
0.8486262312078797
0.8911353032659409
0.7716433385173666
0.9403836184551582
0.7939346811819595
0.702954898911353
0.7786417833074132
0.24650077760497668
0.8302229134266459
0.7291342664593053
0.8846552617936755
0.8792120269569725
0.8937273198548471
0.7340590979782271
0.7921202695697253
0.8875064800414723
0.8965785381026439
0.8911353032659409
0.8862104717470192
0.8970969414204251
0.8685847589424572
0.8538102643856921
0.8753240020736133
0.8937273198548471
0.9367547952306895
0.8208916537065837
0.8740279937791602
0.8144116122343183
0.8343701399688958
0.9139450492483152
0.8644375324002074
0.9727838258164853
0.8014515292897875
0.8185588387765682
0.8232244686365993
0.8771384136858476
0.9152410575427683
0.8395541731467081
0.8576982892690513
0.9072058061171592
0.8838776568170036
0.9191290824261276
0.956713322965267
0.7104717470191809
0.7636080870917574
0.9421980300673924
0.9165370658372214
0.8610679108346293
0.8587350959046138
0.8338517366511146
0.8675479523068947
0.8771384136858476
0.7770865733540695
0.8602903058579575
0.8273716951788491
0.8691031622602384
0.9305339554173147
0.8167444271643338
0.8203732503888025
0.86132711249352
0.8338517366511146
0.895800933125972
0.809227579056506
0.933644375324002
0.8494038361845516
0.8079315707620529
0.8618455158113012
0.776049766718507
0.6534473820632452
0.8496630378434422
0.7607568688439607
0.8854328667703474
0.9556765163297045
0.813893208916537
0.8530326594090202
0.8589942975635044
0.8115603939865215
0.8960601347848626
0.9696734059097978
0.8395541731467081
0.9491964748574391
0.8167444271643338
0.8455158113011924
0.7975635044064282
0.738206324520477
0.9318299637117677
0.8551062726801452
0.7776049766718507
0.8255572835666148
0.8149300155520995
0.9253499222395023
0.8310005184033178
0.8745463970969414
0.687402799377916
0.9170554691550026
0.8916537065837221
0.956713322965267
0.7892690513219285
0.7864178330741317
0.7413167444271643
0.8812856402280974
0.9030585795749093
0.8517366511145671
0.8595127008812856
0.7633488854328667
0.8322965266977709
0.8867288750648004
0.8854328667703474
0.8416277864178331
0.8291861067910835
0.9227579056505961
0.9051321928460342
0.7350959046137895
0.8322965266977709
0.8843960601347849
0.8276308968377397
0.8014515292897875
0.8716951788491446
0.8556246759979264
0.6088646967340591
0.9287195438050804
0.9302747537584241
0.8929497148781752
0.9419388284085018
0.8429237947122862
0.821410057024365
0.8195956454121306
0.7130637636080871
0.8447382063245205
0.8011923276308969
0.8219284603421462
0.9173146708138932
0.9764126490409538
0.8799896319336443
0.9440124416796267
0.8833592534992224
0.9072058061171592
0.9040953862104717
0.8950233281493002
0.8367029548989113
0.9227579056505961
0.9131674442716433
0.828149300155521
0.9409020217729394
0.8950233281493002
0.87817522032141
0.8968377397615345
0.8815448418869881
0.8675479523068947
0.8880248833592534
0.8390357698289269
0.8823224468636599
0.9258683255572836
0.782789009849663
0.8916537065837221
0.8999481596682218
0.9502332814930016
0.8921721099015034
0.9383100051840332
0.9015033696215656
0.9300155520995335
0.8654743390357699
0.8973561430793157
0.8968377397615345
0.8685847589424572
0.892431311560394
0.8527734577501296
0.8203732503888025
0.8019699326075687
0.9118714359771902
0.8976153447382064
0.9396060134784863
0.8486262312078797
0.8325557283566615
0.8291861067910835
0.9370139968895801
0.8312597200622084
0.8621047174701918
0.8885432866770347
0.8439606013478487
0.9017625712804562
0.8893208916537065
0.9650077760497667
0.8208916537065837
0.8719543805080352
0.8289269051321928
0.9069466044582686
0.9149818558838777
0.9297563504406429
0.8937273198548471
0.7540176257128045
0.8939865215137377
0.7690513219284604
0.9077242094349404
0.8888024883359253
0.8506998444790047
0.7493519958527735
0.9701918092275791
0.8685847589424572
0.7887506480041472
0.7594608605495076
0.7962674961119751
0.8011923276308969
0.8361845515811301
0.8177812337998963
0.8387765681700363
0.800414722654225
0.8851736651114567
0.9134266459305339
0.8154484188698807
0.69751166407465
0.9103162260238465
0.7685329186106791
0.7755313634007258
0.9129082426127527
0.8328149300155521
0.9266459305339554
0.8227060653188181
0.9302747537584241
0.8615863141524106
0.8040435458786936
0.8773976153447383
0.9590461378952825
0.8177812337998963
0.7858994297563504
0.8297045101088647
0.7234318299637118
0.8626231207879731
0.8750648004147227
0.8151892172109901
0.8136340072576465
0.9372731985484707
0.8880248833592534
0.8483670295489891
0.7441679626749611
0.859253499222395
0.7858994297563504
0.868066355624676
0.9134266459305339
0.7555728356661483
0.7978227060653188
0.8131156039398653
0.8737687921202696
0.9059097978227061
0.8968377397615345
0.916796267496112
0.892431311560394
0.8395541731467081
0.8825816485225505
0.8364437532400207
0.9074650077760498
0.8252980819077242
0.966822187662001
0.8356661482633488
0.8636599274235355
0.7384655261793676
0.9429756350440642
0.7410575427682737
0.8442198030067393
0.890357698289269
0.8302229134266459
0.8662519440124417
0.7789009849663038
0.8872472783825817
0.9670813893208916
0.897874546397097
0.916796267496112
0.9530844997407983
0.8405909797822706
0.845775012960083
0.9466044582685329
0.8696215655780197
0.8636599274235355
0.749611197511664
0.8162260238465526
0.7633488854328667
0.85717988595127
0.9144634525660964
0.8517366511145671
0.8564022809745983
0.8115603939865215
0.7042509072058061
0.7392431311560393
0.8540694660445827
0.8732503888024883
0.7674961119751167
0.8908761016070503
0.8691031622602384
0.7384655261793676
0.7410575427682737
0.9077242094349404
0.9219803006739243
0.7983411093831001
0.8685847589424572
0.7711249351995852
0.8823224468636599
0.7280974598237429
0.8709175738724728
0.8486262312078797
0.8242612752721618
0.8763608087091758
0.8473302229134266
0.8882840850181442
0.8916537065837221
0.794971487817522
0.933644375324002
0.885692068429238
0.871435977190254
0.7799377916018663
0.8221876620010368
0.9409020217729394
0.8273716951788491
0.8014515292897875
0.8113011923276309
0.786158631415241
0.8919129082426127
0.9362363919129082
0.8812856402280974
0.8838776568170036
0.8045619491964748
0.9015033696215656
0.7952306894764126
0.8043027475375842
0.8750648004147227
0.8076723691031623
0.8483670295489891
0.8688439606013478
0.8154484188698807
0.8825816485225505
0.8050803525142561
0.9007257646448937
0.8810264385692068
0.868066355624676
0.904613789528253
0.8496630378434422
0.9222395023328149
0.8919129082426127
0.94116122343183
0.8875064800414723
0.9030585795749093
0.7208398133748056
0.9699326075686885
0.8763608087091758
0.8678071539657853
0.8981337480559876
0.8195956454121306
0.8162260238465526
0.7682737169517885
0.8006739243131156
0.8081907724209435
0.828149300155521
0.8786936236391913
0.7527216174183515
0.8786936236391913
0.9320891653706583
0.7278382581648523
0.7309486780715396
0.8929497148781752
0.749611197511664
0.8820632452047693
0.8499222395023328
0.8268532918610679
0.8372213582166926
0.8942457231726283
0.8846552617936755
0.8916537065837221
0.8662519440124417
0.8250388802488335
0.7522032141005702
0.8190772420943494
0.8672887506480041
0.8665111456713323
0.8517366511145671
0.9305339554173147
0.9284603421461898
0.843701399688958
0.8172628304821151
0.8999481596682218
0.9199066874027994
0.9108346293416277
0.8654743390357699
0.8576982892690513
0.8589942975635044
0.8553654743390358
0.9072058061171592
0.7680145152928979
0.8369621565578019
0.7830482115085536
0.8799896319336443
0.3509590461378953
0.9116122343182996
0.8341109383100052
0.7916018662519441
0.868066355624676
0.8890616899948159
0.8452566096423018
0.8608087091757387
0.8094867807153966
0.8644375324002074
0.8216692586832556
0.8387765681700363
0.8501814411612234
0.7296526697770865
0.8945049248315189
0.7192846034214619
0.9087610160705029
0.9608605495075169
0.8649559357179886
0.7874546397096941
0.8799896319336443
0.7674961119751167
0.8473302229134266
0.8737687921202696
0.8973561430793157
0.8875064800414723
0.7441679626749611
0.8968377397615345
0.8880248833592534
0.9450492483151892
0.8566614826334888
0.8468118195956454
0.9401244167962675
0.7599792638672888
0.7895282529808191
0.8628823224468637
0.7623120787973043
0.776049766718507
0.8851736651114567
0.8846552617936755
0.937791601866252
0.7013996889580093
0.9455676516329704
0.8017107309486781
0.8506998444790047
0.8413685847589425
0.84033177812338
0.9180922757905651
0.895800933125972
0.7809745982374288
0.9212026956972524
0.9222395023328149
0.8043027475375842
0.8543286677034733
0.8921721099015034
0.730689476412649
0.7190254017625712
0.6920684292379471
0.9258683255572836
0.7656817003628823
0.8745463970969414
0.8229652669777087
0.8512182477967859
0.892431311560394
0.8779160186625194
0.8900984966303784
0.8232244686365993
0.821410057024365
0.8600311041990669
0.8608087091757387
0.8131156039398653
0.8828408501814412
0.8481078278900985
0.892431311560394
0.8963193364437533
0.8898392949714878
0.7983411093831001
0.8963193364437533
0.8278900984966304
0.8460342146189735
0.7724209434940383
0.8574390876101607
0.8180404354587869
0.8626231207879731
0.8447382063245205
0.8276308968377397
0.9764126490409538
0.9090202177293935
0.8621047174701918
0.9370139968895801
0.9502332814930016
0.7737169517884914
0.8727319854847071
0.8367029548989113
0.9504924831518922
0.9196474857439088
0.6778123379989632
0.9097978227060654
0.8623639191290824
0.9401244167962675
0.8499222395023328
0.8483670295489891
0.9170554691550026
0.8203732503888025
0.833592534992224
0.7332814930015552
0.8522550544323484
0.9155002592016589
0.8595127008812856
0.7998963193364438
0.8900984966303784
0.6817003628823225
0.8369621565578019
0.7426127527216174
0.8361845515811301
0.8849144634525661
0.8478486262312078
0.7921202695697253
0.7270606531881804
0.8771384136858476
0.7358735095904614
0.9624157594608606
0.9033177812337999
0.89917055469155
0.8955417314670814
0.7965266977708657
0.8994297563504406
0.8862104717470192
0.7801969932607569
0.9043545878693624
0.8880248833592534
0.9162778641783308
0.7472783825816485
0.8408501814411612
0.7768273716951789
0.8703991705546915
0.8696215655780197
0.833592534992224
0.815966822187662
0.9512700881285641
0.8084499740798341
0.8167444271643338
0.8849144634525661
0.8312597200622084
0.8893208916537065
0.8576982892690513
0.8888024883359253
0.8447382063245205
0.7719025401762571
0.9121306376360808
0.8268532918610679
0.8519958527734578
0.9414204250907205
0.864696734059098
0.8722135821669259
0.876879212026957
0.6765163297045101
0.8706583722135822
0.8123379989631934
0.720580611715915
0.7687921202695698
0.7594608605495076
0.850440642820114
0.8110419906687403
0.7944530844997408
0.8812856402280974
0.8465526179367548
0.7918610679108347
0.8496630378434422
0.8716951788491446
0.9494556765163297
0.9792638672887507
0.8076723691031623
0.9121306376360808
0.9090202177293935
0.9339035769828927
0.7913426645930534
0.9170554691550026
0.9110938310005184
0.7711249351995852
0.8786936236391913
0.9294971487817522
0.8452566096423018
0.9315707620528771
0.9328667703473302
0.8149300155520995
0.9126490409538621
0.8224468636599275
0.812597200622084
0.8501814411612234
0.9468636599274235
0.8652151373768792
0.8748055987558321
0.9502332814930016
0.8297045101088647
0.9069466044582686
0.8097459823742872
0.9502332814930016
0.8227060653188181
0.7783825816485226
0.8698807672369103
0.8911353032659409
0.8460342146189735
0.8180404354587869
0.8201140487299119
0.8929497148781752
0.8675479523068947
0.9219803006739243
0.8621047174701918
0.8722135821669259
0.9212026956972524
0.8102643856920684
0.8947641264904095
0.8068947641264904
0.8634007257646449
0.773976153447382
0.9082426127527217
0.9136858475894246
0.9157594608605495
0.9048729911871436
0.8955417314670814
0.7822706065318819
0.8639191290824261
0.8392949714878175
0.9502332814930016
0.8522550544323484
0.8333333333333334
0.8488854328667703
0.8893208916537065
0.8696215655780197
0.9401244167962675
0.8701399688958009
0.8144116122343183
0.9442716433385173
0.8341109383100052
0.8815448418869881
0.8063763608087092
0.8519958527734578
0.9108346293416277
0.8849144634525661
0.6638154484188699
0.8623639191290824
0.850440642820114
0.7713841368584758
0.838258164852255
0.6435977190254017
0.9375324002073613
0.8460342146189735
0.7452047693105236
0.8392949714878175
0.8017107309486781
0.9219803006739243
0.9022809745982374
0.8268532918610679
0.7801969932607569
0.7998963193364438
0.8113011923276309
0.845775012960083
0.9406428201140488
0.9069466044582686
0.8416277864178331
0.8317781233799897
0.782789009849663
0.4751166407465008
0.8807672369103162
0.8543286677034733
0.8413685847589425
0.7420943494038362
0.9030585795749093
0.8934681181959565
0.9421980300673924
0.8595127008812856
0.8919129082426127
0.9442716433385173
0.7988595127008813
0.9178330741316745
0.9017625712804562
0.807153965785381
0.8068947641264904
0.9165370658372214
0.8535510627268015
0.7620528771384136
0.9160186625194401
0.8820632452047693
0.7146189735614308
0.8794712286158631
0.8654743390357699
0.7659409020217729
0.9331259720062208
0.8439606013478487
0.6884396060134785
0.9525660964230172
0.8527734577501296
0.9253499222395023
0.9160186625194401
0.9012441679626749
0.8221876620010368
0.7420943494038362
0.7542768273716952
0.7926386728875064
0.9188698807672369
0.8506998444790047
0.9593053395541732
0.8955417314670814
0.9515292897874547
0.8641783307413168
0.9370139968895801
0.8758424053913945
0.897874546397097
0.8820632452047693
0.8696215655780197
0.7356143079315708
0.9186106791083463
0.8011923276308969
0.8320373250388803
0.9196474857439088
0.9523068947641264
0.8621047174701918
0.8553654743390358
0.8206324520476931
0.9040953862104717
0.7731985484707102
0.9097978227060654
0.826075686884396
0.843701399688958
0.9339035769828927
0.8576982892690513
0.8488854328667703
0.9642301710730948
0.8346293416277865
0.7387247278382582
0.7791601866251944
0.8032659409020217
0.81933644375324
0.750388802488336
0.8265940902021773
0.9774494556765163
0.8875064800414723
0.8491446345256609
0.86132711249352
0.8955417314670814
0.8789528252980819
0.9059097978227061
0.8952825298081908
0.7807153965785381
0.9123898392949715
0.8481078278900985
0.9040953862104717
0.7840850181441161
0.9520476931052358
0.6910316226023847
0.8794712286158631
0.9333851736651114
0.7967858994297563
0.767236910316226
0.9175738724727839
0.8634007257646449
0.7835666148263349
0.8947641264904095
0.7973043027475376
0.9022809745982374
0.7677553136340073
0.7807153965785381
0.748315189217211
0.9484188698807673
0.8968377397615345
0.8387765681700363
0.8986521513737687
0.9030585795749093
0.8434421980300674
0.81933644375324
0.9525660964230172
0.8149300155520995
0.8250388802488335
0.635303265940902
0.8068947641264904
0.8392949714878175
0.9186106791083463
0.9072058061171592
0.8154484188698807
0.7975635044064282
0.9193882840850182
0.6682218766200103
0.8703991705546915
0.9432348367029549
0.6892172109901503
0.7229134266459305
0.904613789528253
0.9035769828926905
0.8276308968377397
0.838258164852255
0.9339035769828927
0.7750129600829445
0.7501296008294454
0.8367029548989113
0.9595645412130638
0.8659927423535511
0.9087610160705029
0.9476412649040954
0.9440124416796267
0.9525660964230172
0.7350959046137895
0.9173146708138932
0.9243131156039399
0.9136858475894246
0.8911353032659409
0.7444271643338517
0.9678589942975635
0.7916018662519441
0.7643856920684292
0.8776568170036289
0.8688439606013478
0.8831000518403318
0.7547952306894764
0.909279419388284
0.7703473302229135
0.8724727838258165
0.8942457231726283
0.7698289269051322
0.8509590461378953
0.8120787973043028
0.9188698807672369
0.7887506480041472
0.8405909797822706
0.8491446345256609
0.6573354069466044
0.85717988595127
0.8203732503888025
0.8742871954380508
0.386988076723691
0.8089683773976153
0.8530326594090202
0.8312597200622084
0.8665111456713323
0.8374805598755832
0.8460342146189735
0.8250388802488335
0.8639191290824261
0.9035769828926905
0.8838776568170036
0.8499222395023328
0.926905132192846
0.7091757387247278
0.8711767755313634
0.8216692586832556
0.807153965785381
0.8556246759979264
0.8701399688958009
0.9129082426127527
0.8325557283566615
0.8986521513737687
0.843701399688958
0.9116122343182996
0.9131674442716433
0.8771384136858476
0.8939865215137377
0.7804561949196475
0.8400725764644894
0.8981337480559876
0.8074131674442716
0.890357698289269
0.9276827371695179
0.8198548470710213
0.9450492483151892
0.7620528771384136
0.9085018144116123
0.8740279937791602
0.6324520476931053
0.8986521513737687
0.9362363919129082
0.8691031622602384
0.8154484188698807
0.8164852255054432
0.8058579574909279
0.9116122343182996
0.8017107309486781
0.8623639191290824
0.7768273716951789
0.7765681700362882
0.883618455158113
0.6728875064800415
0.8208916537065837
0.7957490927941939
0.9258683255572836
0.7807153965785381
0.843701399688958
0.8652151373768792
0.8913945049248315
0.8369621565578019
0.931052358735096
0.7879730430274754
0.8600311041990669
0.8374805598755832
0.9082426127527217
0.8265940902021773
0.8312597200622084
0.8556246759979264
0.8703991705546915
0.9458268532918611
0.812597200622084
0.8745463970969414
0.9040953862104717
0.8149300155520995
0.8050803525142561
0.826075686884396
0.9328667703473302
0.9300155520995335
0.8462934162778641
0.8976153447382064
0.9725246241575947
0.9087610160705029
0.8483670295489891
0.7786417833074132
0.814670813893209
0.7410575427682737
0.7874546397096941
0.94116122343183
0.7983411093831001
0.8947641264904095
0.7838258164852255
0.8595127008812856
0.880248833592535
0.8263348885432866
0.909279419388284
0.9033177812337999
0.794971487817522
0.9103162260238465
0.8341109383100052
0.8203732503888025
0.8786936236391913
0.8053395541731467
0.931052358735096
0.7812337998963194
0.3644375324002074
0.7384655261793676
0.8657335406946605
0.8499222395023328
0.7856402280974598
0.8981337480559876
0.8763608087091758
0.8703991705546915
0.9593053395541732
0.821410057024365
0.8709175738724728
0.966822187662001
0.7980819077242094
0.8869880767236911
0.7708657335406947
0.855883877656817
0.8076723691031623
0.8509590461378953
0.8014515292897875
0.8926905132192846
0.8538102643856921
0.8838776568170036
0.8742871954380508
0.8639191290824261
0.8418869880767237
0.7731985484707102
0.8164852255054432
0.9224987039917055
0.8706583722135822
0.8087091757387247
0.81933644375324
0.8722135821669259
0.9129082426127527
0.8481078278900985
0.8035251425609123
0.6809227579056506
0.895800933125972
0.8398133748055988
0.761793675479523
0.8473302229134266
0.7229134266459305
0.8890616899948159
0.8649559357179886
0.7892690513219285
0.8491446345256609
0.9064282011404873
0.8584758942457231
0.8810264385692068
0.9574909279419388
0.8068947641264904
0.8478486262312078
0.8716951788491446
0.8597719025401762
0.8996889580093312
0.8913945049248315
0.809227579056506
0.873509590461379
0.8444790046656299
0.826075686884396
0.7091757387247278
0.8566614826334888
0.852514256091239
0.6980300673924313
0.8265940902021773
0.9007257646448937
0.7936754795230689
0.8815448418869881
0.9409020217729394
0.7568688439606014
0.807153965785381
0.8118195956454122
0.9282011404872991
0.947900466562986
0.8473302229134266
0.9160186625194401
0.9409020217729394
0.8893208916537065
0.8431829963711768
0.8906168999481596
0.7353551062726802
0.854587869362364
0.8815448418869881
0.8447382063245205
0.7991187143597719
0.9712286158631416
0.9245723172628305
0.786158631415241
0.8968377397615345
0.8654743390357699
0.8745463970969414
0.9165370658372214
0.8724727838258165
0.8639191290824261
0.8486262312078797
0.8615863141524106
0.6925868325557284
0.8877656817003629
0.7750129600829445
0.9232763089683774
0.9263867288750648
0.8758424053913945
0.742871954380508
0.8035251425609123
0.812597200622084
0.7900466562986003
0.8102643856920684
0.972265422498704
0.8359253499222395
0.8369621565578019
0.9486780715396579
0.9004665629860031
0.9048729911871436
0.8823224468636599
0.9515292897874547
0.8164852255054432
0.8779160186625194
0.897874546397097
0.7954898911353032
0.87817522032141
0.7822706065318819
0.788232244686366
0.8761016070502852
0.5425090720580612
0.9245723172628305
0.9027993779160186
0.8841368584758943
0.7991187143597719
0.7879730430274754
0.8716951788491446
0.7789009849663038
0.8468118195956454
0.8945049248315189
0.9427164333851736
0.8644375324002074
0.8776568170036289
0.7962674961119751
0.854587869362364
0.8232244686365993
0.7752721617418351
0.8201140487299119
0.8242612752721618
0.8945049248315189
0.7112493519958528
0.9383100051840332
0.7542768273716952
0.8289269051321928
0.855883877656817
0.9639709694142042
0.8919129082426127
0.8532918610679109
0.9364955935717989
0.8869880767236911
0.9515292897874547
0.7991187143597719
0.8322965266977709
0.854587869362364
0.8242612752721618
0.8488854328667703
0.8372213582166926
0.8841368584758943
0.880248833592535
0.7988595127008813
0.9504924831518922
0.8076723691031623
0.9175738724727839
0.8913945049248315
0.8247796785899429
0.7833074131674442
0.794971487817522
0.9095386210471748
0.809227579056506
0.8748055987558321
0.786158631415241
0.7615344738206324
0.8989113530326595
0.9030585795749093
0.7960082944530845
0.9064282011404873
0.9095386210471748
0.8685847589424572
0.7986003110419907
0.9056505961638155
0.9129082426127527
0.8965785381026439
0.8794712286158631
0.8136340072576465
0.7778641783307413
0.8535510627268015
0.7146189735614308
0.8040435458786936
0.8390357698289269
0.9642301710730948
0.7776049766718507
0.8411093831000518
0.8576982892690513
0.8076723691031623
0.9442716433385173
0.8608087091757387
0.8569206842923794
0.7804561949196475
0.895800933125972
0.8970969414204251
0.8372213582166926
0.7988595127008813
0.8478486262312078
0.8491446345256609
0.8058579574909279
0.7983411093831001
0.8351477449455676
0.8379989631933644
0.7781233799896319
0.8551062726801452
0.7356143079315708
0.902540176257128
0.8973561430793157
0.8636599274235355
0.8333333333333334
0.9116122343182996
0.8805080352514256
0.7840850181441161
0.9144634525660964
0.8431829963711768
0.8390357698289269
0.9287195438050804
0.8994297563504406
0.8792120269569725
0.17651632970451012
0.8945049248315189
0.8867288750648004
0.8631415241057543
0.7737169517884914
0.8066355624675998
0.855883877656817
0.9087610160705029
0.8740279937791602
0.8258164852255054
0.8455158113011924
0.7669777086573354
0.8195956454121306
0.8833592534992224
0.8913945049248315
0.933644375324002
0.7493519958527735
0.7610160705028512
0.850440642820114
0.8514774494556765
0.8833592534992224
0.9136858475894246
0.8320373250388803
0.8017107309486781
0.8418869880767237
0.9056505961638155
0.8916537065837221
0.7439087610160705
0.8602903058579575
0.8745463970969414
0.942457231726283
0.8232244686365993
0.8219284603421462
0.8289269051321928
0.8105235873509591
0.9339035769828927
0.9393468118195957
0.8636599274235355
0.8372213582166926
0.9043545878693624
0.8227060653188181
0.8237428719543806
0.7641264904095386
0.8094867807153966
0.7301710730948678
0.8351477449455676
0.7877138413685848
0.8947641264904095
0.8898392949714878
0.843701399688958
0.8247796785899429
0.8960601347848626
0.8869880767236911
0.803784344219803
0.892431311560394
0.8374805598755832
0.8094867807153966
0.845775012960083
0.9686365992742354
0.8278900984966304
0.9421980300673924
0.8211508553654744
0.8162260238465526
0.8755832037325039
0.854587869362364
0.8048211508553654
0.926905132192846
0.7773457750129601
0.9587869362363919
0.9015033696215656
0.715137376879212
0.8898392949714878
0.7690513219284604
0.9035769828926905
0.928978745463971
0.8797304302747537
0.9447900466562986
0.844997407983411
0.9020217729393468
0.9331259720062208
0.8657335406946605
0.8820632452047693
0.8247796785899429
0.8265940902021773
0.9038361845515811
0.8512182477967859
0.8465526179367548
0.8696215655780197
0.809227579056506
0.8144116122343183
0.9326075686884396
0.8615863141524106
0.8911353032659409
0.9009849663037843
0.8530326594090202
0.8823224468636599
0.885692068429238
0.7602384655261794
0.8227060653188181
0.7509072058061171
0.8574390876101607
0.8055987558320373
0.9142042509072058
0.9414204250907205
0.94116122343183
0.9230171073094868
0.9297563504406429
0.9069466044582686
0.8685847589424572
0.8084499740798341
0.9398652151373769
0.8356661482633488
0.8566614826334888
0.8522550544323484
0.8367029548989113
0.8320373250388803
0.7076205287713841
0.9375324002073613
0.7871954380508035
0.7467599792638673
0.8906168999481596
0.9110938310005184
0.9447900466562986
0.8913945049248315
0.9432348367029549
0.8750648004147227
0.8351477449455676
0.812597200622084
0.9030585795749093
0.7747537584240539
0.8208916537065837
0.8063763608087092
0.7750129600829445
0.8939865215137377
0.9020217729393468
0.7656817003628823
0.828149300155521
0.8846552617936755
0.8219284603421462
0.8579574909279419
0.8771384136858476
0.8501814411612234
0.8372213582166926
0.7825298081907724
0.8006739243131156
0.8377397615344738
0.8859512700881286
0.7615344738206324
0.8960601347848626
0.8294453084499741
0.9320891653706583
0.8548470710212546
0.9134266459305339
0.8893208916537065
0.8644375324002074
0.966822187662001
0.9175738724727839
0.8385173665111457
0.8623639191290824
0.9315707620528771
0.8556246759979264
0.925609123898393
0.8006739243131156
0.9064282011404873
0.8750648004147227
0.7597200622083982
0.8724727838258165
0.8201140487299119
0.7454639709694142
0.8618455158113012
0.8405909797822706
0.8776568170036289
0.7900466562986003
0.902540176257128
0.8670295489891136
0.8219284603421462
0.9188698807672369
0.9538621047174702
0.8916537065837221
0.8937273198548471
0.7042509072058061
0.803784344219803
0.9142042509072058
0.9053913945049248
0.9510108864696734
0.8685847589424572
0.8494038361845516
0.7921202695697253
0.9178330741316745
0.7682737169517885
0.897874546397097
0.9110938310005184
0.9494556765163297
0.7799377916018663
0.8291861067910835
0.8742871954380508
0.8805080352514256
0.8322965266977709
0.8045619491964748
0.8597719025401762
0.9033177812337999
0.8157076205287714
0.8779160186625194
0.7926386728875064
0.892431311560394
0.8330741316744427
0.9066874027993779
0.8737687921202696
0.9696734059097978
0.8729911871435977
0.8291861067910835
0.8659927423535511
0.8797304302747537
0.883618455158113
0.769310523587351
0.8398133748055988
0.7939346811819595
0.8221876620010368
0.8851736651114567
0.8929497148781752
0.8483670295489891
0.8970969414204251
0.7708657335406947
0.8921721099015034
0.7200622083981337
0.8478486262312078
0.7939346811819595
0.7392431311560393
0.9232763089683774
0.9061689994815967
0.9170554691550026
0.8937273198548471
0.7988595127008813
0.8610679108346293
0.8227060653188181
0.7752721617418351
0.8444790046656299
0.7763089683773976
0.8486262312078797
0.9650077760497667
0.8540694660445827
0.9059097978227061
0.9237947122861586
0.8115603939865215
0.8162260238465526
0.8416277864178331
0.9660445826853292
0.847071021254536
0.9758942457231726
0.7817522032141005
0.8367029548989113
0.7750129600829445
0.9574909279419388
0.8797304302747537
0.9142042509072058
0.9212026956972524
0.7630896837739761
0.7763089683773976
0.9375324002073613
0.8867288750648004
0.7726801451529289
0.8460342146189735
0.9038361845515811
0.8862104717470192
0.931052358735096
0.782789009849663
0.7620528771384136
0.8250388802488335
0.794971487817522
0.7210990150336962
0.8151892172109901
0.7213582166925868
0.7501296008294454
0.8369621565578019
0.8462934162778641
0.8636599274235355
0.9022809745982374
0.834888543286677
0.9212026956972524
0.8408501814411612
0.7884914463452566
0.7954898911353032
0.8053395541731467
0.815966822187662
0.9180922757905651
0.8970969414204251
0.7991187143597719
0.8711767755313634
0.7747537584240539
0.8683255572835666
0.9538621047174702
0.8346293416277865
0.8250388802488335
0.8929497148781752
0.9598237428719544
0.9059097978227061
0.8841368584758943
0.7734577501296008
0.8657335406946605
0.8175220321410057
0.9520476931052358
0.8709175738724728
0.8100051840331778
0.8325557283566615
0.907983411093831
0.8890616899948159
0.8530326594090202
0.8354069466044582
0.9178330741316745
0.8385173665111457
0.8773976153447383
0.8258164852255054
0.7835666148263349
0.8439606013478487
0.9129082426127527
0.732763089683774
0.7840850181441161
0.8947641264904095
0.8818040435458787
0.8631415241057543
0.8740279937791602
0.8970969414204251
0.9331259720062208
0.7778641783307413
0.8805080352514256
0.8475894245723172
0.7918610679108347
0.7244686365992742
0.8994297563504406
0.9193882840850182
0.9061689994815967
0.9193882840850182
0.7654224987039917
0.9258683255572836
0.8644375324002074
0.7980819077242094
0.8131156039398653
0.9248315189217211
0.8102643856920684
0.9349403836184551
0.8869880767236911
0.9209434940383618
0.8758424053913945
0.8304821150855366
0.8551062726801452
0.7654224987039917
0.7024364955935718
0.8825816485225505
0.7480559875583204
0.8462934162778641
0.8014515292897875
0.8462934162778641
0.7708657335406947
0.7988595127008813
0.7314670813893209
0.8379989631933644
0.864696734059098
0.8118195956454122
0.9279419388284085
0.713841368584759
0.9048729911871436
0.933644375324002
0.8698807672369103
0.911353032659409
0.7908242612752722
0.8455158113011924
0.8162260238465526
0.9258683255572836
0.8737687921202696
0.7843442198030067
0.8636599274235355
0.9248315189217211
0.8190772420943494
0.86132711249352
0.7674961119751167
0.7973043027475376
0.9530844997407983
0.8439606013478487
0.8240020736132712
0.9157594608605495
0.8618455158113012
0.7356143079315708
0.9199066874027994
0.8947641264904095
0.8157076205287714
0.9263867288750648
0.9447900466562986
0.8499222395023328
0.8999481596682218
0.8224468636599275
0.7452047693105236
0.8128564022809746
0.8602903058579575
0.9383100051840332
0.821410057024365
0.8996889580093312
0.8079315707620529
0.8841368584758943
0.6827371695178849
0.8797304302747537
0.8652151373768792
0.8535510627268015
0.7011404872991187
0.8014515292897875
0.9121306376360808
0.8426645930533956
0.9108346293416277
0.8913945049248315
0.8864696734059098
0.8703991705546915
0.78149300155521
0.9624157594608606
0.8636599274235355
0.8841368584758943
0.7052877138413686
0.9069466044582686
0.8206324520476931
0.8413685847589425
0.9118714359771902
0.6902540176257128
0.7527216174183515
0.94116122343183
0.9650077760497667
0.8164852255054432
0.8136340072576465
0.8330741316744427
0.8916537065837221
0.9155002592016589
0.9704510108864697
0.9118714359771902
0.907983411093831
0.8338517366511146
0.8766200103680664
0.7856402280974598
0.8224468636599275
0.8701399688958009
0.9040953862104717
0.6270088128564023
0.9694142042509072
0.7148781752203214
0.7599792638672888
0.8932089165370658
0.8364437532400207
0.8180404354587869
0.7789009849663038
0.7646448937273198
0.8068947641264904
0.8514774494556765
0.937791601866252
0.8916537065837221
0.8208916537065837
0.7910834629341628
0.7651632970451011
0.7931570762052877
0.8937273198548471
0.8919129082426127
0.815966822187662
0.9030585795749093
0.8517366511145671
0.7729393468118196
0.9263867288750648
0.8250388802488335
0.6923276308968377
0.9468636599274235
0.8045619491964748
0.7734577501296008
0.7978227060653188
0.8745463970969414
0.7931570762052877
0.8877656817003629
0.8087091757387247
0.8188180404354588
0.9108346293416277
0.9048729911871436
0.786158631415241
0.8299637117677553
0.8133748055987559
0.828149300155521
0.9243131156039399
0.7812337998963194
0.9121306376360808
0.8693623639191291
0.8950233281493002
0.935717988595127
0.8548470710212546
0.7747537584240539
0.8564022809745983
0.7384655261793676
0.7952306894764126
0.8703991705546915
0.7866770347330223
0.949974079834111
0.8805080352514256
0.9349403836184551
0.9206842923794712
0.9258683255572836
0.9118714359771902
0.9139450492483152
0.9502332814930016
0.942457231726283
0.8144116122343183
0.9033177812337999
0.45178849144634525
0.9383100051840332
0.8657335406946605
0.8058579574909279
0.8919129082426127
0.9157594608605495
0.9209434940383618
0.9038361845515811
0.7402799377916018
0.9144634525660964
0.8823224468636599
0.883618455158113
0.8543286677034733
0.7369103162260239
0.6765163297045101
0.8631415241057543
0.9196474857439088
0.8849144634525661
0.8216692586832556
0.7682737169517885
0.8932089165370658
0.8849144634525661
0.9097978227060654
0.7791601866251944
0.9712286158631416
0.8110419906687403
0.9279419388284085
0.8794712286158631
0.8100051840331778
0.8113011923276309
0.9393468118195957
0.821410057024365
0.8369621565578019
0.8786936236391913
0.7649040953862105
0.826075686884396
0.7630896837739761
0.8291861067910835
0.7086573354069466
0.8390357698289269
0.7851218247796786
0.8268532918610679
0.9608605495075169
0.9639709694142042
0.8107827890098497
0.7273198548470711
0.8361845515811301
0.8701399688958009
0.8294453084499741
0.9297563504406429
0.8641783307413168
0.8499222395023328
0.8310005184033178
0.8561430793157077
0.9512700881285641
0.7480559875583204
0.8934681181959565
0.9155002592016589
0.763867288750648
0.7423535510627268
0.8882840850181442
0.8753240020736133
0.8566614826334888
0.8240020736132712
0.7978227060653188
0.8297045101088647
0.8087091757387247
0.9152410575427683
0.7713841368584758
0.8019699326075687
0.8828408501814412
0.8950233281493002
0.8107827890098497
0.744945567651633
0.8908761016070503
0.931052358735096
0.786158631415241
0.7838258164852255
0.9178330741316745
0.784862623120788
0.9300155520995335
0.8304821150855366
0.8895800933125972
0.8921721099015034
0.7143597719025402
0.8055987558320373
0.7703473302229135
0.8201140487299119
0.8351477449455676
0.7996371176775532
0.8631415241057543
0.8960601347848626
0.8867288750648004
0.8543286677034733
0.9805598755832037
0.9139450492483152
0.9085018144116123
0.7721617418351477
0.8828408501814412
0.8460342146189735
0.7179885951270089
0.9230171073094868
0.9072058061171592
0.8916537065837221
0.8519958527734578
0.8232244686365993
0.8579574909279419
0.8849144634525661
0.7773457750129601
0.9414204250907205
0.8644375324002074
0.8939865215137377
0.7708657335406947
0.8641783307413168
0.8939865215137377
0.9015033696215656
0.8149300155520995
0.8452566096423018
0.7840850181441161
0.9294971487817522
0.9126490409538621
0.8154484188698807
0.9548989113530326
0.916796267496112
0.9385692068429238
0.8271124935199585
0.6661482633488854
0.9095386210471748
0.8369621565578019
0.8618455158113012
0.847071021254536
0.8045619491964748
0.8400725764644894
0.8564022809745983
0.7210990150336962
0.7148781752203214
0.910057024364956
0.8797304302747537
0.9038361845515811
0.8224468636599275
0.8579574909279419
0.8136340072576465
0.7877138413685848
0.9074650077760498
0.8081907724209435
0.9644893727319855
0.7501296008294454
0.8701399688958009
0.8131156039398653
0.7890098496630379
0.7301710730948678
0.7706065318818041
0.9751166407465007
0.8411093831000518
0.8081907724209435
0.8634007257646449
0.8732503888024883
0.8644375324002074
0.8496630378434422
0.8079315707620529
0.8180404354587869
0.8128564022809746
0.8519958527734578
0.8444790046656299
0.7242094349403836
0.7446863659927424
0.8364437532400207
0.786158631415241
0.8506998444790047
0.8473302229134266
0.828149300155521
0.8532918610679109
0.7734577501296008
0.7470191809227579
0.7791601866251944
0.8926905132192846
0.8628823224468637
0.8530326594090202
0.8063763608087092
0.8055987558320373
0.8973561430793157
0.9642301710730948
0.8263348885432866
0.8952825298081908
0.9015033696215656
0.8929497148781752
0.8867288750648004
0.926905132192846
0.7750129600829445
0.8123379989631934
0.8939865215137377
0.9904095386210472
0.8750648004147227
0.932348367029549
0.9359771902540176
0.8654743390357699
0.7366511145671333
0.8087091757387247
0.8341109383100052
0.7094349403836184
0.8947641264904095
0.8789528252980819
0.916796267496112
0.8859512700881286
0.9385692068429238
0.8662519440124417
0.78149300155521
0.8442198030067393
0.9538621047174702
0.847071021254536
0.8929497148781752
0.8965785381026439
0.8224468636599275
0.8522550544323484
0.9051321928460342
0.923535510627268
0.8792120269569725
0.9541213063763608
0.8268532918610679
0.9227579056505961
0.9077242094349404
0.8089683773976153
0.7607568688439607
0.7213582166925868
0.807153965785381
0.926905132192846
0.8398133748055988
0.8527734577501296
0.8195956454121306
0.8100051840331778
0.9631933644375325
0.7846034214618973
0.8584758942457231
0.8569206842923794
0.8527734577501296
0.7928978745463972
0.8530326594090202
0.960082944530845
0.8411093831000518
0.8017107309486781
0.8652151373768792
0.8833592534992224
0.9020217729393468
0.8164852255054432
0.8081907724209435
0.7954898911353032
0.8310005184033178
0.8608087091757387
0.7996371176775532
0.7789009849663038
0.8151892172109901
0.9038361845515811
0.926905132192846
0.73950233281493
0.9230171073094868
0.8017107309486781
0.8748055987558321
0.8890616899948159
0.8170036288232244
0.7612752721617418
0.8058579574909279
0.9165370658372214
0.8061171591498185
0.7540176257128045
0.6936236391912908
0.7737169517884914
0.7610160705028512
0.9442716433385173
0.9222395023328149
0.815966822187662
0.8395541731467081
0.859253499222395
0.7607568688439607
0.8916537065837221
0.8444790046656299
0.8359253499222395
0.9040953862104717
0.834888543286677
0.7488335925349923
0.8996889580093312
0.7763089683773976
0.730689476412649
0.7244686365992742
0.8761016070502852
0.8983929497148782
0.8649559357179886
0.942457231726283
0.8939865215137377
0.9300155520995335
0.9061689994815967
0.7991187143597719
0.8776568170036289
0.9388284085018144
0.9012441679626749
0.8486262312078797
0.8556246759979264
0.7776049766718507
0.9486780715396579
0.8405909797822706
0.7983411093831001
0.9035769828926905
0.8952825298081908
0.8763608087091758
0.7965266977708657
0.8509590461378953
0.8888024883359253
0.892431311560394
0.8320373250388803
0.7789009849663038
0.7348367029548989
0.8354069466044582
0.8255572835666148
0.8188180404354588
0.8232244686365993
0.7838258164852255
0.821410057024365
0.8325557283566615
0.8538102643856921
0.9460860549507517
0.8709175738724728
0.7967858994297563
0.8076723691031623
0.7475375842405392
0.907983411093831
0.8120787973043028
0.8527734577501296
0.8937273198548471
0.8662519440124417
0.6876620010368066
0.8989113530326595
0.7540176257128045
0.8970969414204251
0.9204250907205807
0.8965785381026439
0.8963193364437533
0.8413685847589425
0.8945049248315189
0.8672887506480041
0.8893208916537065
0.8753240020736133
0.8556246759979264
0.8641783307413168
0.9126490409538621
0.755054432348367
0.9442716433385173
0.9077242094349404
0.7721617418351477
0.8045619491964748
0.8564022809745983
0.8162260238465526
0.904613789528253
0.9139450492483152
0.7200622083981337
0.8068947641264904
0.8703991705546915
0.7908242612752722
0.9440124416796267
0.9015033696215656
0.9354587869362364
0.9471228615863142
0.8050803525142561
0.7892690513219285
0.8519958527734578
0.926905132192846
0.8442198030067393
0.8499222395023328
0.7991187143597719
0.8963193364437533
0.7822706065318819
0.8444790046656299
0.9468636599274235
0.7353551062726802
0.8068947641264904
0.9193882840850182
0.7978227060653188
0.85717988595127
0.8582166925868325
0.8455158113011924
0.8561430793157077
0.7954898911353032
0.9383100051840332
0.844997407983411
0.8862104717470192
0.9282011404872991
0.844997407983411
0.8426645930533956
0.813893208916537
0.8644375324002074
0.8263348885432866
0.8252980819077242
0.9033177812337999
0.7962674961119751
0.8724727838258165
0.9359771902540176
0.668481078278901
0.8258164852255054
0.8610679108346293
0.8258164852255054
0.8416277864178331
0.9108346293416277
0.8626231207879731
0.9186106791083463
0.8421461897356143
0.8729911871435977
0.8535510627268015
0.8188180404354588
0.8888024883359253
0.9105754276827371
0.8494038361845516
0.8696215655780197
0.9670813893208916
0.8906168999481596
0.9007257646448937
0.8514774494556765
0.7791601866251944
0.9590461378952825
0.736132711249352
0.7309486780715396
0.7008812856402281
0.8431829963711768
0.8719543805080352
0.8615863141524106
0.909279419388284
0.7809745982374288
0.911353032659409
0.826075686884396
0.9173146708138932
0.8968377397615345
0.9072058061171592
0.7524624157594608
0.8608087091757387
0.8968377397615345
0.8911353032659409
0.6272680145152929
0.8032659409020217
0.8838776568170036
0.8937273198548471
0.8460342146189735
0.7560912389839295
0.9173146708138932
0.8491446345256609
0.9165370658372214
0.7809745982374288
0.8035251425609123
0.8094867807153966
0.8063763608087092
0.7744945567651633
0.7944530844997408
0.8833592534992224
0.9274235355106273
0.9160186625194401
0.8219284603421462
0.9027993779160186
0.8665111456713323
0.8224468636599275
0.7804561949196475
0.9504924831518922
0.8408501814411612
0.8748055987558321
0.8408501814411612
0.8486262312078797
0.8913945049248315
0.7654224987039917
0.8538102643856921
0.7459823742871955
0.8893208916537065
0.7581648522550545
0.8851736651114567
0.8491446345256609
0.8605495075168481
0.8628823224468637
0.8265940902021773
0.9349403836184551
0.6855883877656817
0.8955417314670814
0.8131156039398653
0.909279419388284
0.8846552617936755
0.8390357698289269
0.8519958527734578
0.7789009849663038
0.8294453084499741
0.8983929497148782
0.8885432866770347
0.8040435458786936
0.8224468636599275
0.807153965785381
0.9121306376360808
0.7716433385173666
0.8564022809745983
0.7884914463452566
0.8229652669777087
0.9383100051840332
0.8123379989631934
0.9097978227060654
0.7229134266459305
0.8911353032659409
0.9188698807672369
0.8180404354587869
0.8030067392431312
0.9217210990150337
0.8149300155520995
0.8662519440124417
0.8945049248315189
0.9022809745982374
0.8833592534992224
0.9561949196474857
0.7918610679108347
0.9561949196474857
0.7579056505961638
0.794971487817522
0.788232244686366
0.9367547952306895
0.8131156039398653
0.8913945049248315
0.9779678589942976
0.8965785381026439
0.8945049248315189
0.8494038361845516
0.9331259720062208
0.8141524105754276
0.8745463970969414
0.8908761016070503
0.9105754276827371
0.8742871954380508
0.8359253499222395
0.9015033696215656
0.85717988595127
0.8294453084499741
0.8102643856920684
0.9328667703473302
0.749611197511664
0.868066355624676
0.9040953862104717
0.8263348885432866
0.9017625712804562
0.9274235355106273
0.8247796785899429
0.8346293416277865
0.942457231726283
0.9800414722654225
0.8250388802488335
0.9263867288750648
0.9105754276827371
0.8893208916537065
0.8310005184033178
0.897874546397097
0.8564022809745983
0.833592534992224
0.7773457750129601
0.9344219803006739
0.8636599274235355
0.975635044064282
0.9064282011404873
0.8701399688958009
0.928978745463971
0.8989113530326595
0.9110938310005184
0.876879212026957
0.6345256609642301
0.8325557283566615
0.8540694660445827
0.8608087091757387
0.9525660964230172
0.8317781233799897
0.8405909797822706
0.8986521513737687
0.935717988595127
0.8273716951788491
0.7555728356661483
0.8053395541731467
0.9012441679626749
0.8740279937791602
0.9491964748574391
0.8820632452047693
0.8900984966303784
0.9248315189217211
0.8994297563504406
0.8491446345256609
0.9429756350440642
0.9048729911871436
0.7744945567651633
0.678589942975635
0.9523068947641264
0.897874546397097
0.8519958527734578
0.8989113530326595
0.87817522032141
0.9131674442716433
0.985743908761016
0.910057024364956
0.9393468118195957
0.8763608087091758
0.923535510627268
0.8151892172109901
0.8761016070502852
0.8605495075168481
0.9624157594608606
0.8097459823742872
0.81933644375324
0.9193882840850182
0.8688439606013478
0.8488854328667703
0.9232763089683774
0.8338517366511146
0.8517366511145671
0.9087610160705029
0.8198548470710213
0.8942457231726283
0.8849144634525661
0.8843960601347849
0.9219803006739243
0.855883877656817
0.8190772420943494
0.7726801451529289
0.9616381544841887
0.8286677034733022
0.9206842923794712
0.7366511145671333
0.8149300155520995
0.7553136340072576
0.8460342146189735
0.8913945049248315
0.9665629860031104
0.8530326594090202
0.7687921202695698
0.8496630378434422
0.9193882840850182
0.9455676516329704
0.8825816485225505
0.9691550025920166
0.8416277864178331
0.8175220321410057
0.9165370658372214
0.8421461897356143
0.8240020736132712
0.8367029548989113
0.8628823224468637
0.7630896837739761
0.9118714359771902
0.8310005184033178
0.8182996371176775
0.813893208916537
0.8055987558320373
0.838258164852255
0.7944530844997408
0.9193882840850182
0.8755832037325039
0.7656817003628823
0.7765681700362882
0.7781233799896319
0.8688439606013478
0.8203732503888025
0.8908761016070503
0.8115603939865215
0.8532918610679109
0.86132711249352
0.7695697252462416
0.6946604458268533
0.7939346811819595
0.8888024883359253
0.8807672369103162
0.9333851736651114
0.8333333333333334
0.9038361845515811
0.8322965266977709
0.8919129082426127
0.7913426645930534
0.9655261793675479
0.7874546397096941
0.8494038361845516
0.8247796785899429
0.7820114048729911
0.9569725246241576
0.8576982892690513
0.8431829963711768
0.7452047693105236
0.9271643338517367
0.8014515292897875
0.8828408501814412
0.8102643856920684
0.8543286677034733
0.8123379989631934
0.8206324520476931
0.7768273716951789
0.7830482115085536
0.8989113530326595
0.8895800933125972
0.880248833592535
0.8081907724209435
0.8240020736132712
0.7993779160186625
0.843701399688958
0.8369621565578019
0.8872472783825817
0.8709175738724728
0.9300155520995335
0.7156557801969933
0.902540176257128
0.8981337480559876
0.7726801451529289
0.7721617418351477
0.782789009849663
0.8416277864178331
0.8631415241057543
0.9230171073094868
0.8356661482633488
0.8294453084499741
0.7809745982374288
0.7594608605495076
0.8932089165370658
0.7135821669258683
0.7840850181441161
0.8102643856920684
0.9738206324520476
0.8566614826334888
0.8670295489891136
0.8600311041990669
0.890357698289269
0.8167444271643338
0.8890616899948159
0.815966822187662
0.9131674442716433
0.9059097978227061
0.7348367029548989
0.9271643338517367
0.8032659409020217
0.8198548470710213
0.726023846552618
0.7998963193364438
0.8543286677034733
0.928978745463971
0.628564022809746
0.8286677034733022
0.8911353032659409
0.7607568688439607
0.8400725764644894
0.9165370658372214
0.9240539139450492
0.9170554691550026
0.8512182477967859
0.7514256091238984
0.855883877656817
0.8665111456713323
0.7649040953862105
0.84033177812338
0.8265940902021773
0.8766200103680664
0.7853810264385692
0.9440124416796267
0.843701399688958
0.9206842923794712
0.7553136340072576
0.8488854328667703
0.8880248833592534
0.8696215655780197
0.8566614826334888
0.8392949714878175
0.84033177812338
0.8302229134266459
0.8302229134266459
0.8032659409020217
0.8317781233799897
0.8779160186625194
0.8424053913945049
0.871435977190254
0.9142042509072058
0.8538102643856921
0.7729393468118196
0.9875583203732504
0.8641783307413168
0.7439087610160705
0.81933644375324
0.8900984966303784
0.8854328667703474
0.8942457231726283
0.86132711249352
0.8823224468636599
0.8429237947122862
0.935717988595127
0.8452566096423018
0.6817003628823225
0.7809745982374288
0.8460342146189735
0.9069466044582686
0.8452566096423018
0.7597200622083982
0.9209434940383618
0.8846552617936755
0.8724727838258165
0.782789009849663
0.9020217729393468
0.8022291342664593
0.7900466562986003
0.8447382063245205
0.7975635044064282
0.9121306376360808
0.8815448418869881
0.8434421980300674
0.94116122343183
0.9447900466562986
0.8805080352514256
0.9007257646448937
0.8636599274235355
0.7343182996371177
0.97900466562986
0.8312597200622084
0.8333333333333334
0.45541731467081387
0.6337480559875583
0.9442716433385173
0.8385173665111457
0.7908242612752722
0.8696215655780197
0.7423535510627268
0.9178330741316745
0.8019699326075687
0.9250907205806117
0.6337480559875583
0.9136858475894246
0.9263867288750648
0.8488854328667703
0.8304821150855366
0.8716951788491446
0.7452047693105236
0.8030067392431312
0.7978227060653188
0.8452566096423018
0.8963193364437533
0.9331259720062208
0.8157076205287714
0.8761016070502852
0.9186106791083463
0.8976153447382064
0.78149300155521
0.8916537065837221
0.9450492483151892
0.8123379989631934
0.907983411093831
0.7980819077242094
0.8945049248315189
0.9121306376360808
0.7389839294971488
0.8670295489891136
0.8245204769310523
0.8278900984966304
0.8359253499222395
0.9271643338517367
0.8369621565578019
0.8968377397615345
0.8913945049248315
0.7851218247796786
0.7682737169517885
0.8818040435458787
0.9152410575427683
0.8652151373768792
0.8864696734059098
0.8398133748055988
0.8843960601347849
0.9061689994815967
0.6886988076723691
0.8113011923276309
0.6581130119232763
0.7991187143597719
0.8672887506480041
0.8227060653188181
0.838258164852255
0.7962674961119751
0.7721617418351477
0.8390357698289269
0.9030585795749093
0.8716951788491446
0.7534992223950233
0.9533437013996889
0.8517366511145671
0.757128045619492
0.8683255572835666
0.8252980819077242
0.9429756350440642
0.8372213582166926
0.7669777086573354
0.9388284085018144
0.9624157594608606
0.7522032141005702
0.9077242094349404
0.7698289269051322
0.8926905132192846
0.8786936236391913
0.8947641264904095
0.7869362363919129
0.7566096423017107
0.8626231207879731
0.9066874027993779
0.8141524105754276
0.9328667703473302
0.8491446345256609
0.834888543286677
