0.7862903225806451
0.8095878136200717
0.8862007168458781
0.7943548387096774
0.7123655913978495
0.8382616487455197
0.8767921146953405
0.889336917562724
0.9381720430107527
0.9018817204301075
0.6796594982078853
0.6442652329749103
0.7267025089605734
0.806899641577061
0.7939068100358423
0.625
0.9121863799283154
0.8315412186379928
0.7580645161290323
0.6353046594982079
0.8046594982078853
0.7603046594982079
0.7302867383512545
0.8042114695340502
0.8006272401433692
0.7719534050179212
0.8467741935483871
0.8077956989247311
0.8812724014336918
0.8767921146953405
0.7567204301075269
0.8270609318996416
0.6671146953405018
0.8772401433691757
0.7800179211469535
0.9139784946236559
0.8257168458781362
0.8154121863799283
0.8978494623655914
0.9135304659498208
0.7647849462365591
0.8884408602150538
0.9023297491039427
0.8745519713261649
0.9126344086021505
0.882168458781362
0.9274193548387096
0.803763440860215
0.7576164874551972
0.8042114695340502
0.8700716845878136
0.8230286738351255
0.7240143369175627
0.828853046594982
0.8033154121863799
0.7190860215053764
0.7495519713261649
0.8234767025089605
0.8602150537634409
0.8987455197132617
0.8902329749103942
0.8902329749103942
0.8243727598566308
0.850358422939068
0.8888888888888888
0.9063620071684588
0.774641577060932
0.6872759856630825
0.8660394265232975
0.8266129032258065
0.7513440860215054
0.857078853046595
0.8369175627240143
0.8938172043010753
0.8754480286738351
0.7486559139784946
0.9112903225806451
0.8225806451612904
0.7921146953405018
0.71415770609319
0.8561827956989247
0.8077956989247311
0.6917562724014337
0.8982974910394266
0.7804659498207885
0.682347670250896
0.8387096774193549
0.8266129032258065
0.7706093189964157
0.8342293906810035
0.900089605734767
0.8669354838709677
0.7849462365591398
0.942652329749104
0.8521505376344086
0.8028673835125448
0.8669354838709677
0.8234767025089605
0.9148745519713262
0.7670250896057348
0.757168458781362
0.5403225806451613
0.31451612903225806
0.8566308243727598
0.8413978494623656
0.892921146953405
0.8920250896057348
0.8033154121863799
0.9560931899641577
0.9184587813620072
0.8328853046594982
0.7495519713261649
0.8696236559139785
0.803763440860215
0.7289426523297491
0.714605734767025
0.8655913978494624
0.8620071684587813
0.9023297491039427
0.774641577060932
0.8189964157706093
0.8624551971326165
0.7401433691756273
0.8915770609318996
0.8028673835125448
0.806899641577061
0.807347670250896
0.6375448028673835
0.8803763440860215
0.8252688172043011
0.603494623655914
0.8248207885304659
0.8194444444444444
0.7217741935483871
0.8655913978494624
0.8602150537634409
0.8557347670250897
0.7697132616487455
0.7338709677419355
0.8158602150537635
0.8611111111111112
0.767921146953405
0.796594982078853
0.8100358422939068
0.8198924731182796
0.7432795698924731
0.8373655913978495
0.885752688172043
0.6671146953405018
0.8351254480286738
0.7271505376344086
0.8293010752688172
0.9417562724014337
0.864247311827957
0.7468637992831542
0.8413978494623656
0.8481182795698925
0.8257168458781362
0.9009856630824373
0.83915770609319
0.9135304659498208
0.91084229390681
0.8373655913978495
0.7410394265232975
0.8261648745519713
0.9386200716845878
0.8172043010752689
0.7347670250896058
0.860663082437276
0.7988351254480287
0.7267025089605734
0.7916666666666666
0.6765232974910395
0.7423835125448028
0.8862007168458781
0.8310931899641577
0.7997311827956989
0.7522401433691757
0.896505376344086
0.8620071684587813
0.9041218637992832
0.6456093189964157
0.9399641577060932
0.7692652329749103
0.7813620071684588
0.7504480286738351
0.7370071684587813
0.900089605734767
0.7871863799283154
0.9372759856630825
0.7343189964157706
0.9578853046594982
0.8803763440860215
0.7370071684587813
0.7974910394265233
0.8095878136200717
0.8508064516129032
0.9260752688172043
0.5945340501792115
0.8485663082437276
0.7562724014336918
0.8163082437275986
0.8248207885304659
0.8158602150537635
0.8991935483870968
0.7724014336917563
0.7688172043010753
0.964605734767025
0.8817204301075269
0.9148745519713262
0.8539426523297491
0.8243727598566308
0.6769713261648745
0.5295698924731183
0.8158602150537635
0.8270609318996416
0.8346774193548387
0.8109318996415771
0.8270609318996416
0.9027777777777778
0.7060931899641577
0.7616487455197133
0.8293010752688172
0.6805555555555556
0.8418458781362007
0.7137096774193549
0.7491039426523297
0.864247311827957
0.8095878136200717
0.7293906810035843
0.8611111111111112
0.9247311827956989
0.6039426523297491
0.8794802867383512
0.9305555555555556
0.8203405017921147
0.882168458781362
0.8839605734767025
0.8956093189964157
0.7155017921146953
0.8651433691756273
0.8624551971326165
0.6317204301075269
0.7903225806451613
0.8669354838709677
0.6621863799283154
0.8006272401433692
0.8118279569892473
0.6599462365591398
0.8015232974910395
0.785394265232975
0.821236559139785
0.9032258064516129
0.6379928315412187
0.8673835125448028
0.7441756272401434
0.821236559139785
0.767921146953405
0.8077956989247311
0.853494623655914
0.9283154121863799
0.8812724014336918
0.7800179211469535
0.7759856630824373
0.8557347670250897
0.714605734767025
0.8346774193548387
0.8463261648745519
0.7459677419354839
0.7047491039426523
0.7195340501792115
0.9265232974910395
0.6868279569892473
0.9408602150537635
0.8046594982078853
0.6541218637992832
0.882168458781362
0.8691756272401434
0.8597670250896058
0.7396953405017921
0.932347670250896
0.7208781362007168
0.8364695340501792
0.6196236559139785
0.9090501792114696
0.7903225806451613
0.8476702508960573
0.5318100358422939
0.8333333333333334
0.7979390681003584
0.7710573476702509
0.8248207885304659
0.8637992831541219
0.8808243727598566
0.7773297491039427
0.8709677419354839
0.7123655913978495
0.7943548387096774
0.8257168458781362
0.8378136200716846
0.9184587813620072
0.850358422939068
0.8741039426523297
0.7827060931899642
0.9516129032258065
0.8956093189964157
0.742831541218638
0.8449820788530465
0.7491039426523297
0.8400537634408602
0.7419354838709677
0.7101254480286738
0.9256272401433692
0.9242831541218638
0.7634408602150538
0.9068100358422939
0.9717741935483871
0.764336917562724
0.7638888888888888
0.8655913978494624
0.728494623655914
0.8978494623655914
0.896505376344086
0.7222222222222222
0.7199820788530465
0.774641577060932
0.46415770609318996
0.8279569892473119
0.8024193548387096
0.9404121863799283
0.8525985663082437
0.7361111111111112
0.9175627240143369
0.7970430107526881
0.8772401433691757
0.6868279569892473
0.821236559139785
0.7450716845878136
0.9220430107526881
0.821236559139785
0.7441756272401434
0.8387096774193549
0.8431899641577061
0.7862903225806451
0.8602150537634409
0.753584229390681
0.8530465949820788
0.739247311827957
0.7204301075268817
0.8490143369175627
0.9632616487455197
0.8293010752688172
0.867831541218638
0.6948924731182796
0.806899641577061
0.9238351254480287
0.7298387096774194
0.7553763440860215
0.6832437275985663
0.66084229390681
0.900089605734767
0.8413978494623656
0.7383512544802867
0.8275089605734767
0.7280465949820788
0.8216845878136201
0.8293010752688172
0.7894265232974911
0.7755376344086021
0.8561827956989247
0.8279569892473119
0.7271505376344086
0.932347670250896
0.8960573476702509
0.8682795698924731
0.7329749103942652
0.853494623655914
0.8207885304659498
0.857078853046595
0.8655913978494624
0.896505376344086
0.6935483870967742
0.853494623655914
0.6706989247311828
0.9023297491039427
0.8001792114695341
0.753584229390681
0.7119175627240143
0.853494623655914
0.9139784946236559
0.9229390681003584
0.7638888888888888
0.7293906810035843
0.8373655913978495
0.706989247311828
0.607078853046595
0.9363799283154122
0.7773297491039427
0.7495519713261649
0.7912186379928315
0.7925627240143369
0.785394265232975
0.7728494623655914
0.7558243727598566
0.8275089605734767
0.7289426523297491
0.8266129032258065
0.7289426523297491
0.8974014336917563
0.78584229390681
0.8947132616487455
0.796146953405018
0.8225806451612904
0.9094982078853047
0.7092293906810035
0.7508960573476703
0.918010752688172
0.8266129032258065
0.8745519713261649
0.8651433691756273
0.8100358422939068
0.850358422939068
0.9198028673835126
0.9404121863799283
0.8216845878136201
0.9117383512544803
0.7370071684587813
0.6796594982078853
0.8741039426523297
0.7598566308243727
0.7526881720430108
0.6792114695340502
0.8911290322580645
0.6312724014336918
0.8221326164874552
0.7706093189964157
0.7804659498207885
0.8028673835125448
0.8915770609318996
0.7446236559139785
0.8207885304659498
0.5156810035842294
0.36693548387096775
0.7764336917562724
0.7871863799283154
0.8938172043010753
0.6729390681003584
0.7379032258064516
0.8517025089605734
0.8982974910394266
0.8790322580645161
0.7656810035842294
0.7531362007168458
0.7585125448028673
0.7307347670250897
0.8449820788530465
0.8275089605734767
0.8481182795698925
0.8225806451612904
0.7338709677419355
0.9493727598566308
0.8046594982078853
0.8127240143369175
0.8328853046594982
0.8301971326164874
0.8938172043010753
0.9498207885304659
0.6276881720430108
0.8485663082437276
0.8342293906810035
0.7172939068100358
0.8472222222222222
0.8378136200716846
0.8754480286738351
0.8122759856630825
0.8875448028673835
0.8655913978494624
0.8732078853046595
0.8548387096774194
0.8481182795698925
0.8525985663082437
0.9265232974910395
0.7970430107526881
0.7782258064516129
0.9404121863799283
0.9036738351254481
0.9525089605734767
0.8216845878136201
0.8203405017921147
0.8225806451612904
0.8691756272401434
0.8575268817204301
0.9551971326164874
0.774641577060932
0.9780465949820788
0.7620967741935484
0.9018817204301075
0.7804659498207885
0.8127240143369175
0.896505376344086
0.831989247311828
0.7849462365591398
0.7419354838709677
0.739247311827957
0.6644265232974911
0.8028673835125448
0.8167562724014337
0.8969534050179212
0.8588709677419355
0.7334229390681004
0.7459677419354839
0.696236559139785
0.8969534050179212
0.7818100358422939
0.839605734767025
0.857078853046595
0.8207885304659498
0.7459677419354839
0.7656810035842294
0.7235663082437276
0.921594982078853
0.8140681003584229
0.8763440860215054
0.8154121863799283
0.8629032258064516
0.8790322580645161
0.831989247311828
0.8530465949820788
0.850358422939068
0.9466845878136201
0.9260752688172043
0.9520609318996416
0.8445340501792115
0.7280465949820788
0.8001792114695341
0.7724014336917563
0.9189068100358423
0.8637992831541219
0.7114695340501792
0.8243727598566308
0.7343189964157706
0.8974014336917563
0.8561827956989247
0.8835125448028673
0.7419354838709677
0.7549283154121864
0.8924731182795699
0.8194444444444444
0.771505376344086
0.8136200716845878
0.7800179211469535
0.703853046594982
0.7401433691756273
0.8758960573476703
0.8413978494623656
0.7558243727598566
0.9417562724014337
0.853494623655914
0.6599462365591398
0.8906810035842294
0.8593189964157706
0.7222222222222222
0.42473118279569894
0.8095878136200717
0.8172043010752689
0.7096774193548387
0.7087813620071685
0.9166666666666666
0.8239247311827957
0.8055555555555556
0.8467741935483871
0.796146953405018
0.9027777777777778
0.8942652329749103
0.8767921146953405
0.9090501792114696
0.7701612903225806
0.8611111111111112
0.8082437275985663
0.8736559139784946
0.8588709677419355
0.8888888888888888
0.8095878136200717
0.8216845878136201
0.8086917562724014
0.8508064516129032
0.8355734767025089
0.785394265232975
0.8508064516129032
0.7531362007168458
0.6621863799283154
0.842741935483871
0.8602150537634409
0.8490143369175627
0.8010752688172043
0.7217741935483871
0.7992831541218638
0.8310931899641577
0.7410394265232975
0.8046594982078853
0.764336917562724
0.8978494623655914
0.7123655913978495
0.8803763440860215
0.8127240143369175
0.8225806451612904
0.7620967741935484
0.7347670250896058
0.735663082437276
0.8575268817204301
0.8337813620071685
0.753584229390681
0.8409498207885304
0.8310931899641577
0.9171146953405018
0.8624551971326165
0.8131720430107527
0.8109318996415771
0.8664874551971327
0.8660394265232975
0.774641577060932
0.9099462365591398
0.828853046594982
0.7903225806451613
0.8956093189964157
0.8328853046594982
0.8888888888888888
0.8378136200716846
0.7862903225806451
0.8382616487455197
0.864247311827957
0.9086021505376344
0.725358422939068
0.8566308243727598
0.7939068100358423
0.8575268817204301
0.8333333333333334
0.8140681003584229
0.774641577060932
0.8476702508960573
0.8333333333333334
0.892921146953405
0.767921146953405
0.8853046594982079
0.8216845878136201
0.806899641577061
0.8924731182795699
0.9292114695340502
0.7956989247311828
0.8266129032258065
0.9189068100358423
0.8158602150537635
0.7567204301075269
0.7562724014336918
0.6635304659498208
0.8853046594982079
0.8015232974910395
0.732078853046595
0.857078853046595
0.889336917562724
0.8449820788530465
0.6944444444444444
0.7150537634408602
0.8266129032258065
0.8705197132616488
0.7186379928315412
0.7119175627240143
0.828405017921147
0.8028673835125448
0.817652329749104
0.724910394265233
0.7531362007168458
0.725358422939068
0.8772401433691757
0.6971326164874552
0.7634408602150538
0.8409498207885304
0.7791218637992832
0.8848566308243727
0.9153225806451613
0.9372759856630825
0.8512544802867383
0.918010752688172
0.9054659498207885
0.7903225806451613
0.8378136200716846
0.7836021505376344
0.78584229390681
0.7724014336917563
0.8897849462365591
0.8109318996415771
0.8584229390681004
0.8745519713261649
0.7051971326164874
0.7455197132616488
0.2921146953405018
0.7598566308243727
0.9189068100358423
0.8951612903225806
0.8333333333333334
0.8817204301075269
0.8557347670250897
0.7625448028673835
0.8844086021505376
0.83915770609319
0.8745519713261649
0.7898745519713262
0.9193548387096774
0.7275985663082437
0.8776881720430108
0.8870967741935484
0.8122759856630825
0.8951612903225806
0.899641577060932
0.7580645161290323
0.6621863799283154
0.7800179211469535
0.8906810035842294
0.8933691756272402
0.7334229390681004
0.7916666666666666
0.8732078853046595
0.6814516129032258
0.8812724014336918
0.7818100358422939
0.9251792114695341
0.8525985663082437
0.649641577060932
0.8095878136200717
0.8897849462365591
0.8172043010752689
0.8400537634408602
0.7710573476702509
0.7522401433691757
0.7907706093189965
0.6783154121863799
0.8221326164874552
0.703853046594982
0.9610215053763441
0.7697132616487455
0.7016129032258065
0.8149641577060932
0.8409498207885304
0.8252688172043011
0.8239247311827957
0.8875448028673835
0.796594982078853
0.7701612903225806
0.9363799283154122
0.8360215053763441
0.7558243727598566
0.8315412186379928
0.875
0.8328853046594982
0.8593189964157706
0.78584229390681
0.850358422939068
0.8817204301075269
0.817652329749104
0.8136200716845878
0.8682795698924731
0.9274193548387096
0.735663082437276
0.6586021505376344
0.8436379928315412
0.8001792114695341
0.8145161290322581
0.7925627240143369
0.7311827956989247
0.7405913978494624
0.7298387096774194
0.7997311827956989
0.8709677419354839
0.7692652329749103
0.7916666666666666
0.6406810035842294
0.8951612903225806
0.8543906810035843
0.9068100358422939
0.8046594982078853
0.8664874551971327
0.850358422939068
0.660394265232975
0.8333333333333334
0.7267025089605734
0.9005376344086021
0.8010752688172043
0.6738351254480287
0.8091397849462365
0.8418458781362007
0.796146953405018
0.8615591397849462
0.8620071684587813
0.8879928315412187
0.8758960573476703
0.8897849462365591
0.8172043010752689
0.8001792114695341
0.8611111111111112
0.7338709677419355
0.7912186379928315
0.7880824372759857
0.9224910394265233
0.7343189964157706
0.8279569892473119
0.8947132616487455
0.8077956989247311
0.8597670250896058
0.849910394265233
0.6778673835125448
0.8682795698924731
0.8373655913978495
0.806899641577061
0.757168458781362
0.7661290322580645
0.8664874551971327
0.7240143369175627
0.8745519713261649
0.8140681003584229
0.8445340501792115
0.8597670250896058
0.8172043010752689
0.885752688172043
0.7119175627240143
0.8920250896057348
0.8136200716845878
0.7907706093189965
0.875
0.7620967741935484
0.7365591397849462
0.7275985663082437
0.7025089605734767
0.8207885304659498
0.9086021505376344
0.7616487455197133
0.831989247311828
0.8297491039426523
0.732078853046595
0.8794802867383512
0.8418458781362007
0.7163978494623656
0.9121863799283154
0.8463261648745519
0.8566308243727598
0.7903225806451613
0.8261648745519713
0.8879928315412187
0.8933691756272402
0.6801075268817204
0.7634408602150538
0.6375448028673835
0.7921146953405018
0.9350358422939068
0.8611111111111112
0.9041218637992832
0.892921146953405
0.8552867383512545
0.842741935483871
0.7956989247311828
0.8848566308243727
0.9153225806451613
0.9148745519713262
0.7912186379928315
0.7880824372759857
0.83915770609319
0.8870967741935484
0.7562724014336918
0.767921146953405
0.7293906810035843
0.8172043010752689
0.6904121863799283
0.7544802867383512
0.724910394265233
0.7706093189964157
0.8440860215053764
0.7504480286738351
0.581989247311828
0.7432795698924731
0.9507168458781362
0.8189964157706093
0.8978494623655914
0.7576164874551972
0.9126344086021505
0.7791218637992832
0.5197132616487455
0.7956989247311828
0.7468637992831542
0.8602150537634409
0.8767921146953405
0.7831541218637993
0.6778673835125448
0.921146953405018
0.8239247311827957
0.8530465949820788
0.899641577060932
0.8557347670250897
0.8001792114695341
0.9081541218637993
0.728494623655914
0.8154121863799283
0.8969534050179212
0.8969534050179212
0.6922043010752689
0.9032258064516129
0.8364695340501792
0.8064516129032258
0.7491039426523297
0.8095878136200717
0.839605734767025
0.6854838709677419
0.7311827956989247
0.7383512544802867
0.7361111111111112
0.7549283154121864
0.8588709677419355
0.8669354838709677
0.7768817204301075
0.9086021505376344
0.7943548387096774
0.9422043010752689
0.8897849462365591
0.8772401433691757
0.7791218637992832
0.7934587813620072
0.8189964157706093
0.9166666666666666
0.8028673835125448
0.8584229390681004
0.8194444444444444
0.8360215053763441
0.7293906810035843
0.496415770609319
0.8848566308243727
0.8248207885304659
0.692652329749104
0.8566308243727598
0.8207885304659498
0.8974014336917563
0.7190860215053764
0.8261648745519713
0.8485663082437276
0.8369175627240143
0.8727598566308243
0.7455197132616488
0.6200716845878136
0.7558243727598566
0.7603046594982079
0.8046594982078853
0.7549283154121864
0.6863799283154122
0.8579749103942652
0.7836021505376344
0.7629928315412187
0.6420250896057348
0.8951612903225806
0.7638888888888888
0.8355734767025089
0.9018817204301075
0.7836021505376344
0.7638888888888888
0.6989247311827957
0.9063620071684588
0.8875448028673835
0.8149641577060932
0.625
0.732078853046595
0.7240143369175627
0.875
0.8328853046594982
0.7706093189964157
0.8920250896057348
0.9099462365591398
0.850358422939068
0.8449820788530465
0.8122759856630825
0.4175627240143369
0.9027777777777778
0.7688172043010753
0.7522401433691757
0.807347670250896
0.7647849462365591
0.8364695340501792
0.9135304659498208
0.8512544802867383
0.8624551971326165
0.7701612903225806
0.9005376344086021
0.767921146953405
0.8248207885304659
0.9717741935483871
0.9193548387096774
0.896505376344086
0.807347670250896
0.7047491039426523
0.735663082437276
0.875
0.8239247311827957
0.6957885304659498
0.8261648745519713
0.7697132616487455
0.7777777777777778
0.8194444444444444
0.9027777777777778
0.8696236559139785
0.8906810035842294
0.9229390681003584
0.71415770609319
0.6796594982078853
0.7020609318996416
0.7661290322580645
0.8472222222222222
0.896505376344086
0.7979390681003584
0.8853046594982079
0.7629928315412187
0.7692652329749103
0.6491935483870968
0.7289426523297491
0.753584229390681
0.7934587813620072
0.7782258064516129
0.7862903225806451
0.9077060931899642
0.8216845878136201
0.8167562724014337
0.9068100358422939
0.7692652329749103
0.8853046594982079
0.764336917562724
0.5931899641577061
0.8508064516129032
0.8122759856630825
0.8387096774193549
0.8324372759856631
0.8019713261648745
0.7804659498207885
0.8422939068100358
0.8337813620071685
0.9077060931899642
0.7423835125448028
0.7956989247311828
0.6913082437275986
0.7468637992831542
0.8839605734767025
0.703853046594982
0.775089605734767
0.78584229390681
0.8651433691756273
0.8109318996415771
0.8866487455197133
0.8866487455197133
0.7755376344086021
0.7800179211469535
0.8046594982078853
0.6084229390681004
0.9377240143369175
0.7580645161290323
0.6469534050179212
0.8127240143369175
0.8136200716845878
0.7894265232974911
0.8243727598566308
0.8772401433691757
0.7132616487455197
0.9117383512544803
0.7661290322580645
0.8794802867383512
0.9094982078853047
0.7831541218637993
0.9278673835125448
0.8709677419354839
0.8342293906810035
0.7217741935483871
0.8355734767025089
0.8736559139784946
0.8727598566308243
0.5613799283154122
0.7629928315412187
0.7629928315412187
0.9175627240143369
0.7598566308243727
0.8727598566308243
0.8727598566308243
0.6491935483870968
0.8467741935483871
0.7549283154121864
0.8413978494623656
0.8154121863799283
0.7190860215053764
0.8974014336917563
0.9202508960573477
0.7701612903225806
0.7885304659498208
0.8875448028673835
0.8803763440860215
0.8449820788530465
0.7912186379928315
0.7128136200716846
0.8301971326164874
0.7692652329749103
0.7347670250896058
0.9610215053763441
0.8485663082437276
0.8539426523297491
0.8736559139784946
0.9238351254480287
0.9068100358422939
0.7491039426523297
0.793010752688172
0.828405017921147
0.8346774193548387
0.7737455197132617
0.7737455197132617
0.896505376344086
0.8835125448028673
0.7011648745519713
0.7992831541218638
0.8100358422939068
0.793010752688172
0.7732974910394266
0.9018817204301075
0.7791218637992832
0.9144265232974911
0.8525985663082437
0.8597670250896058
0.8951612903225806
0.767921146953405
0.8543906810035843
0.8530465949820788
0.8924731182795699
0.7580645161290323
0.8127240143369175
0.8257168458781362
0.7871863799283154
0.7759856630824373
0.8207885304659498
0.8422939068100358
0.8275089605734767
0.7298387096774194
0.7759856630824373
0.7782258064516129
0.5963261648745519
0.8718637992831542
0.8015232974910395
0.7741935483870968
0.8664874551971327
0.785394265232975
0.8915770609318996
0.8884408602150538
0.6917562724014337
0.8091397849462365
0.9014336917562724
0.8951612903225806
0.8525985663082437
0.9251792114695341
0.649641577060932
0.7459677419354839
0.8082437275985663
0.9310035842293907
0.7818100358422939
0.8521505376344086
0.7280465949820788
0.8328853046594982
0.8732078853046595
0.7997311827956989
0.7741935483870968
0.8458781362007168
0.9153225806451613
0.8960573476702509
0.6021505376344086
0.8888888888888888
0.8512544802867383
0.8687275985663082
0.91084229390681
0.7517921146953405
0.850358422939068
0.7616487455197133
0.8987455197132617
0.8463261648745519
0.8369175627240143
0.8310931899641577
0.8709677419354839
0.7777777777777778
0.7553763440860215
0.8696236559139785
0.8413978494623656
0.8378136200716846
0.6684587813620072
0.828405017921147
0.8557347670250897
0.9041218637992832
0.9130824372759857
0.8440860215053764
0.8593189964157706
0.7491039426523297
0.7903225806451613
0.9229390681003584
0.8279569892473119
0.889336917562724
0.7159498207885304
0.8808243727598566
0.7952508960573477
0.7029569892473119
0.9054659498207885
0.9233870967741935
0.849910394265233
0.8776881720430108
0.7876344086021505
0.7827060931899642
0.7916666666666666
0.7849462365591398
0.8189964157706093
0.775089605734767
0.8261648745519713
0.6805555555555556
0.8651433691756273
0.8422939068100358
0.8261648745519713
0.8198924731182796
0.8987455197132617
0.8221326164874552
0.9068100358422939
0.9314516129032258
0.7482078853046595
0.9256272401433692
0.918010752688172
0.6079749103942652
0.8911290322580645
0.7517921146953405
0.9068100358422939
0.8933691756272402
0.7813620071684588
0.7598566308243727
0.7916666666666666
0.7549283154121864
0.775089605734767
0.8723118279569892
0.8172043010752689
0.8033154121863799
0.8884408602150538
0.7728494623655914
0.9077060931899642
0.8019713261648745
0.8109318996415771
0.8920250896057348
0.7652329749103942
0.8458781362007168
0.7706093189964157
0.8530465949820788
0.8351254480286738
0.8266129032258065
0.6173835125448028
0.7544802867383512
0.8512544802867383
0.8664874551971327
0.8145161290322581
0.8261648745519713
0.907258064516129
0.9005376344086021
0.714605734767025
0.821236559139785
0.828853046594982
0.7329749103942652
0.6783154121863799
0.8342293906810035
0.8624551971326165
0.8530465949820788
0.7047491039426523
0.8001792114695341
0.8140681003584229
0.8463261648745519
0.8866487455197133
0.8669354838709677
0.8315412186379928
0.8951612903225806
0.6877240143369175
0.9525089605734767
0.807347670250896
0.5698924731182796
0.7087813620071685
0.8723118279569892
0.7396953405017921
0.6913082437275986
0.6738351254480287
0.8705197132616488
0.9032258064516129
0.7652329749103942
0.7016129032258065
0.8463261648745519
0.8602150537634409
0.8387096774193549
0.7692652329749103
0.6451612903225806
0.7558243727598566
0.8055555555555556
0.8521505376344086
0.9135304659498208
0.8655913978494624
0.8727598566308243
0.8230286738351255
0.8091397849462365
0.9292114695340502
0.9310035842293907
0.724910394265233
0.8158602150537635
0.8566308243727598
0.8745519713261649
0.8481182795698925
0.714605734767025
0.9305555555555556
0.8405017921146953
0.9663978494623656
0.7795698924731183
0.7939068100358423
0.8588709677419355
0.831989247311828
0.8257168458781362
0.878584229390681
0.8216845878136201
0.8118279569892473
0.7419354838709677
0.8158602150537635
0.7701612903225806
0.724910394265233
0.7302867383512545
0.7818100358422939
0.6706989247311828
0.907258064516129
0.8508064516129032
0.7889784946236559
0.7759856630824373
0.8104838709677419
0.8346774193548387
0.9036738351254481
0.8799283154121864
0.7119175627240143
0.8270609318996416
0.6948924731182796
0.7437275985663082
0.8593189964157706
0.649641577060932
0.7844982078853047
0.771505376344086
0.8848566308243727
0.8436379928315412
0.831989247311828
0.678763440860215
0.8015232974910395
0.6469534050179212
0.8629032258064516
0.7016129032258065
0.8127240143369175
0.8422939068100358
0.8113799283154122
0.8709677419354839
0.8060035842293907
0.71415770609319
0.7979390681003584
0.9238351254480287
0.8848566308243727
0.8140681003584229
0.8104838709677419
0.7401433691756273
0.7939068100358423
0.892921146953405
0.8485663082437276
0.7943548387096774
0.6411290322580645
0.7732974910394266
0.7553763440860215
0.7701612903225806
0.8624551971326165
0.6657706093189965
0.7423835125448028
0.8279569892473119
0.8696236559139785
0.8324372759856631
0.8790322580645161
0.889336917562724
0.717741935483871
0.8413978494623656
0.7818100358422939
0.9475806451612904
0.9027777777777778
0.9171146953405018
0.932347670250896
0.9502688172043011
0.8064516129032258
0.842741935483871
0.899641577060932
0.864247311827957
0.8853046594982079
0.7540322580645161
0.8315412186379928
0.8463261648745519
0.8709677419354839
0.9063620071684588
0.6801075268817204
0.853494623655914
0.857078853046595
0.746415770609319
0.7732974910394266
0.8324372759856631
0.9198028673835126
0.8225806451612904
0.8637992831541219
0.9292114695340502
0.8651433691756273
0.7553763440860215
0.706989247311828
0.8189964157706093
0.882168458781362
0.7477598566308243
0.7880824372759857
0.8790322580645161
0.8776881720430108
0.7939068100358423
0.8095878136200717
0.8028673835125448
0.8982974910394266
0.9068100358422939
0.849910394265233
0.9054659498207885
0.7670250896057348
0.7473118279569892
0.8687275985663082
0.8911290322580645
0.7190860215053764
0.7128136200716846
0.9336917562724014
0.8418458781362007
0.9036738351254481
0.882168458781362
0.471326164874552
0.8848566308243727
0.8454301075268817
0.9112903225806451
0.8001792114695341
0.8445340501792115
0.7432795698924731
0.8812724014336918
0.8830645161290323
0.771505376344086
0.8799283154121864
0.7697132616487455
0.7782258064516129
0.8982974910394266
0.7213261648745519
0.9713261648745519
0.7168458781362007
0.9081541218637993
0.7594086021505376
0.8077956989247311
0.8440860215053764
0.8525985663082437
0.8333333333333334
0.8198924731182796
0.062275985663082435
0.7020609318996416
0.7307347670250897
0.8252688172043011
0.7844982078853047
0.8158602150537635
0.7047491039426523
0.8082437275985663
0.6877240143369175
0.9256272401433692
0.875
0.8593189964157706
0.7401433691756273
0.8745519713261649
0.8252688172043011
0.8476702508960573
0.6698028673835126
0.625
0.9202508960573477
0.7011648745519713
0.35080645161290325
0.7540322580645161
0.7087813620071685
0.871415770609319
0.857078853046595
0.7517921146953405
0.7468637992831542
0.803763440860215
0.7876344086021505
0.7634408602150538
0.8566308243727598
0.8915770609318996
0.8333333333333334
0.9112903225806451
0.7074372759856631
0.9274193548387096
0.8293010752688172
0.8490143369175627
0.706989247311828
0.9493727598566308
0.7172939068100358
0.7473118279569892
0.8611111111111112
0.9126344086021505
0.771505376344086
0.7777777777777778
0.7827060931899642
0.882168458781362
0.8306451612903226
0.7880824372759857
0.8902329749103942
0.8315412186379928
0.8897849462365591
0.7423835125448028
0.5282258064516129
0.9193548387096774
0.8588709677419355
0.7128136200716846
0.7168458781362007
0.831989247311828
0.9054659498207885
0.7889784946236559
0.860663082437276
0.7979390681003584
0.6698028673835126
0.7683691756272402
0.7634408602150538
0.7244623655913979
0.8517025089605734
0.8324372759856631
0.5609318996415771
0.8149641577060932
0.8051075268817204
0.7486559139784946
0.8794802867383512
0.7956989247311828
0.8382616487455197
0.8216845878136201
0.5900537634408602
0.8293010752688172
0.7558243727598566
0.9139784946236559
0.7526881720430108
0.871415770609319
0.8736559139784946
0.8879928315412187
0.7007168458781362
0.7916666666666666
0.8897849462365591
0.8633512544802867
0.8588709677419355
0.78584229390681
0.8306451612903226
0.796146953405018
0.7468637992831542
0.8902329749103942
0.8333333333333334
0.5963261648745519
0.8611111111111112
0.8409498207885304
0.793010752688172
0.8149641577060932
0.8055555555555556
0.7638888888888888
0.8140681003584229
0.7818100358422939
0.8221326164874552
0.7997311827956989
0.7240143369175627
0.7213261648745519
0.9256272401433692
0.9094982078853047
0.7943548387096774
0.8454301075268817
0.8951612903225806
0.6438172043010753
0.7925627240143369
0.7732974910394266
0.8687275985663082
0.8185483870967742
0.7482078853046595
0.853494623655914
0.5878136200716846
0.9099462365591398
0.8333333333333334
0.6863799283154122
0.8454301075268817
0.8862007168458781
0.9672939068100358
0.9305555555555556
0.6724910394265233
0.7616487455197133
0.6886200716845878
0.8158602150537635
0.8611111111111112
0.8028673835125448
0.6863799283154122
0.7065412186379928
0.8915770609318996
0.9422043010752689
0.8938172043010753
0.9224910394265233
0.8024193548387096
0.8736559139784946
0.7925627240143369
0.7983870967741935
0.6747311827956989
0.6030465949820788
0.9121863799283154
0.9130824372759857
0.7289426523297491
0.8960573476702509
0.7773297491039427
0.8149641577060932
0.8566308243727598
0.767921146953405
0.7275985663082437
0.6505376344086021
0.9153225806451613
0.878584229390681
0.9130824372759857
0.9023297491039427
0.8978494623655914
0.8543906810035843
0.7862903225806451
0.83915770609319
0.8682795698924731
0.8122759856630825
0.8010752688172043
0.8315412186379928
0.8848566308243727
0.8010752688172043
0.9502688172043011
0.8615591397849462
0.8167562724014337
0.6989247311827957
0.8060035842293907
0.8122759856630825
0.7948028673835126
0.7208781362007168
0.8584229390681004
0.8933691756272402
0.7647849462365591
0.8328853046594982
0.7786738351254481
0.8252688172043011
0.8158602150537635
0.806899641577061
0.732078853046595
0.6939964157706093
0.8086917562724014
0.6621863799283154
0.921146953405018
0.8597670250896058
0.8342293906810035
0.9009856630824373
0.6756272401433692
0.728494623655914
0.7620967741935484
0.8888888888888888
0.6303763440860215
0.878584229390681
0.8624551971326165
0.8082437275985663
0.7777777777777778
0.8700716845878136
0.9269713261648745
0.6702508960573477
0.8682795698924731
0.8732078853046595
0.4879032258064516
0.9027777777777778
0.9350358422939068
0.796594982078853
0.8342293906810035
0.8413978494623656
0.7688172043010753
0.09811827956989247
0.8467741935483871
0.7347670250896058
0.6913082437275986
0.8942652329749103
0.7880824372759857
0.9408602150537635
0.8221326164874552
0.9314516129032258
0.757168458781362
0.8629032258064516
0.7818100358422939
0.6025985663082437
0.8848566308243727
0.8969534050179212
0.8566308243727598
0.8651433691756273
0.9166666666666666
0.9135304659498208
0.8472222222222222
0.7782258064516129
0.7670250896057348
0.5936379928315412
0.9233870967741935
0.8651433691756273
0.8521505376344086
0.7562724014336918
0.7894265232974911
0.849910394265233
0.8494623655913979
0.899641577060932
0.6939964157706093
0.8100358422939068
0.8754480286738351
0.8449820788530465
0.9094982078853047
0.6644265232974911
0.8158602150537635
0.871415770609319
0.7934587813620072
0.8046594982078853
0.7737455197132617
0.9157706093189965
0.9009856630824373
0.9045698924731183
0.828853046594982
0.8866487455197133
0.8342293906810035
0.8243727598566308
0.760752688172043
0.8405017921146953
0.6594982078853047
0.717741935483871
0.8109318996415771
0.8530465949820788
0.9139784946236559
0.8933691756272402
0.714605734767025
0.7625448028673835
0.8826164874551972
0.857078853046595
0.8844086021505376
0.892921146953405
0.9157706093189965
0.603494623655914
0.7880824372759857
0.8767921146953405
0.7603046594982079
0.8633512544802867
0.7132616487455197
0.8575268817204301
0.928763440860215
0.953405017921147
0.7768817204301075
0.6227598566308243
0.7302867383512545
0.8817204301075269
0.8301971326164874
0.7235663082437276
0.7831541218637993
0.8149641577060932
0.9350358422939068
0.8413978494623656
0.8588709677419355
0.8991935483870968
0.6482974910394266
0.9036738351254481
0.7387992831541219
0.7625448028673835
0.6774193548387096
0.7759856630824373
0.7791218637992832
0.6559139784946236
0.8844086021505376
0.8835125448028673
0.8853046594982079
0.7934587813620072
0.875
0.8234767025089605
0.782258064516129
0.878584229390681
0.9041218637992832
0.7956989247311828
0.646505376344086
0.9139784946236559
0.5362903225806451
0.7132616487455197
0.7020609318996416
0.7849462365591398
0.857078853046595
0.8866487455197133
0.7688172043010753
0.782258064516129
0.8297491039426523
0.7213261648745519
0.9453405017921147
0.8579749103942652
0.9453405017921147
0.8109318996415771
0.7903225806451613
0.8978494623655914
0.8974014336917563
0.8646953405017921
0.7818100358422939
0.8028673835125448
0.7450716845878136
0.7155017921146953
0.7988351254480287
0.8969534050179212
0.8346774193548387
0.7674731182795699
0.9404121863799283
0.8552867383512545
0.9121863799283154
0.7558243727598566
0.8942652329749103
0.8799283154121864
0.928763440860215
0.9009856630824373
0.8951612903225806
0.928763440860215
0.8924731182795699
0.8257168458781362
0.8257168458781362
0.853494623655914
0.9121863799283154
0.7558243727598566
0.8902329749103942
0.8803763440860215
0.8525985663082437
0.8122759856630825
0.9018817204301075
0.7199820788530465
0.8315412186379928
0.6442652329749103
0.8306451612903226
0.8172043010752689
0.7674731182795699
0.8870967741935484
0.5864695340501792
0.9395161290322581
0.882168458781362
0.7074372759856631
0.9202508960573477
0.8732078853046595
0.6554659498207885
0.7827060931899642
0.9148745519713262
0.753584229390681
0.9135304659498208
0.8978494623655914
0.9184587813620072
0.8485663082437276
0.8682795698924731
0.8154121863799283
0.7231182795698925
0.7952508960573477
0.9189068100358423
0.853494623655914
0.9404121863799283
0.7325268817204301
0.8046594982078853
0.9206989247311828
0.7612007168458781
0.8203405017921147
0.8369175627240143
0.8185483870967742
0.8924731182795699
0.8897849462365591
0.9345878136200717
0.8418458781362007
0.6957885304659498
0.7491039426523297
0.8561827956989247
0.8154121863799283
0.7208781362007168
0.9184587813620072
0.900089605734767
0.806899641577061
0.6975806451612904
0.7800179211469535
0.849910394265233
0.8185483870967742
0.8884408602150538
0.803763440860215
0.746415770609319
0.78584229390681
0.9507168458781362
0.9009856630824373
0.75
0.6630824372759857
0.850358422939068
0.8548387096774194
0.717741935483871
0.8104838709677419
0.8732078853046595
0.7002688172043011
0.771505376344086
0.807347670250896
0.8557347670250897
0.8978494623655914
0.8732078853046595
0.8637992831541219
0.8225806451612904
0.7921146953405018
0.8758960573476703
0.8163082437275986
0.7352150537634409
0.8198924731182796
0.7898745519713262
0.7652329749103942
0.9193548387096774
0.9301075268817204
0.9018817204301075
0.8673835125448028
0.8875448028673835
0.7732974910394266
0.896505376344086
0.5864695340501792
0.7526881720430108
0.742831541218638
0.7325268817204301
0.7620967741935484
0.9251792114695341
0.6836917562724014
0.8508064516129032
0.9368279569892473
0.8355734767025089
0.8481182795698925
0.7867383512544803
0.785394265232975
0.7773297491039427
0.8248207885304659
0.7370071684587813
0.8705197132616488
0.807347670250896
0.867831541218638
0.8275089605734767
0.8167562724014337
0.5972222222222222
0.9422043010752689
0.8969534050179212
0.796146953405018
0.7768817204301075
0.8557347670250897
0.7522401433691757
0.8732078853046595
0.850358422939068
0.8436379928315412
0.7782258064516129
0.8629032258064516
0.6241039426523297
0.7804659498207885
0.8149641577060932
0.8310931899641577
0.8113799283154122
0.8844086021505376
0.8189964157706093
0.8772401433691757
0.7087813620071685
0.821236559139785
0.8758960573476703
0.8369175627240143
0.7612007168458781
0.8261648745519713
0.7025089605734767
0.9704301075268817
0.8306451612903226
0.896505376344086
0.8830645161290323
0.8315412186379928
0.9112903225806451
0.7992831541218638
0.7517921146953405
0.8978494623655914
0.7719534050179212
0.8951612903225806
0.8266129032258065
0.7894265232974911
0.9162186379928315
0.7880824372759857
0.9520609318996416
0.896505376344086
0.8418458781362007
0.9310035842293907
0.8207885304659498
0.8234767025089605
0.8844086021505376
0.9350358422939068
0.8745519713261649
0.8691756272401434
0.8297491039426523
0.7768817204301075
0.7674731182795699
0.8696236559139785
0.8866487455197133
0.839605734767025
0.8405017921146953
0.8454301075268817
0.6832437275985663
0.7871863799283154
0.7204301075268817
0.8279569892473119
0.7213261648745519
0.7979390681003584
0.7441756272401434
0.7240143369175627
0.8351254480286738
0.7222222222222222
0.8351254480286738
0.899641577060932
0.9086021505376344
0.8485663082437276
0.7670250896057348
0.6460573476702509
0.7638888888888888
0.7325268817204301
0.892921146953405
0.9090501792114696
0.8991935483870968
0.8046594982078853
0.8234767025089605
0.8369175627240143
0.7800179211469535
0.8476702508960573
0.7334229390681004
0.8230286738351255
0.6922043010752689
0.8324372759856631
0.8440860215053764
0.8660394265232975
0.7540322580645161
0.7925627240143369
0.7267025089605734
0.6527777777777778
0.8024193548387096
0.8633512544802867
0.8512544802867383
0.8440860215053764
0.6796594982078853
0.8378136200716846
0.9301075268817204
0.7240143369175627
0.6456093189964157
0.7724014336917563
0.8257168458781362
0.8727598566308243
0.7410394265232975
0.8476702508960573
0.7979390681003584
0.8418458781362007
0.8875448028673835
0.7123655913978495
0.7665770609318996
0.7697132616487455
0.7325268817204301
0.9112903225806451
0.9063620071684588
0.9063620071684588
0.7495519713261649
0.8046594982078853
0.8024193548387096
0.9480286738351255
0.8163082437275986
0.6568100358422939
0.7871863799283154
0.8216845878136201
0.7737455197132617
0.771505376344086
0.8136200716845878
0.7912186379928315
0.7423835125448028
0.785394265232975
0.8131720430107527
0.8839605734767025
0.8875448028673835
0.8593189964157706
0.8270609318996416
0.8418458781362007
0.9045698924731183
0.8593189964157706
0.8113799283154122
0.8902329749103942
0.8490143369175627
0.6303763440860215
0.864247311827957
0.7217741935483871
0.9045698924731183
0.831989247311828
0.8982974910394266
0.8633512544802867
0.7656810035842294
0.8051075268817204
0.7867383512544803
0.7123655913978495
0.828853046594982
0.6939964157706093
0.8454301075268817
0.8077956989247311
0.8405017921146953
0.8629032258064516
0.8306451612903226
0.8086917562724014
0.7934587813620072
0.9157706093189965
0.793010752688172
0.7526881720430108
0.7692652329749103
0.7777777777777778
0.7213261648745519
0.6944444444444444
0.8481182795698925
0.8118279569892473
0.9094982078853047
0.8530465949820788
0.8588709677419355
0.728494623655914
0.8104838709677419
0.7517921146953405
0.8243727598566308
0.8100358422939068
0.6675627240143369
0.8185483870967742
0.78584229390681
0.7755376344086021
0.7083333333333334
0.9336917562724014
0.6518817204301075
0.8633512544802867
0.8346774193548387
0.8333333333333334
0.8422939068100358
0.8019713261648745
0.6093189964157706
0.7262544802867383
0.849910394265233
0.9242831541218638
0.8297491039426523
0.8723118279569892
0.896505376344086
0.8803763440860215
0.892921146953405
0.7410394265232975
0.8776881720430108
0.7948028673835126
0.6935483870967742
0.7275985663082437
0.8055555555555556
0.8956093189964157
0.7759856630824373
0.8127240143369175
0.7594086021505376
0.793010752688172
0.7240143369175627
0.8902329749103942
0.7688172043010753
0.8360215053763441
0.8149641577060932
0.8682795698924731
0.9041218637992832
0.8727598566308243
0.5994623655913979
0.8902329749103942
0.8001792114695341
0.7934587813620072
0.8458781362007168
0.8275089605734767
0.8584229390681004
0.818100358422939
0.817652329749104
0.8055555555555556
0.8718637992831542
0.9005376344086021
0.910394265232975
0.8584229390681004
0.8557347670250897
0.8646953405017921
0.8369175627240143
0.660394265232975
0.7952508960573477
0.8866487455197133
0.946236559139785
0.8718637992831542
0.796594982078853
0.8266129032258065
0.8409498207885304
0.9135304659498208
0.8118279569892473
0.9005376344086021
0.9157706093189965
0.7562724014336918
0.7486559139784946
0.8091397849462365
0.7240143369175627
0.7634408602150538
0.8718637992831542
0.828405017921147
0.9341397849462365
0.6742831541218638
0.7862903225806451
0.7706093189964157
0.9036738351254481
0.8637992831541219
0.842741935483871
0.5645161290322581
0.7724014336917563
0.8758960573476703
0.9198028673835126
0.7782258064516129
0.7777777777777778
0.8991935483870968
0.8077956989247311
0.8924731182795699
0.7056451612903226
0.7795698924731183
0.8848566308243727
0.7647849462365591
0.921146953405018
0.8494623655913979
0.8472222222222222
0.8539426523297491
0.8561827956989247
0.6935483870967742
0.8458781362007168
0.6845878136200717
0.7047491039426523
0.6975806451612904
0.9121863799283154
0.767921146953405
0.735663082437276
0.8234767025089605
0.8530465949820788
0.7880824372759857
0.8077956989247311
0.8113799283154122
0.8561827956989247
0.8781362007168458
0.8673835125448028
0.5963261648745519
0.7683691756272402
0.8409498207885304
0.878584229390681
0.8024193548387096
0.8113799283154122
0.8252688172043011
0.818100358422939
0.9153225806451613
0.9274193548387096
0.8422939068100358
0.8051075268817204
0.9121863799283154
0.8888888888888888
0.8086917562724014
0.7871863799283154
0.8974014336917563
0.8064516129032258
0.7280465949820788
0.8651433691756273
0.7647849462365591
0.8109318996415771
0.7370071684587813
0.7603046594982079
0.8974014336917563
0.8664874551971327
0.742831541218638
0.9637096774193549
0.7952508960573477
0.9090501792114696
0.9233870967741935
0.9238351254480287
0.8897849462365591
0.7396953405017921
0.7670250896057348
0.8001792114695341
0.9435483870967742
0.8333333333333334
0.8015232974910395
0.6671146953405018
0.9162186379928315
0.8987455197132617
0.928763440860215
0.696236559139785
0.7060931899641577
0.8696236559139785
0.8315412186379928
0.9045698924731183
0.8781362007168458
0.8400537634408602
0.7710573476702509
0.8405017921146953
0.9439964157706093
0.7768817204301075
0.828853046594982
0.8095878136200717
0.860663082437276
0.8597670250896058
0.8293010752688172
0.6760752688172043
0.8812724014336918
0.8915770609318996
0.889336917562724
0.8315412186379928
0.6469534050179212
0.8611111111111112
0.7580645161290323
0.9256272401433692
0.6191756272401434
0.8342293906810035
0.8463261648745519
0.857078853046595
0.8763440860215054
0.8405017921146953
0.8758960573476703
0.8378136200716846
0.6102150537634409
0.867831541218638
0.5376344086021505
0.7172939068100358
0.7455197132616488
0.6263440860215054
0.8911290322580645
0.9032258064516129
0.7836021505376344
0.6993727598566308
0.7423835125448028
0.757168458781362
0.6989247311827957
0.7101254480286738
0.8315412186379928
0.8835125448028673
0.7827060931899642
0.8754480286738351
0.7692652329749103
0.7670250896057348
0.7267025089605734
0.9041218637992832
0.8597670250896058
0.5613799283154122
0.703853046594982
0.7889784946236559
0.7831541218637993
0.8588709677419355
0.7997311827956989
0.8140681003584229
0.8718637992831542
0.7186379928315412
0.7235663082437276
0.8884408602150538
0.8772401433691757
0.739247311827957
0.9171146953405018
0.850358422939068
0.8279569892473119
0.9094982078853047
0.8552867383512545
0.6469534050179212
0.7997311827956989
0.821236559139785
0.7974910394265233
0.6657706093189965
0.7338709677419355
0.739247311827957
0.7732974910394266
0.8633512544802867
0.7732974910394266
0.7347670250896058
0.8257168458781362
0.9050179211469535
0.8328853046594982
0.7150537634408602
0.8131720430107527
0.860663082437276
0.9310035842293907
0.964605734767025
0.8543906810035843
0.8696236559139785
0.8337813620071685
0.8844086021505376
0.9251792114695341
0.7912186379928315
0.9068100358422939
0.5842293906810035
0.8870967741935484
0.6868279569892473
0.7396953405017921
0.8431899641577061
0.6438172043010753
0.8817204301075269
0.04883512544802868
0.8405017921146953
0.8947132616487455
0.8575268817204301
0.8198924731182796
0.9130824372759857
0.771505376344086
0.7334229390681004
0.7665770609318996
0.7540322580645161
0.728494623655914
0.7450716845878136
0.8225806451612904
0.9121863799283154
0.8360215053763441
0.8924731182795699
0.9054659498207885
0.8575268817204301
0.8835125448028673
0.7800179211469535
0.8902329749103942
0.8216845878136201
0.803763440860215
0.7222222222222222
0.8149641577060932
0.8019713261648745
0.7598566308243727
0.807347670250896
0.8082437275985663
0.8933691756272402
0.7459677419354839
0.8382616487455197
0.8378136200716846
0.449820788530466
0.8525985663082437
0.9041218637992832
0.8400537634408602
0.9457885304659498
0.8705197132616488
0.8664874551971327
0.875
0.8485663082437276
0.8902329749103942
0.9184587813620072
0.8884408602150538
0.6729390681003584
0.6980286738351255
0.8104838709677419
0.8051075268817204
0.7880824372759857
0.8127240143369175
0.8158602150537635
0.8611111111111112
0.8297491039426523
0.8709677419354839
0.8275089605734767
0.7195340501792115
0.7101254480286738
0.8189964157706093
0.8172043010752689
0.8646953405017921
0.9233870967741935
0.7907706093189965
0.8378136200716846
0.8476702508960573
0.8611111111111112
0.7625448028673835
0.8275089605734767
0.693100358422939
0.7495519713261649
0.9162186379928315
0.7827060931899642
0.8669354838709677
0.9050179211469535
0.7974910394265233
0.9305555555555556
0.8369175627240143
0.7800179211469535
0.8010752688172043
0.8436379928315412
0.8422939068100358
0.8655913978494624
0.8633512544802867
0.8512544802867383
0.9009856630824373
0.7414874551971327
0.7768817204301075
0.8651433691756273
0.7656810035842294
0.7692652329749103
0.8064516129032258
0.7719534050179212
0.714605734767025
0.6698028673835126
0.9283154121863799
0.7065412186379928
0.8172043010752689
0.8736559139784946
0.7943548387096774
0.8328853046594982
0.8602150537634409
0.8091397849462365
0.8248207885304659
0.8561827956989247
0.8844086021505376
0.7347670250896058
0.7401433691756273
0.8266129032258065
0.682347670250896
0.8010752688172043
0.7670250896057348
0.8445340501792115
0.7629928315412187
0.7786738351254481
0.9332437275985663
0.9332437275985663
0.9135304659498208
0.8221326164874552
0.7844982078853047
0.6908602150537635
0.7347670250896058
0.8172043010752689
0.8225806451612904
0.7764336917562724
0.8270609318996416
0.8664874551971327
0.8454301075268817
0.7880824372759857
0.7925627240143369
0.8086917562724014
0.7531362007168458
0.9068100358422939
0.8848566308243727
0.8633512544802867
0.9171146953405018
0.6205197132616488
0.8481182795698925
0.8382616487455197
0.8673835125448028
0.828853046594982
0.8629032258064516
0.7128136200716846
0.8696236559139785
0.8575268817204301
0.7795698924731183
0.8476702508960573
0.71415770609319
0.8924731182795699
0.8055555555555556
0.8803763440860215
0.7849462365591398
0.8696236559139785
0.8225806451612904
0.8508064516129032
0.9166666666666666
0.7473118279569892
0.7562724014336918
0.953853046594982
0.885752688172043
0.8118279569892473
0.8920250896057348
0.7594086021505376
0.7885304659498208
0.8445340501792115
0.3225806451612903
0.7952508960573477
0.7329749103942652
0.7576164874551972
0.7540322580645161
0.7885304659498208
0.7603046594982079
0.899641577060932
0.8015232974910395
0.885752688172043
0.7804659498207885
0.8593189964157706
0.8167562724014337
0.9041218637992832
0.8758960573476703
0.7912186379928315
0.9242831541218638
0.7934587813620072
0.8969534050179212
0.8033154121863799
0.7674731182795699
0.8700716845878136
0.83915770609319
0.8615591397849462
0.7871863799283154
0.7374551971326165
0.9341397849462365
0.681899641577061
0.7992831541218638
0.8064516129032258
0.9502688172043011
0.8275089605734767
0.8230286738351255
0.8163082437275986
0.8593189964157706
0.8548387096774194
0.7486559139784946
0.9247311827956989
0.7208781362007168
0.8655913978494624
0.8575268817204301
0.7943548387096774
0.9390681003584229
0.839605734767025
0.8629032258064516
0.942652329749104
0.918010752688172
0.8055555555555556
0.7777777777777778
0.7338709677419355
0.7638888888888888
0.7459677419354839
0.7043010752688172
0.7065412186379928
0.7612007168458781
0.8561827956989247
0.9081541218637993
0.796594982078853
0.9153225806451613
0.724910394265233
0.83915770609319
0.8221326164874552
0.878584229390681
0.7827060931899642
0.896505376344086
0.8315412186379928
0.7280465949820788
0.8588709677419355
0.8257168458781362
0.7741935483870968
0.8472222222222222
0.8772401433691757
0.9341397849462365
0.7903225806451613
0.7473118279569892
0.6998207885304659
0.7271505376344086
0.9368279569892473
0.775089605734767
0.9041218637992832
0.7020609318996416
0.6890681003584229
0.7759856630824373
0.7692652329749103
0.6424731182795699
0.8844086021505376
0.7728494623655914
0.7553763440860215
0.7065412186379928
0.7316308243727598
0.9484767025089605
0.8664874551971327
0.8629032258064516
0.8086917562724014
0.8906810035842294
0.9086021505376344
0.9009856630824373
0.7786738351254481
0.7647849462365591
0.7387992831541219
0.8306451612903226
0.642921146953405
0.8019713261648745
0.8351254480286738
0.9247311827956989
0.8257168458781362
0.7867383512544803
0.7809139784946236
0.717741935483871
0.7240143369175627
0.8870967741935484
0.7441756272401434
0.9068100358422939
0.9014336917562724
0.7916666666666666
0.785394265232975
0.8933691756272402
0.839605734767025
0.8799283154121864
0.7446236559139785
0.8741039426523297
0.793010752688172
0.8924731182795699
0.8342293906810035
0.860663082437276
0.8490143369175627
0.8266129032258065
0.785394265232975
0.8987455197132617
0.8615591397849462
0.9345878136200717
0.7190860215053764
0.8207885304659498
0.8602150537634409
0.771505376344086
0.8960573476702509
0.8158602150537635
0.9238351254480287
0.7383512544802867
0.7782258064516129
0.8355734767025089
0.882168458781362
0.9251792114695341
0.9059139784946236
0.807347670250896
0.932347670250896
0.7934587813620072
0.9153225806451613
0.696236559139785
0.7450716845878136
0.8848566308243727
0.7939068100358423
0.8207885304659498
0.6877240143369175
0.907258064516129
0.7777777777777778
0.8633512544802867
0.8624551971326165
0.7231182795698925
0.8776881720430108
0.8346774193548387
0.7970430107526881
0.7020609318996416
0.8517025089605734
0.7401433691756273
0.7486559139784946
0.8216845878136201
0.6662186379928315
0.8548387096774194
0.8664874551971327
0.7370071684587813
0.8436379928315412
0.746415770609319
0.8741039426523297
0.8472222222222222
0.8956093189964157
0.7849462365591398
0.8884408602150538
0.921146953405018
0.7603046594982079
0.7759856630824373
0.7791218637992832
0.8651433691756273
0.9009856630824373
0.8082437275985663
0.8172043010752689
0.4422043010752688
0.8848566308243727
0.6801075268817204
0.8445340501792115
0.8006272401433692
0.7598566308243727
0.8382616487455197
0.7549283154121864
0.7997311827956989
0.8938172043010753
0.7934587813620072
0.7836021505376344
0.8266129032258065
0.8060035842293907
0.9014336917562724
0.7934587813620072
0.8611111111111112
0.8982974910394266
0.9274193548387096
0.7580645161290323
0.9041218637992832
0.728494623655914
0.7764336917562724
0.742831541218638
0.7670250896057348
0.9233870967741935
0.942652329749104
0.7213261648745519
0.7414874551971327
0.8763440860215054
0.8709677419354839
0.7060931899641577
0.8508064516129032
0.9126344086021505
0.7401433691756273
0.7275985663082437
0.8015232974910395
0.6881720430107527
0.8866487455197133
0.8525985663082437
0.8136200716845878
0.8637992831541219
0.8458781362007168
0.9274193548387096
0.817652329749104
0.8216845878136201
0.9314516129032258
0.7782258064516129
0.7907706093189965
0.6698028673835126
0.7029569892473119
0.8906810035842294
0.8033154121863799
0.8145161290322581
0.8767921146953405
0.6774193548387096
0.821236559139785
0.9014336917562724
0.6872759856630825
0.7862903225806451
0.9274193548387096
0.8346774193548387
0.6581541218637993
0.8552867383512545
0.8888888888888888
0.8355734767025089
0.8494623655913979
0.7849462365591398
0.8911290322580645
0.7096774193548387
0.8346774193548387
0.8091397849462365
0.8781362007168458
0.7311827956989247
0.9099462365591398
0.8131720430107527
0.7603046594982079
0.8422939068100358
0.8149641577060932
0.7925627240143369
0.8597670250896058
0.8086917562724014
0.9372759856630825
0.6675627240143369
0.817652329749104
0.8042114695340502
0.8812724014336918
0.5743727598566308
0.9233870967741935
0.7800179211469535
0.8207885304659498
0.746415770609319
0.7423835125448028
0.8512544802867383
0.7302867383512545
0.7818100358422939
0.9489247311827957
0.44399641577060933
0.853494623655914
0.7553763440860215
0.899641577060932
0.9094982078853047
0.9404121863799283
0.8736559139784946
0.8216845878136201
0.853494623655914
0.796594982078853
0.8239247311827957
0.7544802867383512
0.8853046594982079
0.9171146953405018
0.8301971326164874
0.7925627240143369
0.8718637992831542
0.7087813620071685
0.8261648745519713
0.7898745519713262
0.8660394265232975
0.8525985663082437
0.7867383512544803
0.8844086021505376
0.918010752688172
0.7710573476702509
0.817652329749104
0.8588709677419355
0.6482974910394266
0.7912186379928315
0.7226702508960573
0.8754480286738351
0.8100358422939068
0.8696236559139785
0.7629928315412187
0.9206989247311828
0.8445340501792115
0.8767921146953405
0.6859318996415771
0.7862903225806451
0.8924731182795699
0.8593189964157706
0.8920250896057348
0.8494623655913979
0.8682795698924731
0.8673835125448028
0.9238351254480287
0.8575268817204301
0.8611111111111112
0.7625448028673835
0.7217741935483871
0.7701612903225806
0.9556451612903226
0.6980286738351255
0.6769713261648745
0.8982974910394266
0.8830645161290323
0.8982974910394266
0.8727598566308243
0.7800179211469535
0.8252688172043011
0.746415770609319
0.8557347670250897
0.753584229390681
0.7540322580645161
0.9242831541218638
0.8691756272401434
0.8342293906810035
0.83915770609319
0.603494623655914
0.8776881720430108
0.6993727598566308
0.6836917562724014
0.8660394265232975
0.8991935483870968
0.8696236559139785
0.8579749103942652
0.7083333333333334
0.7110215053763441
0.7316308243727598
0.7773297491039427
0.8006272401433692
0.8732078853046595
0.8252688172043011
0.8467741935483871
0.7078853046594982
0.8978494623655914
0.8355734767025089
0.7844982078853047
0.8669354838709677
0.725358422939068
0.8897849462365591
0.5636200716845878
0.8033154121863799
0.7159498207885304
0.742831541218638
0.8624551971326165
0.7979390681003584
0.8064516129032258
0.8387096774193549
0.7818100358422939
0.9444444444444444
0.7894265232974911
0.8862007168458781
0.7473118279569892
0.8687275985663082
0.7396953405017921
0.8539426523297491
0.8991935483870968
0.9045698924731183
0.8064516129032258
0.842741935483871
0.6527777777777778
0.8378136200716846
0.739247311827957
0.8113799283154122
0.7473118279569892
0.692652329749104
0.8767921146953405
0.8310931899641577
0.7791218637992832
0.7379032258064516
0.8517025089605734
0.8127240143369175
0.8924731182795699
0.6868279569892473
0.760752688172043
0.8167562724014337
0.8163082437275986
0.7732974910394266
0.7101254480286738
0.8194444444444444
0.9045698924731183
0.8588709677419355
0.7580645161290323
0.7352150537634409
0.878584229390681
0.9444444444444444
0.857078853046595
0.6581541218637993
0.7495519713261649
0.9027777777777778
0.9027777777777778
0.899641577060932
0.8145161290322581
0.8763440860215054
0.8216845878136201
0.7647849462365591
0.7948028673835126
0.8808243727598566
0.821236559139785
0.885752688172043
0.7280465949820788
0.8149641577060932
0.7862903225806451
0.5685483870967742
0.9628136200716846
0.8696236559139785
0.8664874551971327
0.7862903225806451
0.8109318996415771
0.8754480286738351
0.7526881720430108
0.7638888888888888
0.6478494623655914
0.8745519713261649
0.9014336917562724
0.8888888888888888
0.8136200716845878
0.7997311827956989
0.8942652329749103
0.8378136200716846
0.7939068100358423
0.8458781362007168
0.7912186379928315
0.928763440860215
0.882168458781362
0.8727598566308243
0.8458781362007168
0.7486559139784946
0.7916666666666666
0.6810035842293907
0.8149641577060932
0.7150537634408602
0.9560931899641577
0.7405913978494624
0.8015232974910395
0.9520609318996416
0.8924731182795699
0.9063620071684588
0.7701612903225806
0.943100358422939
0.9077060931899642
0.8342293906810035
0.9090501792114696
0.899641577060932
0.8476702508960573
0.8015232974910395
0.9077060931899642
0.892921146953405
0.7482078853046595
0.7970430107526881
0.8436379928315412
0.9381720430107527
0.853494623655914
0.91084229390681
0.7302867383512545
0.8978494623655914
0.8010752688172043
0.9130824372759857
0.43189964157706096
0.8019713261648745
0.8508064516129032
0.8445340501792115
0.7759856630824373
0.8682795698924731
0.7773297491039427
0.9077060931899642
0.8517025089605734
0.8584229390681004
0.7531362007168458
0.8924731182795699
0.896505376344086
0.8279569892473119
0.7706093189964157
0.8252688172043011
0.8270609318996416
0.8853046594982079
0.6648745519713262
0.8745519713261649
0.7719534050179212
0.774641577060932
0.8575268817204301
0.9381720430107527
0.9090501792114696
0.732078853046595
0.8346774193548387
0.91084229390681
0.8113799283154122
0.8136200716845878
0.8252688172043011
0.9117383512544803
0.860663082437276
0.7692652329749103
0.9027777777777778
0.8458781362007168
0.8033154121863799
0.8346774193548387
0.8158602150537635
0.8243727598566308
0.8969534050179212
0.9126344086021505
0.5990143369175627
0.6653225806451613
0.9453405017921147
0.8700716845878136
0.8763440860215054
0.7831541218637993
0.8100358422939068
0.7903225806451613
0.7029569892473119
0.921146953405018
0.8593189964157706
0.6509856630824373
0.6146953405017921
0.7952508960573477
0.8315412186379928
0.8431899641577061
0.8328853046594982
0.8942652329749103
0.8064516129032258
0.8243727598566308
0.7419354838709677
0.75
0.839605734767025
0.871415770609319
0.7634408602150538
0.7849462365591398
0.8651433691756273
0.9193548387096774
0.7916666666666666
0.7517921146953405
0.8006272401433692
0.892921146953405
0.9009856630824373
0.8763440860215054
0.7912186379928315
0.7370071684587813
0.7629928315412187
0.8293010752688172
0.8982974910394266
0.7558243727598566
0.9269713261648745
0.6966845878136201
0.8225806451612904
0.8189964157706093
0.9193548387096774
0.7482078853046595
0.8485663082437276
0.6330645161290323
0.7396953405017921
0.7612007168458781
0.8691756272401434
0.8539426523297491
0.8342293906810035
0.7616487455197133
0.9014336917562724
0.875
0.7549283154121864
0.8552867383512545
0.8127240143369175
0.8561827956989247
0.8808243727598566
0.7849462365591398
0.7338709677419355
0.8198924731182796
0.8624551971326165
0.857078853046595
0.7844982078853047
0.9041218637992832
0.8006272401433692
0.8915770609318996
0.7522401433691757
0.7298387096774194
0.8512544802867383
0.7903225806451613
0.8920250896057348
0.5640681003584229
0.899641577060932
0.7952508960573477
0.8001792114695341
0.9498207885304659
0.7603046594982079
0.7665770609318996
0.867831541218638
0.7809139784946236
0.9377240143369175
0.8310931899641577
0.8418458781362007
0.8422939068100358
0.8163082437275986
0.8015232974910395
0.8301971326164874
0.8104838709677419
0.8024193548387096
0.8342293906810035
0.806899641577061
0.6778673835125448
0.7683691756272402
0.8158602150537635
0.8691756272401434
0.7450716845878136
0.7844982078853047
0.8100358422939068
0.6792114695340502
0.7338709677419355
0.8629032258064516
0.7804659498207885
0.7741935483870968
0.8422939068100358
0.8378136200716846
0.8252688172043011
0.8902329749103942
0.878584229390681
0.931899641577061
0.931899641577061
0.6657706093189965
0.7334229390681004
0.7092293906810035
0.7880824372759857
0.8436379928315412
0.8552867383512545
0.728494623655914
0.9435483870967742
0.724910394265233
0.7674731182795699
0.8252688172043011
0.7298387096774194
0.9162186379928315
0.8100358422939068
0.7710573476702509
0.7777777777777778
0.6563620071684588
0.9668458781362007
0.7410394265232975
0.9193548387096774
0.7047491039426523
0.8575268817204301
0.839605734767025
0.8525985663082437
0.8149641577060932
0.921594982078853
0.8413978494623656
0.8758960573476703
0.8028673835125448
0.7083333333333334
0.6339605734767025
0.7629928315412187
0.7719534050179212
0.6137992831541219
0.8118279569892473
0.8364695340501792
0.9301075268817204
0.8409498207885304
0.8637992831541219
0.6845878136200717
0.125
0.8167562724014337
0.7316308243727598
0.8342293906810035
0.8131720430107527
0.8915770609318996
0.8189964157706093
0.6980286738351255
0.8163082437275986
0.6648745519713262
0.7374551971326165
0.75
0.9251792114695341
0.8118279569892473
0.9094982078853047
0.8055555555555556
0.7692652329749103
0.7558243727598566
0.7258064516129032
0.8561827956989247
0.7939068100358423
0.8189964157706093
0.782258064516129
0.9032258064516129
0.7948028673835126
0.918010752688172
0.7491039426523297
0.8938172043010753
0.6729390681003584
0.7020609318996416
0.8091397849462365
0.7473118279569892
0.7513440860215054
0.8216845878136201
0.921146953405018
0.8413978494623656
0.9193548387096774
0.8418458781362007
0.6182795698924731
0.8879928315412187
0.8216845878136201
0.8494623655913979
0.9018817204301075
0.8875448028673835
0.767921146953405
0.8772401433691757
0.9081541218637993
0.8584229390681004
0.7459677419354839
0.8521505376344086
0.8149641577060932
0.767921146953405
0.8517025089605734
0.7867383512544803
0.9256272401433692
0.7168458781362007
0.8445340501792115
0.8602150537634409
0.839605734767025
0.7885304659498208
0.8530465949820788
0.8969534050179212
0.8767921146953405
0.7361111111111112
0.8445340501792115
0.6137992831541219
0.8602150537634409
0.764336917562724
0.8490143369175627
0.8956093189964157
0.9099462365591398
0.7804659498207885
0.9023297491039427
0.9175627240143369
0.9126344086021505
0.7379032258064516
0.7840501792114696
0.8270609318996416
0.8947132616487455
0.5990143369175627
0.8826164874551972
0.8982974910394266
0.8723118279569892
0.7168458781362007
0.8687275985663082
0.7925627240143369
0.7629928315412187
0.892921146953405
0.8355734767025089
0.7871863799283154
0.853494623655914
0.9081541218637993
0.8745519713261649
0.9090501792114696
0.5600358422939068
0.9099462365591398
0.8767921146953405
0.7083333333333334
0.6854838709677419
0.8221326164874552
0.8835125448028673
0.6554659498207885
0.7491039426523297
0.8673835125448028
0.7840501792114696
0.8086917562724014
0.6639784946236559
0.8490143369175627
0.7661290322580645
0.7665770609318996
0.8651433691756273
0.8131720430107527
0.7096774193548387
0.8055555555555556
0.7867383512544803
0.8194444444444444
0.8252688172043011
0.9359318996415771
0.7441756272401434
0.7670250896057348
0.7594086021505376
0.71415770609319
0.742831541218638
0.8257168458781362
0.8239247311827957
0.8198924731182796
0.7849462365591398
0.8324372759856631
0.753584229390681
0.8911290322580645
0.7137096774193549
0.8794802867383512
0.6263440860215054
0.8167562724014337
0.8633512544802867
0.910394265232975
0.8561827956989247
0.9368279569892473
0.9543010752688172
0.8602150537634409
0.7526881720430108
0.7486559139784946
0.8588709677419355
0.8897849462365591
0.7459677419354839
0.8969534050179212
0.842741935483871
0.9251792114695341
0.8808243727598566
0.8440860215053764
0.803763440860215
0.5398745519713262
0.7137096774193549
0.6944444444444444
0.8252688172043011
0.7818100358422939
0.8870967741935484
0.8472222222222222
0.8127240143369175
0.7988351254480287
0.7656810035842294
0.7943548387096774
0.8512544802867383
0.857078853046595
0.817652329749104
0.8942652329749103
0.8445340501792115
0.8082437275985663
0.8257168458781362
0.9023297491039427
0.8517025089605734
0.871415770609319
0.7150537634408602
0.9014336917562724
0.7522401433691757
0.7181899641577061
0.807347670250896
0.9198028673835126
0.8266129032258065
0.682347670250896
0.8297491039426523
0.7791218637992832
0.9086021505376344
0.8418458781362007
0.8185483870967742
0.9027777777777778
0.7432795698924731
0.9130824372759857
0.828405017921147
0.8584229390681004
0.8328853046594982
0.9126344086021505
0.8664874551971327
0.8328853046594982
0.8387096774193549
0.9269713261648745
0.7222222222222222
0.8315412186379928
0.7670250896057348
0.692652329749104
0.7159498207885304
0.899641577060932
0.8033154121863799
0.8637992831541219
0.8924731182795699
0.7876344086021505
0.9372759856630825
0.8615591397849462
0.817652329749104
0.8019713261648745
0.4525089605734767
0.8266129032258065
0.8772401433691757
0.9112903225806451
0.8521505376344086
0.7262544802867383
0.7948028673835126
0.7473118279569892
0.9278673835125448
0.8369175627240143
0.693100358422939
0.8485663082437276
0.7876344086021505
0.8113799283154122
0.885752688172043
0.885752688172043
0.771505376344086
0.831989247311828
0.8624551971326165
0.8198924731182796
0.8637992831541219
0.8853046594982079
0.7482078853046595
0.6698028673835126
0.8741039426523297
0.9023297491039427
0.8870967741935484
0.9511648745519713
0.7137096774193549
0.8862007168458781
0.7786738351254481
0.7473118279569892
0.7782258064516129
0.7051971326164874
0.6671146953405018
0.6612903225806451
0.864247311827957
0.028225806451612902
0.9390681003584229
0.8624551971326165
0.8826164874551972
0.8870967741935484
0.8257168458781362
0.8149641577060932
0.8405017921146953
0.9229390681003584
0.7620967741935484
0.9583333333333334
0.8185483870967742
0.7665770609318996
0.5905017921146953
0.6783154121863799
0.650089605734767
0.7387992831541219
0.8490143369175627
0.5703405017921147
0.8064516129032258
0.9310035842293907
0.9274193548387096
0.7526881720430108
0.9189068100358423
0.8669354838709677
0.6769713261648745
0.7670250896057348
0.9525089605734767
0.8118279569892473
0.7383512544802867
0.8705197132616488
0.7508960573476703
0.8010752688172043
0.7155017921146953
0.7880824372759857
0.8490143369175627
0.853494623655914
0.8360215053763441
0.8911290322580645
0.8113799283154122
0.6312724014336918
0.8418458781362007
0.8230286738351255
0.7396953405017921
0.7280465949820788
0.6984767025089605
0.6917562724014337
0.7181899641577061
0.6258960573476703
0.8261648745519713
0.6733870967741935
0.8772401433691757
0.7504480286738351
0.8440860215053764
0.8431899641577061
0.8956093189964157
0.907258064516129
0.7952508960573477
0.7786738351254481
0.7329749103942652
0.9475806451612904
0.8794802867383512
0.8234767025089605
0.9148745519713262
0.46953405017921146
0.7867383512544803
0.8436379928315412
0.8624551971326165
0.8463261648745519
0.7647849462365591
0.8597670250896058
0.942652329749104
0.896505376344086
0.8086917562724014
0.7634408602150538
0.839605734767025
0.8476702508960573
0.9336917562724014
0.8463261648745519
0.8306451612903226
0.8445340501792115
0.9780465949820788
0.7732974910394266
0.8100358422939068
0.6859318996415771
0.8127240143369175
0.8624551971326165
0.8167562724014337
0.8400537634408602
0.828405017921147
0.785394265232975
0.9153225806451613
0.8301971326164874
0.8485663082437276
0.8481182795698925
0.8548387096774194
0.8727598566308243
0.8548387096774194
0.8364695340501792
0.7594086021505376
0.8346774193548387
0.885752688172043
0.8991935483870968
0.8561827956989247
0.7889784946236559
0.8445340501792115
0.7629928315412187
0.8337813620071685
0.632168458781362
0.7956989247311828
0.8911290322580645
0.774641577060932
0.7311827956989247
0.9153225806451613
0.7128136200716846
0.8866487455197133
0.8611111111111112
0.8333333333333334
0.7719534050179212
0.7217741935483871
0.7768817204301075
0.8557347670250897
0.867831541218638
0.8064516129032258
0.782258064516129
0.8624551971326165
0.8449820788530465
0.807347670250896
0.7786738351254481
0.7361111111111112
0.9157706093189965
0.6868279569892473
0.8956093189964157
0.8422939068100358
0.8481182795698925
0.8947132616487455
0.8033154121863799
0.706989247311828
0.9444444444444444
0.9260752688172043
0.7934587813620072
0.8835125448028673
0.7446236559139785
0.7513440860215054
0.7880824372759857
0.7706093189964157
0.8709677419354839
0.8387096774193549
0.8660394265232975
0.8826164874551972
0.8387096774193549
0.8862007168458781
0.9193548387096774
0.782258064516129
0.9166666666666666
0.8974014336917563
0.7831541218637993
0.8490143369175627
0.8525985663082437
0.7370071684587813
0.8239247311827957
0.753584229390681
0.7226702508960573
0.7670250896057348
0.7782258064516129
0.8185483870967742
0.78584229390681
0.6877240143369175
0.48342293906810035
0.71415770609319
0.849910394265233
0.742831541218638
0.9144265232974911
0.7603046594982079
0.6805555555555556
0.8364695340501792
0.907258064516129
0.7289426523297491
0.8902329749103942
0.7186379928315412
0.9171146953405018
0.7956989247311828
0.8342293906810035
0.857078853046595
0.8091397849462365
0.7939068100358423
0.7876344086021505
0.8718637992831542
0.9099462365591398
0.8772401433691757
0.7759856630824373
0.7338709677419355
0.7979390681003584
0.956989247311828
0.8624551971326165
0.7603046594982079
0.8700716845878136
0.7768817204301075
0.8718637992831542
0.817652329749104
0.8082437275985663
0.9189068100358423
0.8077956989247311
0.8915770609318996
0.7674731182795699
0.732078853046595
0.8866487455197133
0.7844982078853047
0.7522401433691757
0.8951612903225806
0.921146953405018
0.7594086021505376
0.896505376344086
0.8293010752688172
0.849910394265233
0.8978494623655914
0.7163978494623656
0.8230286738351255
0.9135304659498208
0.8252688172043011
0.9081541218637993
0.7603046594982079
0.8924731182795699
0.807347670250896
0.7137096774193549
0.8960573476702509
0.7083333333333334
0.7522401433691757
0.8033154121863799
0.8557347670250897
0.7522401433691757
0.8839605734767025
0.7867383512544803
0.9314516129032258
0.8346774193548387
0.7755376344086021
0.9296594982078853
0.8293010752688172
0.8315412186379928
0.8185483870967742
0.8808243727598566
0.6881720430107527
0.7889784946236559
0.8378136200716846
0.885752688172043
0.8732078853046595
0.7782258064516129
0.8974014336917563
0.8494623655913979
0.8266129032258065
0.8982974910394266
0.8624551971326165
0.9090501792114696
0.7737455197132617
0.7934587813620072
0.6859318996415771
0.8611111111111112
0.9247311827956989
0.8297491039426523
0.839605734767025
0.9023297491039427
0.7267025089605734
0.6792114695340502
0.8216845878136201
0.849910394265233
0.7419354838709677
0.9166666666666666
0.8597670250896058
0.9193548387096774
0.8557347670250897
0.6810035842293907
0.8360215053763441
0.8001792114695341
0.8763440860215054
0.7912186379928315
0.8042114695340502
0.7087813620071685
0.8862007168458781
0.7258064516129032
0.8624551971326165
0.8808243727598566
0.7916666666666666
0.8512544802867383
0.9592293906810035
0.7876344086021505
0.6774193548387096
0.878584229390681
0.8772401433691757
0.8167562724014337
0.8194444444444444
0.807347670250896
0.8028673835125448
0.8364695340501792
0.6559139784946236
0.8122759856630825
0.8086917562724014
0.8185483870967742
0.8055555555555556
0.7934587813620072
0.7701612903225806
0.6599462365591398
0.8064516129032258
0.7060931899641577
0.9077060931899642
0.7437275985663082
0.6563620071684588
0.7495519713261649
0.828405017921147
0.8767921146953405
0.6980286738351255
0.9041218637992832
0.9014336917562724
0.7786738351254481
0.6783154121863799
0.8723118279569892
0.7101254480286738
0.7513440860215054
0.8172043010752689
0.8763440860215054
0.8346774193548387
0.8839605734767025
0.6545698924731183
0.7764336917562724
0.8870967741935484
0.8794802867383512
0.775089605734767
0.8203405017921147
0.6805555555555556
0.7204301075268817
0.8172043010752689
0.7983870967741935
0.8938172043010753
0.7813620071684588
0.8866487455197133
0.907258064516129
0.8920250896057348
0.8485663082437276
0.7352150537634409
0.8261648745519713
0.7495519713261649
0.8082437275985663
0.6877240143369175
0.7231182795698925
0.8024193548387096
0.8637992831541219
0.8310931899641577
0.760752688172043
0.9278673835125448
0.8853046594982079
0.9050179211469535
0.907258064516129
0.8978494623655914
0.7997311827956989
0.8149641577060932
0.8557347670250897
0.8741039426523297
0.7235663082437276
0.8933691756272402
0.8655913978494624
0.8543906810035843
0.8293010752688172
0.8982974910394266
0.8060035842293907
0.793010752688172
0.8947132616487455
0.5542114695340502
0.8974014336917563
0.7939068100358423
0.8082437275985663
0.8736559139784946
0.8933691756272402
0.7370071684587813
0.942652329749104
0.885752688172043
0.7437275985663082
0.8409498207885304
0.8508064516129032
0.7186379928315412
0.7455197132616488
0.8978494623655914
0.8001792114695341
0.828853046594982
0.7558243727598566
0.867831541218638
0.7240143369175627
0.6415770609318996
0.8405017921146953
0.7235663082437276
0.8651433691756273
0.8042114695340502
0.8118279569892473
0.9206989247311828
0.8799283154121864
0.7934587813620072
0.8019713261648745
0.860663082437276
0.8620071684587813
0.8306451612903226
0.7056451612903226
0.9498207885304659
0.849910394265233
0.8969534050179212
0.7258064516129032
0.6877240143369175
0.8548387096774194
0.9032258064516129
0.8476702508960573
0.7732974910394266
0.7804659498207885
0.7491039426523297
0.5483870967741935
0.7513440860215054
0.8611111111111112
0.6474014336917563
0.8301971326164874
0.771505376344086
0.7334229390681004
0.8275089605734767
0.7244623655913979
0.8888888888888888
0.7262544802867383
0.7634408602150538
0.9592293906810035
0.9565412186379928
0.8149641577060932
0.7616487455197133
0.7898745519713262
0.7871863799283154
0.8136200716845878
0.7020609318996416
0.7800179211469535
0.9386200716845878
0.7809139784946236
0.7974910394265233
0.75
0.7889784946236559
0.8333333333333334
0.8310931899641577
0.7423835125448028
0.7441756272401434
0.8875448028673835
0.8897849462365591
0.7495519713261649
0.6335125448028673
0.8490143369175627
0.8436379928315412
0.9050179211469535
0.7921146953405018
0.8337813620071685
0.8261648745519713
0.8113799283154122
0.7634408602150538
0.8239247311827957
0.828405017921147
0.8947132616487455
0.7446236559139785
0.8064516129032258
0.7396953405017921
0.8521505376344086
0.7446236559139785
0.7755376344086021
0.7338709677419355
0.7795698924731183
0.9153225806451613
0.7665770609318996
0.7405913978494624
0.8301971326164874
0.7786738351254481
0.9081541218637993
0.9059139784946236
0.7289426523297491
0.7988351254480287
0.8293010752688172
0.9511648745519713
0.7809139784946236
0.7773297491039427
0.8440860215053764
0.7773297491039427
0.9099462365591398
0.8154121863799283
0.8723118279569892
0.7661290322580645
0.8736559139784946
0.857078853046595
0.8521505376344086
0.7719534050179212
0.8445340501792115
0.6263440860215054
0.71415770609319
0.8382616487455197
0.8239247311827957
0.7338709677419355
0.7903225806451613
0.6850358422939068
0.7226702508960573
0.83915770609319
0.8508064516129032
0.6868279569892473
0.7831541218637993
0.8611111111111112
0.9009856630824373
0.8136200716845878
0.8333333333333334
0.8422939068100358
0.9502688172043011
0.896505376344086
0.6792114695340502
0.7459677419354839
0.8902329749103942
0.7020609318996416
0.8360215053763441
0.8525985663082437
0.7289426523297491
0.8440860215053764
0.7374551971326165
0.9350358422939068
0.818100358422939
0.9041218637992832
0.8530465949820788
0.6590501792114696
0.8198924731182796
0.703853046594982
0.9206989247311828
0.8682795698924731
0.8454301075268817
0.8902329749103942
0.7634408602150538
0.8602150537634409
0.839605734767025
0.8163082437275986
0.8696236559139785
0.900089605734767
0.9471326164874552
0.7809139784946236
0.7625448028673835
0.5040322580645161
0.8127240143369175
0.892921146953405
0.892921146953405
0.9139784946236559
0.8817204301075269
0.853494623655914
0.9493727598566308
0.8902329749103942
0.9314516129032258
0.9094982078853047
0.7553763440860215
0.889336917562724
0.6742831541218638
0.7880824372759857
0.9148745519713262
0.7186379928315412
0.8306451612903226
0.7701612903225806
0.807347670250896
0.8149641577060932
0.8543906810035843
0.8467741935483871
0.8279569892473119
0.757168458781362
0.839605734767025
0.8095878136200717
0.9090501792114696
0.7477598566308243
0.9148745519713262
0.803763440860215
0.7979390681003584
0.6612903225806451
0.8033154121863799
0.8741039426523297
0.8709677419354839
0.7486559139784946
0.2199820788530466
0.8624551971326165
0.7813620071684588
0.7280465949820788
0.7934587813620072
0.828853046594982
0.6742831541218638
0.6447132616487455
0.7549283154121864
0.7732974910394266
0.9435483870967742
0.7889784946236559
0.796594982078853
0.8422939068100358
0.8718637992831542
0.6765232974910395
0.8216845878136201
0.6998207885304659
0.8530465949820788
0.8400537634408602
0.8104838709677419
0.7827060931899642
0.889336917562724
0.7755376344086021
0.753584229390681
0.7782258064516129
0.7697132616487455
0.6379928315412187
0.8064516129032258
0.8136200716845878
0.8956093189964157
0.742831541218638
0.8252688172043011
0.8234767025089605
0.9278673835125448
0.6980286738351255
0.785394265232975
0.7889784946236559
0.785394265232975
0.8216845878136201
0.7629928315412187
0.5958781362007168
0.6133512544802867
0.785394265232975
0.8445340501792115
0.7768817204301075
0.9094982078853047
0.9439964157706093
0.8163082437275986
0.8584229390681004
0.8310931899641577
0.7804659498207885
0.681899641577061
0.892921146953405
0.900089605734767
0.8082437275985663
0.7437275985663082
0.8028673835125448
0.6881720430107527
0.9090501792114696
0.7741935483870968
0.8794802867383512
0.8624551971326165
0.7589605734767025
0.9130824372759857
0.7885304659498208
0.8324372759856631
0.8790322580645161
0.8584229390681004
0.7123655913978495
0.8593189964157706
0.7903225806451613
0.8449820788530465
0.6733870967741935
0.8082437275985663
0.9059139784946236
0.8158602150537635
0.8978494623655914
0.8185483870967742
0.8794802867383512
0.7719534050179212
0.7903225806451613
0.8888888888888888
0.8445340501792115
0.725358422939068
0.6908602150537635
0.900089605734767
0.871415770609319
0.9068100358422939
0.7836021505376344
0.8700716845878136
0.9121863799283154
0.818100358422939
0.8010752688172043
0.91084229390681
0.5367383512544803
0.8982974910394266
0.9041218637992832
0.7791218637992832
0.9238351254480287
0.785394265232975
0.9162186379928315
0.8154121863799283
0.4659498207885305
0.7759856630824373
0.7804659498207885
0.678763440860215
0.839605734767025
0.8763440860215054
0.8042114695340502
0.8324372759856631
0.889336917562724
0.649641577060932
0.6796594982078853
0.7652329749103942
0.757168458781362
0.45564516129032256
0.9126344086021505
0.8382616487455197
0.7396953405017921
0.746415770609319
0.849910394265233
0.8588709677419355
0.7567204301075269
0.8185483870967742
0.8337813620071685
0.9354838709677419
0.7213261648745519
0.724910394265233
0.8409498207885304
0.8530465949820788
0.7289426523297491
0.8548387096774194
0.9009856630824373
0.921594982078853
0.8808243727598566
0.8732078853046595
0.4457885304659498
0.7889784946236559
0.660394265232975
0.8467741935483871
0.8445340501792115
0.8490143369175627
0.8266129032258065
0.7777777777777778
0.9206989247311828
0.8077956989247311
0.8848566308243727
0.8879928315412187
0.6339605734767025
0.7065412186379928
0.8991935483870968
0.7871863799283154
0.7504480286738351
0.7979390681003584
0.9014336917562724
0.05017921146953405
0.7267025089605734
0.8445340501792115
0.8884408602150538
0.9054659498207885
0.7612007168458781
0.8189964157706093
0.8951612903225806
0.753584229390681
0.782258064516129
0.9247311827956989
0.7697132616487455
0.7199820788530465
0.7352150537634409
0.78584229390681
0.7898745519713262
0.7531362007168458
0.928763440860215
0.8790322580645161
0.9345878136200717
0.882168458781362
0.7293906810035843
0.703853046594982
0.7948028673835126
0.8315412186379928
0.7603046594982079
0.9256272401433692
0.5976702508960573
0.896505376344086
0.7674731182795699
0.857078853046595
0.6079749103942652
0.8741039426523297
0.8991935483870968
0.8440860215053764
0.8718637992831542
0.7692652329749103
0.831989247311828
0.9596774193548387
0.821236559139785
0.6913082437275986
0.8337813620071685
0.8055555555555556
0.7813620071684588
0.8248207885304659
0.8862007168458781
0.9390681003584229
0.8629032258064516
0.05600358422939068
0.8839605734767025
0.6895161290322581
0.8315412186379928
0.8902329749103942
0.9327956989247311
0.8875448028673835
0.8418458781362007
0.849910394265233
0.9650537634408602
0.6447132616487455
0.8055555555555556
0.8019713261648745
0.857078853046595
0.8086917562724014
0.8136200716845878
0.7719534050179212
0.7741935483870968
0.8064516129032258
0.8525985663082437
0.8902329749103942
0.8736559139784946
0.8113799283154122
0.7302867383512545
0.7585125448028673
0.774641577060932
0.7289426523297491
0.7979390681003584
0.8046594982078853
0.7840501792114696
0.746415770609319
0.8046594982078853
0.8615591397849462
0.7432795698924731
0.8938172043010753
0.899641577060932
0.7710573476702509
0.8902329749103942
0.8342293906810035
0.8467741935483871
0.7540322580645161
0.8597670250896058
0.8042114695340502
0.8140681003584229
0.5828853046594982
0.7620967741935484
0.7948028673835126
0.8028673835125448
0.8360215053763441
0.8445340501792115
0.7697132616487455
0.41487455197132617
0.7316308243727598
0.9050179211469535
0.8279569892473119
0.8938172043010753
0.896505376344086
0.7172939068100358
0.9256272401433692
0.8149641577060932
0.760752688172043
0.8530465949820788
0.7387992831541219
0.8991935483870968
0.9050179211469535
0.8257168458781362
0.8315412186379928
0.7396953405017921
0.8301971326164874
0.8476702508960573
0.8767921146953405
0.8924731182795699
0.7531362007168458
0.7997311827956989
0.8987455197132617
0.9162186379928315
0.7598566308243727
0.7943548387096774
0.8328853046594982
0.7410394265232975
0.8646953405017921
0.44937275985663083
0.8431899641577061
0.8355734767025089
0.7871863799283154
0.7262544802867383
0.8646953405017921
0.900089605734767
0.9126344086021505
0.9332437275985663
0.8342293906810035
0.7347670250896058
0.860663082437276
0.892921146953405
0.8145161290322581
0.9310035842293907
0.7719534050179212
0.7836021505376344
0.8010752688172043
0.6626344086021505
0.7925627240143369
0.7007168458781362
0.6554659498207885
0.8279569892473119
0.9619175627240143
0.8239247311827957
0.9224910394265233
0.7925627240143369
0.7526881720430108
0.8673835125448028
0.9041218637992832
0.8100358422939068
0.8301971326164874
0.7168458781362007
0.8189964157706093
0.7665770609318996
0.9274193548387096
0.7912186379928315
0.6998207885304659
0.7813620071684588
0.8575268817204301
0.9224910394265233
0.7948028673835126
0.8938172043010753
0.782258064516129
0.8440860215053764
0.8355734767025089
0.7280465949820788
0.83915770609319
0.8373655913978495
0.8530465949820788
0.7934587813620072
0.7741935483870968
0.7410394265232975
0.9314516129032258
0.8158602150537635
0.8942652329749103
0.8086917562724014
0.775089605734767
0.6801075268817204
0.864247311827957
0.9144265232974911
0.8629032258064516
0.7782258064516129
0.8557347670250897
0.71415770609319
0.8669354838709677
0.793010752688172
0.8799283154121864
0.8727598566308243
0.8620071684587813
0.782258064516129
0.7338709677419355
0.7347670250896058
0.8566308243727598
0.8104838709677419
0.8024193548387096
0.5954301075268817
0.5510752688172043
0.9050179211469535
0.6698028673835126
0.9009856630824373
0.6939964157706093
0.9350358422939068
0.9162186379928315
0.9086021505376344
0.7222222222222222
0.7562724014336918
0.864247311827957
0.4767025089605735
0.8033154121863799
0.7343189964157706
0.9014336917562724
0.8351254480286738
0.8405017921146953
0.8839605734767025
0.7988351254480287
0.785394265232975
0.910394265232975
0.8315412186379928
0.8897849462365591
0.864247311827957
0.8781362007168458
0.7029569892473119
0.9153225806451613
0.7181899641577061
0.8517025089605734
0.8490143369175627
0.8942652329749103
0.850358422939068
0.7871863799283154
0.40546594982078854
0.7132616487455197
0.8660394265232975
0.9314516129032258
0.7298387096774194
0.603494623655914
0.6845878136200717
0.831989247311828
0.8736559139784946
0.8942652329749103
0.6344086021505376
0.7840501792114696
0.8602150537634409
0.8055555555555556
0.8924731182795699
0.8360215053763441
0.8629032258064516
0.760752688172043
0.8736559139784946
0.8629032258064516
0.6523297491039427
0.9117383512544803
0.8974014336917563
0.857078853046595
0.9148745519713262
0.7701612903225806
0.8243727598566308
0.8364695340501792
0.7885304659498208
0.9619175627240143
0.8118279569892473
0.8467741935483871
0.8512544802867383
0.8046594982078853
0.8122759856630825
0.7262544802867383
0.8060035842293907
0.8991935483870968
0.8584229390681004
0.882168458781362
0.7741935483870968
0.9157706093189965
0.8355734767025089
0.892921146953405
0.7791218637992832
0.8682795698924731
0.7948028673835126
0.7231182795698925
0.8817204301075269
0.5403225806451613
0.828853046594982
0.849910394265233
0.9086021505376344
0.8696236559139785
0.7759856630824373
0.8897849462365591
0.8920250896057348
0.8064516129032258
0.8897849462365591
0.8637992831541219
0.8104838709677419
0.831989247311828
0.7724014336917563
0.8243727598566308
0.921146953405018
0.7903225806451613
0.8136200716845878
0.8476702508960573
0.8131720430107527
0.7871863799283154
0.8243727598566308
0.896505376344086
0.900089605734767
0.8633512544802867
0.839605734767025
0.9310035842293907
0.8373655913978495
0.6827956989247311
0.8243727598566308
0.8337813620071685
0.9556451612903226
0.8185483870967742
0.8920250896057348
0.7907706093189965
0.7181899641577061
0.839605734767025
0.9448924731182796
0.7159498207885304
0.83915770609319
0.9198028673835126
0.7352150537634409
0.6796594982078853
0.7836021505376344
0.8051075268817204
0.8019713261648745
0.8660394265232975
0.7056451612903226
0.9274193548387096
0.7558243727598566
0.7325268817204301
0.8839605734767025
0.8611111111111112
0.8275089605734767
0.7894265232974911
0.8566308243727598
0.6747311827956989
0.9507168458781362
0.8732078853046595
0.7809139784946236
0.8127240143369175
0.8216845878136201
0.8131720430107527
0.8355734767025089
0.8046594982078853
0.8234767025089605
0.9247311827956989
0.8933691756272402
0.9350358422939068
0.8960573476702509
0.842741935483871
0.8951612903225806
0.8472222222222222
0.896505376344086
0.717741935483871
0.8086917562724014
0.8597670250896058
0.8122759856630825
0.7952508960573477
0.8906810035842294
0.8104838709677419
0.6406810035842294
0.8897849462365591
0.7903225806451613
0.9471326164874552
0.8077956989247311
0.725358422939068
0.7827060931899642
0.796146953405018
0.7737455197132617
0.7589605734767025
0.9090501792114696
0.8660394265232975
0.8149641577060932
0.8382616487455197
0.9157706093189965
0.9502688172043011
0.7889784946236559
0.9157706093189965
0.7997311827956989
0.7647849462365591
0.753584229390681
0.8445340501792115
0.8306451612903226
0.8243727598566308
0.6411290322580645
0.9265232974910395
0.8136200716845878
0.8584229390681004
0.8006272401433692
0.8579749103942652
0.8741039426523297
0.7163978494623656
0.896505376344086
0.8906810035842294
0.7782258064516129
0.785394265232975
0.8400537634408602
0.693100358422939
0.9314516129032258
0.767921146953405
0.8588709677419355
0.860663082437276
0.6630824372759857
0.8754480286738351
0.860663082437276
0.7764336917562724
0.7831541218637993
0.8539426523297491
0.860663082437276
0.9077060931899642
0.793010752688172
0.8911290322580645
0.7804659498207885
0.8149641577060932
0.7576164874551972
0.7898745519713262
0.9292114695340502
0.78584229390681
0.9256272401433692
0.8207885304659498
0.7656810035842294
0.918010752688172
0.8906810035842294
0.7549283154121864
0.9045698924731183
0.867831541218638
0.8234767025089605
0.9126344086021505
0.9166666666666666
0.828853046594982
0.7298387096774194
0.5501792114695341
0.9363799283154122
0.8718637992831542
0.9090501792114696
0.828405017921147
0.9162186379928315
0.867831541218638
0.9386200716845878
0.9628136200716846
0.9068100358422939
0.9399641577060932
0.900089605734767
0.849910394265233
0.8615591397849462
0.9148745519713262
0.9126344086021505
0.8732078853046595
0.7217741935483871
0.7262544802867383
0.7813620071684588
0.8920250896057348
0.7114695340501792
0.8727598566308243
0.8310931899641577
0.864247311827957
0.9220430107526881
0.7903225806451613
0.8718637992831542
0.8588709677419355
0.9027777777777778
0.8754480286738351
0.899641577060932
0.8297491039426523
0.899641577060932
0.7222222222222222
0.8732078853046595
0.7912186379928315
0.6599462365591398
0.6908602150537635
0.753584229390681
0.9556451612903226
0.8270609318996416
0.9014336917562724
0.7997311827956989
0.742831541218638
0.757168458781362
0.7894265232974911
0.7876344086021505
0.9413082437275986
0.6957885304659498
0.8077956989247311
0.7759856630824373
0.7629928315412187
0.9068100358422939
0.8355734767025089
0.8279569892473119
0.8906810035842294
0.7244623655913979
0.8629032258064516
0.8252688172043011
0.5344982078853047
0.8216845878136201
0.7732974910394266
0.7782258064516129
0.8185483870967742
0.8369175627240143
0.8597670250896058
0.7732974910394266
0.8826164874551972
0.6684587813620072
0.8830645161290323
0.7603046594982079
0.6890681003584229
0.7956989247311828
0.8494623655913979
0.6447132616487455
0.7020609318996416
0.796594982078853
0.7580645161290323
0.7168458781362007
0.8122759856630825
0.7508960573476703
0.7132616487455197
0.8225806451612904
0.7885304659498208
0.8615591397849462
0.8158602150537635
0.8646953405017921
0.828405017921147
0.6541218637992832
0.8620071684587813
0.8732078853046595
0.7598566308243727
0.8234767025089605
0.6702508960573477
0.7043010752688172
0.8920250896057348
0.7446236559139785
0.8844086021505376
0.8055555555555556
0.8216845878136201
0.8781362007168458
0.8422939068100358
0.7809139784946236
0.7880824372759857
0.8745519713261649
0.6402329749103942
0.8127240143369175
0.7311827956989247
0.8275089605734767
0.7925627240143369
0.9077060931899642
0.7231182795698925
0.6599462365591398
0.9404121863799283
0.8812724014336918
0.803763440860215
0.8140681003584229
0.8113799283154122
0.8301971326164874
0.7773297491039427
0.8982974910394266
0.7652329749103942
0.8234767025089605
0.7992831541218638
0.8239247311827957
0.7437275985663082
0.8095878136200717
0.8494623655913979
0.7844982078853047
0.7921146953405018
0.6263440860215054
0.8122759856630825
0.8221326164874552
0.8077956989247311
0.892921146953405
0.5730286738351255
0.871415770609319
0.7979390681003584
0.8897849462365591
0.8198924731182796
0.7804659498207885
0.8839605734767025
0.8897849462365591
0.8055555555555556
0.8010752688172043
0.8337813620071685
0.8633512544802867
0.831989247311828
0.7231182795698925
0.7114695340501792
0.6084229390681004
0.871415770609319
0.8987455197132617
0.8584229390681004
0.7943548387096774
0.8960573476702509
0.8042114695340502
0.8172043010752689
0.9345878136200717
0.8960573476702509
0.8557347670250897
0.889336917562724
0.8113799283154122
0.8382616487455197
0.7710573476702509
0.8521505376344086
0.8028673835125448
0.6666666666666666
0.7876344086021505
0.7419354838709677
0.8436379928315412
0.7517921146953405
0.8077956989247311
0.5560035842293907
0.817652329749104
0.7217741935483871
0.9623655913978495
0.8467741935483871
0.6984767025089605
0.8149641577060932
0.8149641577060932
0.889336917562724
0.7997311827956989
0.7777777777777778
0.9198028673835126
0.8436379928315412
0.9233870967741935
0.8736559139784946
0.732078853046595
0.9220430107526881
0.6554659498207885
0.807347670250896
0.728494623655914
0.8221326164874552
0.8051075268817204
0.75
0.807347670250896
0.732078853046595
0.9198028673835126
0.6402329749103942
0.8629032258064516
0.8342293906810035
0.7629928315412187
0.8131720430107527
0.9439964157706093
0.8275089605734767
0.9023297491039427
0.8104838709677419
0.9005376344086021
0.8328853046594982
0.7616487455197133
0.7732974910394266
0.8158602150537635
0.8060035842293907
0.7401433691756273
0.782258064516129
0.9126344086021505
0.8158602150537635
0.9036738351254481
0.8561827956989247
0.9162186379928315
0.793010752688172
0.678763440860215
0.8118279569892473
0.7719534050179212
0.8790322580645161
0.8369175627240143
0.807347670250896
0.8924731182795699
0.849910394265233
0.8324372759856631
0.8060035842293907
0.7974910394265233
0.7567204301075269
0.6442652329749103
0.8826164874551972
0.7997311827956989
0.8521505376344086
0.7701612903225806
0.7051971326164874
0.918010752688172
0.8243727598566308
0.8602150537634409
0.8817204301075269
0.8897849462365591
0.7956989247311828
0.9162186379928315
0.6397849462365591
0.8297491039426523
0.8440860215053764
0.7737455197132617
0.9498207885304659
0.6115591397849462
0.6783154121863799
0.8485663082437276
0.8969534050179212
0.8360215053763441
0.7894265232974911
0.8982974910394266
0.9126344086021505
0.7347670250896058
0.7468637992831542
0.8230286738351255
0.8010752688172043
0.9439964157706093
0.7338709677419355
0.7186379928315412
0.8324372759856631
0.8758960573476703
0.8086917562724014
0.7732974910394266
0.9157706093189965
0.9023297491039427
0.9023297491039427
0.8042114695340502
0.8884408602150538
0.8163082437275986
0.9516129032258065
0.7836021505376344
0.8042114695340502
0.8095878136200717
0.8086917562724014
0.7898745519713262
0.9368279569892473
0.8131720430107527
0.8736559139784946
0.7343189964157706
0.7437275985663082
0.6276881720430108
0.8346774193548387
0.8982974910394266
0.9121863799283154
0.7921146953405018
0.9229390681003584
0.8655913978494624
0.8297491039426523
0.7907706093189965
0.78584229390681
0.9650537634408602
0.7396953405017921
0.8382616487455197
0.8042114695340502
0.9314516129032258
0.746415770609319
0.867831541218638
0.8203405017921147
0.6411290322580645
0.6975806451612904
0.8866487455197133
0.6173835125448028
0.8808243727598566
0.6487455197132617
0.9090501792114696
0.8230286738351255
0.8293010752688172
0.8172043010752689
0.7172939068100358
0.7652329749103942
0.8342293906810035
0.7585125448028673
0.6738351254480287
0.8091397849462365
0.9068100358422939
0.8709677419354839
0.6635304659498208
0.8588709677419355
0.953405017921147
0.6836917562724014
0.8467741935483871
0.8113799283154122
0.7060931899641577
0.8257168458781362
0.8552867383512545
0.6814516129032258
0.8924731182795699
0.7544802867383512
0.8682795698924731
0.7844982078853047
0.921594982078853
0.7634408602150538
0.7719534050179212
0.8826164874551972
0.8440860215053764
0.8620071684587813
0.8911290322580645
0.892921146953405
0.8337813620071685
0.5887096774193549
0.7150537634408602
0.8879928315412187
0.8987455197132617
0.6402329749103942
0.8862007168458781
0.8140681003584229
0.6545698924731183
0.8369175627240143
0.7047491039426523
0.7195340501792115
0.9439964157706093
0.9121863799283154
0.8203405017921147
0.889336917562724
0.757168458781362
0.735663082437276
0.8808243727598566
0.8198924731182796
0.8915770609318996
0.764336917562724
0.8400537634408602
0.889336917562724
0.8082437275985663
0.7432795698924731
0.8911290322580645
0.7970430107526881
0.7795698924731183
0.8669354838709677
0.7504480286738351
0.7477598566308243
0.7123655913978495
0.8409498207885304
0.8306451612903226
0.8705197132616488
0.724910394265233
0.8270609318996416
0.7374551971326165
0.8091397849462365
0.8956093189964157
0.8346774193548387
0.8741039426523297
0.7549283154121864
0.5797491039426523
0.796594982078853
0.864247311827957
0.8364695340501792
0.9206989247311828
0.7903225806451613
0.7468637992831542
0.9637096774193549
0.7562724014336918
0.8440860215053764
0.6993727598566308
0.7665770609318996
0.8870967741935484
0.9171146953405018
0.793010752688172
0.828405017921147
0.8803763440860215
0.8189964157706093
0.8611111111111112
0.8100358422939068
0.9551971326164874
0.8154121863799283
0.921594982078853
0.78584229390681
