0.5153727901614144
0.8082244427363566
0.9062259800153728
0.8066871637202152
0.8262874711760184
0.8466564181398923
0.9381245196003074
0.9112221368178325
0.7897770945426595
0.8647194465795542
0.9100691775557264
0.808608762490392
0.8270561106840891
0.5434281322059954
0.7513451191391237
0.8620292083013067
0.8105303612605688
0.813989239046887
0.8128362797847809
0.8762490392006149
0.8574173712528824
0.8335895465026902
0.7755572636433513
0.8900845503458877
0.8920061491160646
0.9123750960799385
0.7805534204458109
0.8693312836279785
0.8743274404304381
0.862413528055342
0.8189853958493467
0.7951575710991545
0.8305149884704074
0.7920830130668717
0.8147578785549577
0.8885472713297463
0.8762490392006149
0.8658724058416603
0.8347425057647964
0.8535741737125289
0.8174481168332052
0.8831667947732513
0.8866256725595696
0.707532667179093
0.8116833205226749
0.865488086087625
0.8416602613374328
0.8727901614142967
0.9304381245196003
0.8528055342044581
0.9081475787855495
0.8858570330514989
0.8262874711760184
0.8578016910069177
0.846272098385857
0.930053804765565
0.8178324365872406
0.828977709454266
0.7893927747886241
0.92467332820907
0.8677940046118371
0.8639508070714835
0.809761721752498
0.8374327440430438
0.8585703305149884
0.7394312067640276
0.830130668716372
0.8043812451960031
0.7947732513451191
0.8109146810146042
0.8416602613374328
0.9162182936202921
0.8481936971560338
0.6971560338201384
0.8055342044581092
0.9327440430438124
0.8931591083781706
0.8166794773251345
0.8535741737125289
0.8382013835511145
0.8920061491160646
0.8700999231360492
0.8747117601844735
0.8670253651037664
0.809761721752498
0.8020753266717909
0.8112990007686395
0.7432744043043813
0.6990776325903152
0.8374327440430438
0.7851652574942352
0.9085318985395849
0.8358954650269024
0.8766333589546502
0.9323597232897771
0.7094542659492697
0.4577248270561107
0.7790161414296695
0.9223674096848578
0.9654112221368178
0.8312836279784781
0.8731744811683321
0.8962336664104535
0.9285165257494236
0.7352036894696388
0.8259031514219831
0.819369715603382
0.8355111452728671
0.9004611837048424
0.9631053036126057
0.9085318985395849
0.888162951575711
0.8293620292083013
0.7455803228285934
0.7982321291314374
0.815142198308993
0.8174481168332052
0.8996925441967717
0.8178324365872406
0.9046887009992314
0.8251345119139124
0.818216756341276
0.7421214450422752
0.8689469638739431
0.8209069946195234
0.7659492697924674
0.92467332820907
0.8278247501921598
0.8324365872405841
0.8662567255956957
0.7448116833205227
0.8005380476556495
0.7459646425826287
0.7701767870868562
0.7940046118370484
0.9016141429669485
0.8189853958493467
0.41544965411222134
0.8877786318216756
0.7340507302075326
0.8132205995388163
0.7851652574942352
0.93543428132206
0.830130668716372
0.8700999231360492
0.7448116833205227
0.8831667947732513
0.8401229823212913
0.8681783243658724
0.8866256725595696
0.7667179093005381
0.7644119907763259
0.7640276710222905
0.8539584934665642
0.7940046118370484
0.9208301306687163
0.5841660261337432
0.963489623366641
0.5991544965411222
0.8282090699461953
0.7540353574173713
0.8405073020753266
0.8347425057647964
0.9289008455034589
0.9154496541122213
0.8927747886241353
0.9723289777094543
0.7874711760184473
0.9073789392774788
0.8797079169869332
0.8639508070714835
0.791314373558801
0.7117601844734819
0.8078401229823213
0.6502690238278247
0.9319754035357417
0.6541122213681784
0.8589546502690238
0.8224442736356649
0.717140661029977
0.8539584934665642
0.818216756341276
0.6990776325903152
0.8597232897770946
0.9669485011529593
0.7598001537279017
0.9054573405073021
0.16218293620292082
0.7694081475787855
0.889315910837817
0.8355111452728671
0.7840122982321291
0.8270561106840891
0.8128362797847809
0.7897770945426595
0.861260568793236
0.8228285933897003
0.9096848578016911
0.8739431206764028
0.862413528055342
0.9239046887009992
0.7909300538047656
0.8397386625672559
0.8820138355111453
0.9058416602613374
0.8950807071483474
0.8005380476556495
0.7632590315142198
0.9269792467332821
0.8520368946963874
0.8601076095311299
0.7990007686395081
0.584934665641814
0.866641045349731
0.7744043043812452
0.8155265180630284
0.9200614911606456
0.2209838585703305
0.9104534973097618
0.8889315910837817
0.652574942352037
0.9173712528823982
0.8793235972328978
0.861260568793236
0.8347425057647964
0.8262874711760184
0.9085318985395849
0.8797079169869332
0.9039200614911607
0.7325134511913912
0.8159108378170637
0.8439661798616449
0.8985395849346657
0.7940046118370484
0.8897002305918524
0.8847040737893928
0.8670253651037664
0.7659492697924674
0.8001537279016141
0.855880092236741
0.8032282859338971
0.7905457340507303
0.8063028439661799
0.6990776325903152
0.772098385857033
0.7855495772482706
0.8405073020753266
0.8908531898539584
0.9392774788624135
0.8374327440430438
0.8282090699461953
0.8016910069177555
0.8831667947732513
0.8435818601076095
0.9607993850883936
0.8908531898539584
0.940814757878555
0.8259031514219831
0.8789392774788625
0.9577248270561107
0.9100691775557264
0.9707916986933128
0.8408916218293621
0.8912375096079939
0.8858570330514989
0.7678708685626441
0.8047655649500385
0.7832436587240584
0.8946963873943121
0.7840122982321291
0.7836279784780937
0.8339738662567256
0.03574173712528824
0.6956187548039969
0.8681783243658724
0.7467332820906994
0.7724827056110684
0.8716372021521906
0.8651037663335895
0.818216756341276
0.8408916218293621
0.952728670253651
0.8970023059185243
0.9600307455803229
0.7759415833973866
0.8201383551114527
0.7951575710991545
0.6725595695618755
0.8823981552651806
0.7517294388931591
0.8174481168332052
0.8458877786318216
0.813989239046887
0.7932359723289777
0.17371252882398155
0.797847809377402
0.7194465795541891
0.8228285933897003
0.7413528055342045
0.7156033820138356
0.8178324365872406
0.7213681783243658
0.9073789392774788
0.8255188316679477
0.7609531129900077
0.7271329746348962
0.8900845503458877
0.8774019984627209
0.9008455034588778
0.813989239046887
0.7778631821675634
0.8643351268255188
0.8435818601076095
0.6779400461183704
0.8293620292083013
0.7063797079169869
0.8604919292851653
0.754803996925442
0.6652574942352036
0.8378170637970792
0.8443504996156802
0.7482705611068409
0.9123750960799385
0.6560338201383551
0.8635664873174481
0.7797847809377402
0.6856264411990777
0.5549577248270561
0.8216756341275941
0.8812451960030746
0.8078401229823213
0.9196771714066103
0.7986164488854727
0.8970023059185243
0.9146810146041506
0.7986164488854727
0.8912375096079939
0.8013066871637202
0.8581860107609531
0.8051498847040738
0.9154496541122213
0.8885472713297463
0.897770945426595
0.9008455034588778
0.8059185242121445
0.7632590315142198
0.8593389700230591
0.8993082244427364
0.8581860107609531
0.7820906994619523
0.7136817832436587
0.7294388931591084
0.6956187548039969
0.8578016910069177
0.8074558032282859
0.7113758647194466
0.8635664873174481
0.8059185242121445
0.866641045349731
0.8608762490392006
0.41852421214450425
0.8808608762490392
0.7052267486548809
0.889315910837817
0.8389700230591852
0.7867025365103766
0.8282090699461953
0.772098385857033
0.8089930822444273
0.7536510376633359
0.904304381245196
0.8351268255188317
0.9231360491929285
0.7909300538047656
0.777478862413528
0.7144504227517294
0.882782475019216
0.8424289008455035
0.7878554957724827
0.866641045349731
0.7786318216756342
0.8954650269023828
0.9100691775557264
0.8750960799385088
0.9039200614911607
0.897770945426595
0.8789392774788625
0.7332820906994619
0.8293620292083013
0.7705611068408916
0.0361260568793236
0.8946963873943121
0.8347425057647964
0.7605687932359724
0.7713297463489623
0.8808608762490392
0.7490392006149116
0.9542659492697925
0.8524212144504227
0.850499615680246
0.8393543428132206
0.8285933897002306
0.7179093005380477
0.8727901614142967
0.7390468870099923
0.7820906994619523
0.8658724058416603
0.9135280553420446
0.7986164488854727
0.7701767870868562
0.717140661029977
0.7232897770945427
0.8485780169100692
0.8501152959262106
0.7847809377401999
0.8873943120676403
0.8589546502690238
0.8270561106840891
0.8416602613374328
0.6925441967717141
0.8774019984627209
0.9277478862413528
0.7993850883935434
0.8758647194465795
0.8520368946963874
0.792467332820907
0.8132205995388163
0.7282859338970024
0.8766333589546502
0.9062259800153728
0.8305149884704074
0.8378170637970792
0.8366641045349731
0.8120676402767102
0.7286702536510377
0.7959262106072252
0.7671022290545734
0.8305149884704074
0.8908531898539584
0.8032282859338971
0.883935434281322
0.8543428132205996
0.7309761721752498
0.7732513451191392
0.8320522674865488
0.904304381245196
0.7709454265949269
0.7417371252882398
0.7471176018447349
0.8927747886241353
0.8224442736356649
0.9000768639508071
0.8424289008455035
0.8631821675634127
0.723674096848578
0.6856264411990777
0.8197540353574174
0.9035357417371253
0.8873943120676403
0.889315910837817
0.9331283627978478
0.921598770176787
0.797847809377402
0.8339738662567256
0.8285933897002306
0.8412759415833974
0.8816295157571099
0.8493466564181399
0.8212913143735588
0.7156033820138356
0.8762490392006149
0.958109146810146
0.7767102229054573
0.9304381245196003
0.745196003074558
0.8547271329746349
0.8604919292851653
0.8735588009223674
0.9146810146041506
0.8232129131437356
0.9135280553420446
0.8412759415833974
0.7801691006917756
0.8808608762490392
0.7156033820138356
0.9142966948501153
0.893543428132206
0.8378170637970792
0.8339738662567256
0.7786318216756342
0.5749423520368947
0.7890084550345888
0.7190622598001537
0.9135280553420446
0.7990007686395081
0.9154496541122213
0.857033051498847
0.8259031514219831
0.7524980784012298
0.8170637970791699
0.8370484242890085
0.8543428132205996
0.8727901614142967
0.791314373558801
0.8597232897770946
0.8551114527286703
0.8708685626441199
0.7617217524980784
0.8823981552651806
0.7574942352036894
0.7713297463489623
0.8431975403535742
0.6687163720215219
0.8620292083013067
0.7659492697924674
0.8835511145272867
0.7970791698693312
0.872021521906226
0.893543428132206
0.7767102229054573
0.9077632590315142
0.8293620292083013
0.8931591083781706
0.7448116833205227
0.8178324365872406
0.8005380476556495
0.8843197540353575
0.866641045349731
0.8382013835511145
0.9066102997694081
0.7571099154496541
0.7229054573405073
0.8174481168332052
0.8889315910837817
0.7832436587240584
0.9773251345119139
0.8958493466564181
0.8597232897770946
0.8332052267486548
0.9023827824750192
0.8209069946195234
0.6852421214450423
0.8508839354342813
0.8651037663335895
0.8420445810914681
0.8520368946963874
0.8109146810146042
0.7932359723289777
0.6598770176787087
0.6956187548039969
0.7501921598770177
0.7644119907763259
0.7401998462720983
0.9004611837048424
0.7482705611068409
0.8124519600307456
0.8674096848578017
0.8478093774019985
0.8897002305918524
0.7824750192159877
0.8931591083781706
0.7832436587240584
0.8366641045349731
0.8996925441967717
0.8501152959262106
0.7267486548808608
0.8743274404304381
0.8109146810146042
0.8847040737893928
0.7209838585703305
0.796694850115296
0.7428900845503459
0.8958493466564181
0.7943889315910838
0.9231360491929285
0.7428900845503459
0.8597232897770946
0.4638739431206764
0.8604919292851653
0.9016141429669485
0.9085318985395849
0.7267486548808608
0.7955418908531898
0.7478862413528056
0.8266717909300538
0.9069946195234435
0.722521137586472
0.9069946195234435
0.7936202920830131
0.8954650269023828
0.855880092236741
0.8424289008455035
0.952728670253651
0.8078401229823213
0.8105303612605688
0.9046887009992314
0.8981552651806303
0.889315910837817
0.7832436587240584
0.3078401229823213
0.8562644119907763
0.7544196771714066
0.8585703305149884
0.7747886241352806
0.8032282859338971
0.8370484242890085
0.9235203689469639
0.7759415833973866
0.9019984627209838
0.7229054573405073
0.8397386625672559
0.872021521906226
0.8493466564181399
0.7859338970023059
0.8416602613374328
0.7713297463489623
0.6614142966948501
0.8631821675634127
0.7836279784780937
0.7355880092236741
0.9016141429669485
0.6983089930822445
0.8351268255188317
0.8005380476556495
0.818216756341276
0.8478093774019985
0.9077632590315142
0.8946963873943121
0.8850883935434282
0.8904688700999231
0.8197540353574174
0.8389700230591852
0.8973866256725596
0.8512682551883167
0.7432744043043813
0.8966179861644888
0.8285933897002306
0.8451191391237509
0.9077632590315142
0.8224442736356649
0.8762490392006149
0.862413528055342
0.6798616448885473
0.8013066871637202
0.7732513451191392
0.8312836279784781
0.8616448885472713
0.8823981552651806
0.7367409684857802
0.7709454265949269
0.6629515757109915
0.8485780169100692
0.7701767870868562
0.8912375096079939
0.9050730207532667
0.8912375096079939
0.9146810146041506
0.9315910837817064
0.93543428132206
0.8162951575710992
0.8981552651806303
0.904304381245196
0.8370484242890085
0.8535741737125289
0.8781706379707916
0.7697924673328209
0.8908531898539584
0.6967717140661029
0.808608762490392
0.727901614142967
0.8028439661798616
0.6898539584934665
0.8585703305149884
0.739815526518063
0.7156033820138356
0.7317448116833205
0.8109146810146042
0.7882398155265181
0.8397386625672559
0.8908531898539584
0.7997694081475788
0.819369715603382
0.8681783243658724
0.8774019984627209
0.9362029208301307
0.6360491929285165
0.7909300538047656
0.7778631821675634
0.898923904688701
0.7905457340507303
0.8931591083781706
0.9016141429669485
0.7943889315910838
0.7905457340507303
0.7136817832436587
0.828977709454266
0.8059185242121445
0.7521137586471944
0.7901614142966948
0.9050730207532667
0.8082244427363566
0.8647194465795542
0.8466564181398923
0.8631821675634127
0.7205995388162951
0.9000768639508071
0.7982321291314374
0.8481936971560338
0.8308993082244427
0.7959262106072252
0.8136049192928516
0.6591083781706379
0.819369715603382
0.7598001537279017
0.8439661798616449
0.8704842428900845
0.8800922367409685
0.7536510376633359
0.8435818601076095
0.5169100691775558
0.7459646425826287
0.7936202920830131
0.8520368946963874
0.8358954650269024
0.7859338970023059
0.8055342044581092
0.8274404304381245
0.8785549577248271
0.8186010760953113
0.8420445810914681
0.893543428132206
0.8189853958493467
0.8739431206764028
0.9531129900076863
0.861260568793236
0.8724058416602614
0.9019984627209838
0.7963105303612605
0.8566487317448117
0.8255188316679477
0.8996925441967717
0.8697156033820138
0.8793235972328978
0.7678708685626441
0.8539584934665642
0.9227517294388932
0.8308993082244427
0.834358186010761
0.8466564181398923
0.8651037663335895
0.8658724058416603
0.8239815526518063
0.8873943120676403
0.9319754035357417
0.8355111452728671
0.8743274404304381
0.8228285933897003
0.9385088393543428
0.6633358954650269
0.8789392774788625
0.8186010760953113
0.8908531898539584
0.7517294388931591
0.8143735588009223
0.898923904688701
0.931206764027671
0.7263643351268255
0.851652574942352
0.9700230591852421
0.8082244427363566
0.8816295157571099
0.4139123750960799
0.7893927747886241
0.8312836279784781
0.808608762490392
0.7140661029976941
0.8420445810914681
0.8239815526518063
0.8412759415833974
0.7678708685626441
0.7436587240584166
0.9058416602613374
0.7305918524212145
0.847425057647963
0.8593389700230591
0.8831667947732513
0.7940046118370484
0.8970023059185243
0.9023827824750192
0.9212144504227517
0.9104534973097618
0.823597232897771
0.611837048424289
0.9296694850115296
0.8316679477325134
0.9511913912375096
0.865488086087625
0.828977709454266
0.8685626441199078
0.8981552651806303
0.7736356648731745
0.8854727132974635
0.7305918524212145
0.8608762490392006
0.7728670253651038
0.8005380476556495
0.7736356648731745
0.7071483474250576
0.8512682551883167
0.777478862413528
0.797847809377402
0.7890084550345888
0.8900845503458877
0.8262874711760184
0.8554957724827056
0.7486548808608763
0.8950807071483474
0.8501152959262106
0.4777094542659493
0.8520368946963874
0.7551883166794773
0.7363566487317448
0.9050730207532667
0.6498847040737894
0.8697156033820138
0.8470407378939278
0.7651806302843966
0.7405841660261338
0.8124519600307456
0.7882398155265181
0.8024596464258262
0.7467332820906994
0.8981552651806303
0.7797847809377402
0.6948501152959262
0.8282090699461953
0.8651037663335895
0.7713297463489623
0.8735588009223674
0.7836279784780937
0.93543428132206
0.8528055342044581
0.680630284396618
0.9696387394312067
0.7090699461952344
0.834358186010761
0.8627978478093774
0.9400461183704842
0.8378170637970792
0.851652574942352
0.8850883935434282
0.6617986164488855
0.866641045349731
0.787086856264412
0.6925441967717141
0.9607993850883936
0.8489623366641046
0.8897002305918524
0.8512682551883167
0.8816295157571099
0.8285933897002306
0.8539584934665642
0.7878554957724827
0.8574173712528824
0.9469638739431206
0.8916218293620292
0.823597232897771
0.7455803228285934
0.6971560338201384
0.7448116833205227
0.8862413528055342
0.7690238278247502
0.904304381245196
0.8066871637202152
0.7694081475787855
0.0030745580322828594
0.9419677171406611
0.8266717909300538
0.8347425057647964
0.8051498847040738
0.8497309761721753
0.8020753266717909
0.8685626441199078
0.8747117601844735
0.8950807071483474
0.931206764027671
0.7878554957724827
0.6990776325903152
0.7909300538047656
0.7920830130668717
0.7836279784780937
0.9066102997694081
0.862413528055342
0.8970023059185243
0.8793235972328978
0.8466564181398923
0.9008455034588778
0.9654112221368178
0.7482705611068409
0.9289008455034589
0.8589546502690238
0.8562644119907763
0.8781706379707916
0.754803996925442
0.8339738662567256
0.8777863182167563
0.8539584934665642
0.8904688700999231
0.7897770945426595
0.7890084550345888
0.7959262106072252
0.8808608762490392
0.9089162182936202
0.7874711760184473
0.9169869331283628
0.8485780169100692
0.13297463489623368
0.8750960799385088
0.9481168332052268
0.7624903920061491
0.7840122982321291
0.8597232897770946
0.8993082244427364
0.7790161414296695
0.7248270561106841
0.8339738662567256
0.7617217524980784
0.8009223674096848
0.9089162182936202
0.8662567255956957
0.8297463489623367
0.7521137586471944
0.8439661798616449
0.8716372021521906
0.7574942352036894
0.7955418908531898
0.8724058416602614
0.8228285933897003
0.8501152959262106
0.7751729438893159
0.8039969254419678
0.8762490392006149
0.8574173712528824
0.7694081475787855
0.7321291314373559
0.9027671022290545
0.8877786318216756
0.7705611068408916
0.8704842428900845
0.9142966948501153
0.8305149884704074
0.936587240584166
0.8366641045349731
0.9104534973097618
0.9231360491929285
0.8800922367409685
0.759031514219831
0.8259031514219831
0.8439661798616449
0.8870099923136049
0.819369715603382
0.7951575710991545
0.9081475787855495
0.0034588777863182167
0.8973866256725596
0.9135280553420446
0.8770176787086856
0.8831667947732513
0.8431975403535742
0.7832436587240584
0.7970791698693312
0.8789392774788625
0.9231360491929285
0.7002305918524212
0.7897770945426595
0.9066102997694081
0.6249039200614912
0.9335126825518831
0.8339738662567256
0.8789392774788625
0.8481936971560338
0.8639508070714835
0.7786318216756342
0.7863182167563413
0.930053804765565
0.8501152959262106
0.7517294388931591
0.8685626441199078
0.8889315910837817
0.846272098385857
0.787086856264412
0.8873943120676403
0.9089162182936202
0.9362029208301307
0.8355111452728671
0.8574173712528824
0.8985395849346657
0.8378170637970792
0.7993850883935434
0.8578016910069177
0.9012298232129131
0.7348193697156034
0.8985395849346657
0.7421214450422752
0.6614142966948501
0.8209069946195234
0.8297463489623367
0.6675634127594159
0.11183704842428902
0.8124519600307456
0.8013066871637202
0.7540353574173713
0.7659492697924674
0.857033051498847
0.7686395080707148
0.7813220599538816
0.7394312067640276
0.9123750960799385
0.8328209069946195
0.893543428132206
0.744043043812452
0.7897770945426595
0.9162182936202921
0.8993082244427364
0.8278247501921598
0.7598001537279017
0.7916986933128363
0.781706379707917
0.8574173712528824
0.8424289008455035
0.9208301306687163
0.828977709454266
0.7567255956956187
0.7340507302075326
0.8589546502690238
0.9066102997694081
0.8105303612605688
0.855880092236741
0.8674096848578017
0.8305149884704074
0.8885472713297463
0.8147578785549577
0.808608762490392
0.8808608762490392
0.7986164488854727
0.9631053036126057
0.8750960799385088
0.7582628747117602
0.7874711760184473
0.8735588009223674
0.9235203689469639
0.8943120676402767
0.883935434281322
0.940814757878555
0.8793235972328978
0.8297463489623367
0.9269792467332821
0.8332052267486548
0.7974634896233667
0.857033051498847
0.8581860107609531
0.7851652574942352
0.8378170637970792
0.7647963105303612
0.707532667179093
0.9012298232129131
0.7705611068408916
0.7578785549577248
0.8020753266717909
0.8897002305918524
0.8239815526518063
0.8981552651806303
0.8574173712528824
0.8447348193697156
0.8078401229823213
0.8539584934665642
0.8143735588009223
0.8408916218293621
0.8374327440430438
0.8224442736356649
0.8685626441199078
0.6844734819369716
0.7471176018447349
0.8689469638739431
0.8662567255956957
0.8082244427363566
0.8270561106840891
0.8397386625672559
0.9166026133743275
0.7302075326671791
0.8981552651806303
0.8420445810914681
0.7244427363566487
0.531129900076864
0.8197540353574174
0.8447348193697156
0.8385857033051499
0.9242890084550346
0.8774019984627209
0.9181398923904689
0.8320522674865488
0.8355111452728671
0.5680245964642583
0.7770945426594927
0.8047655649500385
0.7644119907763259
0.5926210607225212
0.8820138355111453
0.7482705611068409
0.691391237509608
0.8543428132205996
0.8812451960030746
0.8308993082244427
0.8574173712528824
0.823597232897771
0.8197540353574174
0.8885472713297463
0.8320522674865488
0.7544196771714066
0.9362029208301307
0.8282090699461953
0.8866256725595696
0.7717140661029976
0.7820906994619523
0.8143735588009223
0.7932359723289777
0.7824750192159877
0.8458877786318216
0.7740199846272099
0.9054573405073021
0.6952344350499615
0.7102229054573405
0.8908531898539584
0.8220599538816296
0.8674096848578017
0.818216756341276
0.7671022290545734
0.7897770945426595
0.8389700230591852
0.809761721752498
0.9158339738662568
0.8447348193697156
0.8812451960030746
0.8973866256725596
0.9023827824750192
0.8143735588009223
0.8443504996156802
0.8758647194465795
0.7740199846272099
0.7613374327440431
0.8835511145272867
0.8547271329746349
0.8224442736356649
0.7986164488854727
0.8524212144504227
0.8950807071483474
0.8520368946963874
0.8593389700230591
0.7102229054573405
0.8274404304381245
0.8147578785549577
0.7582628747117602
0.8358954650269024
0.8639508070714835
0.9542659492697925
0.8335895465026902
0.7986164488854727
0.8724058416602614
0.8324365872405841
0.857033051498847
0.7313604919292852
0.9096848578016911
0.872021521906226
0.921598770176787
0.7167563412759416
0.7905457340507303
0.8105303612605688
0.8808608762490392
0.8927747886241353
0.8528055342044581
0.9442736356648732
0.8332052267486548
0.7363566487317448
0.7425057647963106
0.9369715603382014
0.8178324365872406
0.8674096848578017
0.7940046118370484
0.7467332820906994
0.8716372021521906
0.8481936971560338
0.9054573405073021
0.6199077632590315
0.8312836279784781
0.8243658724058417
0.5953112990007686
0.6952344350499615
0.8251345119139124
0.792467332820907
0.8950807071483474
0.8535741737125289
0.9073789392774788
0.8889315910837817
0.8685626441199078
0.7544196771714066
0.9265949269792467
0.8136049192928516
0.8900845503458877
0.8923904688700999
0.8816295157571099
0.7893927747886241
0.9012298232129131
0.8731744811683321
0.8251345119139124
0.8981552651806303
0.8339738662567256
0.8743274404304381
0.8401229823212913
0.8262874711760184
0.95695618754804
0.8750960799385088
0.9338970023059185
0.8635664873174481
0.915065334358186
0.7448116833205227
0.8973866256725596
0.8966179861644888
0.9242890084550346
0.7709454265949269
0.8620292083013067
0.9223674096848578
0.8585703305149884
0.8201383551114527
0.8282090699461953
0.7271329746348962
0.7832436587240584
0.7340507302075326
0.8566487317448117
0.7501921598770177
0.8662567255956957
0.8762490392006149
0.925826287471176
0.9096848578016911
0.8078401229823213
0.8785549577248271
0.8554957724827056
0.8674096848578017
0.8005380476556495
0.8897002305918524
0.8397386625672559
0.8566487317448117
0.9254419677171407
0.8101460415065335
0.818216756341276
0.8478093774019985
0.851652574942352
0.7359723289777095
0.8793235972328978
0.7467332820906994
0.8305149884704074
0.9104534973097618
0.7859338970023059
0.8305149884704074
0.7340507302075326
0.8032282859338971
0.8385857033051499
0.7490392006149116
0.7179093005380477
0.8927747886241353
0.7436587240584166
0.8005380476556495
0.8201383551114527
0.8727901614142967
0.9388931591083781
0.9611837048424289
0.8109146810146042
0.851652574942352
0.9227517294388932
0.7544196771714066
0.8581860107609531
0.8389700230591852
0.8908531898539584
0.8266717909300538
0.9073789392774788
0.8912375096079939
0.8220599538816296
0.781706379707917
0.8866256725595696
0.8297463489623367
0.8385857033051499
0.8973866256725596
0.8166794773251345
0.9573405073020753
0.8762490392006149
0.8800922367409685
0.8335895465026902
0.8904688700999231
0.7993850883935434
0.8735588009223674
0.8620292083013067
0.8996925441967717
0.8643351268255188
0.7809377401998463
0.7659492697924674
0.8401229823212913
0.9208301306687163
0.8920061491160646
0.8166794773251345
0.8724058416602614
0.8216756341275941
0.9212144504227517
0.897770945426595
0.9081475787855495
0.7486548808608763
0.9027671022290545
0.834358186010761
0.8520368946963874
0.8912375096079939
0.8324365872405841
0.8770176787086856
0.7313604919292852
0.8055342044581092
0.7920830130668717
0.7843966179861644
0.93543428132206
0.8055342044581092
0.7486548808608763
0.8328209069946195
0.8109146810146042
0.9062259800153728
0.8109146810146042
0.7951575710991545
0.8089930822444273
0.9461952344350499
0.9223674096848578
0.8727901614142967
0.8405073020753266
0.7198308993082244
0.7382782475019216
0.8320522674865488
0.7909300538047656
0.7916986933128363
0.7498078401229823
0.8524212144504227
0.9116064565718678
0.0007686395080707148
0.8470407378939278
0.9162182936202921
0.7897770945426595
0.8408916218293621
0.9058416602613374
0.8931591083781706
0.8412759415833974
0.8939277478862413
0.8912375096079939
0.7786318216756342
0.8412759415833974
0.8305149884704074
0.7617217524980784
0.9185242121445042
0.8274404304381245
0.6544965411222137
0.760184473481937
0.7252113758647194
0.9104534973097618
0.8224442736356649
0.8862413528055342
0.8009223674096848
0.861260568793236
0.9189085318985396
0.8554957724827056
0.9192928516525749
0.8812451960030746
0.857033051498847
0.8531898539584934
0.8489623366641046
0.7878554957724827
0.7302075326671791
0.18677940046118371
0.8520368946963874
0.9558032282859339
0.8324365872405841
0.8162951575710992
0.8958493466564181
0.9131437355880092
0.8051498847040738
0.9139123750960799
0.851652574942352
0.9223674096848578
0.8724058416602614
0.8393543428132206
0.7471176018447349
0.7609531129900077
0.8543428132205996
0.9335126825518831
0.8412759415833974
0.8408916218293621
0.8332052267486548
0.855880092236741
0.8943120676402767
0.8293620292083013
0.8501152959262106
0.8039969254419678
0.04611837048424289
0.8016910069177555
0.9319754035357417
0.8831667947732513
0.6637202152190622
0.8970023059185243
0.6702536510376633
0.8635664873174481
0.7836279784780937
0.7974634896233667
0.9192928516525749
0.8820138355111453
0.8554957724827056
0.8900845503458877
0.8047655649500385
0.9119907763259032
0.7371252882398155
0.8016910069177555
0.8324365872405841
0.8847040737893928
0.8374327440430438
0.8662567255956957
0.7640276710222905
0.8800922367409685
0.8889315910837817
0.9273635664873174
0.777478862413528
0.7843966179861644
0.8812451960030746
0.8658724058416603
0.9012298232129131
0.8112990007686395
0.8562644119907763
0.9127594158339739
0.7897770945426595
0.931206764027671
0.8731744811683321
0.9166026133743275
0.8823981552651806
0.7555726364335127
0.9227517294388932
0.2282859338970023
0.7824750192159877
0.8854727132974635
0.6283627978478094
0.9058416602613374
0.7709454265949269
0.8774019984627209
0.4104534973097617
0.8063028439661799
0.7855495772482706
0.754803996925442
0.6183704842428901
0.8266717909300538
0.8201383551114527
0.8408916218293621
0.7740199846272099
0.7867025365103766
0.828977709454266
0.8816295157571099
0.7963105303612605
0.8385857033051499
0.8220599538816296
0.7947732513451191
0.8931591083781706
0.7644119907763259
0.8950807071483474
0.7686395080707148
0.850499615680246
0.818216756341276
0.8339738662567256
0.8070714834742506
0.8777863182167563
0.8132205995388163
0.8478093774019985
0.8608762490392006
0.8497309761721753
0.828977709454266
0.9338970023059185
0.7959262106072252
0.8658724058416603
0.7632590315142198
0.06725595695618755
0.7009992313604919
0.7375096079938509
0.8578016910069177
0.8535741737125289
0.7805534204458109
0.8116833205226749
0.9169869331283628
0.7067640276710223
0.893543428132206
0.8255188316679477
0.9004611837048424
0.8970023059185243
0.8455034588777863
0.18255188316679477
0.7475019215987702
0.9108378170637971
0.8232129131437356
0.8804765564950039
0.7498078401229823
0.8239815526518063
0.680630284396618
0.792467332820907
0.8912375096079939
0.8689469638739431
0.7932359723289777
0.8900845503458877
0.8262874711760184
0.8305149884704074
0.8593389700230591
0.9050730207532667
0.7840122982321291
0.8063028439661799
0.8312836279784781
0.8593389700230591
0.6652574942352036
0.8166794773251345
0.7740199846272099
0.9289008455034589
0.8032282859338971
0.8870099923136049
0.8912375096079939
0.8362797847809378
0.7674865488086088
0.8201383551114527
0.865488086087625
0.7425057647963106
0.930053804765565
0.9342813220599538
0.8566487317448117
0.7893927747886241
0.8082244427363566
0.32321291314373557
0.8366641045349731
0.8136049192928516
0.8797079169869332
0.9131437355880092
0.8470407378939278
0.712913143735588
0.8320522674865488
0.8497309761721753
0.8635664873174481
0.8958493466564181
0.7901614142966948
0.8051498847040738
0.48770176787086855
0.8059185242121445
0.6921598770176787
0.8789392774788625
0.9265949269792467
0.819369715603382
0.7916986933128363
0.7909300538047656
0.8647194465795542
0.8700999231360492
0.8539584934665642
0.8124519600307456
0.8089930822444273
0.8447348193697156
0.8897002305918524
0.8316679477325134
0.8197540353574174
0.8939277478862413
0.7167563412759416
0.8389700230591852
0.8908531898539584
0.9035357417371253
0.7820906994619523
0.777478862413528
0.8485780169100692
0.7501921598770177
0.8070714834742506
0.6302843966179862
0.9077632590315142
0.8562644119907763
0.7644119907763259
0.8481936971560338
0.866641045349731
0.8512682551883167
0.7813220599538816
0.9304381245196003
0.8001537279016141
0.8954650269023828
0.8593389700230591
0.8970023059185243
0.898923904688701
0.9377401998462721
0.8597232897770946
0.7498078401229823
0.8451191391237509
0.8228285933897003
0.8155265180630284
0.8912375096079939
0.7940046118370484
0.8931591083781706
0.8043812451960031
0.9012298232129131
0.8112990007686395
0.8531898539584934
0.9127594158339739
0.6614142966948501
0.9073789392774788
0.9265949269792467
0.9139123750960799
0.797847809377402
0.8189853958493467
0.8923904688700999
0.7498078401229823
0.6633358954650269
0.7425057647963106
0.9573405073020753
0.8478093774019985
0.8535741737125289
0.8643351268255188
0.8946963873943121
0.8943120676402767
0.8159108378170637
0.8397386625672559
0.8501152959262106
0.7475019215987702
0.8155265180630284
0.8804765564950039
0.9023827824750192
0.8455034588777863
0.7586471944657955
0.8501152959262106
0.808608762490392
0.797847809377402
0.7955418908531898
0.8670253651037664
0.8197540353574174
0.8658724058416603
0.818216756341276
0.8847040737893928
0.7959262106072252
0.8562644119907763
0.9100691775557264
0.8900845503458877
0.8109146810146042
0.9142966948501153
0.8508839354342813
0.9081475787855495
0.8662567255956957
0.8435818601076095
0.7313604919292852
0.8209069946195234
0.7463489623366641
0.8870099923136049
0.8793235972328978
0.7621060722521138
0.7136817832436587
0.6733282090699462
0.7847809377401999
0.8197540353574174
0.9119907763259032
0.8435818601076095
0.8635664873174481
0.897770945426595
0.8259031514219831
0.7959262106072252
0.8608762490392006
0.8858570330514989
0.8954650269023828
0.9304381245196003
0.8078401229823213
0.8993082244427364
0.7770945426594927
0.9004611837048424
0.7974634896233667
0.2797847809377402
0.8020753266717909
0.8996925441967717
0.8205226748654881
0.8574173712528824
0.6740968485780169
0.722521137586472
0.8747117601844735
0.8543428132205996
0.7490392006149116
0.8943120676402767
0.6714066102997694
0.8766333589546502
0.8635664873174481
0.7617217524980784
0.8255188316679477
0.6833205226748655
0.8105303612605688
0.8823981552651806
0.7394312067640276
0.7909300538047656
0.8835511145272867
0.8259031514219831
0.8109146810146042
0.8136049192928516
0.893543428132206
0.8524212144504227
0.8170637970791699
0.8616448885472713
0.7859338970023059
0.7974634896233667
0.823597232897771
0.7886241352805534
0.8447348193697156
0.8543428132205996
0.7636433512682552
0.8912375096079939
0.9050730207532667
0.8508839354342813
0.7371252882398155
0.7947732513451191
0.9296694850115296
0.777478862413528
0.7770945426594927
0.9127594158339739
0.8136049192928516
0.8601076095311299
0.834358186010761
0.7355880092236741
0.616064565718678
0.7824750192159877
0.8658724058416603
0.851652574942352
0.8120676402767102
0.8074558032282859
0.734435049961568
0.8789392774788625
0.8923904688700999
0.8332052267486548
0.920445810914681
0.7036894696387395
0.7232897770945427
0.8451191391237509
0.8293620292083013
0.8408916218293621
0.963489623366641
0.7782475019215987
0.7928516525749424
0.7955418908531898
0.93543428132206
0.8243658724058417
0.7943889315910838
0.06341275941583398
0.9534973097617218
0.8328209069946195
0.782859338970023
0.8005380476556495
0.7886241352805534
0.8777863182167563
0.8358954650269024
0.7997694081475788
0.8262874711760184
0.7052267486548809
0.38970023059185244
0.7755572636433513
0.8931591083781706
0.7574942352036894
0.8431975403535742
0.8124519600307456
0.8689469638739431
0.8278247501921598
0.7217524980784013
0.8585703305149884
0.7317448116833205
0.9319754035357417
0.7974634896233667
0.8739431206764028
0.7947732513451191
0.8324365872405841
0.7659492697924674
0.8970023059185243
0.7993850883935434
0.8051498847040738
0.772098385857033
0.893543428132206
0.9123750960799385
0.8259031514219831
0.8993082244427364
0.8804765564950039
0.7778631821675634
0.8493466564181399
0.8981552651806303
0.813989239046887
0.8374327440430438
0.8016910069177555
0.7586471944657955
0.9127594158339739
0.8370484242890085
0.8954650269023828
0.8562644119907763
0.8854727132974635
0.8262874711760184
0.6356648731744812
0.8700999231360492
0.9066102997694081
0.9327440430438124
0.9035357417371253
0.8958493466564181
0.9104534973097618
0.8946963873943121
0.7417371252882398
0.8847040737893928
0.8435818601076095
0.8424289008455035
0.8739431206764028
0.8923904688700999
0.8166794773251345
0.8489623366641046
0.8562644119907763
0.904304381245196
0.9012298232129131
0.6921598770176787
0.898923904688701
0.847425057647963
0.8278247501921598
0.8758647194465795
0.8954650269023828
0.7313604919292852
0.7624903920061491
0.8389700230591852
0.9169869331283628
0.718293620292083
0.8485780169100692
0.7794004611837049
0.897770945426595
0.7421214450422752
0.8212913143735588
0.7628747117601845
0.7747886241352806
0.6798616448885473
0.8543428132205996
0.8946963873943121
0.9465795541890853
0.8731744811683321
0.7993850883935434
0.8608762490392006
0.6675634127594159
0.8251345119139124
0.9219830899308225
0.7263643351268255
0.7405841660261338
0.8820138355111453
0.759031514219831
0.7732513451191392
0.02843966179861645
0.8435818601076095
0.8093774019984628
0.8397386625672559
0.883935434281322
0.7824750192159877
0.9173712528823982
0.8743274404304381
0.9139123750960799
0.7959262106072252
0.8128362797847809
0.834358186010761
0.8089930822444273
0.8950807071483474
0.8601076095311299
0.8032282859338971
0.889315910837817
0.8493466564181399
0.8109146810146042
0.8589546502690238
0.8366641045349731
0.8962336664104535
0.8485780169100692
0.8316679477325134
0.8554957724827056
0.7909300538047656
0.787086856264412
0.7759415833973866
0.828977709454266
0.6967717140661029
0.8631821675634127
0.8578016910069177
0.8820138355111453
0.8374327440430438
0.7713297463489623
0.8897002305918524
0.857033051498847
0.8032282859338971
0.8055342044581092
0.7574942352036894
0.883935434281322
0.8996925441967717
0.8866256725595696
0.749423520368947
0.8428132205995388
0.6921598770176787
0.7951575710991545
0.7574942352036894
0.8743274404304381
0.8112990007686395
0.8047655649500385
0.7751729438893159
0.8616448885472713
0.8816295157571099
0.9192928516525749
0.702152190622598
0.9023827824750192
0.8551114527286703
0.9292851652574943
0.7867025365103766
0.7205995388162951
0.7394312067640276
0.8616448885472713
0.8547271329746349
0.9019984627209838
0.7517294388931591
0.7255956956187548
0.7809377401998463
0.8036126056879324
0.7328977709454266
0.7244427363566487
0.745196003074558
0.8013066871637202
0.7148347425057648
0.8293620292083013
0.8408916218293621
0.8535741737125289
0.9069946195234435
0.7532667179093006
0.8028439661798616
0.9304381245196003
0.8312836279784781
0.9069946195234435
0.8578016910069177
0.8159108378170637
0.8808608762490392
0.7509607993850884
0.8804765564950039
0.9385088393543428
0.819369715603382
0.9338970023059185
0.8816295157571099
0.9842428900845503
0.8493466564181399
0.8162951575710992
0.9373558800922367
0.8770176787086856
0.8039969254419678
0.8835511145272867
0.8009223674096848
0.8082244427363566
0.9200614911606456
0.8251345119139124
0.8078401229823213
0.8358954650269024
0.8528055342044581
0.8155265180630284
0.8308993082244427
0.8109146810146042
0.7551883166794773
0.7498078401229823
0.0034588777863182167
0.8731744811683321
0.7928516525749424
0.8024596464258262
0.823597232897771
0.9323597232897771
0.8481936971560338
0.7936202920830131
0.7359723289777095
0.9077632590315142
0.8704842428900845
0.8973866256725596
0.7778631821675634
0.9119907763259032
0.9223674096848578
0.6744811683320523
0.796694850115296
0.8212913143735588
0.9181398923904689
0.9100691775557264
0.7886241352805534
0.8750960799385088
0.8401229823212913
0.791314373558801
0.7298232129131438
0.7916986933128363
0.7824750192159877
0.7232897770945427
0.759031514219831
0.8324365872405841
0.9162182936202921
0.8074558032282859
0.7375096079938509
0.9027671022290545
0.8750960799385088
0.8620292083013067
0.8870099923136049
0.8458877786318216
0.8566487317448117
0.8293620292083013
0.9550345887778632
0.9200614911606456
0.7394312067640276
0.8451191391237509
0.7540353574173713
0.9219830899308225
0.8178324365872406
0.8970023059185243
0.8159108378170637
0.9196771714066103
0.8993082244427364
0.8478093774019985
0.8020753266717909
0.8016910069177555
0.9262106072252114
0.8800922367409685
0.866641045349731
0.815142198308993
0.7959262106072252
0.8470407378939278
0.8401229823212913
0.8412759415833974
0.8916218293620292
0.7813220599538816
0.8704842428900845
0.6583397386625672
0.8212913143735588
0.8001537279016141
0.8877786318216756
0.8900845503458877
0.7321291314373559
0.9139123750960799
0.9496541122213682
0.7436587240584166
0.8620292083013067
0.883935434281322
0.9208301306687163
0.8428132205995388
0.7325134511913912
0.8804765564950039
0.0015372790161414297
0.8159108378170637
0.850499615680246
0.8843197540353575
0.8209069946195234
0.9554189085318986
0.7544196771714066
0.8543428132205996
0.8589546502690238
0.7582628747117602
0.6952344350499615
0.8074558032282859
0.7893927747886241
0.8066871637202152
0.7905457340507303
0.7767102229054573
0.8328209069946195
0.8758647194465795
0.6748654880860876
0.8966179861644888
0.9039200614911607
0.8389700230591852
0.8212913143735588
0.8124519600307456
0.7990007686395081
0.739815526518063
0.8862413528055342
0.8266717909300538
0.8005380476556495
0.8274404304381245
0.8501152959262106
0.7736356648731745
0.8581860107609531
0.9119907763259032
0.9131437355880092
0.8262874711760184
0.7394312067640276
0.7156033820138356
0.6963873943120676
0.9019984627209838
0.8528055342044581
0.7632590315142198
0.9200614911606456
0.9189085318985396
0.9027671022290545
0.8897002305918524
0.9212144504227517
0.8662567255956957
0.8528055342044581
0.8939277478862413
0.930053804765565
0.7232897770945427
0.08070714834742505
0.9046887009992314
0.8750960799385088
0.7348193697156034
0.8578016910069177
0.7943889315910838
0.8743274404304381
0.8793235972328978
0.8047655649500385
0.7056110684089162
0.8120676402767102
0.897770945426595
0.759031514219831
0.38970023059185244
0.8920061491160646
0.7709454265949269
0.8681783243658724
0.8781706379707916
0.8439661798616449
0.8431975403535742
0.7728670253651038
0.813989239046887
0.7217524980784013
0.6940814757878555
0.7186779400461184
0.8278247501921598
0.6952344350499615
0.7179093005380477
0.8478093774019985
0.8120676402767102
0.8128362797847809
0.940814757878555
0.9481168332052268
0.7786318216756342
0.772098385857033
0.8109146810146042
0.8136049192928516
0.7970791698693312
0.9223674096848578
0.8116833205226749
0.7940046118370484
0.8566487317448117
0.6898539584934665
0.8335895465026902
0.8455034588777863
0.8293620292083013
0.7990007686395081
0.7940046118370484
0.8063028439661799
0.791314373558801
0.9116064565718678
0.7644119907763259
0.8431975403535742
0.9116064565718678
0.8124519600307456
0.9123750960799385
0.8916218293620292
0.7809377401998463
0.8043812451960031
0.9227517294388932
0.7886241352805534
0.897770945426595
0.8554957724827056
0.8639508070714835
0.90315142198309
0.7252113758647194
0.823597232897771
0.8220599538816296
0.7017678708685626
0.750576479631053
0.8493466564181399
0.7786318216756342
0.8973866256725596
0.8312836279784781
0.8758647194465795
0.9573405073020753
0.8923904688700999
0.8674096848578017
0.8170637970791699
0.8916218293620292
0.9281322059953881
0.8785549577248271
0.8347425057647964
0.7498078401229823
0.8754803996925442
0.866641045349731
0.8877786318216756
0.7640276710222905
0.8428132205995388
0.8028439661798616
0.8724058416602614
0.8670253651037664
0.9166026133743275
0.7244427363566487
0.782859338970023
0.7563412759415834
0.92467332820907
0.8512682551883167
0.9438893159108378
0.7436587240584166
0.8585703305149884
0.7044581091468102
0.9112221368178325
0.7847809377401999
0.8435818601076095
0.7955418908531898
0.7352036894696388
0.8689469638739431
0.8143735588009223
0.8889315910837817
0.8043812451960031
0.7855495772482706
0.8063028439661799
0.8074558032282859
0.8370484242890085
0.7252113758647194
0.813989239046887
0.8405073020753266
0.8274404304381245
0.15526518063028438
0.7582628747117602
0.1525749423520369
0.8036126056879324
0.7797847809377402
0.8470407378939278
0.9185242121445042
0.6871637202152191
0.7694081475787855
0.8493466564181399
0.13259031514219832
0.7820906994619523
0.8251345119139124
0.7475019215987702
0.8946963873943121
0.8382013835511145
0.8754803996925442
0.7421214450422752
0.8708685626441199
0.9066102997694081
0.9104534973097618
0.7417371252882398
0.7990007686395081
0.8870099923136049
0.9146810146041506
0.8904688700999231
0.8024596464258262
0.8047655649500385
0.8132205995388163
0.8620292083013067
0.8205226748654881
0.8812451960030746
0.8589546502690238
0.9442736356648732
0.2786318216756341
0.8920061491160646
0.8996925441967717
0.7840122982321291
0.9046887009992314
0.8178324365872406
0.8904688700999231
0.8993082244427364
0.7163720215219063
0.7717140661029976
0.8166794773251345
0.7524980784012298
0.8481936971560338
0.7040737893927748
0.9135280553420446
0.8351268255188317
0.8547271329746349
0.792467332820907
0.8013066871637202
0.930053804765565
0.8043812451960031
0.7540353574173713
0.8374327440430438
0.8981552651806303
0.920445810914681
0.8282090699461953
0.7920830130668717
0.8393543428132206
0.8877786318216756
0.8109146810146042
0.8178324365872406
0.9119907763259032
0.865488086087625
0.8220599538816296
0.6986933128362798
0.9093005380476556
0.8670253651037664
0.6541122213681784
0.8631821675634127
0.8781706379707916
0.9435049961568025
0.7897770945426595
0.8393543428132206
0.8136049192928516
0.9227517294388932
0.6360491929285165
0.7920830130668717
0.8078401229823213
0.8946963873943121
0.9016141429669485
0.9508070714834742
0.7717140661029976
0.7574942352036894
0.8209069946195234
0.8604919292851653
0.7290545734050731
0.9189085318985396
0.8850883935434282
0.8639508070714835
0.8812451960030746
0.002690238278247502
0.8274404304381245
0.8393543428132206
0.6825518831667948
0.8159108378170637
0.940814757878555
0.8712528823981552
0.7482705611068409
0.8808608762490392
0.8501152959262106
0.8547271329746349
0.9550345887778632
0.8797079169869332
0.9166026133743275
0.7140661029976941
0.8001537279016141
0.8312836279784781
0.9173712528823982
0.8985395849346657
0.8512682551883167
0.8201383551114527
0.8028439661798616
0.8105303612605688
0.7444273635664873
0.8216756341275941
0.8466564181398923
0.8685626441199078
0.9054573405073021
0.7863182167563413
0.7801691006917756
0.8216756341275941
0.8055342044581092
0.90315142198309
0.8916218293620292
0.8950807071483474
0.8055342044581092
0.8166794773251345
0.862413528055342
0.8262874711760184
0.7390468870099923
0.8447348193697156
0.8958493466564181
0.6936971560338201
0.898923904688701
0.866641045349731
0.7536510376633359
0.7878554957724827
0.7920830130668717
0.7421214450422752
0.889315910837817
0.6252882398155265
0.8539584934665642
0.8316679477325134
0.7755572636433513
0.8458877786318216
0.8920061491160646
0.9069946195234435
0.8201383551114527
0.8112990007686395
0.8793235972328978
0.8001537279016141
0.9212144504227517
0.847425057647963
0.8408916218293621
0.9423520368946964
0.7993850883935434
0.9139123750960799
0.7801691006917756
0.7463489623366641
0.8528055342044581
0.8750960799385088
0.8013066871637202
0.8562644119907763
0.8351268255188317
0.888162951575711
0.8385857033051499
0.7920830130668717
0.851652574942352
0.90315142198309
0.8178324365872406
0.7628747117601845
0.8320522674865488
0.8316679477325134
0.7536510376633359
0.7609531129900077
0.9223674096848578
0.7598001537279017
0.8297463489623367
0.889315910837817
0.8389700230591852
0.7067640276710223
0.8116833205226749
0.9016141429669485
0.7386625672559569
0.8274404304381245
0.8762490392006149
0.8493466564181399
0.7378939277478862
0.8754803996925442
0.8770176787086856
0.707532667179093
0.809761721752498
0.828977709454266
0.7690238278247502
0.830130668716372
0.8136049192928516
0.8627978478093774
0.8285933897002306
0.8524212144504227
0.684857801691007
0.9119907763259032
0.8812451960030746
0.8681783243658724
0.9154496541122213
0.8904688700999231
0.8024596464258262
0.8428132205995388
0.8950807071483474
0.7690238278247502
0.8455034588777863
0.9093005380476556
0.8405073020753266
0.7901614142966948
0.749423520368947
0.7221368178324366
0.8562644119907763
0.9119907763259032
0.8716372021521906
0.8485780169100692
0.7759415833973866
0.7801691006917756
0.9607993850883936
0.8189853958493467
0.8143735588009223
0.8531898539584934
0.7932359723289777
0.8912375096079939
0.7605687932359724
0.8524212144504227
0.8251345119139124
0.7501921598770177
0.8308993082244427
0.8216756341275941
0.8985395849346657
0.888162951575711
0.8378170637970792
0.7893927747886241
0.9127594158339739
0.8059185242121445
0.8105303612605688
0.8447348193697156
0.847425057647963
0.8078401229823213
0.8016910069177555
0.8412759415833974
0.824750192159877
0.6510376633358954
0.8282090699461953
0.9139123750960799
0.8109146810146042
0.7717140661029976
0.9469638739431206
0.7013835511145273
0.847425057647963
0.8904688700999231
0.7563412759415834
0.7386625672559569
0.7847809377401999
0.797847809377402
0.8770176787086856
0.8770176787086856
0.9554189085318986
0.7682551883166795
0.7152190622598001
0.8524212144504227
0.8155265180630284
0.9054573405073021
0.893543428132206
0.7728670253651038
0.8908531898539584
0.8324365872405841
0.8716372021521906
0.6921598770176787
0.8912375096079939
0.8670253651037664
0.8416602613374328
0.7744043043812452
0.9377401998462721
0.8631821675634127
0.7855495772482706
0.8904688700999231
0.7540353574173713
0.9219830899308225
0.973097617217525
0.6990776325903152
0.8973866256725596
0.7532667179093006
0.8205226748654881
0.8101460415065335
0.8251345119139124
0.9584934665641814
0.8889315910837817
0.8266717909300538
0.8339738662567256
0.9358186010760953
0.7943889315910838
0.8028439661798616
0.8424289008455035
0.9085318985395849
0.8858570330514989
0.7482705611068409
0.8332052267486548
0.8643351268255188
0.9016141429669485
0.8877786318216756
0.9254419677171407
0.915065334358186
0.7059953881629516
0.8866256725595696
0.8543428132205996
0.8747117601844735
0.8923904688700999
0.9438893159108378
0.8320522674865488
0.9012298232129131
0.8781706379707916
0.9096848578016911
0.8501152959262106
0.9546502690238279
0.8866256725595696
0.9192928516525749
0.8973866256725596
0.8877786318216756
0.9331283627978478
0.6579554189085319
0.8370484242890085
0.8835511145272867
0.847425057647963
0.772098385857033
0.8120676402767102
0.8601076095311299
0.7540353574173713
0.8489623366641046
0.8585703305149884
0.7632590315142198
0.9611837048424289
0.8385857033051499
0.7744043043812452
0.782859338970023
0.9196771714066103
0.9066102997694081
0.8124519600307456
0.9016141429669485
0.8451191391237509
0.8704842428900845
0.791314373558801
0.8285933897002306
0.8551114527286703
0.7993850883935434
0.8508839354342813
0.8385857033051499
0.8620292083013067
0.7713297463489623
0.823597232897771
0.8262874711760184
0.8220599538816296
0.754803996925442
0.8866256725595696
0.8335895465026902
0.7920830130668717
0.7690238278247502
0.8416602613374328
0.0541890853189854
0.8124519600307456
0.6748654880860876
0.8439661798616449
0.6952344350499615
0.8704842428900845
0.8939277478862413
0.7813220599538816
0.8305149884704074
0.8789392774788625
0.8155265180630284
0.8355111452728671
0.8631821675634127
0.7809377401998463
0.776325903151422
0.8762490392006149
0.3608762490392006
0.8604919292851653
0.8305149884704074
0.8843197540353575
0.865488086087625
0.7986164488854727
0.8166794773251345
0.8574173712528824
0.7778631821675634
0.8670253651037664
0.8270561106840891
0.8858570330514989
0.8186010760953113
0.8251345119139124
0.8455034588777863
0.8439661798616449
0.8693312836279785
0.7332820906994619
0.8316679477325134
0.8297463489623367
0.8651037663335895
0.8708685626441199
0.7267486548808608
0.8416602613374328
0.7671022290545734
0.8877786318216756
0.7659492697924674
0.8470407378939278
0.8282090699461953
0.8335895465026902
0.7294388931591084
0.7694081475787855
0.8124519600307456
0.627978478093774
0.8535741737125289
0.759031514219831
0.9673328209069946
0.8232129131437356
0.8847040737893928
0.8889315910837817
0.8093774019984628
0.893543428132206
0.8370484242890085
0.9096848578016911
0.9242890084550346
0.8128362797847809
0.7686395080707148
0.7836279784780937
0.8074558032282859
0.904304381245196
0.8362797847809378
0.8401229823212913
0.18524212144504226
0.7970791698693312
0.9292851652574943
0.9242890084550346
0.90315142198309
0.7959262106072252
0.787086856264412
0.8531898539584934
0.5580322828593389
0.9096848578016911
0.818216756341276
0.893543428132206
0.8397386625672559
0.9173712528823982
0.777478862413528
0.8174481168332052
0.8274404304381245
0.7544196771714066
0.8358954650269024
0.8566487317448117
0.8520368946963874
0.7063797079169869
0.8662567255956957
0.8109146810146042
0.9208301306687163
0.846272098385857
0.866641045349731
0.7194465795541891
0.898923904688701
0.8389700230591852
0.8216756341275941
0.7305918524212145
0.7405841660261338
0.888162951575711
0.8770176787086856
0.883935434281322
0.7993850883935434
0.8574173712528824
0.8458877786318216
0.9289008455034589
0.8274404304381245
0.7444273635664873
0.8178324365872406
0.8554957724827056
0.8812451960030746
0.7467332820906994
0.7467332820906994
0.9154496541122213
0.9085318985395849
0.7905457340507303
0.9019984627209838
0.7498078401229823
0.9235203689469639
0.787086856264412
0.7694081475787855
0.7920830130668717
0.8101460415065335
0.9123750960799385
0.7598001537279017
0.823597232897771
0.8251345119139124
0.9454265949269792
0.893543428132206
0.8797079169869332
0.8401229823212913
0.8332052267486548
0.971944657955419
0.17986164488854728
0.7194465795541891
0.9461952344350499
0.7943889315910838
0.8481936971560338
0.5868562644119908
0.7920830130668717
0.8681783243658724
0.9039200614911607
0.787086856264412
0.850499615680246
0.7882398155265181
0.7651806302843966
0.9054573405073021
0.7121445042275173
0.9381245196003074
0.9323597232897771
0.8105303612605688
0.8562644119907763
0.9123750960799385
0.8028439661798616
0.8920061491160646
0.0015372790161414297
0.8466564181398923
0.7332820906994619
0.8397386625672559
0.8497309761721753
0.8458877786318216
0.8620292083013067
0.897770945426595
0.8362797847809378
0.6960030745580322
0.8966179861644888
0.8627978478093774
0.7382782475019216
0.8593389700230591
0.7951575710991545
0.857033051498847
0.813989239046887
0.9523443504996156
0.8677940046118371
0.8216756341275941
0.8712528823981552
0.824750192159877
0.8820138355111453
0.8374327440430438
0.7605687932359724
0.7478862413528056
0.7878554957724827
0.7401998462720983
0.8262874711760184
0.7663335895465027
0.8877786318216756
0.7928516525749424
0.8528055342044581
0.9104534973097618
0.819369715603382
0.8201383551114527
0.8643351268255188
0.9592621060722522
0.8166794773251345
0.6721752498078402
0.8850883935434282
0.9062259800153728
0.8051498847040738
0.857033051498847
0.8528055342044581
0.904304381245196
0.7636433512682552
0.7893927747886241
0.8681783243658724
