0.8166768853464133
0.8491722869405273
0.8415082771305947
0.7746781115879828
0.8053341508277131
0.6597179644389944
0.7716125076640098
0.7670141017780503
0.8359901900674432
0.901594114040466
0.8485591661557327
0.7176578786020846
0.7467811158798283
0.7841814837522992
0.822501532801962
0.8933169834457388
0.7958307786633967
0.730226854690374
0.8133047210300429
0.7050889025137952
0.8028816676885346
0.8482526057633354
0.769773145309626
0.8991416309012875
0.7814224402207235
0.7995095033721643
0.7618025751072961
0.24862047823421213
0.6698344573881054
0.8933169834457388
0.8139178418148375
0.8307786633966892
0.8669527896995708
0.8341508277130595
0.8957694665849172
0.8169834457388105
0.7995095033721643
0.9163090128755365
0.7541385652973636
0.8902513795217658
0.8038013488657265
0.8053341508277131
0.7857142857142857
0.7823421213979154
0.5045984058859595
0.6373390557939914
0.7553648068669528
0.8562231759656652
0.8602084610668301
0.8267933782955242
0.8464132434089515
0.7847946045370938
0.8270999386879215
0.8819742489270386
0.7958307786633967
0.2832618025751073
0.7216431637032495
0.78295524218271
0.8433476394849786
0.7746781115879828
0.8454935622317596
0.8436541998773759
0.7409564684242795
0.6729000613120785
0.3804414469650521
0.8206621704475782
0.8289393010423053
0.8966891477621092
0.7394236664622931
0.7372777437155119
0.7777437155119559
0.9393010423053342
0.8237277743715512
0.8617412630288167
0.9172286940527283
0.8172900061312078
0.8485591661557327
0.8927038626609443
0.8004291845493562
0.7529123237277744
0.8139178418148375
0.7777437155119559
0.7605763335377069
0.894543225015328
0.7731453096259964
0.7979767014101778
0.7510729613733905
0.806253832004905
0.8516247700797057
0.9310239117106069
0.8270999386879215
0.8237277743715512
0.8087063151440834
0.9101778050275904
0.8206621704475782
0.8378295524218271
0.8169834457388105
0.8071735131820968
0.7893930104230533
0.7786633966891477
0.8013488657265482
0.7142857142857143
0.7578172900061312
0.5539546290619252
0.7335990190067443
0.7381974248927039
0.7158185162477008
0.8366033108522379
0.8543838136112815
0.8779889638258737
0.7378908645003066
0.6112814224402208
0.7900061312078479
0.9202942979767014
0.7670141017780503
0.8310852237890864
0.7801961986511343
0.7976701410177806
0.862047823421214
0.8798283261802575
0.8206621704475782
0.8237277743715512
0.9095646842427958
0.80226854690374
0.9037400367872471
0.5928877988963825
0.8675659104843654
0.7501532801961986
0.7458614347026364
0.7130594727161251
0.7222562844880441
0.8562231759656652
0.73635806253832
0.7808093194359289
0.5919681177191907
0.7857142857142857
0.7985898221949724
0.5398528510116493
0.9202942979767014
0.8246474555487431
0.8942366646229307
0.7112201103617413
0.7026364193746168
0.7152053954629062
0.9022072348252606
0.9438994481912937
0.8326180257510729
0.743408951563458
0.6496014714898835
0.9006744328632741
0.8415082771305947
0.7029429797670141
0.7556713672593501
0.78295524218271
0.7798896382587369
0.8200490496627836
0.8117719190680565
0.789086450030656
0.8896382587369712
0.7044757817290006
0.7507664009809932
0.9500306560392398
0.8927038626609443
0.8166768853464133
0.8240343347639485
0.713979153893317
0.7483139178418149
0.7124463519313304
0.7651747394236664
0.7970570202329859
0.7550582464745554
0.8252605763335377
0.8068669527896996
0.8274064990803188
0.7755977927651747
0.6370324954015941
0.927958307786634
0.8503985285101165
0.7814224402207235
0.8065603923973023
0.14224402207234826
0.7455548743102391
0.8313917841814837
0.634886572654813
0.759656652360515
0.9043531575720417
0.7228694052728387
0.8605150214592274
0.935009196811772
0.7127529123237277
0.9123237277743715
0.10974862047823421
0.8350705088902514
0.858982219497241
0.8430410790925812
0.7630288166768854
0.6293684855916616
0.6961986511342735
0.7783568362967505
0.6839362354383813
0.6100551808706315
0.7369711833231146
0.8203556100551809
0.9012875536480687
0.7713059472716125
0.7305334150827713
0.7290006131207848
0.8556100551808706
0.7446351931330472
0.5870631514408339
0.8307786633966892
0.8703249540159411
0.8218884120171673
0.6995708154506438
0.7216431637032495
0.7875536480686696
0.8013488657265482
0.8537706928264868
0.4880441446965052
0.875229920294298
0.7700797057020233
0.6995708154506438
0.8724708767627223
0.8430410790925812
0.8626609442060086
0.7072348252605763
0.8390557939914163
0.7526057633353771
0.7660944206008584
0.7854077253218884
0.7780502759043532
0.8595953402820355
0.7823421213979154
0.7130594727161251
0.6079092581238504
0.769773145309626
0.7930717351318209
0.806253832004905
0.9064990803188228
0.8871857755977928
0.8595953402820355
0.6719803801348866
0.9325567136725935
0.756591048436542
0.4291845493562232
0.7498467198038014
0.7161250766400981
0.8065603923973023
0.8059472716125077
0.6646229307173513
0.9104843654199878
0.8663396689147762
0.7605763335377069
0.8102391171060699
0.9451256897608828
0.7544451256897609
0.8448804414469651
0.7918454935622318
0.8568362967504598
0.8654199877375843
0.8034947884733292
0.819435928877989
0.8963825873697119
0.7486204782342122
0.6072961373390557
0.7572041692213366
0.7115266707541386
0.8592887798896383
0.8047210300429185
0.8657265481299816
0.7078479460453709
0.7786633966891477
0.6689147762109136
0.8154506437768241
0.7731453096259964
0.7875536480686696
0.7590435315757205
0.7495401594114041
0.7955242182709994
0.8126916002452483
0.7722256284488044
0.6863887185775598
0.8090128755364807
0.8326180257510729
0.9730226854690374
0.7700797057020233
0.7679337829552422
0.9000613120784795
0.6489883507050889
0.7529123237277744
0.6167995095033721
0.7820355610055181
0.7418761496014715
0.7486204782342122
0.8203556100551809
0.7875536480686696
0.6275291232372777
0.7553648068669528
0.7415695892090742
0.8445738810545678
0.7783568362967505
0.8507050889025138
0.8792152053954629
0.8528510116492949
0.7366646229307173
0.9129368485591661
0.8221949724095647
0.7918454935622318
0.8611281422440221
0.740343347639485
0.8231146535867566
0.618638871857756
0.7618025751072961
0.7035561005518087
0.8804414469650521
0.8786020846106684
0.8433476394849786
0.7017167381974249
0.7979767014101778
0.7513795217657878
0.7618025751072961
0.6302881667688535
0.776824034334764
0.828632740649908
0.7581238503985285
0.7719190680564071
0.7259350091968118
0.44052728387492335
0.7581238503985285
0.8038013488657265
0.8188228080931944
0.9034334763948498
0.8905579399141631
0.5680564071122011
0.8197424892703863
0.7918454935622318
0.9187614960147149
0.7470876762722256
0.8344573881054568
0.8004291845493562
0.8218884120171673
0.6839362354383813
0.8933169834457388
0.9196811771919068
0.8801348865726548
0.8666462293071735
0.9144696505211527
0.7949110974862048
0.6732066217044758
0.7516860821581851
0.8451870018393624
0.6373390557939914
0.8507050889025138
0.7903126916002452
0.726241569589209
0.8160637645616187
0.7998160637645616
0.6989576946658492
0.8629675045984059
0.6830165542611895
0.7216431637032495
0.7296137339055794
0.8467198038013488
0.884426732066217
0.818516247700797
0.8378295524218271
0.8126916002452483
0.7237890864500307
0.7838749233599019
0.8068669527896996
0.8044144696505211
0.7808093194359289
0.7988963825873697
0.7660944206008584
0.778969957081545
0.8016554261189455
0.759656652360515
0.8427345187001839
0.9273451870018393
0.8727774371551196
0.7875536480686696
0.7547516860821581
0.8648068669527897
0.8053341508277131
0.7087676272225628
0.7835683629675047
0.13304721030042918
0.8323114653586756
0.7939914163090128
0.864193746167995
0.7621091354996934
0.772838749233599
0.927958307786634
0.8828939301042306
0.9199877375843041
0.8169834457388105
0.5977927651747394
0.7930717351318209
0.7964438994481913
0.8798283261802575
0.9288779889638259
0.8405885959534029
0.7691600245248313
0.8890251379521765
0.9006744328632741
0.8188228080931944
0.6952789699570815
0.7234825260576333
0.7869405272838749
0.7106069895769467
0.8470263641937462
0.894543225015328
0.7562844880441447
0.7903126916002452
0.6385652973635806
0.7740649908031882
0.8154506437768241
0.8283261802575107
0.7645616186388718
0.7685469037400368
0.8675659104843654
0.7808093194359289
0.7072348252605763
0.7614960147148988
0.8053341508277131
0.812385039852851
0.7562844880441447
0.9227467811158798
0.8871857755977928
0.9678111587982833
0.7032495401594114
0.7918454935622318
0.8179031269160024
0.7866339668914776
0.8102391171060699
0.8700183936235438
0.8289393010423053
0.7112201103617413
0.7158185162477008
0.6333537706928265
0.6894543225015328
0.7660944206008584
0.799202942979767
0.7964438994481913
0.7142857142857143
0.7988963825873697
0.8985285101164929
0.6958920907418762
0.7366646229307173
0.7412630288166769
0.8617412630288167
0.7900061312078479
0.7283874923359902
0.9160024524831392
0.6756591048436542
0.8911710606989577
0.8366033108522379
0.8454935622317596
0.858982219497241
0.765787860208461
0.8059472716125077
0.7412630288166769
0.8390557939914163
0.7112201103617413
0.8436541998773759
0.8102391171060699
0.818516247700797
0.8154506437768241
0.4601471489883507
0.7706928264868179
0.7559779276517474
0.768853464132434
0.8476394849785408
0.7188841201716738
0.6670754138565297
0.7896995708154506
0.7722256284488044
0.7470876762722256
0.8353770692826487
0.6998773758430411
0.6949724095646842
0.6609442060085837
0.7483139178418149
0.8421213979153893
0.7568976088289393
0.864193746167995
0.7982832618025751
0.8451870018393624
0.7795830778663396
0.7645616186388718
0.6572654812998161
0.6551195585530349
0.743408951563458
0.8068669527896996
0.7921520539546291
0.8988350705088902
0.9172286940527283
0.7532188841201717
0.6833231146535867
0.8516247700797057
0.8099325567136726
0.7106069895769467
0.894543225015328
0.7118332311465358
0.8510116492949111
0.835683629675046
0.7568976088289393
0.7900061312078479
0.723175965665236
0.8678724708767627
0.8847332924586143
0.8105456774984672
0.9019006744328633
0.8231146535867566
0.7544451256897609
0.8041079092581238
0.8102391171060699
0.8191293684855917
0.7964438994481913
0.8179031269160024
0.8166768853464133
0.7878602084610669
0.7290006131207848
0.8801348865726548
0.8540772532188842
0.8828939301042306
0.8884120171673819
0.7191906805640711
0.8001226241569589
0.6670754138565297
0.8479460453709381
0.703862660944206
0.6888412017167382
0.806253832004905
0.8881054567749846
0.7985898221949724
0.7587369711833231
0.7998160637645616
0.8412017167381974
0.7820355610055181
0.7155119558553035
0.8243408951563458
0.8142244022072348
0.8559166155732679
0.6446965052115267
0.8507050889025138
0.7847946045370938
0.6866952789699571
0.8500919681177191
0.8050275904353158
0.8786020846106684
0.8697118332311465
0.8838136112814224
0.8920907418761496
0.7495401594114041
0.7875536480686696
0.7651747394236664
0.7541385652973636
0.7075413856529736
0.8835070508890251
0.8053341508277131
0.8663396689147762
0.7903126916002452
0.5358675659104843
0.7480073574494175
0.9160024524831392
0.8503985285101165
0.14408338442673208
0.8258736971183324
0.8415082771305947
0.6079092581238504
0.8421213979153893
0.8384426732066217
0.8074800735744941
0.7314530962599632
0.7918454935622318
0.8485591661557327
0.6787247087676272
0.8267933782955242
0.9040465971796444
0.7792765174739423
0.8412017167381974
0.8709380748007357
0.8893316983445739
0.8166768853464133
0.8240343347639485
0.8218884120171673
0.688534641324341
0.7538320049049663
0.8761496014714899
0.7216431637032495
0.9031269160024524
0.8522378908645003
0.7222562844880441
0.812385039852851
0.8470263641937462
0.8335377069282649
0.6928264868179032
0.7164316370324953
0.7017167381974249
0.734212139791539
0.12170447578172901
0.8191293684855917
0.9607602697731453
0.7099938687921521
0.7360515021459227
0.8543838136112815
0.778969957081545
0.8274064990803188
0.8096259963212753
0.8396689147762109
0.8041079092581238
0.7093807480073574
0.8304721030042919
0.9224402207234825
0.8611281422440221
0.7731453096259964
0.7360515021459227
0.8816676885346413
0.8375229920294298
0.8467198038013488
0.7029429797670141
0.7575107296137339
0.7946045370938075
0.8102391171060699
0.8905579399141631
0.811465358675659
0.769773145309626
0.8004291845493562
0.7863274064990803
0.6817903126916003
0.6624770079705702
0.818516247700797
0.7394236664622931
0.7575107296137339
0.746474555487431
0.8117719190680565
0.7372777437155119
0.8503985285101165
0.8795217657878602
0.8451870018393624
0.7366646229307173
0.8133047210300429
0.8448804414469651
0.831698344573881
0.7516860821581851
0.8871857755977928
0.6790312691600245
0.7771305947271613
0.8277130594727161
0.9310239117106069
0.7998160637645616
0.8482526057633354
0.8448804414469651
0.7817290006131208
0.8764561618638872
0.7875536480686696
0.35806253832004903
0.724095646842428
0.6578786020846107
0.8727774371551196
0.8948497854077253
0.7942979767014102
0.8053341508277131
0.7970570202329859
0.7645616186388718
0.7486204782342122
0.7765174739423667
0.740343347639485
0.7437155119558553
0.7817290006131208
0.6624770079705702
0.8792152053954629
0.7519926425505825
0.7952176578786021
0.765787860208461
0.8862660944206009
0.8874923359901901
0.818516247700797
0.851931330472103
0.8105456774984672
0.8623543838136113
0.8979153893316983
0.7808093194359289
0.6965052115266708
0.645003065603924
0.6873083997547517
0.8136112814224402
0.8568362967504598
0.6483752299202943
0.6839362354383813
0.753525444512569
0.7483139178418149
0.818516247700797
0.7357449417535254
0.6679950950337217
0.8850398528510116
0.8289393010423053
0.3280196198651134
0.7771305947271613
0.8007357449417535
0.8326180257510729
0.7599632127529123
0.7578172900061312
0.6505211526670754
0.7930717351318209
0.8540772532188842
0.8025751072961373
0.9215205395462907
0.7624156958920908
0.904659717964439
0.8997547516860822
0.7765174739423667
0.7366646229307173
0.8494788473329246
0.8503985285101165
0.768853464132434
0.7357449417535254
0.776824034334764
0.7167381974248928
0.7335990190067443
0.8648068669527897
0.6630901287553648
0.7752912323727774
0.9224402207234825
0.8059472716125077
0.8871857755977928
0.14500306560392398
0.8730839975475169
0.7605763335377069
0.7930717351318209
0.7881667688534642
0.7618025751072961
0.8047210300429185
0.7559779276517474
0.7118332311465358
0.9000613120784795
0.8283261802575107
0.8657265481299816
0.7909258123850399
0.6535867565910485
0.7406499080318822
0.897608828939301
0.8911710606989577
0.7164316370324953
0.872164316370325
0.753525444512569
0.7988963825873697
0.7446351931330472
0.7743715511955855
0.789086450030656
0.6903740036787247
0.6958920907418762
0.8246474555487431
0.854996934396076
0.7219497240956468
0.9221336603310852
0.7722256284488044
0.9052728387492336
0.8412017167381974
0.8191293684855917
0.6738197424892703
0.7964438994481913
0.8246474555487431
0.8439607602697732
0.8077866339668914
0.7590435315757205
0.7863274064990803
0.6026977314530962
0.8586756591048437
0.7847946045370938
0.8369098712446352
0.7624156958920908
0.3243408951563458
0.8298589822194973
0.8341508277130595
0.7955242182709994
0.4855916615573268
0.7477007970570202
0.7581238503985285
0.8415082771305947
0.31637032495401596
0.7017167381974249
0.7541385652973636
0.8310852237890864
0.8120784794604538
0.7709993868792152
0.8148375229920294
0.7645616186388718
0.8902513795217658
0.8415082771305947
0.681483752299203
0.7090741876149601
0.7216431637032495
0.8464132434089515
0.8350705088902514
0.8136112814224402
0.8341508277130595
0.7903126916002452
0.8154506437768241
0.7486204782342122
0.769773145309626
0.8218884120171673
0.8681790312691601
0.8267933782955242
0.7878602084610669
0.6140404659717964
0.8966891477621092
0.8390557939914163
0.7182709993868792
0.7293071735131821
0.819435928877989
0.8182096873083997
0.8997547516860822
0.7176578786020846
0.9671980380134887
0.8865726548129982
0.8868792152053955
0.8605150214592274
0.759656652360515
0.7369711833231146
0.6741263028816676
0.7385039852851012
0.2633353770692827
0.7529123237277744
0.8458001226241569
0.8087063151440834
0.8746167995095033
0.6244635193133047
0.673513182096873
0.7817290006131208
0.7949110974862048
0.7477007970570202
0.874310239117106
0.6879215205395462
0.7247087676272226
0.6299816063764562
0.6928264868179032
0.8191293684855917
0.6998773758430411
0.7795830778663396
0.6272225628448804
0.8626609442060086
0.7127529123237277
0.7133660331085224
0.7817290006131208
0.6658491722869405
0.8789086450030656
0.811465358675659
0.851931330472103
0.7703862660944206
0.8905579399141631
0.7366646229307173
0.8427345187001839
0.7480073574494175
0.891477621091355
0.7176578786020846
0.8638871857755978
0.6958920907418762
0.5637645616186389
0.8764561618638872
0.826486817903127
0.7510729613733905
0.7293071735131821
0.9141630901287554
0.7406499080318822
0.7838749233599019
0.7526057633353771
0.6039239730226855
0.9242795830778663
0.7771305947271613
0.7541385652973636
0.8080931943592887
0.6100551808706315
0.4466584917228694
0.7930717351318209
0.8546903740036788
0.7470876762722256
0.8491722869405273
0.8917841814837523
0.8988350705088902
0.8197424892703863
0.8724708767627223
0.8556100551808706
0.7103004291845494
0.6860821581851625
0.7835683629675047
0.8203556100551809
0.7639484978540773
0.8568362967504598
0.8893316983445739
0.759656652360515
0.8197424892703863
0.875229920294298
0.6391784181483753
0.854996934396076
0.8341508277130595
0.8786020846106684
0.7915389331698345
0.5836909871244635
0.9144696505211527
0.7795830778663396
0.7884733292458614
0.8684855916615574
0.8626609442060086
0.4193746167995095
0.7752912323727774
0.8295524218271
0.9019006744328633
0.7682403433476395
0.7918454935622318
0.9107909258123851
0.8280196198651134
0.7360515021459227
0.812385039852851
0.8234212139791539
0.8212752912323728
0.7915389331698345
0.8546903740036788
0.7998160637645616
0.8071735131820968
0.7136725935009197
0.7397302268546904
0.8277130594727161
0.8654199877375843
0.8988350705088902
0.7017167381974249
0.871244635193133
0.8920907418761496
0.8274064990803188
0.6391784181483753
0.7808093194359289
0.84886572654813
0.7700797057020233
0.8136112814224402
0.7443286327406499
0.8372164316370325
0.7050889025137952
0.7749846719803801
0.7191906805640711
0.7409564684242795
0.7854077253218884
0.6903740036787247
0.724095646842428
0.8491722869405273
0.8117719190680565
0.7863274064990803
0.7909258123850399
0.7378908645003066
0.8635806253832005
0.7568976088289393
0.9166155732679337
0.7985898221949724
0.7875536480686696
0.7841814837522992
0.8313917841814837
0.7719190680564071
0.7335990190067443
0.776824034334764
0.8832004904966279
0.822501532801962
0.8292458614347027
0.838749233599019
0.796137339055794
0.8412017167381974
0.8902513795217658
0.6376456161863887
0.8565297363580625
0.799202942979767
0.7388105456774985
0.8151440833844268
0.7933782955242182
0.7391171060698958
0.8234212139791539
0.6833231146535867
0.8623543838136113
0.9144696505211527
0.8697118332311465
0.8304721030042919
0.8500919681177191
0.8749233599019006
0.7982832618025751
0.8160637645616187
0.6391784181483753
0.8770692826486818
0.7792765174739423
0.7277743715511956
0.8197424892703863
0.8445738810545678
0.7348252605763336
0.80226854690374
0.7234825260576333
0.7866339668914776
0.8378295524218271
0.8396689147762109
0.8197424892703863
0.8862660944206009
0.8678724708767627
0.9218270999386879
0.7624156958920908
0.8923973022685469
0.7286940527283875
0.6903740036787247
0.8537706928264868
0.8856529736358063
0.6863887185775598
0.7817290006131208
0.775904353157572
0.8393623543838136
0.8028816676885346
0.8120784794604538
0.7293071735131821
0.6201716738197425
0.8954629061925199
0.6863887185775598
0.7777437155119559
0.7495401594114041
0.7713059472716125
0.7866339668914776
0.7734518700183937
0.6483752299202943
0.7967504598405886
0.8513182096873084
0.7593500919681178
0.7584304107909258
0.8988350705088902
0.8323114653586756
0.6919068056407113
0.6753525444512569
0.7599632127529123
0.7740649908031882
0.6548129981606376
0.664316370324954
0.8136112814224402
0.7213366033108523
0.7731453096259964
0.8274064990803188
0.8415082771305947
0.8399754751686083
0.8694052728387492
0.9325567136725935
0.7290006131207848
0.6845493562231759
0.7590435315757205
0.7630288166768854
0.6753525444512569
0.7443286327406499
0.8332311465358676
0.9071122011036175
0.8034947884733292
0.6980380134886572
0.8605150214592274
0.8825873697118333
0.7786633966891477
0.7259350091968118
0.7670141017780503
0.6655426118945432
0.7443286327406499
0.703862660944206
0.8359901900674432
0.894543225015328
0.7446351931330472
0.7866339668914776
0.7709993868792152
0.7798896382587369
0.818516247700797
0.8120784794604538
0.6011649294911098
0.8648068669527897
0.31514408338442673
0.9576946658491723
0.8065603923973023
0.7630288166768854
0.7841814837522992
0.8948497854077253
0.6768853464132434
0.671367259350092
0.8433476394849786
0.8421213979153893
0.775904353157572
0.7780502759043532
0.6244635193133047
0.7443286327406499
0.6407112201103617
0.8973022685469038
0.8197424892703863
0.8031882280809319
0.7973635806253832
0.8053341508277131
0.7801961986511343
0.8556100551808706
0.9144696505211527
0.7915389331698345
0.8157572041692214
0.6520539546290619
0.7256284488044145
0.8019619865113428
0.6741263028816676
0.8396689147762109
0.7792765174739423
0.8525444512568976
0.7872470876762723
0.001226241569589209
0.7660944206008584
0.6591048436541999
0.789086450030656
0.8133047210300429
0.6750459840588596
0.7774371551195586
0.8427345187001839
0.8080931943592887
0.7912323727774372
0.7805027590435316
0.7700797057020233
0.7869405272838749
0.7510729613733905
0.7854077253218884
0.6548129981606376
0.6922133660331086
0.7621091354996934
0.7676272225628449
0.16615573267933784
0.8034947884733292
0.9034334763948498
0.8243408951563458
0.7486204782342122
0.8016554261189455
0.8755364806866953
0.9172286940527283
0.8359901900674432
0.8893316983445739
0.8859595340282036
0.9319435928877989
0.7308399754751687
0.897608828939301
0.7630288166768854
0.8393623543838136
0.7973635806253832
0.7930717351318209
0.6912936848559166
0.6440833844267321
0.6296750459840589
0.7838749233599019
0.8905579399141631
0.7685469037400368
0.8525444512568976
0.8129981606376456
0.8755364806866953
0.9236664622930717
0.765787860208461
0.7801961986511343
0.7090741876149601
0.8151440833844268
0.8963825873697119
0.7228694052728387
0.5300429184549357
0.7700797057020233
0.8145309625996321
0.8660331085223789
0.894543225015328
0.8182096873083997
0.8016554261189455
0.7568976088289393
0.8614347026364194
0.759656652360515
0.8148375229920294
0.916922133660331
0.7020232985898222
0.6980380134886572
0.8537706928264868
0.8445738810545678
0.8899448191293685
0.8369098712446352
0.8249540159411404
0.8237277743715512
0.9215205395462907
0.8807480073574494
0.7409564684242795
0.8347639484978541
0.7903126916002452
0.6621704475781729
0.838749233599019
0.7851011649294911
0.572961373390558
0.5484365419987738
0.9432863274064991
0.766707541385653
0.8795217657878602
0.8136112814224402
0.7443286327406499
0.8068669527896996
0.8390557939914163
0.7621091354996934
0.811465358675659
0.7777437155119559
0.6952789699570815
0.8847332924586143
0.6275291232372777
0.7998160637645616
0.8470263641937462
0.8169834457388105
0.7792765174739423
0.7988963825873697
0.9019006744328633
0.7182709993868792
0.7621091354996934
0.7014101778050276
0.7605763335377069
0.8497854077253219
0.8776824034334764
0.6894543225015328
0.881361128142244
0.8893316983445739
0.8703249540159411
0.677498467198038
0.8807480073574494
0.7069282648681791
0.6296750459840589
0.7621091354996934
0.8838136112814224
0.9466584917228694
0.7424892703862661
0.772838749233599
0.818516247700797
0.8703249540159411
0.8577559779276518
0.6385652973635806
0.8188228080931944
0.42673206621704474
0.7216431637032495
0.9058859595340282
0.7495401594114041
0.835683629675046
0.7173513182096873
0.6453096259963212
0.7734518700183937
0.7099938687921521
0.7805027590435316
0.9107909258123851
0.7458614347026364
0.8267933782955242
0.733292458614347
0.7599632127529123
0.7219497240956468
0.7421827099938688
0.6152667075413857
0.6250766400980994
0.7872470876762723
0.7360515021459227
0.8908645003065604
0.8887185775597792
0.7191906805640711
0.6934396076026977
0.7863274064990803
0.8399754751686083
0.6845493562231759
0.818516247700797
0.8166768853464133
0.7614960147148988
0.8632740649908032
0.7835683629675047
0.8378295524218271
0.6526670754138565
0.776824034334764
0.7522992029429798
0.731146535867566
0.7915389331698345
0.7477007970570202
0.8430410790925812
0.9417535254445125
0.7651747394236664
0.4895769466584917
0.7645616186388718
0.7979767014101778
0.7247087676272226
0.8645003065603925
0.8709380748007357
0.8353770692826487
0.8025751072961373
0.8234212139791539
0.9282648681790313
0.4175352544451257
0.6820968730839976
0.9445125689760883
0.8427345187001839
0.6778050275904353
0.8090128755364807
0.65113427345187
0.769773145309626
0.809319435928878
0.7664009809932557
0.6578786020846107
0.9224402207234825
0.8323114653586756
0.7673206621704476
0.8645003065603925
0.8666462293071735
0.6989576946658492
0.7679337829552422
0.8571428571428571
0.8458001226241569
0.8997547516860822
0.6404046597179645
0.8599019006744328
0.8203556100551809
0.6796443899448191
0.7069282648681791
0.6109748620478235
0.9163090128755365
0.7857142857142857
0.9074187614960147
0.7348252605763336
0.7924586143470264
0.7385039852851012
0.733292458614347
0.730226854690374
0.11496014714898835
0.8390557939914163
0.819435928877989
0.93408951563458
0.3016554261189454
0.7743715511955855
0.7734518700183937
0.7099938687921521
0.6974248927038627
0.7155119558553035
0.8372164316370325
0.6468424279583078
0.8988350705088902
0.835683629675046
0.6474555487431024
0.0018393623543838135
0.6968117719190681
0.5561005518087063
0.7982832618025751
0.6575720416922134
0.8031882280809319
0.8350705088902514
0.7599632127529123
0.831698344573881
0.8402820355610056
0.8546903740036788
0.8451870018393624
0.8402820355610056
0.8234212139791539
0.6548129981606376
0.8458001226241569
0.7587369711833231
0.733292458614347
0.8402820355610056
0.91477621091355
0.7366646229307173
0.825567136725935
0.7290006131207848
0.7995095033721643
0.778969957081545
0.9549356223175965
0.816370324954016
0.8292458614347027
0.9055793991416309
0.743408951563458
0.8684855916615574
0.8427345187001839
0.8166768853464133
0.8393623543838136
0.8666462293071735
0.8001226241569589
0.8853464132434089
0.8332311465358676
0.6305947271612508
0.726241569589209
0.9316370324954016
0.8473329245861435
0.8071735131820968
0.7955242182709994
0.7706928264868179
0.7964438994481913
0.7590435315757205
0.7896995708154506
0.7970570202329859
0.8059472716125077
0.8859595340282036
0.7526057633353771
0.7277743715511956
0.8120784794604538
0.7259350091968118
0.7749846719803801
0.8510116492949111
0.7823421213979154
0.9006744328632741
0.7124463519313304
0.3218884120171674
0.7887798896382587
0.7777437155119559
0.6627835683629675
0.7881667688534642
0.7630288166768854
0.826486817903127
0.9190680564071122
0.7280809319435929
0.78295524218271
0.8234212139791539
0.773758430410791
0.8258736971183324
0.8209687308399755
0.9343960760269773
0.730226854690374
0.8145309625996321
0.950337216431637
0.6900674432863274
0.7970570202329859
0.7185775597792765
0.5910484365419988
0.8966891477621092
0.927958307786634
0.6597179644389944
0.7979767014101778
0.7896995708154506
0.7247087676272226
0.8182096873083997
0.8709380748007357
0.8779889638258737
0.8911710606989577
0.6667688534641324
0.9114040465971797
0.7354383813611282
0.6940527283874923
0.7473942366646229
0.7204169221336604
0.831698344573881
0.8344573881054568
0.8044144696505211
0.8108522378908645
0.7283874923359902
0.7173513182096873
0.789086450030656
0.8730839975475169
0.7805027590435316
0.7927651747394237
0.8960760269773145
0.8948497854077253
0.6370324954015941
0.7575107296137339
0.8191293684855917
0.8617412630288167
0.765787860208461
0.8206621704475782
0.8139178418148375
0.8099325567136726
0.8957694665849172
0.765787860208461
0.9095646842427958
0.8258736971183324
0.7532188841201717
0.9019006744328633
0.8188228080931944
0.7900061312078479
0.608522378908645
0.7421827099938688
0.7185775597792765
0.7734518700183937
0.8893316983445739
0.7936848559166155
0.8151440833844268
0.7621091354996934
0.9432863274064991
0.8740036787247087
0.8951563458001226
0.8028816676885346
0.8522378908645003
0.8877988963825874
0.9491109748620479
0.8546903740036788
0.8366033108522379
0.9058859595340282
0.8274064990803188
0.8151440833844268
0.8274064990803188
0.8028816676885346
0.7976701410177806
0.8792152053954629
0.8605150214592274
0.7648681790312691
0.8862660944206009
0.5634580012262416
0.8595953402820355
0.838749233599019
0.786020846106683
0.901594114040466
0.8424279583077866
0.8304721030042919
0.9141630901287554
0.7461679950950337
0.8546903740036788
0.8503985285101165
0.8206621704475782
0.8562231759656652
0.8179031269160024
0.7501532801961986
0.7838749233599019
0.766707541385653
0.7621091354996934
0.8758430410790926
0.811465358675659
0.8991416309012875
0.7467811158798283
0.7866339668914776
0.8776824034334764
0.8252605763335377
0.7259350091968118
0.8347639484978541
0.8384426732066217
0.9460453709380748
0.7495401594114041
0.7887798896382587
0.6422440220723482
0.854996934396076
0.8479460453709381
0.8896382587369712
0.1367259350091968
0.7584304107909258
0.7400367872470877
0.7351318209687309
0.8494788473329246
0.7351318209687309
0.8580625383200491
0.8366033108522379
0.7746781115879828
0.7096873083997548
0.9567749846719804
0.8445738810545678
0.7553648068669528
0.7148988350705089
0.5674432863274065
0.7780502759043532
0.7480073574494175
0.8733905579399142
0.806253832004905
0.7639484978540773
0.7835683629675047
0.7213366033108523
0.8497854077253219
0.6486817903126916
0.7191906805640711
0.7673206621704476
0.8467198038013488
0.7976701410177806
0.7820355610055181
0.9273451870018393
0.7366646229307173
0.8902513795217658
0.7584304107909258
0.812385039852851
0.8819742489270386
0.9086450030656039
0.7483139178418149
0.7933782955242182
0.7691600245248313
0.648068669527897
0.3638871857755978
0.8133047210300429
0.8065603923973023
0.8016554261189455
0.9071122011036175
0.8350705088902514
0.7602697731453096
0.8077866339668914
0.6753525444512569
0.8252605763335377
0.7995095033721643
0.7121397915389331
0.7455548743102391
0.8433476394849786
0.8966891477621092
0.7881667688534642
0.776824034334764
0.7878602084610669
0.8341508277130595
0.851931330472103
0.8893316983445739
0.9074187614960147
0.8669527896995708
0.7988963825873697
0.8206621704475782
0.8485591661557327
0.8090128755364807
0.7397302268546904
0.8666462293071735
0.7020232985898222
0.7440220723482526
0.9368485591661557
0.69773145309626
0.8133047210300429
0.8323114653586756
0.7593500919681178
0.76364193746168
0.9040465971796444
0.6903740036787247
0.5956468424279583
0.8770692826486818
0.8629675045984059
0.8301655426118946
0.7765174739423667
0.825567136725935
0.8175965665236051
0.9101778050275904
0.8448804414469651
0.8868792152053955
0.9316370324954016
0.8359901900674432
0.7952176578786021
0.9114040465971797
0.822501532801962
0.8191293684855917
0.6808706315144083
0.6943592887798896
0.7915389331698345
0.8718577559779277
0.8832004904966279
0.7627222562844881
0.8427345187001839
0.7875536480686696
0.6934396076026977
0.882280809319436
0.7378908645003066
0.7265481299816063
0.8510116492949111
0.8672593500919681
0.6069895769466584
0.6354996934396075
0.6701410177805027
0.8439607602697732
0.865113427345187
0.80226854690374
0.8574494175352545
0.8494788473329246
0.7004904966278357
0.8041079092581238
0.7164316370324953
0.8323114653586756
0.7550582464745554
0.8280196198651134
0.7909258123850399
0.7909258123850399
0.7572041692213366
0.806253832004905
0.8108522378908645
0.7893930104230533
0.6149601471489884
0.8954629061925199
0.7955242182709994
0.8341508277130595
0.8347639484978541
0.6989576946658492
0.5606989576946658
0.7854077253218884
0.894543225015328
0.7014101778050276
0.6882280809319435
0.811465358675659
0.7461679950950337
0.6263028816676885
0.7808093194359289
0.8479460453709381
0.6955855303494789
0.8402820355610056
0.8923973022685469
0.8724708767627223
0.7955242182709994
0.8378295524218271
0.8654199877375843
0.7893930104230533
0.9012875536480687
0.7072348252605763
0.6376456161863887
0.7290006131207848
0.8427345187001839
0.7173513182096873
0.6888412017167382
0.6961986511342735
0.8623543838136113
0.7256284488044145
0.8672593500919681
0.8436541998773759
0.7777437155119559
0.7771305947271613
0.8221949724095647
0.9095646842427958
0.8068669527896996
0.6204782342121398
0.872164316370325
0.677498467198038
0.944206008583691
0.8329245861434703
0.7608828939301042
0.7011036174126303
0.8390557939914163
0.7121397915389331
0.7277743715511956
0.6848559166155732
0.7124463519313304
0.8381361128142244
0.6986511342734518
0.8258736971183324
0.8917841814837523
0.7145922746781116
0.7875536480686696
0.7369711833231146
0.7446351931330472
0.648068669527897
0.6716738197424893
0.8687921520539547
0.7516860821581851
0.8537706928264868
0.8307786633966892
0.8850398528510116
0.7835683629675047
0.734212139791539
0.693746167995095
0.7532188841201717
0.7851011649294911
0.2915389331698345
0.8019619865113428
0.7339055793991416
0.7348252605763336
0.8200490496627836
0.8979153893316983
0.8209687308399755
0.6900674432863274
0.730226854690374
0.7614960147148988
0.8405885959534029
0.8786020846106684
0.8479460453709381
0.8847332924586143
0.7691600245248313
0.7915389331698345
0.6364193746167995
0.7670141017780503
0.8500919681177191
0.7201103617412631
0.766707541385653
0.7633353770692827
0.8261802575107297
0.6422440220723482
0.796137339055794
0.7526057633353771
0.8277130594727161
0.8292458614347027
0.8059472716125077
0.8240343347639485
0.5190067443286327
0.7489270386266095
0.6014714898835071
0.7930717351318209
0.7556713672593501
0.8338442673206622
0.8595953402820355
0.9310239117106069
0.7415695892090742
0.835683629675046
0.7406499080318822
0.8654199877375843
0.8056407112201104
0.8203556100551809
0.8154506437768241
0.7155119558553035
0.6845493562231759
0.9282648681790313
0.7486204782342122
0.818516247700797
0.9019006744328633
0.7360515021459227
0.8540772532188842
0.7452483139178419
0.710913549969344
0.8697118332311465
0.8500919681177191
0.9120171673819742
0.7176578786020846
0.7176578786020846
0.9190680564071122
0.786020846106683
0.8074800735744941
0.7461679950950337
0.576026977314531
0.772838749233599
0.8890251379521765
0.7691600245248313
0.7783568362967505
0.8648068669527897
0.858982219497241
0.8402820355610056
0.7106069895769467
0.683629675045984
0.8617412630288167
0.8908645003065604
0.775904353157572
0.734212139791539
0.9126302881667688
0.8310852237890864
0.6827099938687922
0.7642550582464746
0.6888412017167382
0.7277743715511956
0.6026977314530962
0.9019006744328633
0.6900674432863274
0.7909258123850399
0.7716125076640098
0.6584917228694053
0.7314530962599632
0.8727774371551196
0.8402820355610056
0.8586756591048437
0.8405885959534029
0.7207234825260577
0.8102391171060699
0.6443899448191294
0.7449417535254446
0.6946658491722869
0.7492335990190068
0.872164316370325
0.8307786633966892
0.8237277743715512
0.7489270386266095
0.8988350705088902
0.841814837522992
0.7237890864500307
0.8338442673206622
0.84886572654813
0.7915389331698345
0.7136725935009197
0.7277743715511956
0.7765174739423667
0.8405885959534029
0.8231146535867566
0.7884733292458614
0.8240343347639485
0.9438994481912937
0.8666462293071735
0.8617412630288167
0.8856529736358063
0.9405272838749233
0.8246474555487431
0.7752912323727774
0.7142857142857143
0.8776824034334764
0.9175352544451257
0.8884120171673819
0.5907418761496015
0.8795217657878602
0.8148375229920294
0.9040465971796444
0.7522992029429798
0.7982832618025751
0.7216431637032495
0.9028203556100551
0.7942979767014102
0.8059472716125077
0.7216431637032495
0.8773758430410791
0.765787860208461
0.7103004291845494
0.5404659717964438
0.8485591661557327
0.7679337829552422
0.7664009809932557
0.730226854690374
0.7774371551195586
0.871244635193133
0.7906192519926426
0.746474555487431
0.7685469037400368
0.27621091354996935
0.9251992642550583
0.7611894543225015
0.822501532801962
0.8798283261802575
0.8320049049662783
0.73635806253832
0.8632740649908032
0.7998160637645616
0.8151440833844268
0.6928264868179032
0.8105456774984672
0.8645003065603925
0.7838749233599019
0.674432863274065
0.7777437155119559
0.6609442060085837
0.7906192519926426
0.7746781115879828
0.7409564684242795
0.8034947884733292
0.7814224402207235
0.7670141017780503
0.8080931943592887
0.8031882280809319
0.7645616186388718
0.8038013488657265
0.8936235438381361
0.7553648068669528
0.772838749233599
0.756591048436542
0.8350705088902514
0.7952176578786021
0.7988963825873697
0.7357449417535254
0.7630288166768854
0.881361128142244
0.8381361128142244
0.6535867565910485
0.5692826486817903
0.786020846106683
0.9028203556100551
0.8166768853464133
0.8206621704475782
0.6894543225015328
0.7946045370938075
0.778969957081545
0.6799509503372164
0.6888412017167382
0.8568362967504598
0.6091354996934396
0.7955242182709994
0.8028816676885346
0.7047823421213979
0.835683629675046
0.7946045370938075
0.673513182096873
0.7685469037400368
0.7752912323727774
0.9282648681790313
0.9638258736971184
0.7296137339055794
0.864193746167995
0.806253832004905
0.29215205395462907
0.8825873697118333
0.7047823421213979
0.8565297363580625
0.7182709993868792
0.7026364193746168
0.8145309625996321
0.7906192519926426
0.8678724708767627
0.8283261802575107
0.8819742489270386
0.9101778050275904
0.8648068669527897
0.8611281422440221
0.7375843041079092
0.7354383813611282
0.7142857142857143
0.9086450030656039
0.9199877375843041
0.8077866339668914
0.8448804414469651
0.7808093194359289
0.8047210300429185
0.7780502759043532
0.7903126916002452
0.8877988963825874
0.7112201103617413
0.7427958307786634
0.7709993868792152
0.8666462293071735
0.8307786633966892
0.7418761496014715
0.7866339668914776
0.7522992029429798
0.8301655426118946
0.7614960147148988
0.9488044144696505
0.872164316370325
0.8399754751686083
0.8019619865113428
0.8212752912323728
0.8454935622317596
0.8957694665849172
0.6998773758430411
0.7400367872470877
0.8341508277130595
0.7550582464745554
0.7955242182709994
0.7057020232985898
0.8825873697118333
0.8608215818516247
0.9092581238503985
0.8503985285101165
0.789086450030656
0.7734518700183937
0.8973022685469038
0.8366033108522379
0.897608828939301
0.7682403433476395
0.8375229920294298
0.8320049049662783
0.7443286327406499
0.8228080931943593
0.8427345187001839
0.8804414469650521
0.907725321888412
0.8442673206621705
0.7204169221336604
0.9043531575720417
0.7995095033721643
0.6931330472103004
0.8310852237890864
0.7191906805640711
0.8221949724095647
0.7357449417535254
0.8531575720416922
0.7722256284488044
0.831698344573881
0.6578786020846107
0.8025751072961373
0.7982832618025751
0.7103004291845494
0.7805027590435316
0.7308399754751687
0.7458614347026364
0.7375843041079092
0.9031269160024524
0.7857142857142857
0.8044144696505211
0.816370324954016
0.8243408951563458
0.8218884120171673
0.7480073574494175
0.6793378295524218
0.7207234825260577
0.727161250766401
0.8120784794604538
0.7694665849172287
0.9172286940527283
0.8448804414469651
0.8559166155732679
0.7755977927651747
0.8819742489270386
0.8353770692826487
0.8053341508277131
0.8074800735744941
0.8133047210300429
0.7335990190067443
0.8430410790925812
0.8228080931943593
0.8077866339668914
0.9120171673819742
0.874310239117106
0.8375229920294298
0.9110974862047824
0.7774371551195586
0.6949724095646842
0.862047823421214
0.7900061312078479
0.7746781115879828
0.8412017167381974
0.5931943592887798
0.7044757817290006
0.8467198038013488
0.8209687308399755
0.8577559779276518
0.6269160024524831
0.6220110361741263
0.8966891477621092
0.9071122011036175
0.7866339668914776
0.8856529736358063
0.7817290006131208
0.7305334150827713
0.7326793378295524
0.6529736358062538
0.8807480073574494
0.7553648068669528
0.9389944819129369
0.7507664009809932
0.8399754751686083
0.7228694052728387
0.7795830778663396
0.9193746167995095
0.7979767014101778
0.8966891477621092
0.8669527896995708
0.8448804414469651
0.7952176578786021
0.7679337829552422
0.8865726548129982
0.8133047210300429
0.6925199264255059
0.8973022685469038
0.6845493562231759
0.7964438994481913
0.9101778050275904
0.9294911097486205
0.851931330472103
0.7909258123850399
0.8041079092581238
0.8243408951563458
0.19589209074187616
0.8749233599019006
0.7982832618025751
0.7844880441446965
0.8887185775597792
0.7547516860821581
0.9184549356223176
0.9396076026977315
0.8010423053341508
0.7982832618025751
0.5781729000613121
0.721030042918455
0.5873697118332312
0.7329858982219497
0.7820355610055181
0.9527896995708155
0.8341508277130595
0.8307786633966892
0.8157572041692214
0.8513182096873084
0.826486817903127
0.6827099938687922
0.8838136112814224
0.664316370324954
0.8592887798896383
0.8270999386879215
0.7976701410177806
0.769773145309626
0.5591661557326794
0.924892703862661
0.5919681177191907
0.786020846106683
0.6407112201103617
0.9132434089515634
0.8270999386879215
0.8461066830165542
0.7985898221949724
0.7011036174126303
0.7516860821581851
0.8736971183323115
0.7385039852851012
0.6851624770079706
0.8375229920294298
0.7391171060698958
0.6870018393623544
0.6591048436541999
0.7633353770692827
0.6992642550582465
0.9322501532801962
0.8338442673206622
0.8175965665236051
0.7351318209687309
0.7893930104230533
0.8467198038013488
0.8749233599019006
0.8427345187001839
0.7716125076640098
0.7955242182709994
0.6716738197424893
0.7771305947271613
0.7786633966891477
0.8736971183323115
0.8243408951563458
0.7265481299816063
0.7743715511955855
0.34763948497854075
0.7060085836909872
0.878295524218271
0.6695278969957081
0.8372164316370325
0.9221336603310852
0.4653586756591048
0.7004904966278357
0.8350705088902514
0.7869405272838749
0.7933782955242182
0.7323727774371551
0.811465358675659
0.875229920294298
0.7290006131207848
0.7936848559166155
0.786020846106683
0.9114040465971797
0.8249540159411404
0.7480073574494175
0.7234825260576333
0.9310239117106069
0.8249540159411404
0.9049662783568363
0.7933782955242182
0.8859595340282036
0.3920907418761496
0.3402820355610055
0.8887185775597792
0.8608215818516247
0.9031269160024524
0.8792152053954629
0.7495401594114041
0.9163090128755365
0.8341508277130595
0.7124463519313304
0.8534641324340895
0.7881667688534642
0.7388105456774985
0.8424279583077866
0.7124463519313304
0.8629675045984059
0.7130594727161251
0.8313917841814837
0.8405885959534029
0.7587369711833231
0.7734518700183937
0.7587369711833231
0.8939301042305334
0.726241569589209
0.700797057020233
0.7979767014101778
0.6903740036787247
0.7418761496014715
0.7786633966891477
0.7618025751072961
0.8280196198651134
0.6817903126916003
0.776824034334764
0.8197424892703863
0.776824034334764
0.8182096873083997
0.7749846719803801
0.7872470876762723
0.7014101778050276
0.7293071735131821
0.05027590435315757
0.7722256284488044
0.8877988963825874
0.7716125076640098
0.7250153280196199
0.7685469037400368
0.7985898221949724
0.8966891477621092
0.7314530962599632
0.8632740649908032
0.8197424892703863
0.7814224402207235
0.8562231759656652
0.897608828939301
0.831698344573881
0.8270999386879215
0.6839362354383813
0.7320662170447578
0.6673819742489271
0.8307786633966892
0.5168608215818516
0.8016554261189455
0.8129981606376456
0.7820355610055181
0.7682403433476395
0.911710606989577
0.6980380134886572
0.8635806253832005
0.7179644389944819
0.8402820355610056
0.8491722869405273
0.9163090128755365
0.7906192519926426
0.4996934396076027
0.7228694052728387
0.6330472103004292
0.7023298589822194
0.8767627222562845
0.8047210300429185
0.6827099938687922
0.773758430410791
0.7234825260576333
0.6940527283874923
0.8522378908645003
0.5052115266707541
0.7709993868792152
0.7225628448804414
0.894543225015328
0.8663396689147762
0.7415695892090742
0.7851011649294911
0.7654812998160637
0.9037400367872471
0.7611894543225015
0.8553034947884733
0.7234825260576333
0.7225628448804414
0.7587369711833231
0.8537706928264868
0.7896995708154506
0.7887798896382587
0.67841814837523
0.8896382587369712
0.7777437155119559
0.6909871244635193
0.8160637645616187
0.80226854690374
0.73635806253832
0.9160024524831392
0.7651747394236664
0.8323114653586756
0.9098712446351931
0.7743715511955855
0.7844880441446965
0.854996934396076
0.7838749233599019
0.7602697731453096
0.8313917841814837
0.7409564684242795
0.8724708767627223
0.7731453096259964
0.8675659104843654
0.9273451870018393
0.8694052728387492
0.7277743715511956
0.812385039852851
0.773758430410791
0.9114040465971797
0.724095646842428
0.8350705088902514
0.7581238503985285
0.8206621704475782
0.8709380748007357
0.831698344573881
0.8237277743715512
0.7627222562844881
0.7391171060698958
0.8816676885346413
0.796137339055794
0.7167381974248928
0.7431023911710607
0.8304721030042919
0.7498467198038014
0.6440833844267321
0.835683629675046
0.3525444512568976
0.7998160637645616
0.7660944206008584
0.8261802575107297
0.8412017167381974
0.8427345187001839
0.9215205395462907
0.7731453096259964
0.7066217044757818
0.8412017167381974
0.9580012262415696
0.6627835683629675
0.7936848559166155
0.8421213979153893
0.8133047210300429
0.8157572041692214
0.8111587982832618
0.7470876762722256
0.7893930104230533
0.6597179644389944
0.7854077253218884
0.8169834457388105
0.8390557939914163
0.7755977927651747
0.8136112814224402
0.8402820355610056
0.806253832004905
0.7664009809932557
0.8645003065603925
0.8175965665236051
0.20386266094420602
0.8228080931943593
0.7866339668914776
0.8274064990803188
0.7872470876762723
0.7599632127529123
0.6066830165542612
0.76364193746168
0.7066217044757818
0.8497854077253219
0.8341508277130595
0.6591048436541999
0.8274064990803188
0.8470263641937462
0.6578786020846107
0.8436541998773759
0.7946045370938075
0.8580625383200491
0.8179031269160024
0.7918454935622318
0.9319435928877989
0.7621091354996934
0.806253832004905
0.8218884120171673
0.7878602084610669
0.78295524218271
0.7713059472716125
0.5045984058859595
0.835683629675046
0.8706315144083384
0.71704475781729
0.7280809319435929
0.6882280809319435
0.7670141017780503
0.8252605763335377
0.8565297363580625
0.7280809319435929
0.822501532801962
0.8243408951563458
0.7939914163090128
0.8565297363580625
0.7385039852851012
0.7700797057020233
0.8617412630288167
0.7081545064377682
0.7660944206008584
0.8948497854077253
0.7933782955242182
0.7529123237277744
0.8927038626609443
0.8001226241569589
0.6354996934396075
0.884426732066217
0.9166155732679337
0.8614347026364194
0.743408951563458
0.8341508277130595
0.8988350705088902
0.6646229307173513
0.8228080931943593
0.8179031269160024
0.7234825260576333
0.7415695892090742
0.9497240956468425
0.8954629061925199
0.7290006131207848
0.8080931943592887
0.8295524218271
0.7480073574494175
0.8234212139791539
0.7369711833231146
0.723175965665236
0.8798283261802575
0.776824034334764
0.6998773758430411
0.7510729613733905
0.8041079092581238
0.38595953402820354
0.7866339668914776
0.6630901287553648
0.8632740649908032
0.854996934396076
0.8384426732066217
0.8546903740036788
0.7253218884120172
0.4693439607602698
0.7194972409564684
0.7777437155119559
0.9555487431023911
0.8154506437768241
0.7982832618025751
0.84886572654813
0.8632740649908032
0.8310852237890864
0.911710606989577
0.4132434089515635
0.825567136725935
0.8117719190680565
0.7066217044757818
0.8592887798896383
0.8111587982832618
0.5576333537706928
0.7480073574494175
0.6492949110974862
0.8341508277130595
0.8283261802575107
0.9233599019006744
0.7654812998160637
0.5818516247700797
0.7866339668914776
0.7654812998160637
0.8565297363580625
0.6900674432863274
0.9061925199264255
0.7795830778663396
0.7970570202329859
0.7461679950950337
0.841814837522992
0.8028816676885346
0.8050275904353158
0.7320662170447578
0.7593500919681178
0.7611894543225015
0.8715511955855304
0.6646229307173513
0.872164316370325
0.7283874923359902
0.7556713672593501
0.766707541385653
0.7801961986511343
0.9417535254445125
0.838749233599019
0.809319435928878
0.8927038626609443
0.7774371551195586
0.811465358675659
0.935009196811772
0.8301655426118946
0.812385039852851
0.7516860821581851
0.7746781115879828
0.7587369711833231
0.7458614347026364
0.818516247700797
0.8323114653586756
0.8175965665236051
0.7155119558553035
0.917841814837523
0.8375229920294298
0.8421213979153893
0.5383200490496628
0.8050275904353158
0.812385039852851
0.7875536480686696
0.864193746167995
0.789086450030656
0.730226854690374
0.7614960147148988
0.71704475781729
0.6523605150214592
0.8927038626609443
0.8819742489270386
0.7017167381974249
0.7801961986511343
0.6603310852237891
0.7118332311465358
0.8583690987124464
0.8856529736358063
0.7835683629675047
0.6327406499080319
0.6983445738810545
0.7844880441446965
0.3252605763335377
0.851931330472103
0.7614960147148988
0.7274678111587983
0.7351318209687309
0.7624156958920908
0.1873083997547517
0.7660944206008584
0.7774371551195586
0.7823421213979154
0.851931330472103
0.9110974862047824
0.6891477621091355
0.7814224402207235
0.8399754751686083
0.7982832618025751
0.8556100551808706
0.8231146535867566
0.786020846106683
0.6857755977927652
0.8179031269160024
0.851931330472103
0.818516247700797
0.7664009809932557
0.7884733292458614
0.816370324954016
0.7805027590435316
0.7900061312078479
0.7694665849172287
0.8258736971183324
0.7820355610055181
0.7017167381974249
0.841814837522992
0.7694665849172287
0.8439607602697732
0.8427345187001839
0.7918454935622318
0.7933782955242182
0.7682403433476395
0.8605150214592274
0.17167381974248927
0.6204782342121398
0.8936235438381361
0.7136725935009197
0.7486204782342122
0.8786020846106684
0.6968117719190681
0.40190067443286326
0.8246474555487431
0.8169834457388105
0.8510116492949111
0.7244022072348253
0.7526057633353771
0.8543838136112815
0.6986511342734518
0.8258736971183324
0.7967504598405886
0.6817903126916003
0.7939914163090128
0.7360515021459227
0.8510116492949111
0.8074800735744941
0.8666462293071735
0.7483139178418149
0.756591048436542
0.8740036787247087
0.7093807480073574
0.6692213366033108
0.7823421213979154
0.7611894543225015
0.7918454935622318
0.8399754751686083
0.7550582464745554
0.9678111587982833
0.7225628448804414
0.71704475781729
0.8522378908645003
0.8077866339668914
0.7133660331085224
0.6701410177805027
0.8274064990803188
0.8025751072961373
0.9264255058246474
0.9043531575720417
0.6679950950337217
0.7881667688534642
0.7614960147148988
0.7746781115879828
0.8997547516860822
0.7970570202329859
0.7884733292458614
0.8568362967504598
0.7112201103617413
0.768853464132434
0.8243408951563458
0.7360515021459227
0.7777437155119559
0.8733905579399142
0.862047823421214
0.7826486817903127
0.7424892703862661
0.671367259350092
0.8243408951563458
0.7544451256897609
0.6725935009196812
0.858982219497241
0.7679337829552422
0.8126916002452483
0.4319435928877989
0.8988350705088902
0.7348252605763336
0.9071122011036175
0.8261802575107297
0.7893930104230533
0.746474555487431
0.7998160637645616
0.753525444512569
0.8347639484978541
0.7112201103617413
0.8957694665849172
0.9150827713059473
0.8979153893316983
0.7198038013488657
0.8335377069282649
0.7283874923359902
0.8522378908645003
0.869098712446352
0.8108522378908645
0.8997547516860822
0.7863274064990803
0.6676885346413244
0.8614347026364194
0.901594114040466
0.8013488657265482
0.8243408951563458
0.8160637645616187
0.7936848559166155
0.8758430410790926
0.8010423053341508
0.8188228080931944
0.7795830778663396
0.7743715511955855
0.7884733292458614
0.7639484978540773
0.9012875536480687
0.6900674432863274
0.828632740649908
0.8537706928264868
0.8157572041692214
0.8580625383200491
0.825567136725935
0.7581238503985285
0.6679950950337217
0.838749233599019
0.7832618025751072
0.8697118332311465
0.8510116492949111
0.9120171673819742
0.9175352544451257
0.8764561618638872
0.8988350705088902
0.8500919681177191
0.8237277743715512
0.7621091354996934
0.8963825873697119
0.7489270386266095
0.7973635806253832
0.8120784794604538
0.76364193746168
0.9166155732679337
0.7452483139178419
0.8372164316370325
0.8660331085223789
0.6980380134886572
0.9043531575720417
0.8427345187001839
0.9022072348252606
0.7973635806253832
0.799202942979767
0.7912323727774372
0.7237890864500307
0.7639484978540773
0.7777437155119559
0.7477007970570202
0.7578172900061312
0.8402820355610056
0.6986511342734518
0.7507664009809932
0.8341508277130595
0.7483139178418149
0.7691600245248313
0.8482526057633354
0.7949110974862048
0.7903126916002452
0.8083997547516861
0.7562844880441447
0.6676885346413244
0.8764561618638872
0.7256284488044145
0.6437768240343348
0.8687921520539547
0.7455548743102391
0.8923973022685469
0.8111587982832618
0.826486817903127
0.828632740649908
0.8421213979153893
0.9276517473942366
0.7734518700183937
0.816370324954016
0.811465358675659
0.7740649908031882
0.8786020846106684
0.8090128755364807
0.9156958920907419
0.8175965665236051
0.858982219497241
0.6820968730839976
0.6845493562231759
0.8090128755364807
0.7731453096259964
0.6591048436541999
0.8666462293071735
0.8381361128142244
0.7259350091968118
0.8231146535867566
0.8344573881054568
0.8136112814224402
0.8246474555487431
0.7431023911710607
0.7783568362967505
0.9003678724708768
0.9175352544451257
0.7556713672593501
0.8041079092581238
0.8375229920294298
0.6989576946658492
0.7838749233599019
0.8718577559779277
0.44819129368485594
0.9141630901287554
0.8041079092581238
0.7611894543225015
0.7808093194359289
0.7103004291845494
0.8350705088902514
0.8678724708767627
0.9181483752299203
0.7259350091968118
0.7921520539546291
0.7777437155119559
0.8525444512568976
0.7483139178418149
0.7188841201716738
0.865113427345187
0.8540772532188842
0.6413243408951563
0.811465358675659
0.8172900061312078
0.7670141017780503
0.835683629675046
0.7964438994481913
0.9083384426732066
0.8274064990803188
0.6955855303494789
0.710913549969344
0.7722256284488044
0.8270999386879215
0.8451870018393624
0.7127529123237277
0.7777437155119559
0.7869405272838749
0.2709993868792152
0.809319435928878
0.8715511955855304
0.7906192519926426
0.7887798896382587
0.7964438994481913
0.7538320049049663
0.8439607602697732
0.7283874923359902
0.7397302268546904
0.7786633966891477
0.6633966891477621
0.7431023911710607
0.7335990190067443
0.8295524218271
0.8362967504598406
0.8507050889025138
0.8911710606989577
0.6992642550582465
0.8709380748007357
0.7130594727161251
0.8080931943592887
0.7280809319435929
0.6722869405272839
0.6756591048436542
0.9745554874310239
0.772838749233599
0.8681790312691601
0.7498467198038014
0.7378908645003066
0.8142244022072348
0.950337216431637
0.7722256284488044
0.9518700183936235
0.8430410790925812
0.6925199264255059
0.7939914163090128
0.693746167995095
0.6863887185775598
0.7112201103617413
0.7903126916002452
0.7492335990190068
0.9120171673819742
0.8350705088902514
0.6618638871857756
0.8923973022685469
0.8801348865726548
0.6922133660331086
0.9347026364193746
0.819435928877989
0.8237277743715512
0.8390557939914163
0.6526670754138565
0.789086450030656
0.4202942979767014
0.8326180257510729
0.7664009809932557
0.8087063151440834
0.917841814837523
0.7826486817903127
0.6845493562231759
0.7121397915389331
0.723175965665236
0.6486817903126916
0.7817290006131208
0.7424892703862661
0.6989576946658492
0.7642550582464746
0.6646229307173513
0.7400367872470877
0.7798896382587369
0.7985898221949724
0.7158185162477008
0.8034947884733292
0.7418761496014715
0.8862660944206009
0.865113427345187
0.7893930104230533
0.8053341508277131
0.7532188841201717
0.9141630901287554
0.7501532801961986
0.7685469037400368
0.8776824034334764
0.7716125076640098
0.7924586143470264
0.7930717351318209
0.8718577559779277
0.8200490496627836
0.7366646229307173
0.7952176578786021
0.9068056407112202
0.8292458614347027
0.7719190680564071
0.7946045370938075
0.9261189454322502
0.8270999386879215
0.7709993868792152
0.7237890864500307
0.8001226241569589
0.9576946658491723
0.825567136725935
0.864193746167995
0.8169834457388105
0.7498467198038014
0.9304107909258124
0.8240343347639485
0.816370324954016
0.9037400367872471
0.7875536480686696
0.7734518700183937
0.8191293684855917
0.7995095033721643
0.7814224402207235
0.7259350091968118
0.8166768853464133
0.8087063151440834
0.6342734518700184
0.6603310852237891
0.82158185162477
0.7167381974248928
0.7743715511955855
0.7903126916002452
0.6082158185162477
0.8203556100551809
0.7731453096259964
0.7955242182709994
0.5910484365419988
0.8077866339668914
0.8320049049662783
0.9160024524831392
0.733292458614347
0.8335377069282649
0.7780502759043532
0.6471489883507051
0.7290006131207848
0.3528510116492949
0.9037400367872471
0.8583690987124464
0.8988350705088902
0.8016554261189455
0.6992642550582465
0.8592887798896383
0.8595953402820355
0.7559779276517474
0.7630288166768854
0.7792765174739423
0.8684855916615574
0.8353770692826487
0.8197424892703863
0.881361128142244
0.7872470876762723
0.818516247700797
0.8448804414469651
0.8004291845493562
0.6824034334763949
0.7709993868792152
0.6971183323114654
0.7486204782342122
0.7424892703862661
0.6213979153893316
0.7967504598405886
0.8053341508277131
0.7510729613733905
0.8654199877375843
0.7844880441446965
0.7081545064377682
0.6741263028816676
0.45401594114040467
0.8828939301042306
0.8405885959534029
0.6842427958307786
0.7394236664622931
0.7863274064990803
0.8939301042305334
0.7142857142857143
0.7274678111587983
0.8500919681177191
0.8933169834457388
0.7440220723482526
0.7988963825873697
0.9288779889638259
0.6710606989576947
0.7164316370324953
0.759656652360515
0.7001839362354384
0.911710606989577
0.8025751072961373
0.8270999386879215
0.8458001226241569
0.8859595340282036
0.7547516860821581
0.7182709993868792
0.84886572654813
0.897608828939301
0.6995708154506438
0.7976701410177806
0.8899448191293685
0.7256284488044145
0.9313304721030042
0.6998773758430411
0.7841814837522992
0.7400367872470877
0.8871857755977928
0.7449417535254446
0.8292458614347027
0.8957694665849172
0.7627222562844881
0.8025751072961373
0.8681790312691601
0.7001839362354384
0.826486817903127
0.8031882280809319
0.6802575107296137
0.7590435315757205
0.743408951563458
0.8893316983445739
0.8160637645616187
0.6928264868179032
0.9009809932556714
0.668301655426119
0.7424892703862661
0.8065603923973023
0.8010423053341508
0.7808093194359289
0.9144696505211527
0.8313917841814837
0.854996934396076
0.700797057020233
0.9068056407112202
0.726241569589209
0.7004904966278357
0.8746167995095033
0.8393623543838136
0.7194972409564684
0.7093807480073574
0.8933169834457388
0.9457388105456775
0.7863274064990803
0.7458614347026364
0.5702023298589822
0.8246474555487431
0.8292458614347027
0.82158185162477
0.8923973022685469
0.8424279583077866
0.9500306560392398
0.8148375229920294
0.8500919681177191
0.7480073574494175
0.8071735131820968
0.8129981606376456
0.703862660944206
0.8960760269773145
0.7541385652973636
0.7421827099938688
0.8810545677498467
0.7691600245248313
0.8044144696505211
0.9530962599632128
0.6686082158185163
0.8427345187001839
0.8479460453709381
0.7624156958920908
0.6419374616799509
0.8013488657265482
0.7216431637032495
0.6679950950337217
0.8865726548129982
0.8304721030042919
0.7360515021459227
0.5438381361128142
0.7112201103617413
0.7198038013488657
0.7725321888412017
0.7795830778663396
0.8534641324340895
0.7976701410177806
0.6603310852237891
0.8948497854077253
0.7854077253218884
0.7556713672593501
0.6676885346413244
0.9206008583690987
0.6949724095646842
0.5643776824034334
0.7998160637645616
0.7921520539546291
0.7449417535254446
0.8077866339668914
0.6732066217044758
0.7627222562844881
0.8645003065603925
0.7676272225628449
0.7296137339055794
0.7593500919681178
0.7066217044757818
0.8571428571428571
0.8491722869405273
0.9068056407112202
0.9166155732679337
0.8169834457388105
0.7709993868792152
0.7706928264868179
0.6897608828939301
0.776824034334764
0.700797057020233
0.7118332311465358
0.7746781115879828
0.8424279583077866
0.7664009809932557
0.9294911097486205
0.8700183936235438
0.8648068669527897
0.8792152053954629
0.6649294911097486
0.8507050889025138
0.8736971183323115
0.8920907418761496
0.8424279583077866
0.7998160637645616
0.8467198038013488
0.838749233599019
0.8828939301042306
0.8231146535867566
0.7069282648681791
0.878295524218271
0.8798283261802575
0.9006744328632741
0.6857755977927652
0.8543838136112815
0.7909258123850399
0.6866952789699571
0.8528510116492949
0.7924586143470264
0.6376456161863887
0.7277743715511956
0.6164929491109749
0.7627222562844881
0.897608828939301
0.7526057633353771
0.7679337829552422
0.753525444512569
0.8801348865726548
0.8629675045984059
0.84886572654813
0.6928264868179032
0.8405885959534029
0.8470263641937462
0.7409564684242795
0.9454322501532803
0.7998160637645616
0.8687921520539547
0.8485591661557327
0.8016554261189455
0.907725321888412
0.7213366033108523
0.799202942979767
0.7881667688534642
0.7716125076640098
0.6756591048436542
0.6633966891477621
0.6949724095646842
0.7424892703862661
0.7130594727161251
0.776824034334764
0.82158185162477
0.923973022685469
0.9411404046597179
0.73635806253832
0.7093807480073574
0.8326180257510729
0.7841814837522992
0.7970570202329859
0.8344573881054568
0.7369711833231146
0.9316370324954016
0.8083997547516861
0.8629675045984059
0.8439607602697732
0.8451870018393624
0.7142857142857143
0.9132434089515634
0.7191906805640711
0.7320662170447578
0.862047823421214
0.723175965665236
0.710913549969344
0.7375843041079092
0.7976701410177806
0.7360515021459227
0.8191293684855917
0.8102391171060699
0.6698344573881054
0.7023298589822194
0.6664622930717351
0.7452483139178419
0.7581238503985285
0.891477621091355
0.6698344573881054
0.6894543225015328
0.7501532801961986
0.73635806253832
0.8350705088902514
0.7357449417535254
0.8479460453709381
0.7881667688534642
0.8556100551808706
0.7188841201716738
0.8577559779276518
0.8988350705088902
0.740343347639485
0.8016554261189455
0.8960760269773145
0.8240343347639485
0.789086450030656
0.881361128142244
0.7369711833231146
0.7893930104230533
0.8442673206621705
0.8810545677498467
0.7415695892090742
0.8595953402820355
0.7351318209687309
0.7801961986511343
0.7461679950950337
0.7440220723482526
0.8099325567136726
0.7930717351318209
0.7878602084610669
0.7893930104230533
0.7099938687921521
0.7664009809932557
0.8485591661557327
0.8151440833844268
0.6594114040465971
0.8516247700797057
0.831698344573881
0.8270999386879215
0.9678111587982833
0.884426732066217
0.7099938687921521
0.7602697731453096
0.8065603923973023
0.7936848559166155
0.8096259963212753
0.7357449417535254
0.8859595340282036
0.6992642550582465
0.8927038626609443
0.8366033108522379
0.8157572041692214
0.7823421213979154
0.8044144696505211
0.683629675045984
0.8973022685469038
0.8221949724095647
0.6640098099325568
0.8602084610668301
0.8059472716125077
0.7725321888412017
0.6201716738197425
0.746474555487431
0.825567136725935
0.8482526057633354
0.8933169834457388
0.6928264868179032
0.7581238503985285
0.7786633966891477
0.9022072348252606
0.8645003065603925
0.9267320662170447
0.8887185775597792
0.8954629061925199
0.7949110974862048
0.6817903126916003
0.7519926425505825
0.9104843654199878
0.7473942366646229
0.7863274064990803
0.7979767014101778
0.7578172900061312
0.816370324954016
0.7869405272838749
0.6750459840588596
0.8632740649908032
0.8151440833844268
0.8614347026364194
0.7519926425505825
0.8077866339668914
0.7771305947271613
0.6897608828939301
0.6998773758430411
0.8243408951563458
0.7906192519926426
0.9120171673819742
0.641017780502759
0.8034947884733292
0.6722869405272839
0.6955855303494789
0.6949724095646842
0.7676272225628449
0.9555487431023911
0.7930717351318209
0.5634580012262416
0.8500919681177191
0.769773145309626
0.7339055793991416
0.7930717351318209
0.6949724095646842
0.8396689147762109
0.841814837522992
0.7225628448804414
0.6204782342121398
0.6143470263641937
0.7719190680564071
0.7587369711833231
0.7372777437155119
0.8059472716125077
0.693746167995095
0.7762109135499693
0.6778050275904353
0.8307786633966892
0.8874923359901901
0.8133047210300429
0.6275291232372777
0.5797057020232986
0.7967504598405886
0.7213366033108523
0.854996934396076
0.7470876762722256
0.8709380748007357
0.9438994481912937
0.7581238503985285
0.7857142857142857
0.8614347026364194
0.6909871244635193
0.8384426732066217
0.9153893316983446
0.6689147762109136
0.753525444512569
0.6419374616799509
0.8522378908645003
0.9773145309625997
0.8028816676885346
0.8994481912936848
0.6238503985285101
0.8982219497240956
0.7988963825873697
0.687614960147149
0.7179644389944819
0.7265481299816063
0.7127529123237277
0.8191293684855917
0.8592887798896383
0.8393623543838136
0.8442673206621705
0.8320049049662783
0.8923973022685469
0.8482526057633354
0.9230533415082771
0.8099325567136726
0.8936235438381361
0.8071735131820968
0.838749233599019
0.838749233599019
0.851931330472103
0.8133047210300429
0.811465358675659
0.8626609442060086
0.6456161863887185
0.816370324954016
0.8920907418761496
0.796137339055794
0.9273451870018393
0.7320662170447578
0.8816676885346413
0.8617412630288167
0.7572041692213366
0.6618638871857756
0.6538933169834458
0.7740649908031882
0.765787860208461
0.7912323727774372
0.7946045370938075
0.703862660944206
0.6952789699570815
0.7703862660944206
0.8243408951563458
0.9307173513182097
0.8160637645616187
0.7584304107909258
0.8151440833844268
0.7872470876762723
0.786020846106683
0.8188228080931944
0.9150827713059473
0.8034947884733292
0.7691600245248313
0.8313917841814837
0.8145309625996321
0.7725321888412017
0.8136112814224402
0.8338442673206622
0.8482526057633354
0.8531575720416922
0.7936848559166155
0.7575107296137339
0.6100551808706315
0.7743715511955855
0.7541385652973636
0.7234825260576333
0.29092581238503984
0.8663396689147762
0.9095646842427958
0.7673206621704476
0.8074800735744941
0.6152667075413857
0.6502145922746781
0.8890251379521765
0.7878602084610669
0.6851624770079706
0.8344573881054568
0.8359901900674432
0.9083384426732066
0.7090741876149601
0.7084610668301655
0.769773145309626
0.7771305947271613
0.9019006744328633
0.7152053954629062
0.7792765174739423
0.6575720416922134
0.7397302268546904
0.7106069895769467
0.766707541385653
0.8911710606989577
0.8936235438381361
0.8332311465358676
0.7244022072348253
0.7958307786633967
0.775904353157572
0.819435928877989
0.7044757817290006
0.6082158185162477
0.8160637645616187
0.8139178418148375
0.8933169834457388
0.8862660944206009
0.7906192519926426
0.7795830778663396
0.8525444512568976
0.7887798896382587
0.7293071735131821
0.6557326793378295
0.8378295524218271
0.6916002452483139
0.8154506437768241
0.8862660944206009
0.9466584917228694
0.7155119558553035
0.710913549969344
0.674432863274065
0.7057020232985898
0.8525444512568976
0.9043531575720417
0.8074800735744941
0.7939914163090128
0.8516247700797057
0.7556713672593501
0.9304107909258124
0.8629675045984059
0.7041692213366033
0.9012875536480687
0.7771305947271613
0.723175965665236
0.8083997547516861
0.7774371551195586
0.8819742489270386
0.8816676885346413
0.7814224402207235
0.6894543225015328
0.29429797670141017
0.812385039852851
0.6529736358062538
0.7817290006131208
0.7268546903740036
0.7253218884120172
0.5744941753525444
0.8270999386879215
0.8592887798896383
0.8292458614347027
0.9098712446351931
0.7357449417535254
0.6149601471489884
0.8841201716738197
0.8301655426118946
0.8366033108522379
0.7780502759043532
0.8028816676885346
0.8298589822194973
0.7630288166768854
0.7820355610055181
0.5744941753525444
0.7924586143470264
0.8927038626609443
0.8133047210300429
0.8841201716738197
0.8623543838136113
0.8503985285101165
0.8461066830165542
0.8313917841814837
0.7832618025751072
0.7988963825873697
0.8044144696505211
0.7826486817903127
0.6321275291232373
0.8439607602697732
0.8240343347639485
0.8436541998773759
0.6768853464132434
0.9114040465971797
0.7572041692213366
0.765787860208461
0.7872470876762723
0.7250153280196199
0.828632740649908
0.8402820355610056
0.677498467198038
0.3059472716125077
0.8350705088902514
0.6949724095646842
0.9218270999386879
0.8887185775597792
0.9083384426732066
0.8025751072961373
0.7489270386266095
0.7329858982219497
0.7964438994481913
0.6486817903126916
0.8899448191293685
0.8136112814224402
0.7388105456774985
0.8408951563458001
0.6790312691600245
0.8491722869405273
0.6793378295524218
0.8065603923973023
0.9086450030656039
0.7057020232985898
0.7654812998160637
0.8982219497240956
0.7409564684242795
0.7556713672593501
0.8117719190680565
0.7584304107909258
0.7866339668914776
0.8200490496627836
0.8013488657265482
0.8231146535867566
0.7504598405885959
0.8816676885346413
0.8031882280809319
0.625689760882894
0.8292458614347027
0.8595953402820355
0.8197424892703863
0.7801961986511343
0.851931330472103
0.4064990803188228
0.5683629675045984
0.773758430410791
0.8577559779276518
0.7247087676272226
0.7562844880441447
0.9000613120784795
0.8329245861434703
0.7452483139178419
0.5901287553648069
0.6269160024524831
0.7118332311465358
0.7976701410177806
0.7575107296137339
0.8133047210300429
0.7532188841201717
0.8556100551808706
0.7924586143470264
0.9037400367872471
0.8703249540159411
0.7946045370938075
0.71704475781729
0.8160637645616187
0.8209687308399755
0.7731453096259964
0.8899448191293685
0.3626609442060086
0.8599019006744328
0.7060085836909872
0.7293071735131821
0.8019619865113428
0.8206621704475782
0.9301042305334151
0.8773758430410791
0.7939914163090128
0.7219497240956468
0.9209074187614961
0.7455548743102391
0.7608828939301042
0.8013488657265482
0.8338442673206622
0.8602084610668301
0.8562231759656652
0.7783568362967505
0.8461066830165542
0.773758430410791
0.7832618025751072
0.8997547516860822
0.7903126916002452
0.835683629675046
0.8105456774984672
0.8884120171673819
0.7014101778050276
0.8182096873083997
0.7976701410177806
0.8868792152053955
0.8507050889025138
0.7611894543225015
0.7305334150827713
0.8320049049662783
0.7900061312078479
0.8764561618638872
0.7611894543225015
0.6882280809319435
0.5702023298589822
0.8684855916615574
0.7903126916002452
0.9055793991416309
0.6952789699570815
0.8041079092581238
0.7771305947271613
0.7461679950950337
0.7740649908031882
0.8614347026364194
0.7198038013488657
0.8047210300429185
0.8369098712446352
0.8933169834457388
0.816370324954016
0.7875536480686696
0.7415695892090742
0.7253218884120172
0.9264255058246474
0.7360515021459227
0.8019619865113428
0.786020846106683
0.7627222562844881
0.8261802575107297
0.8464132434089515
0.8461066830165542
0.7148988350705089
0.8595953402820355
0.6961986511342735
0.8304721030042919
0.7792765174739423
0.6725935009196812
0.6811771919068056
0.7942979767014102
0.8280196198651134
0.8065603923973023
0.8930104230533416
0.8102391171060699
0.8059472716125077
0.7495401594114041
0.8442673206621705
0.8243408951563458
0.7869405272838749
0.575107296137339
0.7854077253218884
0.7265481299816063
0.7670141017780503
0.8405885959534029
0.7415695892090742
0.7841814837522992
0.6919068056407113
0.819435928877989
0.8344573881054568
0.796137339055794
0.858982219497241
0.7936848559166155
0.7090741876149601
0.8166768853464133
0.9083384426732066
0.9368485591661557
0.7676272225628449
0.8608215818516247
0.7605763335377069
0.7682403433476395
0.7633353770692827
0.9086450030656039
0.6594114040465971
0.8369098712446352
0.8568362967504598
0.768853464132434
0.6922133660331086
0.864193746167995
0.7443286327406499
0.7967504598405886
0.7854077253218884
0.8795217657878602
0.8617412630288167
0.8500919681177191
0.6925199264255059
0.9316370324954016
0.8166768853464133
0.6707541385652973
0.7538320049049663
0.6848559166155732
0.8369098712446352
0.7541385652973636
0.9064990803188228
0.9552421827099938
0.7878602084610669
0.8592887798896383
0.7878602084610669
0.8703249540159411
0.7694665849172287
0.8246474555487431
0.6692213366033108
0.778969957081545
0.8424279583077866
0.7409564684242795
0.8553034947884733
0.7783568362967505
0.7222562844880441
0.9132434089515634
0.6183323114653587
0.7694665849172287
0.7786633966891477
0.3528510116492949
0.7317596566523605
0.8553034947884733
0.9187614960147149
0.7872470876762723
0.772838749233599
0.9160024524831392
0.9748620478234212
0.7713059472716125
0.8838136112814224
0.7372777437155119
0.35928877988963825
0.7814224402207235
0.6827099938687922
0.6548129981606376
0.8038013488657265
0.9552421827099938
0.6578786020846107
0.831698344573881
0.8510116492949111
0.789086450030656
0.881361128142244
0.8510116492949111
0.825567136725935
0.822501532801962
0.8773758430410791
0.8966891477621092
0.6866952789699571
0.7786633966891477
0.7915389331698345
0.851931330472103
0.7881667688534642
0.6094420600858369
0.881361128142244
0.7532188841201717
0.7955242182709994
0.8203556100551809
0.828632740649908
0.9132434089515634
0.9236664622930717
0.7973635806253832
0.8071735131820968
0.7461679950950337
0.8758430410790926
0.8261802575107297
0.9061925199264255
0.8632740649908032
0.7103004291845494
0.7053954629061925
0.756591048436542
0.8602084610668301
0.6992642550582465
0.6597179644389944
0.8930104230533416
0.13243408951563457
0.8335377069282649
0.9347026364193746
0.9331698344573881
0.8500919681177191
0.7041692213366033
0.6958920907418762
0.9166155732679337
0.91477621091355
0.8963825873697119
0.8421213979153893
0.8911710606989577
0.9120171673819742
0.9625996321275291
0.9181483752299203
0.8795217657878602
0.8010423053341508
0.9037400367872471
0.7599632127529123
0.778969957081545
0.8605150214592274
0.8402820355610056
0.8454935622317596
0.8951563458001226
0.7805027590435316
0.7556713672593501
0.8479460453709381
0.7835683629675047
0.8467198038013488
0.7090741876149601
0.7909258123850399
0.8930104230533416
0.7283874923359902
0.7808093194359289
0.5935009196811772
0.9334763948497854
0.7949110974862048
0.8540772532188842
0.6848559166155732
0.7780502759043532
0.7011036174126303
0.7614960147148988
0.7274678111587983
0.9426732066217045
0.17995095033721642
0.7219497240956468
0.7654812998160637
0.7127529123237277
0.8706315144083384
0.8528510116492949
0.8234212139791539
0.9144696505211527
0.773758430410791
0.8445738810545678
0.8776824034334764
0.8083997547516861
0.8083997547516861
0.7792765174739423
0.8151440833844268
0.7752912323727774
0.7939914163090128
0.7866339668914776
0.7415695892090742
0.811465358675659
0.7722256284488044
0.7409564684242795
0.7746781115879828
0.7415695892090742
0.8626609442060086
0.8034947884733292
0.8044144696505211
0.727161250766401
0.8546903740036788
0.8001226241569589
0.7427958307786634
0.6863887185775598
0.6756591048436542
0.8209687308399755
0.7550582464745554
0.437155119558553
0.7912323727774372
0.8277130594727161
0.7421827099938688
0.7004904966278357
0.7176578786020846
0.8568362967504598
0.8338442673206622
0.8877988963825874
0.8175965665236051
0.730226854690374
0.8580625383200491
0.7320662170447578
0.6863887185775598
0.7234825260576333
0.9448191293684856
0.740343347639485
0.773758430410791
0.8206621704475782
0.8326180257510729
0.7998160637645616
0.8835070508890251
0.6894543225015328
0.9261189454322502
0.7522992029429798
0.8111587982832618
0.6903740036787247
0.8684855916615574
0.7412630288166769
0.8099325567136726
0.7394236664622931
0.7578172900061312
0.7483139178418149
0.8154506437768241
0.8044144696505211
0.7645616186388718
0.7878602084610669
0.6839362354383813
0.7660944206008584
0.7142857142857143
0.8611281422440221
0.8206621704475782
0.7599632127529123
0.7274678111587983
0.7872470876762723
0.8439607602697732
0.8182096873083997
0.7572041692213366
0.8592887798896383
0.8715511955855304
0.8031882280809319
0.6143470263641937
0.8546903740036788
0.740343347639485
0.768853464132434
0.8019619865113428
0.7507664009809932
0.740343347639485
0.8697118332311465
0.7495401594114041
0.8068669527896996
0.901594114040466
0.7915389331698345
0.7237890864500307
0.7915389331698345
0.7624156958920908
0.6894543225015328
0.8071735131820968
0.6385652973635806
0.8546903740036788
0.7375843041079092
0.7664009809932557
0.9745554874310239
0.8221949724095647
0.7952176578786021
0.7734518700183937
0.7660944206008584
0.8592887798896383
0.7308399754751687
0.8832004904966279
0.8893316983445739
0.7029429797670141
0.8890251379521765
0.6201716738197425
0.734212139791539
0.7115266707541386
0.7283874923359902
0.7740649908031882
0.7431023911710607
0.8335377069282649
0.724095646842428
0.9022072348252606
0.5530349478847333
0.789086450030656
0.8304721030042919
0.6833231146535867
0.8623543838136113
0.9212139791538934
0.5944206008583691
0.851931330472103
0.7602697731453096
0.6266094420600858
0.7887798896382587
0.7198038013488657
0.812385039852851
0.7893930104230533
0.8571428571428571
0.7473942366646229
0.8948497854077253
0.7375843041079092
0.9138565297363581
0.8295524218271
0.8028816676885346
0.730226854690374
0.8320049049662783
0.7964438994481913
0.14224402207234826
0.864193746167995
0.8203556100551809
0.8203556100551809
0.7599632127529123
0.7679337829552422
0.7066217044757818
0.7397302268546904
0.8077866339668914
0.7906192519926426
0.7391171060698958
0.7467811158798283
0.8681790312691601
0.8289393010423053
0.8277130594727161
0.7713059472716125
0.7421827099938688
0.8267933782955242
0.8458001226241569
0.8740036787247087
0.7823421213979154
0.6060698957694666
0.9656652360515021
0.8129981606376456
0.7431023911710607
0.759656652360515
0.7995095033721643
0.8556100551808706
0.809319435928878
0.8261802575107297
0.8458001226241569
0.8044144696505211
0.806253832004905
0.8881054567749846
0.6646229307173513
0.8749233599019006
0.9206008583690987
0.8249540159411404
0.7136725935009197
0.8543838136112815
0.8053341508277131
0.825567136725935
0.8525444512568976
0.7369711833231146
0.8969957081545065
0.8108522378908645
0.7765174739423667
0.8629675045984059
0.7191906805640711
0.9110974862047824
0.768853464132434
0.6594114040465971
0.7351318209687309
0.7351318209687309
0.8016554261189455
0.8497854077253219
0.8126916002452483
0.8366033108522379
0.8359901900674432
0.9138565297363581
0.8957694665849172
0.8087063151440834
0.7063151440833845
0.615573267933783
0.9681177191906806
0.6051502145922747
0.6965052115266708
0.924892703862661
0.7550582464745554
0.7949110974862048
0.6778050275904353
0.8700183936235438
0.6152667075413857
0.8905579399141631
0.8930104230533416
0.894543225015328
0.8313917841814837
0.7587369711833231
0.7731453096259964
0.6630901287553648
0.7357449417535254
0.84886572654813
0.7783568362967505
0.7470876762722256
0.8369098712446352
0.9187614960147149
0.7939914163090128
0.8445738810545678
0.8525444512568976
0.9193746167995095
0.6824034334763949
0.8847332924586143
0.7431023911710607
0.8298589822194973
0.9064990803188228
0.7424892703862661
0.8923973022685469
0.7544451256897609
0.8454935622317596
0.8856529736358063
0.532495401594114
0.8041079092581238
0.7854077253218884
0.8044144696505211
0.8927038626609443
0.773758430410791
0.7578172900061312
0.6738197424892703
0.7529123237277744
0.0018393623543838135
0.8246474555487431
0.7458614347026364
0.7440220723482526
0.8013488657265482
0.7492335990190068
0.8384426732066217
0.26241569589209074
0.8212752912323728
0.7731453096259964
0.7933782955242182
0.8396689147762109
0.7483139178418149
0.8786020846106684
0.7746781115879828
0.7755977927651747
0.8182096873083997
0.7854077253218884
0.7900061312078479
0.6796443899448191
0.7477007970570202
0.6793378295524218
0.7605763335377069
0.8016554261189455
0.864193746167995
0.799202942979767
0.7228694052728387
0.6732066217044758
0.8188228080931944
0.8856529736358063
0.789086450030656
0.6692213366033108
0.8151440833844268
0.789086450030656
0.8838136112814224
0.7958307786633967
0.7412630288166769
0.8697118332311465
0.927958307786634
0.6474555487431024
0.8129981606376456
0.6652360515021459
0.875229920294298
0.7627222562844881
0.7731453096259964
0.7397302268546904
0.8102391171060699
0.8605150214592274
0.7725321888412017
0.7851011649294911
0.8562231759656652
0.8090128755364807
0.7805027590435316
