0.7979861548143486
0.8599748269351793
0.7882315921963499
0.7448080553807426
0.7432347388294525
0.7850849590937696
0.9084329767149151
0.8546255506607929
0.6828193832599119
0.7523599748269352
0.8222152297042165
0.8838892385147892
0.7932662051604783
0.7973568281938326
0.645059786028949
0.7910635619886721
0.6299559471365639
0.790434235368156
0.7429200755191945
0.8219005663939585
0.8624921334172435
0.8115166771554436
0.7740717432347388
0.894587791063562
0.7577092511013216
0.8596601636249214
0.6736941472624292
0.8665827564505979
0.8596601636249214
0.7954688483322845
0.8801132787916929
0.7460667086217747
0.7573945877910636
0.7822529893014475
0.7920075519194462
0.790434235368156
0.7070484581497798
0.7740717432347388
0.6850220264317181
0.3477029578351164
0.7334801762114538
0.8096286972938955
0.8086847073631215
0.8008181246066709
0.8193832599118943
0.7001258653241033
0.7809943360604154
0.7724984266834487
0.8517935808684708
0.7347388294524858
0.8432976714915041
0.86941472624292
0.26494650723725616
0.8539962240402769
0.6919446192573946
0.7655758338577722
0.7888609188168659
0.8250471994965387
0.8967904342353682
0.684392699811202
0.724040276903713
0.7599118942731278
0.9185022026431718
0.8310258023914412
0.8152926368785399
0.9011957205789805
0.7816236626809314
0.27658904971680304
0.8738200125865324
0.7580239144115796
0.7448080553807426
0.657016991818754
0.7979861548143486
0.7835116425424795
0.7951541850220264
0.9185022026431718
0.8926998112020138
0.8206419131529263
0.18344870988042794
0.7583385777218377
0.7728130899937067
0.8895531780994336
0.8225298930144745
0.8115166771554436
0.7473253618628068
0.8920704845814978
0.8593455003146633
0.7756450597860289
0.84235368156073
0.6733794839521712
0.619257394587791
0.2747010698552549
0.7835116425424795
0.7721837633731907
0.8259911894273128
0.2278162366268093
0.7076777847702957
0.763058527375708
0.9096916299559471
0.7781623662680931
0.8898678414096917
0.7580239144115796
0.7901195720578981
0.7876022655758339
0.8206419131529263
0.8086847073631215
0.9329767149150409
0.8061674008810573
0.8058527375707992
0.8691000629326621
0.7838263058527376
0.7605412208936438
0.76431718061674
0.5984896161107615
0.735997482693518
0.7045311516677155
0.8486469477658904
0.6787287602265576
0.789175582127124
0.749842668344871
0.7866582756450597
0.7680931403398363
0.8319697923222152
0.6431718061674009
0.8920704845814978
0.7404027690371303
0.0022026431718061676
0.6991818753933291
0.8184392699811202
0.9191315292636879
0.7743864065449969
0.8360604153555695
0.7460667086217747
0.8596601636249214
0.8602894902454373
0.7586532410320956
0.7073631214600378
0.8005034612964128
0.802391441157961
0.8917558212712398
0.7690371302706105
0.920704845814978
0.8713027061044682
0.8439269981120201
0.8152926368785399
0.7794210195091252
0.7926368785399622
0.8042794210195091
0.7218376337319069
0.775330396475771
0.7551919446192574
0.7586532410320956
0.8149779735682819
0.7750157331655129
0.8461296412838263
0.7706104468219006
0.7693517935808685
0.7636878539962241
0.815607300188798
0.7658904971680303
0.8904971680302077
0.9137822529893015
0.9310887350534928
0.6469477658904972
0.8086847073631215
0.8527375707992448
0.8074260541220893
0.6535556954059156
0.7341095028319697
0.5956576463184393
0.7290748898678414
0.7737570799244808
0.8184392699811202
0.868785399622404
0.8130899937067338
0.7086217747010699
0.7183763373190686
0.8653241032095658
0.685336689741976
0.7690371302706105
0.8341724354940214
0.776274386406545
0.7334801762114538
0.7983008181246066
0.7920075519194462
0.7013845185651353
0.8882945248584015
0.7781623662680931
0.7404027690371303
0.855254877281309
0.8697293895531781
0.6752674638137193
0.8640654499685336
0.7073631214600378
0.748898678414097
0.8108873505349277
0.7847702957835117
0.723410950283197
0.8646947765890497
0.7133417243549403
0.7432347388294525
0.7624292007551919
0.7712397734424166
0.3713027061044682
0.8971050975456262
0.855569540591567
0.9131529263687854
0.24040276903713026
0.7303335431088736
0.8127753303964758
0.7866582756450597
0.8558842039018251
0.829137822529893
0.775959723096287
0.8196979232221523
0.9524858401510384
0.8269351793580868
0.7960981749528006
0.8316551290119572
0.8722466960352423
0.7300188797986155
0.7186910006293267
0.2665198237885463
0.8879798615481435
0.710509754562618
0.7769037130270611
0.7992448080553808
0.34140969162995594
0.8001887979861548
0.7328508495909377
0.7016991818753934
0.78980490874764
0.7551919446192574
0.6903713027061045
0.71019509125236
0.7853996224040277
0.8599748269351793
0.9565764631843927
0.7857142857142857
0.8889238514789175
0.6642542479546885
0.7860289490245438
0.6661422278162367
0.8514789175582127
0.7429200755191945
0.7023285084959093
0.7265575833857773
0.7784770295783512
0.7441787287602265
0.8357457520453115
0.7665198237885462
0.8952171176840781
0.8904971680302077
0.8473882945248584
0.9244808055380742
0.8854625550660793
0.7866582756450597
0.8404657016991819
0.8049087476400252
0.8911264946507237
0.7268722466960352
0.7709251101321586
0.829137822529893
0.841724354940214
0.8662680931403398
0.7702957835116425
0.7322215229704216
0.92196349905601
0.7876022655758339
0.8033354310887351
0.6913152926368785
0.7249842668344871
0.7180616740088106
0.7353681560730019
0.3118313404657017
0.7970421648835746
0.8857772183763373
0.8926998112020138
0.7942101950912523
0.814663310258024
0.8269351793580868
0.814663310258024
0.9269981120201385
0.71019509125236
0.8256765261170548
0.841724354940214
0.8225298930144745
0.8451856513530522
0.9169288860918817
0.8835745752045312
0.9115796098174953
0.789490245437382
0.7473253618628068
0.6472624292007552
0.8656387665198237
0.868785399622404
0.8357457520453115
0.7202643171806168
0.7155443675267463
0.750157331655129
0.84235368156073
0.6847073631214601
0.1749528005034613
0.8477029578351164
0.6954059156702328
0.27721837633731905
0.7315921963499056
0.8656387665198237
0.7696664568911264
0.8130899937067338
0.7809943360604154
0.7781623662680931
0.8398363750786658
0.7407174323473883
0.8174952800503461
0.6872246696035242
0.830081812460667
0.8914411579609818
0.8001887979861548
0.3096286972938955
0.9216488357457521
0.6932032724984267
0.8247325361862807
0.3354310887350535
0.8662680931403398
0.7671491504090623
0.9266834487098804
0.7331655129011957
0.9156702328508496
0.8407803650094399
0.9037130270610447
0.7976714915040907
0.7872876022655758
0.8322844556324732
0.9147262429200755
0.9449339207048458
0.790434235368156
0.8691000629326621
0.8228445563247325
0.7769037130270611
0.7177470106985525
0.7476400251730648
0.8640654499685336
0.7938955317809944
0.6969792322215229
0.6862806796727502
0.7938955317809944
0.6966645689112649
0.7252989301447451
0.893643801132788
0.7800503461296413
0.814663310258024
0.7391441157960982
0.7287602265575834
0.76431718061674
0.777218376337319
0.6337319068596602
0.7731277533039648
0.7507866582756451
0.9364380113278792
0.854310887350535
0.9380113278791693
0.7061044682190056
0.723410950283197
0.7646318439269981
0.5239144115796098
0.8741346758967904
0.7652611705475142
0.8376337319068596
0.7061044682190056
0.7482693517935809
0.7168030207677785
0.7523599748269352
0.7879169288860919
0.9144115796098174
0.7514159848961611
0.684078036500944
0.8370044052863436
0.7117684078036501
0.8747640025173065
0.7718691000629326
0.8332284455632474
0.7989301447451227
0.7319068596601637
0.8241032095657647
0.7397734424166142
0.7831969792322215
0.8763373190685966
0.7312775330396476
0.881371932032725
0.8668974197608559
0.8486469477658904
0.7709251101321586
0.7709251101321586
0.7473253618628068
0.8426683448709881
0.5116425424795469
0.6887979861548144
0.7706104468219006
0.7451227186910007
0.724669603524229
0.8473882945248584
0.7193203272498426
0.6554436752674638
0.78980490874764
0.6633102580239144
0.6856513530522341
0.8514789175582127
0.7284455632473253
0.6809314033983638
0.7872876022655758
0.8228445563247325
0.7614852108244179
0.8341724354940214
0.7816236626809314
0.7523599748269352
0.6164254247954688
0.6812460667086218
0.8316551290119572
0.709565764631844
0.8181246066708622
0.8895531780994336
0.8662680931403398
0.7407174323473883
0.8137193203272498
0.8961611076148521
0.7451227186910007
0.8439269981120201
0.7970421648835746
0.711453744493392
0.7592825676526117
0.8514789175582127
0.881371932032725
0.6925739458779107
0.893643801132788
0.8206419131529263
0.7822529893014475
0.8546255506607929
0.7926368785399622
0.8049087476400252
0.8414096916299559
0.7473253618628068
0.8744493392070485
0.8467589679043424
0.8631214600377596
0.8382630585273757
0.8322844556324732
0.7221522970421649
0.8835745752045312
0.6661422278162367
0.710824417872876
0.6837633731906859
0.7699811202013845
0.8483322844556325
0.8118313404657017
0.6397105097545627
0.7702957835116425
0.7983008181246066
0.8011327879169289
0.7813089993706733
0.7051604782882316
0.8196979232221523
0.8436123348017621
0.7152297042164883
0.8665827564505979
0.802706104468219
0.8757079924480805
0.8794839521711768
0.8901825047199496
0.8857772183763373
0.737885462555066
0.7876022655758339
0.7724984266834487
0.7473253618628068
0.6935179358086847
0.855254877281309
0.8860918816865954
0.9131529263687854
0.7485840151038389
0.8099433606041535
0.8174952800503461
0.7655758338577722
0.8203272498426684
0.9411579609817495
0.7466960352422908
0.8568281938325991
0.7438640654499685
0.696349905601007
0.868470736312146
0.7970421648835746
0.8772813089993706
0.8580868470736313
0.8011327879169289
0.8014474512271869
0.8074260541220893
0.7290748898678414
0.8678414096916299
0.7133417243549403
0.9147262429200755
0.8272498426683449
0.7363121460037759
0.841724354940214
0.6774701069855255
0.7652611705475142
0.6044682190056639
0.7190056639395846
0.6998112020138452
0.7331655129011957
0.7533039647577092
0.6526117054751416
0.8193832599118943
0.8196979232221523
0.8061674008810573
0.6950912523599748
0.92196349905601
0.8193832599118943
0.7951541850220264
0.7051604782882316
0.7835116425424795
0.7410320956576463
0.8033354310887351
0.7470106985525488
0.7605412208936438
0.7809943360604154
0.8455003146633102
0.7407174323473883
0.7986154814348647
0.7841409691629956
0.7007551919446192
0.7797356828193832
0.8071113908118314
0.7221522970421649
0.6261799874134676
0.7791063561988673
0.6913152926368785
0.7995594713656388
0.8612334801762115
0.8074260541220893
0.8033354310887351
0.8584015103838892
0.6425424795468848
0.8052234109502832
0.9150409062303335
0.6897419760855884
0.2394587791063562
0.8634361233480177
0.8086847073631215
0.7699811202013845
0.8882945248584015
0.7769037130270611
0.6875393329137822
0.8338577721837633
0.8634361233480177
0.8370044052863436
0.8920704845814978
0.7831969792322215
0.8341724354940214
0.7938955317809944
0.76431718061674
0.7426054122089364
0.7334801762114538
0.749842668344871
0.7438640654499685
0.8033354310887351
0.7230962869729389
0.8691000629326621
0.868785399622404
0.8215859030837004
0.81686595342983
0.8716173694147262
0.6507237256135935
0.7287602265575834
0.6353052234109503
0.8209565764631844
0.8319697923222152
0.696349905601007
0.7284455632473253
0.7602265575833858
0.8219005663939585
0.7444933920704846
0.8892385147891756
0.8335431088735054
0.7293895531780994
0.7803650094398993
0.6922592825676526
0.7536186280679673
0.8609188168659534
0.8772813089993706
0.7677784770295784
0.8930144745122719
0.881686595342983
0.7819383259911894
0.8121460037759597
0.7422907488986784
0.8307111390811831
0.8105726872246696
0.7586532410320956
0.6607929515418502
0.6780994336060415
0.21428571428571427
0.6916299559471366
0.7555066079295154
0.867526746381372
0.7775330396475771
0.7709251101321586
0.8209565764631844
0.7016991818753934
0.86941472624292
0.7319068596601637
0.6944619257394588
0.7278162366268093
0.8259911894273128
0.8130899937067338
0.8889238514789175
0.8332284455632474
0.7794210195091252
0.7004405286343612
0.8426683448709881
0.6878539962240403
0.841095028319698
0.9024543738200126
0.6746381371932033
0.856198867212083
0.6686595342983008
0.6246066708621775
0.7872876022655758
0.7747010698552549
0.788546255506608
0.736626809314034
0.6544996853366898
0.8215859030837004
0.8700440528634361
0.7706104468219006
0.9122089364380114
0.8181246066708622
0.8646947765890497
0.8134046570169918
0.1803020767778477
0.8061674008810573
0.8096286972938955
0.7847702957835117
0.8193832599118943
0.6544996853366898
0.8190685966016362
0.8206419131529263
0.8083700440528634
0.7781623662680931
0.7451227186910007
0.763373190685966
0.7306482064191315
0.8697293895531781
0.7146003775959723
0.7341095028319697
0.8505349276274387
0.28760226557583385
0.8181246066708622
0.8064820641913153
0.7561359345500315
0.7624292007551919
0.8514789175582127
0.8193832599118943
0.8244178728760226
0.842039018250472
0.8039647577092511
0.8171806167400881
0.7275015733165513
0.8096286972938955
0.8134046570169918
0.8360604153555695
0.749842668344871
0.7070484581497798
0.8631214600377596
0.8225298930144745
0.7734424166142227
0.6891126494650723
0.7149150409062304
0.8196979232221523
0.7391441157960982
0.8892385147891756
0.6809314033983638
0.8530522341095028
0.8200125865324103
0.814663310258024
0.8045940843297672
0.7536186280679673
0.6513530522341096
0.711453744493392
0.7407174323473883
0.7769037130270611
0.8584015103838892
0.8527375707992448
0.8580868470736313
0.8285084959093769
0.7001258653241033
0.7992448080553808
0.8930144745122719
0.37319068596601634
0.7410320956576463
0.6293266205160478
0.8083700440528634
0.751101321585903
0.8640654499685336
0.777218376337319
0.7687224669603524
0.6897419760855884
0.7690371302706105
0.7190056639395846
0.8892385147891756
0.7734424166142227
0.8294524858401511
0.7781623662680931
0.8713027061044682
0.7542479546884833
0.8140339836375079
0.6862806796727502
0.6884833228445564
0.6985525487728131
0.6227186910006294
0.7954688483322845
0.617369414726243
0.7690371302706105
0.6148521082441787
0.9144115796098174
0.7208936438011327
0.2533039647577093
0.7256135934550031
0.763373190685966
0.6950912523599748
0.7400881057268722
0.8602894902454373
0.8363750786658276
0.8086847073631215
0.8744493392070485
0.7599118942731278
0.8055380742605412
0.763058527375708
0.7693517935808685
0.829137822529893
0.7624292007551919
0.8467589679043424
0.6651982378854625
0.7696664568911264
0.8621774701069855
0.81686595342983
0.8360604153555695
0.7438640654499685
0.7212083071113908
0.8643801132787917
0.7444933920704846
0.7602265575833858
0.8574575204531152
0.842983008181246
0.8187539332913782
0.7507866582756451
0.7970421648835746
0.2356828193832599
0.803650094398993
0.9027690371302706
0.8096286972938955
0.777218376337319
0.8096286972938955
0.829137822529893
0.7920075519194462
0.7728130899937067
0.8546255506607929
0.6082441787287602
0.7728130899937067
0.7668344870988043
0.7605412208936438
0.8612334801762115
0.8961611076148521
0.7319068596601637
0.8889238514789175
0.867526746381372
0.6727501573316551
0.6614222781623663
0.7042164883574575
0.8134046570169918
0.7938955317809944
0.8162366268093141
0.6969792322215229
0.8769666456891126
0.8401510383889238
0.7158590308370044
0.27879169288860917
0.6692888609188169
0.7869729389553178
0.5899937067337948
0.7901195720578981
0.6777847702957835
0.7536186280679673
0.8014474512271869
0.8137193203272498
0.815607300188798
0.6692888609188169
0.7938955317809944
0.7806796727501574
0.7816236626809314
0.8788546255506607
0.8171806167400881
0.8436123348017621
0.7649465072372561
0.8052234109502832
0.8870358716173694
0.8313404657016992
0.8080553807426054
0.7608558842039018
0.0012586532410320957
0.8370044052863436
0.8121460037759597
0.31655129011957206
0.7913782252989301
0.7791063561988673
0.7998741346758967
0.7410320956576463
0.7828823159219634
0.27690371302706107
0.8952171176840781
0.7646318439269981
0.8477029578351164
0.7838263058527376
0.854940213971051
0.8719320327249843
0.7035871617369415
0.6463184392699811
0.764002517306482
0.6913152926368785
0.8228445563247325
0.8093140339836375
0.8986784140969163
0.8502202643171806
0.022970421648835747
0.7806796727501574
0.8149779735682819
0.8071113908118314
0.789490245437382
0.6047828823159219
0.8835745752045312
0.9112649465072372
0.8722466960352423
0.8961611076148521
0.7523599748269352
0.7341095028319697
0.8492762743864065
0.8838892385147892
0.7787916928886092
0.6919446192573946
0.7454373820012586
0.8873505349276274
0.81686595342983
0.8140339836375079
0.7693517935808685
0.8760226557583386
0.7457520453115167
0.8495909376966646
0.86941472624292
0.68313404657017
0.8055380742605412
0.7444933920704846
0.8080553807426054
0.790434235368156
0.6629955947136564
0.6821900566393958
0.7976714915040907
0.8096286972938955
0.7485840151038389
0.8867212083071114
0.6991818753933291
0.775330396475771
0.8329137822529893
0.6784140969162996
0.7954688483322845
0.7149150409062304
0.830081812460667
0.790434235368156
0.735997482693518
0.855254877281309
0.8118313404657017
0.8285084959093769
0.8363750786658276
0.28917558212712396
0.9348646947765891
0.7363121460037759
0.6812460667086218
0.7334801762114538
0.7778477029578351
0.8889238514789175
0.7872876022655758
0.7504719949653871
0.8832599118942731
0.880427942101951
0.7168030207677785
0.7057898049087477
0.7079924480805538
0.7724984266834487
0.7605412208936438
0.7466960352422908
0.2473253618628068
0.8341724354940214
0.8930144745122719
0.7174323473882945
0.7564505978602895
0.31938325991189426
0.8130899937067338
0.7970421648835746
0.8222152297042165
0.7057898049087477
0.7529893014474512
0.7492133417243549
0.8011327879169289
0.7303335431088736
0.6724354940213971
0.7599118942731278
0.736941472624292
0.6790434235368156
0.6648835745752045
0.8873505349276274
0.8014474512271869
0.775959723096287
0.7709251101321586
0.7910635619886721
0.8181246066708622
0.8426683448709881
0.8209565764631844
0.6463184392699811
0.8108873505349277
0.6371932032724984
0.7271869100062933
0.8093140339836375
0.76431718061674
0.7567652611705475
0.8832599118942731
0.7520453115166772
0.6887979861548144
0.7473253618628068
0.8228445563247325
0.7470106985525488
0.8244178728760226
0.7086217747010699
0.7680931403398363
0.7920075519194462
0.7929515418502202
0.7564505978602895
0.6689741976085588
0.7970421648835746
0.7287602265575834
0.7728130899937067
0.7602265575833858
0.8005034612964128
0.7243549402139711
0.6604782882315922
0.8426683448709881
0.7564505978602895
0.8439269981120201
0.7747010698552549
0.9049716803020768
0.827879169288861
0.8741346758967904
0.9147262429200755
0.9062303335431089
0.8952171176840781
0.7853996224040277
0.8344870988042794
0.8058527375707992
0.8108873505349277
0.8835745752045312
0.8049087476400252
0.8448709880427943
0.710824417872876
0.908747640025173
0.7976714915040907
0.882630585273757
0.7029578351164254
0.4056010069225928
0.8473882945248584
0.6916299559471366
0.8820012586532411
0.8505349276274387
0.8137193203272498
0.8011327879169289
0.8631214600377596
0.8105726872246696
0.8832599118942731
0.7542479546884833
0.8426683448709881
0.828823159219635
0.881371932032725
0.7992448080553808
0.7948395217117684
0.8901825047199496
0.7668344870988043
0.8797986154814349
0.7262429200755192
0.8631214600377596
0.8112020138451856
0.8445563247325362
0.7926368785399622
0.7693517935808685
0.6903713027061045
0.9122089364380114
0.8001887979861548
0.8212712397734424
0.8187539332913782
0.698237885462555
0.7986154814348647
0.7337948395217118
0.1749528005034613
0.8222152297042165
0.7687224669603524
0.7850849590937696
0.7451227186910007
0.3892385147891756
0.7938955317809944
0.4524858401510384
0.802391441157961
0.7592825676526117
0.6400251730648207
0.8848332284455632
0.7945248584015104
0.867526746381372
0.7224669603524229
0.8653241032095658
0.9052863436123348
0.7520453115166772
0.856198867212083
0.8143486469477659
0.7007551919446192
0.7460667086217747
0.9197608558842039
0.7293895531780994
0.723725613593455
0.7803650094398993
0.8401510383889238
0.8127753303964758
0.882630585273757
0.7822529893014475
0.8722466960352423
0.7693517935808685
0.801762114537445
0.7451227186910007
0.9011957205789805
0.7989301447451227
0.4572057898049087
0.8011327879169289
0.1592196349905601
0.6960352422907489
0.815607300188798
0.7174323473882945
0.6815607300188798
0.7923222152297043
0.8917558212712398
0.7196349905601007
0.7784770295783512
0.670862177470107
0.73568281938326
0.6274386406544997
0.7910635619886721
0.8247325361862807
0.37319068596601634
0.8772813089993706
0.7583385777218377
0.8914411579609818
0.7202643171806168
0.7328508495909377
0.8879798615481435
0.631214600377596
0.8313404657016992
0.7514159848961611
0.8587161736941472
0.33354310887350536
0.7813089993706733
0.8395217117684078
0.6837633731906859
0.7010698552548773
0.5988042794210195
0.7306482064191315
0.7998741346758967
0.7174323473882945
0.9062303335431089
0.7460667086217747
0.8741346758967904
0.8325991189427313
0.6151667715544368
0.7438640654499685
0.6900566393958465
0.8895531780994336
0.8451856513530522
0.7161736941472624
0.8942731277533039
0.7111390811831341
0.8917558212712398
0.9257394587791064
0.9162995594713657
0.6825047199496539
0.7032724984266835
0.7696664568911264
0.6752674638137193
0.907803650094399
0.8130899937067338
0.777218376337319
0.7350534927627439
0.7287602265575834
0.8530522341095028
0.8193832599118943
0.619257394587791
0.8344870988042794
0.723725613593455
0.6381371932032724
0.908747640025173
0.8108873505349277
0.9037130270610447
0.7422907488986784
0.1803020767778477
0.8058527375707992
0.7476400251730648
0.7803650094398993
0.7479546884833228
0.3980490874764003
0.8911264946507237
0.342668344870988
0.7350534927627439
0.6828193832599119
0.7841409691629956
0.6881686595342983
0.775330396475771
0.7013845185651353
0.7083071113908118
0.828823159219635
0.6208307111390812
0.8930144745122719
0.7205789804908748
0.7120830711139081
0.0025173064820641915
0.710824417872876
0.539332913782253
0.7828823159219634
0.6834487098804279
0.7879169288860919
0.8222152297042165
0.749842668344871
0.8363750786658276
0.829137822529893
0.8285084959093769
0.8351164254247955
0.8901825047199496
0.7545626179987414
0.5890497168030208
0.7967275015733165
0.7693517935808685
0.7463813719320327
0.790434235368156
0.8011327879169289
0.9427312775330396
0.7728130899937067
0.7671491504090623
0.8203272498426684
0.7879169288860919
0.8624921334172435
0.882630585273757
0.7070484581497798
0.672120830711139
0.9172435494021397
0.880427942101951
0.7835116425424795
0.7781623662680931
0.7702957835116425
0.7750157331655129
0.8524229074889867
0.7161736941472624
0.8219005663939585
0.7658904971680303
0.8307111390811831
0.8517935808684708
0.735997482693518
0.8071113908118314
0.8089993706733795
0.46633102580239144
0.8338577721837633
0.7482693517935809
0.8933291378225299
0.8407803650094399
0.710824417872876
0.20956576463184393
0.6994965387035872
0.7983008181246066
0.7520453115166772
0.8388923851478918
0.9235368156073002
0.7599118942731278
0.6718061674008811
0.7869729389553178
0.8285084959093769
0.9364380113278792
0.7983008181246066
0.6925739458779107
0.7404027690371303
0.8920704845814978
0.316236626809314
0.7813089993706733
0.7724984266834487
0.2712397734424166
0.8269351793580868
0.7781623662680931
0.8499056010069226
0.7180616740088106
0.8319697923222152
0.8738200125865324
0.9084329767149151
0.71019509125236
0.7249842668344871
0.7278162366268093
0.8030207677784771
0.6519823788546255
0.7835116425424795
0.68313404657017
0.7690371302706105
0.7668344870988043
0.8879798615481435
0.8904971680302077
0.775959723096287
0.7794210195091252
0.748898678414097
0.3118313404657017
0.8190685966016362
0.7809943360604154
0.8964757709251101
0.8058527375707992
0.7652611705475142
0.8064820641913153
0.9093769666456891
0.7787916928886092
0.4128382630585274
0.6538703587161737
0.7787916928886092
0.7470106985525488
0.7929515418502202
0.8741346758967904
0.7709251101321586
0.7747010698552549
0.9285714285714286
0.9005663939584645
0.7920075519194462
0.8656387665198237
0.842039018250472
0.8492762743864065
0.8376337319068596
0.8989930774071743
0.7970421648835746
0.801762114537445
0.8511642542479547
0.7312775330396476
0.8442416614222782
0.7064191315292637
0.8281938325991189
0.7252989301447451
0.8558842039018251
0.8961611076148521
0.8738200125865324
0.855254877281309
0.8977344241661422
0.7923222152297043
0.8499056010069226
0.8121460037759597
0.7954688483322845
0.7819383259911894
0.7492133417243549
0.7375707992448081
0.8338577721837633
0.8303964757709251
0.7721837633731907
0.7448080553807426
0.6233480176211453
0.8939584644430459
0.815607300188798
0.8152926368785399
0.7306482064191315
0.8640654499685336
0.84235368156073
0.9235368156073002
0.315921963499056
0.7998741346758967
0.7426054122089364
0.8297671491504091
0.8580868470736313
0.8842039018250472
0.7954688483322845
0.854940213971051
0.68313404657017
0.8735053492762744
0.8105726872246696
0.7127123977344242
0.8294524858401511
0.7479546884833228
0.6887979861548144
0.7350534927627439
0.7146003775959723
0.5254877281309
0.7702957835116425
0.7995594713656388
0.7517306482064191
0.7699811202013845
0.828823159219635
0.8033354310887351
0.7205789804908748
0.882630585273757
0.7073631214600378
0.7492133417243549
0.7492133417243549
0.7482693517935809
0.8470736312146003
0.7907488986784141
0.7787916928886092
0.8933291378225299
0.7828823159219634
0.6944619257394588
0.7152297042164883
0.8706733794839522
0.9015103838892385
0.6988672120830711
0.6390811831340466
0.7454373820012586
0.7193203272498426
0.7750157331655129
0.8099433606041535
0.7910635619886721
0.46507237256135936
0.8797986154814349
0.8590308370044053
0.7252989301447451
0.7828823159219634
0.7876022655758339
0.7249842668344871
0.8030207677784771
0.736626809314034
0.8067967275015733
0.8656387665198237
0.7907488986784141
0.591881686595343
0.8105726872246696
0.827879169288861
0.8678414096916299
0.8587161736941472
0.8269351793580868
0.7979861548143486
0.8193832599118943
0.8285084959093769
0.8445563247325362
0.9383259911894273
0.788546255506608
0.68313404657017
0.9043423536815607
0.7466960352422908
0.7042164883574575
0.8395217117684078
0.763373190685966
0.8108873505349277
0.9191315292636879
0.8596601636249214
0.8933291378225299
0.9247954688483323
0.8112020138451856
0.3366897419760856
0.8898678414096917
0.6938325991189427
0.7224669603524229
0.776589049716803
0.8190685966016362
0.8502202643171806
0.7168030207677785
0.7256135934550031
0.8524229074889867
0.6872246696035242
0.6994965387035872
0.8898678414096917
0.7004405286343612
0.7699811202013845
0.86941472624292
0.8077407174323474
0.855254877281309
0.8511642542479547
0.8058527375707992
0.8237885462555066
0.8077407174323474
0.8108873505349277
0.709565764631844
0.802706104468219
0.7202643171806168
0.7970421648835746
0.7573945877910636
0.8067967275015733
0.8042794210195091
0.7938955317809944
0.7555066079295154
0.7473253618628068
0.8672120830711139
0.7687224669603524
0.33480176211453744
0.814663310258024
0.8923851478917558
0.750157331655129
0.697293895531781
0.7353681560730019
0.7860289490245438
0.7284455632473253
0.8486469477658904
0.8445563247325362
0.9090623033354311
0.8631214600377596
0.802706104468219
0.8294524858401511
0.8061674008810573
0.4540591567023285
0.723725613593455
0.7561359345500315
0.8127753303964758
0.7583385777218377
0.3086847073631215
0.8237885462555066
0.7435494021397105
0.6869100062932662
0.7523599748269352
0.8461296412838263
0.8344870988042794
0.7624292007551919
0.7419760855884204
0.9115796098174953
0.8363750786658276
0.8829452485840151
0.8335431088735054
0.645689112649465
0.8407803650094399
0.6500943989930774
0.7328508495909377
0.7265575833857773
0.7539332913782253
0.5896790434235368
0.7853996224040277
0.6925739458779107
0.8231592196349906
0.6887979861548144
0.8307111390811831
0.8898678414096917
0.7168030207677785
0.6957205789804909
0.8064820641913153
0.8395217117684078
0.7728130899937067
0.7992448080553808
0.7986154814348647
0.8401510383889238
0.3049087476400252
0.33794839521711767
0.7079924480805538
0.7948395217117684
0.880427942101951
0.8388923851478918
0.696349905601007
0.7942101950912523
0.6913152926368785
0.7350534927627439
0.8275645059786029
0.8052234109502832
0.882630585273757
0.23316551290119572
0.7838263058527376
0.7646318439269981
0.7331655129011957
0.8414096916299559
0.8064820641913153
0.71019509125236
0.8215859030837004
0.8052234109502832
0.802391441157961
0.7309628697293895
0.815607300188798
0.8357457520453115
0.7687224669603524
0.8121460037759597
0.7180616740088106
0.8064820641913153
0.7476400251730648
0.3971050975456262
0.815607300188798
0.8606041535556954
0.9229074889867841
0.7835116425424795
0.737885462555066
0.790434235368156
0.7573945877910636
0.8115166771554436
0.7290748898678414
0.8911264946507237
0.7555066079295154
0.7888609188168659
0.8939584644430459
0.6771554436752675
0.776274386406545
0.8253618628067967
0.7617998741346759
0.7404027690371303
0.8930144745122719
0.8108873505349277
0.867526746381372
0.8993077407174324
0.7205789804908748
0.7262429200755192
0.9115796098174953
0.7929515418502202
0.8077407174323474
0.7979861548143486
0.7363121460037759
0.8747640025173065
0.8152926368785399
0.7794210195091252
0.8782252989301448
0.8584015103838892
0.8392070484581498
0.6730648206419132
0.6825047199496539
0.8854625550660793
0.6994965387035872
0.7331655129011957
0.8886091881686595
0.8011327879169289
0.7388294524858402
0.606356198867212
0.8165512901195721
0.7032724984266835
0.7992448080553808
0.657960981749528
0.5767778477029578
0.6381371932032724
0.7850849590937696
0.8089993706733795
0.7847702957835117
0.8099433606041535
0.830081812460667
0.854940213971051
0.7844556324732537
0.8064820641913153
0.8196979232221523
0.8325991189427313
0.7794210195091252
0.73568281938326
0.8606041535556954
0.7740717432347388
0.8241032095657647
0.7998741346758967
0.8071113908118314
0.7473253618628068
0.8926998112020138
0.8480176211453745
0.7674638137193204
0.788546255506608
0.7202643171806168
0.7951541850220264
0.7070484581497798
0.7061044682190056
0.7658904971680303
0.7938955317809944
0.7454373820012586
0.7989301447451227
0.9298300818124606
0.8366897419760856
0.31718061674008813
0.9100062932662052
0.8455003146633102
0.8259911894273128
0.8467589679043424
0.9100062932662052
0.8914411579609818
0.6856513530522341
0.8451856513530522
0.8020767778477029
0.9008810572687225
0.6639395846444305
0.8920704845814978
0.8458149779735683
0.7278162366268093
0.7800503461296413
0.7791063561988673
0.7259282567652612
0.7319068596601637
0.829137822529893
0.8074260541220893
0.6567023285084959
0.777218376337319
0.7136563876651982
0.8628067967275016
0.7831969792322215
0.6510383889238515
0.7872876022655758
0.9336060415355569
0.8376337319068596
0.9002517306482064
0.8379483952171177
0.8483322844556325
0.7372561359345501
0.8414096916299559
0.8335431088735054
0.7658904971680303
0.8470736312146003
0.8678414096916299
0.736626809314034
0.8215859030837004
0.7391441157960982
0.8212712397734424
0.7504719949653871
0.6507237256135935
0.7492133417243549
0.8926998112020138
0.764002517306482
0.6988672120830711
0.8099433606041535
0.8637507866582756
0.8263058527375708
0.44745122718691
0.7457520453115167
0.8901825047199496
0.7973568281938326
0.7872876022655758
0.8049087476400252
0.7913782252989301
0.7822529893014475
0.6900566393958465
0.7023285084959093
0.7797356828193832
0.788546255506608
0.7734424166142227
0.7454373820012586
0.8049087476400252
0.815921963499056
0.7350534927627439
0.7901195720578981
0.8196979232221523
0.906859660163625
0.9534298300818125
0.7677784770295784
0.8303964757709251
0.8571428571428571
0.7536186280679673
0.8477029578351164
0.7617998741346759
0.7432347388294525
0.8045940843297672
0.7507866582756451
0.9021397105097546
0.8911264946507237
0.19572057898049086
0.8212712397734424
0.7174323473882945
0.6966645689112649
0.8130899937067338
0.9169288860918817
0.8801132787916929
0.8643801132787917
0.7942101950912523
0.827879169288861
0.7290748898678414
0.7309628697293895
0.7813089993706733
0.8190685966016362
0.7130270610446822
0.8190685966016362
0.9411579609817495
0.8130899937067338
0.7743864065449969
0.815921963499056
0.8911264946507237
0.7627438640654499
0.8083700440528634
0.7177470106985525
0.7942101950912523
0.7136563876651982
0.6859660163624921
0.8574575204531152
0.8914411579609818
0.8237885462555066
0.7164883574575205
0.7416614222781623
0.7734424166142227
0.8184392699811202
0.8222152297042165
0.8876651982378855
0.7973568281938326
0.7297042164883575
0.8313404657016992
0.7045311516677155
0.8923851478917558
0.8489616110761485
0.684078036500944
0.7259282567652612
0.9197608558842039
0.7677784770295784
0.8118313404657017
0.763058527375708
0.8395217117684078
0.855569540591567
0.7545626179987414
0.8237885462555066
0.7646318439269981
0.6856513530522341
0.7677784770295784
0.788546255506608
0.6743234738829452
0.8713027061044682
0.7407174323473883
0.8269351793580868
0.830081812460667
0.775330396475771
0.7979861548143486
0.7602265575833858
0.7001258653241033
0.7155443675267463
0.749842668344871
0.7809943360604154
0.8942731277533039
0.8033354310887351
0.7989301447451227
0.8209565764631844
0.6645689112649465
0.8124606670862178
0.7548772813089993
0.7117684078036501
0.8275645059786029
0.78980490874764
0.868785399622404
0.8967904342353682
0.0025173064820641915
0.8105726872246696
0.8854625550660793
0.7133417243549403
0.8442416614222782
0.7570799244808055
0.8725613593455003
0.7463813719320327
0.7413467589679044
0.6809314033983638
0.8379483952171177
0.802706104468219
0.8892385147891756
0.7319068596601637
0.8731906859660163
0.8055380742605412
0.8093140339836375
0.8596601636249214
0.7781623662680931
0.6777847702957835
0.6752674638137193
0.7256135934550031
0.6629955947136564
0.8539962240402769
0.7816236626809314
0.8511642542479547
0.9153555695405916
0.8105726872246696
0.8895531780994336
0.8612334801762115
0.8263058527375708
0.7337948395217118
0.8857772183763373
0.7888609188168659
0.7146003775959723
0.7687224669603524
0.8700440528634361
0.696349905601007
0.8064820641913153
0.9162995594713657
0.3241032095657646
0.7945248584015104
0.724040276903713
0.8568281938325991
0.8697293895531781
0.7876022655758339
0.8870358716173694
0.7715544367526747
0.8080553807426054
0.9166142227816236
0.8127753303964758
0.30459408432976715
0.6664568911264946
0.6692888609188169
0.7385147891755821
0.7570799244808055
0.762114537444934
0.7816236626809314
0.8196979232221523
0.8263058527375708
0.8212712397734424
0.8319697923222152
0.8766519823788547
0.8149779735682819
0.7901195720578981
0.8370044052863436
0.815607300188798
0.7079924480805538
0.8325991189427313
0.8165512901195721
0.8404657016991819
0.7828823159219634
0.8187539332913782
0.38137193203272496
0.8801132787916929
0.8700440528634361
0.7139710509754562
0.8196979232221523
0.7067337948395217
0.8640654499685336
0.7070484581497798
0.6935179358086847
0.6526117054751416
0.9181875393329137
0.8366897419760856
0.7872876022655758
0.7551919446192574
0.7252989301447451
0.828823159219635
0.7007551919446192
0.7819383259911894
0.3464443045940843
0.7831969792322215
0.7674638137193204
0.8719320327249843
0.8782252989301448
0.6098174952800504
0.7577092511013216
0.8955317809943361
0.6692888609188169
0.7957835116425425
0.8926998112020138
0.6025802391441158
0.7123977344241661
0.7841409691629956
0.7819383259911894
0.8845185651353052
0.7920075519194462
0.9254247954688484
0.8360604153555695
0.8930144745122719
0.7674638137193204
0.9049716803020768
0.7407174323473883
0.6170547514159849
0.842039018250472
0.8662680931403398
0.8691000629326621
0.7945248584015104
0.763373190685966
0.8980490874764002
0.7529893014474512
0.5846444304594084
0.8999370673379484
0.8281938325991189
0.7514159848961611
0.8436123348017621
0.7315921963499056
0.8203272498426684
0.8080553807426054
0.855254877281309
0.6856513530522341
0.7863436123348018
0.3618628067967275
0.4197608558842039
0.6617369414726243
0.8093140339836375
0.7806796727501574
0.6415984896161108
0.7608558842039018
0.7740717432347388
0.7051604782882316
0.8187539332913782
0.7441787287602265
0.71019509125236
0.8451856513530522
0.8077407174323474
0.8722466960352423
0.7926368785399622
0.41535556954059155
0.8313404657016992
0.8033354310887351
0.7995594713656388
0.8612334801762115
0.5075519194461926
0.8637507866582756
0.7300188797986155
0.8634361233480177
0.868156073001888
0.7879169288860919
0.8152926368785399
0.7438640654499685
0.6994965387035872
0.7120830711139081
0.8521082441787288
0.7130270610446822
0.6428571428571429
0.7747010698552549
0.8558842039018251
0.7687224669603524
0.7882315921963499
0.8961611076148521
0.8889238514789175
0.8228445563247325
0.8584015103838892
0.8769666456891126
0.7577092511013216
0.7555066079295154
0.7215229704216488
0.7344241661422278
0.8486469477658904
0.711453744493392
0.7007551919446192
0.7841409691629956
0.8370044052863436
0.7337948395217118
0.7658904971680303
0.65764631843927
0.7482693517935809
0.7841409691629956
0.7806796727501574
0.867526746381372
0.789490245437382
0.8911264946507237
0.7287602265575834
0.6991818753933291
0.8256765261170548
0.7794210195091252
0.8986784140969163
0.724669603524229
0.7740717432347388
0.7306482064191315
0.814663310258024
0.6969792322215229
0.920704845814978
0.7860289490245438
0.8650094398993078
0.8313404657016992
0.8014474512271869
0.7337948395217118
0.7492133417243549
0.8546255506607929
0.8140339836375079
0.8640654499685336
0.9269981120201385
0.8492762743864065
0.7394587791063562
0.7435494021397105
0.39269981120201386
0.8967904342353682
0.7564505978602895
0.49653870358716173
0.8121460037759597
0.7986154814348647
0.8609188168659534
0.8237885462555066
0.7252989301447451
0.7215229704216488
0.7825676526117055
0.8256765261170548
0.6784140969162996
0.8527375707992448
0.43769666456891126
0.6680302076777848
0.7740717432347388
0.7627438640654499
0.9191315292636879
0.8118313404657017
0.8228445563247325
0.7957835116425425
0.9515418502202643
0.6891126494650723
0.81686595342983
0.8093140339836375
0.7803650094398993
0.7932662051604783
0.7699811202013845
0.7879169288860919
0.8237885462555066
0.8137193203272498
0.7737570799244808
0.8077407174323474
0.8093140339836375
0.8008181246066709
0.7007551919446192
0.6799874134675897
0.8259911894273128
0.8442416614222782
0.6850220264317181
0.7624292007551919
0.8121460037759597
0.8731906859660163
0.7860289490245438
0.7117684078036501
0.6252359974826935
0.7684078036500944
0.7382001258653241
0.7243549402139711
0.7942101950912523
0.6686595342983008
0.854310887350535
0.8212712397734424
0.76431718061674
0.8137193203272498
0.855254877281309
0.827879169288861
0.3832599118942731
0.9191315292636879
0.7822529893014475
0.8067967275015733
0.8530522341095028
0.814663310258024
0.7684078036500944
0.8618628067967276
0.7482693517935809
0.724669603524229
0.7724984266834487
0.7636878539962241
0.8225298930144745
0.7910635619886721
0.0018879798615481435
0.8892385147891756
0.7146003775959723
0.7573945877910636
0.89490245437382
0.881686595342983
0.8983637507866583
0.76431718061674
0.6736941472624292
0.5865324103209566
0.8810572687224669
0.8316551290119572
0.7592825676526117
0.7432347388294525
0.8722466960352423
0.685336689741976
0.6884833228445564
0.8244178728760226
0.7485840151038389
0.7168030207677785
0.7479546884833228
0.933920704845815
0.8716173694147262
0.8008181246066709
0.8099433606041535
0.8505349276274387
0.7945248584015104
0.8193832599118943
0.8653241032095658
0.8234738829452486
0.6154814348646948
0.789490245437382
0.7929515418502202
0.7079924480805538
0.8829452485840151
0.7806796727501574
0.8344870988042794
0.7265575833857773
0.8058527375707992
0.7042164883574575
0.6799874134675897
0.7998741346758967
0.9524858401510384
0.35462555066079293
0.8011327879169289
0.8335431088735054
0.7797356828193832
0.9159848961611076
0.7470106985525488
0.7391441157960982
0.7979861548143486
0.8329137822529893
0.7797356828193832
0.4946507237256136
0.7048458149779736
0.8020767778477029
0.856198867212083
0.8499056010069226
0.8285084959093769
0.7495280050346129
0.908118313404657
0.7278162366268093
0.7687224669603524
0.7152297042164883
0.7869729389553178
0.8823159219634991
0.7605412208936438
0.7658904971680303
0.8215859030837004
0.7426054122089364
0.7570799244808055
0.7347388294524858
0.7951541850220264
0.7485840151038389
0.6696035242290749
0.8983637507866583
0.7526746381371932
0.7334801762114538
0.7910635619886721
0.9178728760226558
0.7970421648835746
0.856198867212083
0.7382001258653241
0.8285084959093769
0.8049087476400252
0.7520453115166772
0.7734424166142227
0.7935808684707363
0.8908118313404657
0.8344870988042794
0.8134046570169918
0.7146003775959723
0.8313404657016992
0.8212712397734424
0.7328508495909377
0.762114537444934
0.8763373190685966
0.7910635619886721
0.7353681560730019
0.6966645689112649
0.8480176211453745
0.8659534298300818
0.8020767778477029
0.7517306482064191
0.815607300188798
0.6847073631214601
0.8338577721837633
0.814663310258024
0.7319068596601637
0.7293895531780994
0.7193203272498426
0.7847702957835117
0.644745122718691
0.7410320956576463
0.7243549402139711
0.801762114537445
0.8772813089993706
0.617369414726243
0.8923851478917558
0.7149150409062304
0.81686595342983
0.6469477658904972
0.8521082441787288
0.8492762743864065
0.7230962869729389
0.8061674008810573
0.7838263058527376
0.7945248584015104
0.776589049716803
0.7558212712397735
0.8407803650094399
0.8077407174323474
0.764002517306482
0.8086847073631215
0.8473882945248584
0.9040276903713027
0.7916928886091882
0.8672120830711139
0.7451227186910007
0.8769666456891126
0.7476400251730648
0.7835116425424795
0.8791692888609188
0.7397734424166142
0.8152926368785399
0.8193832599118943
0.7942101950912523
0.8401510383889238
0.8615481434864695
0.763373190685966
0.737885462555066
0.7539332913782253
0.7564505978602895
0.8181246066708622
0.7171176840780366
0.8030207677784771
0.7460667086217747
0.7684078036500944
0.814663310258024
0.8348017621145375
0.8124606670862178
0.7048458149779736
0.8606041535556954
0.8615481434864695
0.6611076148521082
0.763058527375708
0.8049087476400252
0.7970421648835746
0.8904971680302077
0.7747010698552549
0.9477658904971681
0.7397734424166142
0.7473253618628068
0.7325361862806796
0.8335431088735054
0.868470736312146
0.6667715544367526
0.7419760855884204
0.7208936438011327
0.9244808055380742
0.7876022655758339
0.8889238514789175
0.7300188797986155
0.7857142857142857
0.7608558842039018
0.8933291378225299
0.8049087476400252
0.8215859030837004
0.8212712397734424
0.7869729389553178
0.7986154814348647
0.6998112020138452
0.8228445563247325
0.7020138451856514
0.7671491504090623
0.7212083071113908
0.7221522970421649
0.8061674008810573
0.7935808684707363
0.6771554436752675
0.8206419131529263
0.8322844556324732
0.8338577721837633
0.6994965387035872
0.8527375707992448
0.7413467589679044
0.9071743234738829
0.7388294524858402
0.8930144745122719
0.78980490874764
0.7293895531780994
0.868785399622404
0.7328508495909377
0.7857142857142857
0.7344241661422278
0.868785399622404
0.45531780994336063
0.9052863436123348
0.30333543108873506
0.880742605412209
0.8184392699811202
0.6513530522341096
0.8303964757709251
0.9033983637507866
0.7951541850220264
0.8011327879169289
0.748898678414097
0.8030207677784771
0.7825676526117055
0.7397734424166142
0.7152297042164883
0.8672120830711139
0.803650094398993
0.7800503461296413
0.8203272498426684
0.7517306482064191
0.7448080553807426
0.8735053492762744
0.18061674008810572
0.8105726872246696
0.8407803650094399
0.7929515418502202
0.8747640025173065
0.7429200755191945
0.7045311516677155
0.3700440528634361
0.7614852108244179
0.867526746381372
0.8052234109502832
0.9115796098174953
0.9056010069225928
0.86941472624292
0.8977344241661422
0.855254877281309
0.6932032724984267
0.7747010698552549
0.790434235368156
0.8835745752045312
0.7142857142857143
0.8105726872246696
0.7385147891755821
0.7879169288860919
0.6412838263058528
0.8898678414096917
0.7341095028319697
0.8407803650094399
0.8590308370044053
0.6246066708621775
0.9024543738200126
0.5865324103209566
0.9027690371302706
0.8263058527375708
0.7986154814348647
0.8152926368785399
0.7794210195091252
0.8001887979861548
0.7599118942731278
0.764002517306482
0.6359345500314664
0.7507866582756451
0.7391441157960982
0.7341095028319697
0.8448709880427943
0.8351164254247955
0.6415984896161108
0.6066708621774701
0.8307111390811831
0.7523599748269352
0.7778477029578351
0.8511642542479547
0.8149779735682819
0.7803650094398993
0.3486469477658905
0.788546255506608
0.7523599748269352
0.9103209565764632
0.749842668344871
0.7152297042164883
0.78980490874764
0.8810572687224669
0.566708621774701
0.7901195720578981
0.8461296412838263
0.8624921334172435
0.7853996224040277
0.7397734424166142
0.7127123977344242
0.7979861548143486
0.6847073631214601
0.868470736312146
0.8281938325991189
0.8898678414096917
0.777218376337319
0.8105726872246696
0.6834487098804279
0.7781623662680931
0.7130270610446822
0.6220893643801133
0.8392070484581498
0.8137193203272498
0.8993077407174324
0.8001887979861548
0.736626809314034
0.8174952800503461
0.8074260541220893
0.7706104468219006
0.8779106356198867
0.8920704845814978
0.8203272498426684
0.8206419131529263
0.7158590308370044
0.8643801132787917
0.8077407174323474
0.9090623033354311
0.8414096916299559
0.8231592196349906
0.788546255506608
0.8451856513530522
0.7419760855884204
0.8502202643171806
0.8313404657016992
0.19225928256765262
0.7067337948395217
0.7397734424166142
0.8045940843297672
0.8354310887350535
0.775959723096287
0.724040276903713
0.8316551290119572
0.8602894902454373
0.6472624292007552
0.7712397734424166
0.7699811202013845
0.8020767778477029
0.7828823159219634
0.8439269981120201
0.7913782252989301
0.934550031466331
0.8165512901195721
0.2806796727501573
0.7432347388294525
0.6252359974826935
0.7256135934550031
0.8634361233480177
0.8171806167400881
0.39836375078665825
0.802391441157961
0.7737570799244808
0.7831969792322215
0.8395217117684078
0.40213971050975456
0.7979861548143486
0.7888609188168659
0.6865953429830082
0.8606041535556954
0.41535556954059155
0.7492133417243549
0.7482693517935809
0.7205789804908748
0.775959723096287
0.8530522341095028
0.8580868470736313
0.8930144745122719
0.8602894902454373
0.7171176840780366
0.868785399622404
0.4024543738200126
0.7866582756450597
0.7111390811831341
0.27438640654499685
0.7463813719320327
0.9109502831969792
0.7476400251730648
0.9509125235997483
0.7278162366268093
0.63058527375708
0.7561359345500315
0.908747640025173
0.8568281938325991
0.5877910635619886
0.8986784140969163
0.882630585273757
0.6573316551290119
0.9263687853996224
0.8316551290119572
0.7731277533039648
0.777218376337319
0.710509754562618
0.790434235368156
0.7910635619886721
0.9005663939584645
0.7429200755191945
0.7070484581497798
0.698237885462555
0.7243549402139711
0.6466331025802391
0.7438640654499685
0.6887979861548144
0.7847702957835117
0.65764631843927
0.8448709880427943
0.7822529893014475
0.8634361233480177
0.8414096916299559
0.7750157331655129
0.790434235368156
0.7265575833857773
0.8624921334172435
0.7599118942731278
0.8241032095657647
0.6607929515418502
0.7734424166142227
0.7259282567652612
0.9225928256765261
0.854940213971051
0.814663310258024
0.7935808684707363
0.9065449968533669
0.8439269981120201
0.8112020138451856
0.9455632473253619
0.7592825676526117
0.7926368785399622
0.7769037130270611
0.92196349905601
0.7731277533039648
0.78980490874764
0.8882945248584015
0.789490245437382
0.7655758338577722
0.8215859030837004
0.7781623662680931
0.8014474512271869
0.827879169288861
0.8473882945248584
0.8244178728760226
0.7721837633731907
0.7363121460037759
0.6957205789804909
0.7278162366268093
0.8209565764631844
0.8193832599118943
0.8108873505349277
0.8137193203272498
0.8222152297042165
0.8643801132787917
0.7215229704216488
0.8395217117684078
0.7331655129011957
0.7278162366268093
0.6985525487728131
0.8678414096916299
0.8659534298300818
0.8719320327249843
0.7344241661422278
0.8162366268093141
0.830081812460667
0.7382001258653241
0.7325361862806796
0.7520453115166772
0.8511642542479547
0.7457520453115167
0.8612334801762115
0.7677784770295784
0.7831969792322215
0.8200125865324103
0.789490245437382
0.8303964757709251
0.7183763373190686
0.7624292007551919
0.7350534927627439
0.7533039647577092
0.7407174323473883
0.7482693517935809
0.7429200755191945
0.6954059156702328
0.17589679043423537
0.7938955317809944
0.7614852108244179
0.802391441157961
0.6554436752674638
0.7542479546884833
0.7954688483322845
0.8650094398993078
0.7583385777218377
0.8442416614222782
0.7555066079295154
0.880427942101951
0.7929515418502202
0.7224669603524229
0.7152297042164883
0.7876022655758339
0.9065449968533669
0.7293895531780994
0.763058527375708
0.8939584644430459
0.7976714915040907
0.7252989301447451
0.7813089993706733
0.8181246066708622
0.8615481434864695
0.7149150409062304
0.8489616110761485
0.7888609188168659
0.7331655129011957
0.8832599118942731
0.7831969792322215
0.6491504090623034
0.8628067967275016
0.894587791063562
0.827879169288861
0.8366897419760856
0.7026431718061674
0.7617998741346759
0.7410320956576463
0.8558842039018251
0.8665827564505979
0.697608558842039
0.8115166771554436
0.7819383259911894
0.8439269981120201
0.7986154814348647
0.8193832599118943
0.6740088105726872
0.8030207677784771
0.6117054751415985
0.86941472624292
0.7784770295783512
0.86941472624292
0.7995594713656388
0.7363121460037759
0.8889238514789175
0.8505349276274387
0.8130899937067338
0.7098804279421019
0.8747640025173065
0.7347388294524858
0.8266205160478288
0.7769037130270611
0.6733794839521712
0.7061044682190056
0.8917558212712398
0.7507866582756451
0.7268722466960352
0.6170547514159849
0.9153555695405916
0.8713027061044682
0.29798615481434865
0.9361233480176211
0.8568281938325991
0.697608558842039
0.6950912523599748
0.0022026431718061676
0.8020767778477029
0.8656387665198237
0.789490245437382
0.7932662051604783
0.8662680931403398
0.8127753303964758
0.9408432976714916
0.6736941472624292
0.8376337319068596
0.8325991189427313
0.7073631214600378
0.763058527375708
0.7992448080553808
0.7523599748269352
0.8791692888609188
0.7680931403398363
0.7444933920704846
0.8171806167400881
0.8332284455632474
0.8700440528634361
0.7592825676526117
0.7243549402139711
0.8480176211453745
0.7998741346758967
0.9074889867841409
0.8244178728760226
0.6906859660163625
0.7256135934550031
0.7945248584015104
0.7595972309628697
0.8253618628067967
0.6872246696035242
0.8961611076148521
0.8703587161736942
0.7400881057268722
0.6283826305852738
0.7221522970421649
0.7278162366268093
0.8920704845814978
0.7835116425424795
0.8464443045940844
0.9008810572687225
0.8766519823788547
0.7422907488986784
0.7293895531780994
0.8121460037759597
0.6859660163624921
0.7822529893014475
0.7948395217117684
0.7070484581497798
0.9056010069225928
0.8889238514789175
0.8637507866582756
0.8451856513530522
0.6702328508495909
0.8370044052863436
0.8470736312146003
0.7938955317809944
0.8596601636249214
0.8848332284455632
0.7284455632473253
0.8247325361862807
0.8775959723096287
0.8442416614222782
0.6850220264317181
0.8602894902454373
0.8753933291378225
0.6774701069855255
0.8713027061044682
0.7866582756450597
0.6463184392699811
0.8259911894273128
0.8854625550660793
0.8200125865324103
0.7608558842039018
0.8055380742605412
0.8338577721837633
0.7322215229704216
0.8357457520453115
0.8775959723096287
0.7479546884833228
0.8325991189427313
0.9279421019509125
0.8593455003146633
0.8398363750786658
0.9156702328508496
0.723410950283197
0.7825676526117055
0.8033354310887351
0.7297042164883575
0.7149150409062304
0.671176840780365
0.7684078036500944
0.7319068596601637
0.8030207677784771
0.9225928256765261
0.9295154185022027
0.750157331655129
0.711453744493392
0.7803650094398993
0.854940213971051
0.7536186280679673
0.9084329767149151
0.8247325361862807
0.8643801132787917
0.8272498426683449
0.7907488986784141
0.8640654499685336
0.7983008181246066
0.6850220264317181
0.8105726872246696
0.8662680931403398
0.7073631214600378
0.7168030207677785
0.8039647577092511
0.7853996224040277
0.7529893014474512
0.750157331655129
0.7545626179987414
0.8099433606041535
0.8049087476400252
0.7334801762114538
0.8499056010069226
0.7551919446192574
0.814663310258024
0.7218376337319069
0.8174952800503461
0.8854625550660793
0.7441787287602265
0.73568281938326
0.8105726872246696
0.8747640025173065
0.803650094398993
0.7035871617369415
0.8744493392070485
0.7983008181246066
0.763058527375708
0.7193203272498426
0.789175582127124
0.7841409691629956
0.801762114537445
0.8219005663939585
0.8432976714915041
0.9424166142227817
0.7098804279421019
0.3904971680302077
0.6006922592825676
0.8193832599118943
0.7130270610446822
0.8731906859660163
0.29798615481434865
0.880742605412209
0.776589049716803
0.8052234109502832
0.7281308999370674
0.8162366268093141
0.7073631214600378
0.8989930774071743
0.78980490874764
0.8108873505349277
0.8779106356198867
0.7611705475141598
0.777218376337319
0.7872876022655758
0.8404657016991819
0.8319697923222152
0.7624292007551919
0.723410950283197
0.8514789175582127
0.8810572687224669
0.7636878539962241
0.8904971680302077
0.6592196349905601
0.8011327879169289
0.6595342983008181
0.7092511013215859
0.868156073001888
0.7655758338577722
0.7573945877910636
0.7907488986784141
0.8008181246066709
0.8030207677784771
0.7117684078036501
0.5808684707363121
0.8483322844556325
0.8049087476400252
0.8388923851478918
0.7636878539962241
0.8140339836375079
0.7847702957835117
0.7507866582756451
0.78980490874764
0.6834487098804279
0.7813089993706733
0.7325361862806796
0.7573945877910636
0.7526746381371932
0.762114537444934
0.6573316551290119
0.9421019509125236
0.775959723096287
0.735997482693518
0.748898678414097
0.8461296412838263
0.7995594713656388
0.43832599118942733
0.7983008181246066
0.803650094398993
0.7010698552548773
0.7800503461296413
0.6689741976085588
0.6906859660163625
0.7693517935808685
0.7391441157960982
0.16268093140339837
0.8118313404657017
0.735997482693518
0.8744493392070485
0.7451227186910007
0.6793580868470737
0.788546255506608
0.7734424166142227
0.6645689112649465
0.42164883574575207
0.7583385777218377
0.7098804279421019
0.8527375707992448
0.8650094398993078
0.9266834487098804
0.8593455003146633
0.8738200125865324
0.8785399622404028
0.9049716803020768
0.7168030207677785
0.7592825676526117
0.6969792322215229
0.8602894902454373
0.9609817495280051
0.8351164254247955
0.7218376337319069
0.8801132787916929
0.68313404657017
0.724669603524229
0.7706104468219006
0.7042164883574575
0.8307111390811831
0.8637507866582756
0.815607300188798
0.8678414096916299
0.6472624292007552
0.9103209565764632
0.8244178728760226
0.8986784140969163
0.8011327879169289
0.8215859030837004
0.6073001887979862
0.8445563247325362
0.7835116425424795
0.7989301447451227
0.8461296412838263
0.8930144745122719
0.7967275015733165
0.7945248584015104
0.6743234738829452
0.6910006293266205
0.6862806796727502
0.8140339836375079
0.7926368785399622
0.7265575833857773
0.7482693517935809
0.9455632473253619
0.7300188797986155
0.8149779735682819
0.7407174323473883
0.7822529893014475
0.7778477029578351
0.7592825676526117
0.8134046570169918
0.9254247954688484
0.7743864065449969
0.7680931403398363
0.8665827564505979
0.7882315921963499
0.8373190685966017
0.8650094398993078
0.7819383259911894
0.7791063561988673
0.6544996853366898
0.7013845185651353
0.7466960352422908
0.8886091881686595
0.8426683448709881
0.7016991818753934
0.6812460667086218
0.8999370673379484
0.7275015733165513
0.8281938325991189
0.827879169288861
0.8980490874764002
0.7441787287602265
0.7400881057268722
0.7146003775959723
0.7797356828193832
0.8980490874764002
0.7555066079295154
0.7312775330396476
0.7608558842039018
0.4380113278791693
0.8640654499685336
0.8757079924480805
0.8521082441787288
0.8200125865324103
0.7284455632473253
0.7573945877910636
0.8001887979861548
0.6692888609188169
0.7514159848961611
0.8310258023914412
0.8414096916299559
0.8464443045940844
0.7646318439269981
0.7312775330396476
0.8662680931403398
0.7120830711139081
0.6847073631214601
0.7120830711139081
0.815921963499056
0.8231592196349906
0.8989930774071743
0.7605412208936438
0.8820012586532411
0.7426054122089364
0.8398363750786658
0.9049716803020768
0.8398363750786658
0.7747010698552549
0.7998741346758967
0.8835745752045312
0.6661422278162367
0.8533668974197609
0.7876022655758339
0.3508495909376967
0.8656387665198237
0.803650094398993
0.7548772813089993
0.7054751415984896
0.8646947765890497
0.7674638137193204
0.698237885462555
0.8228445563247325
0.7693517935808685
0.8668974197608559
0.6768407803650094
0.78980490874764
0.7249842668344871
0.7262429200755192
0.8281938325991189
0.7935808684707363
0.894587791063562
0.8171806167400881
0.6925739458779107
0.8294524858401511
0.7208936438011327
0.7791063561988673
0.7457520453115167
0.8332284455632474
0.7422907488986784
0.7057898049087477
0.7586532410320956
0.8407803650094399
0.882630585273757
0.8316551290119572
0.8388923851478918
0.8401510383889238
0.7989301447451227
0.8045940843297672
0.7819383259911894
0.7951541850220264
0.6724354940213971
0.8351164254247955
0.7794210195091252
0.6859660163624921
0.9128382630585273
0.8502202643171806
0.736941472624292
0.7841409691629956
0.789175582127124
0.7668344870988043
0.8329137822529893
0.8477029578351164
0.6573316551290119
0.6746381371932033
0.789490245437382
0.7507866582756451
0.9134675896790434
0.8483322844556325
0.8703587161736942
0.9008810572687225
0.7391441157960982
0.7693517935808685
0.8640654499685336
0.8108873505349277
0.7888609188168659
0.7268722466960352
0.7876022655758339
0.5519194461925739
0.8045940843297672
0.8917558212712398
0.7523599748269352
0.31718061674008813
0.8656387665198237
0.7822529893014475
0.7010698552548773
0.7828823159219634
0.7957835116425425
0.7671491504090623
0.7860289490245438
0.7592825676526117
0.8307111390811831
0.6504090623033354
0.8190685966016362
0.8196979232221523
0.7907488986784141
0.8127753303964758
0.7702957835116425
0.7945248584015104
0.7674638137193204
0.7687224669603524
0.7960981749528006
0.8297671491504091
0.7353681560730019
0.8964757709251101
0.7171176840780366
0.7177470106985525
0.8697293895531781
0.78980490874764
0.7139710509754562
0.6535556954059156
0.7655758338577722
0.8351164254247955
0.763058527375708
0.7347388294524858
0.8253618628067967
0.790434235368156
0.8653241032095658
0.8631214600377596
0.802391441157961
0.7284455632473253
0.7413467589679044
0.815607300188798
0.78980490874764
0.7573945877910636
0.8455003146633102
0.6683448709880428
0.7819383259911894
0.7989301447451227
0.9137822529893015
0.8568281938325991
0.8788546255506607
0.7422907488986784
0.9021397105097546
0.7152297042164883
0.6809314033983638
0.7479546884833228
0.7983008181246066
0.8477029578351164
0.6906859660163625
0.8590308370044053
0.7787916928886092
0.8152926368785399
0.86941472624292
0.882630585273757
0.73568281938326
0.8643801132787917
0.7706104468219006
0.868156073001888
0.8303964757709251
0.7218376337319069
0.7372561359345501
0.8366897419760856
0.8388923851478918
0.7076777847702957
0.8448709880427943
0.7819383259911894
0.8930144745122719
0.7646318439269981
0.6774701069855255
0.7803650094398993
0.8495909376966646
0.7067337948395217
0.775330396475771
0.8392070484581498
0.8225298930144745
0.8933291378225299
0.8209565764631844
0.8162366268093141
0.7605412208936438
0.7221522970421649
0.9011957205789805
0.7784770295783512
0.7161736941472624
0.7397734424166142
0.815921963499056
0.7482693517935809
0.8407803650094399
0.8055380742605412
0.6994965387035872
0.854940213971051
0.748898678414097
0.8181246066708622
0.6746381371932033
0.7441787287602265
0.7970421648835746
0.7592825676526117
0.78980490874764
0.8892385147891756
0.8108873505349277
0.8313404657016992
0.7857142857142857
0.7636878539962241
0.8713027061044682
0.8414096916299559
0.7910635619886721
0.7520453115166772
0.8222152297042165
0.8259911894273128
0.8536815607300189
0.6988672120830711
0.7935808684707363
0.7595972309628697
0.868470736312146
0.856198867212083
0.8011327879169289
0.7942101950912523
0.736941472624292
0.8791692888609188
0.9191315292636879
0.8083700440528634
0.815607300188798
0.8001887979861548
0.7520453115166772
0.6815607300188798
0.8499056010069226
0.8624921334172435
0.7278162366268093
0.7454373820012586
0.9320327249842668
0.7284455632473253
0.6998112020138452
0.8923851478917558
0.8517935808684708
0.8527375707992448
0.9134675896790434
0.724669603524229
0.9222781623662681
0.6910006293266205
0.7731277533039648
0.6784140969162996
0.8448709880427943
0.7155443675267463
0.8838892385147892
0.9436752674638137
0.7913782252989301
0.8719320327249843
0.7485840151038389
0.8077407174323474
0.737885462555066
0.8294524858401511
0.7756450597860289
0.8709880427942102
0.7951541850220264
0.8719320327249843
0.842983008181246
0.8517935808684708
0.7923222152297043
0.8448709880427943
0.7989301447451227
0.7728130899937067
0.8640654499685336
0.9628697293895532
0.7174323473882945
0.882630585273757
0.8785399622404028
0.7158590308370044
0.7869729389553178
0.827879169288861
0.8077407174323474
0.7249842668344871
0.8606041535556954
0.7573945877910636
0.9323473882945249
0.7951541850220264
0.8247325361862807
0.8653241032095658
0.8398363750786658
0.8801132787916929
0.8439269981120201
0.6595342983008181
0.8071113908118314
0.8310258023914412
0.43612334801762115
0.9062303335431089
0.8360604153555695
0.8974197608558842
0.38609188168659536
0.8967904342353682
0.7680931403398363
0.7086217747010699
0.8779106356198867
0.8269351793580868
0.8942731277533039
0.2523599748269352
0.7787916928886092
0.8281938325991189
0.6032095657646318
0.8889238514789175
0.7803650094398993
0.9128382630585273
0.841095028319698
0.6664568911264946
0.8952171176840781
0.8974197608558842
0.8505349276274387
0.8039647577092511
0.8414096916299559
0.7608558842039018
0.8678414096916299
0.9408432976714916
0.8744493392070485
0.8741346758967904
0.9128382630585273
0.6614222781623663
0.7482693517935809
0.8678414096916299
0.7831969792322215
0.8889238514789175
0.7599118942731278
0.8392070484581498
0.762114537444934
0.8162366268093141
0.8366897419760856
0.8174952800503461
0.8310258023914412
0.8772813089993706
0.8325991189427313
0.7275015733165513
0.9269981120201385
0.789175582127124
0.8631214600377596
0.697608558842039
0.7592825676526117
0.6947765890497168
0.7548772813089993
0.8269351793580868
0.9194461925739459
0.8058527375707992
0.8237885462555066
0.7215229704216488
0.8744493392070485
0.8250471994965387
0.802391441157961
0.8008181246066709
0.8769666456891126
0.7910635619886721
0.7797356828193832
0.735997482693518
0.8105726872246696
0.8102580239144116
0.8149779735682819
0.697608558842039
0.8080553807426054
0.7482693517935809
0.8225298930144745
0.7973568281938326
0.0018879798615481435
0.7463813719320327
0.8791692888609188
0.8322844556324732
0.6985525487728131
0.6916299559471366
0.7476400251730648
0.8152926368785399
0.7592825676526117
0.6884833228445564
0.7964128382630585
0.7451227186910007
0.6865953429830082
0.7646318439269981
0.8511642542479547
0.814663310258024
0.9056010069225928
0.8184392699811202
0.7426054122089364
0.8483322844556325
0.7526746381371932
0.6869100062932662
0.7054751415984896
0.9175582127123977
0.8064820641913153
0.8187539332913782
0.7800503461296413
0.2013845185651353
0.7054751415984896
0.8911264946507237
0.6812460667086218
0.8263058527375708
0.6950912523599748
0.8354310887350535
0.7325361862806796
0.8045940843297672
0.7476400251730648
0.8071113908118314
0.7662051604782882
0.7372561359345501
0.7838263058527376
0.33794839521711767
0.8064820641913153
0.7577092511013216
0.854310887350535
0.7916928886091882
0.7787916928886092
0.7429200755191945
0.8020767778477029
0.8335431088735054
0.8911264946507237
0.6957205789804909
0.7907488986784141
0.8281938325991189
0.6850220264317181
0.591881686595343
0.7073631214600378
0.7888609188168659
0.7306482064191315
0.8064820641913153
0.7964128382630585
0.8083700440528634
0.7533039647577092
0.6979232221522971
0.8332284455632474
0.697293895531781
0.8335431088735054
0.7300188797986155
0.7589679043423537
0.7347388294524858
0.9518565135305224
0.7520453115166772
0.7907488986784141
0.7913782252989301
0.7816236626809314
0.8530522341095028
0.7888609188168659
0.8609188168659534
0.7193203272498426
0.8914411579609818
0.6658275645059786
0.697608558842039
0.8533668974197609
0.7973568281938326
0.7407174323473883
0.8668974197608559
0.7825676526117055
0.814663310258024
0.7687224669603524
0.8187539332913782
0.8571428571428571
0.8999370673379484
0.8901825047199496
0.7825676526117055
0.6482064191315292
0.7624292007551919
0.776589049716803
0.7164883574575205
0.7791063561988673
0.7385147891755821
0.7385147891755821
0.8942731277533039
0.7983008181246066
0.8835745752045312
0.7737570799244808
0.7876022655758339
0.7967275015733165
0.8791692888609188
0.8112020138451856
0.8049087476400252
0.8511642542479547
0.724040276903713
0.7800503461296413
0.7548772813089993
0.7089364380113279
0.8130899937067338
0.8052234109502832
0.7948395217117684
0.8656387665198237
0.7671491504090623
0.763058527375708
0.30899937067337946
0.9490245437382001
0.7734424166142227
0.7718691000629326
0.8426683448709881
0.8486469477658904
0.8067967275015733
0.8889238514789175
0.8049087476400252
0.867526746381372
0.8174952800503461
0.6787287602265576
0.8357457520453115
0.868156073001888
0.7693517935808685
0.7020138451856514
0.8492762743864065
0.829137822529893
0.8174952800503461
0.7658904971680303
0.7139710509754562
0.8832599118942731
0.7910635619886721
0.6743234738829452
0.7677784770295784
0.8455003146633102
0.775330396475771
0.8209565764631844
0.7224669603524229
0.7901195720578981
0.8772813089993706
0.8977344241661422
0.8228445563247325
0.8370044052863436
0.7797356828193832
0.9512271869100063
0.6346758967904342
0.24638137193203272
0.89490245437382
0.722781623662681
0.7555066079295154
0.8241032095657647
0.5862177470106985
0.6677155443675268
0.8892385147891756
0.8546255506607929
0.7957835116425425
0.7507866582756451
0.670862177470107
0.7042164883574575
0.8322844556324732
0.7451227186910007
0.6944619257394588
0.736941472624292
0.8307111390811831
0.7287602265575834
0.8939584644430459
0.7183763373190686
0.697293895531781
0.802706104468219
0.9125235997482694
0.7344241661422278
0.8914411579609818
0.6916299559471366
0.6683448709880428
0.8093140339836375
0.7992448080553808
0.736941472624292
0.802391441157961
0.8854625550660793
0.8096286972938955
0.7740717432347388
0.7193203272498426
0.7989301447451227
0.7158590308370044
0.8127753303964758
0.7866582756450597
0.7800503461296413
0.803650094398993
0.9131529263687854
0.8149779735682819
0.8930144745122719
0.7709251101321586
0.8275645059786029
0.7482693517935809
0.8398363750786658
0.6252359974826935
0.7363121460037759
0.6428571428571429
0.7662051604782882
0.8127753303964758
0.7989301447451227
0.7857142857142857
0.7177470106985525
0.7668344870988043
0.7614852108244179
0.7583385777218377
0.8703587161736942
0.7734424166142227
0.737885462555066
0.8584015103838892
0.7876022655758339
0.7111390811831341
0.7901195720578981
0.7781623662680931
0.6176840780365009
0.8363750786658276
0.9263687853996224
0.631214600377596
0.7473253618628068
0.6774701069855255
0.8382630585273757
0.7470106985525488
0.7098804279421019
0.7847702957835117
0.6755821271239774
0.8225298930144745
0.7350534927627439
0.7287602265575834
0.8914411579609818
0.6828193832599119
