0.4838362068965517
0.8408764367816092
0.8505747126436781
0.875
0.8286637931034483
0.7363505747126436
0.7848419540229885
0.8383620689655172
0.9195402298850575
0.9227729885057471
0.6591235632183908
0.7442528735632183
0.6849856321839081
0.8635057471264368
0.9008620689655172
0.8290229885057471
0.8620689655172413
0.6795977011494253
0.7697557471264368
0.9015804597701149
0.7252155172413793
0.8232758620689655
0.8498563218390804
0.7367097701149425
0.8915229885057471
0.7891522988505747
0.9181034482758621
0.8297413793103449
0.8214798850574713
0.7848419540229885
0.7474856321839081
0.7395833333333334
0.9033764367816092
0.8135775862068966
0.8721264367816092
0.6551724137931034
0.8929597701149425
0.8969109195402298
0.8351293103448276
0.7966954022988506
0.8850574712643678
0.860632183908046
0.43570402298850575
0.8602729885057471
0.8035201149425287
0.7816091954022989
0.7772988505747126
0.7830459770114943
0.7503591954022989
0.6957614942528736
0.798132183908046
0.8908045977011494
0.8685344827586207
0.8624281609195402
0.7711925287356322
0.6005747126436781
0.8329741379310345
0.7974137931034483
0.8954741379310345
0.8092672413793104
0.860632183908046
0.8908045977011494
0.9037356321839081
0.7686781609195402
0.7065373563218391
0.7992097701149425
0.8218390804597702
0.8843390804597702
0.9155890804597702
0.7582614942528736
0.8121408045977011
0.7385057471264368
0.8114224137931034
0.9468390804597702
0.8573994252873564
0.913433908045977
0.9382183908045977
0.8045977011494253
0.9270833333333334
0.7744252873563219
0.7535919540229885
0.8563218390804598
0.7999281609195402
0.8114224137931034
0.8254310344827587
0.7816091954022989
0.920617816091954
0.8132183908045977
0.7130028735632183
0.8767959770114943
0.7629310344827587
0.7927442528735632
0.7126436781609196
0.8997844827586207
0.9087643678160919
0.735632183908046
0.8232758620689655
0.8462643678160919
0.8031609195402298
0.8983477011494253
0.8354885057471264
0.8477011494252874
0.819683908045977
0.766882183908046
0.7765804597701149
0.8322557471264368
0.7855603448275862
0.8265086206896551
0.7586206896551724
0.7916666666666666
0.7679597701149425
0.8336925287356322
0.6770833333333334
0.7931034482758621
0.9418103448275862
0.8139367816091954
0.9155890804597702
0.8670977011494253
0.8301005747126436
0.8484195402298851
0.8573994252873564
0.8940373563218391
0.8351293103448276
0.9522270114942529
0.7805316091954023
0.8182471264367817
0.9418103448275862
0.8397988505747126
0.7776580459770115
0.8936781609195402
0.8107040229885057
0.7532327586206896
0.7316810344827587
0.7076149425287356
0.8617097701149425
0.7855603448275862
0.8099856321839081
0.8085488505747126
0.6698994252873564
0.9385775862068966
0.7385057471264368
0.711566091954023
0.8477011494252874
0.7510775862068966
0.915948275862069
0.9619252873563219
0.8189655172413793
0.8376436781609196
0.7780172413793104
0.8879310344827587
0.8814655172413793
0.7869971264367817
0.78125
0.8922413793103449
0.8182471264367817
0.8142959770114943
0.915948275862069
0.7934626436781609
0.9608477011494253
0.9058908045977011
0.8886494252873564
0.8394396551724138
0.7755028735632183
0.7841235632183908
0.38038793103448276
0.7934626436781609
0.8045977011494253
0.8164511494252874
0.8236350574712644
0.9371408045977011
0.8318965517241379
0.8193247126436781
0.788433908045977
0.853448275862069
0.6505028735632183
0.8351293103448276
0.8951149425287356
0.9375
0.7180316091954023
0.9493534482758621
0.7385057471264368
0.8168103448275862
0.923132183908046
0.788433908045977
0.8951149425287356
0.8674568965517241
0.8117816091954023
0.850933908045977
0.6451149425287356
0.7557471264367817
0.8038793103448276
0.7711925287356322
0.7834051724137931
0.8362068965517241
0.8839798850574713
0.8297413793103449
0.7539511494252874
0.7471264367816092
0.8857758620689655
0.8092672413793104
0.8099856321839081
0.8516522988505747
0.8886494252873564
0.8254310344827587
0.771551724137931
0.8380028735632183
0.8275862068965517
0.7338362068965517
0.8972701149425287
0.9177442528735632
0.8275862068965517
0.8882902298850575
0.9012212643678161
0.8024425287356322
0.7298850574712644
0.8660201149425287
0.8236350574712644
0.7557471264367817
0.8024425287356322
0.8401580459770115
0.7273706896551724
0.853448275862069
0.7916666666666666
0.7780172413793104
0.8067528735632183
0.8380028735632183
0.8433908045977011
0.9019396551724138
0.8721264367816092
0.8904454022988506
0.9507902298850575
0.4892241379310345
0.7905890804597702
0.7485632183908046
0.8498563218390804
0.8354885057471264
0.5416666666666666
0.9216954022988506
0.8976293103448276
0.8232758620689655
0.8329741379310345
0.9640804597701149
0.8706896551724138
0.8160919540229885
0.850933908045977
0.896551724137931
0.8983477011494253
0.7823275862068966
0.7435344827586207
0.9102011494252874
0.8150143678160919
0.9195402298850575
0.7525143678160919
0.8336925287356322
0.7288074712643678
0.8315373563218391
0.8254310344827587
0.7622126436781609
0.7992097701149425
0.8336925287356322
0.47521551724137934
0.7873563218390804
0.8168103448275862
0.7252155172413793
0.6795977011494253
0.8599137931034483
0.8638649425287356
0.9777298850574713
0.7830459770114943
0.8200431034482759
0.4949712643678161
0.9102011494252874
0.4367816091954023
0.7780172413793104
0.8132183908045977
0.8872126436781609
0.7938218390804598
0.7873563218390804
0.7341954022988506
0.8512931034482759
0.8239942528735632
0.7834051724137931
0.7614942528735632
0.9030172413793104
0.7974137931034483
0.8954741379310345
0.8505747126436781
0.9371408045977011
0.9155890804597702
0.7999281609195402
0.8872126436781609
0.826867816091954
0.8311781609195402
0.6903735632183908
0.7345545977011494
0.7869971264367817
0.7719109195402298
0.8911637931034483
0.8663793103448276
0.8771551724137931
0.7507183908045977
0.826867816091954
0.6781609195402298
0.7733477011494253
0.8850574712643678
0.7744252873563219
0.8430316091954023
0.7837643678160919
0.7550287356321839
0.7834051724137931
0.7769396551724138
0.7676005747126436
0.6544540229885057
0.8225574712643678
0.954382183908046
0.9335488505747126
0.8160919540229885
0.8983477011494253
0.8505747126436781
0.9407327586206896
0.8746408045977011
0.8333333333333334
0.8419540229885057
0.9098419540229885
0.9407327586206896
0.923132183908046
0.9051724137931034
0.9515086206896551
0.7862787356321839
0.697198275862069
0.8696120689655172
0.7525143678160919
0.8850574712643678
0.8706896551724138
0.7819683908045977
0.7636494252873564
0.7855603448275862
0.8703304597701149
0.7819683908045977
0.8983477011494253
0.7553879310344828
0.492816091954023
0.8850574712643678
0.8297413793103449
0.8739224137931034
0.9105603448275862
0.8746408045977011
0.8329741379310345
0.802801724137931
0.7636494252873564
0.7201867816091954
0.8362068965517241
0.7794540229885057
0.8656609195402298
0.8204022988505747
0.7654454022988506
0.8301005747126436
0.8451867816091954
0.7905890804597702
0.8850574712643678
0.9515086206896551
0.7374281609195402
0.8020833333333334
0.7992097701149425
0.8800287356321839
0.9407327586206896
0.8405172413793104
0.8006465517241379
0.834051724137931
0.44719827586206895
0.8681752873563219
0.8056752873563219
0.8103448275862069
0.9292385057471264
0.7431752873563219
0.8164511494252874
0.9425287356321839
0.9008620689655172
0.9346264367816092
0.8250718390804598
0.826867816091954
0.8660201149425287
0.9558189655172413
0.8699712643678161
0.9626436781609196
0.8290229885057471
0.9015804597701149
0.9170258620689655
0.8024425287356322
0.8071120689655172
0.8006465517241379
0.7690373563218391
0.759698275862069
0.90625
0.8441091954022989
0.7701149425287356
0.663433908045977
0.47162356321839083
0.8362068965517241
0.7435344827586207
0.7464080459770115
0.9285201149425287
0.8577586206896551
0.7503591954022989
0.8635057471264368
0.8178879310344828
0.6986350574712644
0.7859195402298851
0.7970545977011494
0.9558189655172413
0.8958333333333334
0.9734195402298851
0.7183908045977011
0.7632902298850575
0.8462643678160919
0.8800287356321839
0.7701149425287356
0.834051724137931
0.7654454022988506
0.7916666666666666
0.9019396551724138
0.7862787356321839
0.8049568965517241
0.7273706896551724
0.764367816091954
0.7514367816091954
0.7273706896551724
0.8362068965517241
0.7388649425287356
0.7862787356321839
0.7988505747126436
0.9357040229885057
0.45977011494252873
0.7686781609195402
0.725933908045977
0.8301005747126436
0.9263649425287356
0.7834051724137931
0.8060344827586207
0.7237787356321839
0.8915229885057471
0.8081896551724138
0.7568247126436781
0.7431752873563219
0.9145114942528736
0.8394396551724138
0.867816091954023
0.8071120689655172
0.8153735632183908
0.7679597701149425
0.8566810344827587
0.7941810344827587
0.8771551724137931
0.8383620689655172
0.8660201149425287
0.8297413793103449
0.7941810344827587
0.858117816091954
0.7543103448275862
0.8121408045977011
0.7783764367816092
0.8006465517241379
0.889367816091954
0.7370689655172413
0.78125
0.8692528735632183
0.7859195402298851
0.7801724137931034
0.8570402298850575
0.7801724137931034
0.8060344827586207
0.7209051724137931
0.8969109195402298
0.7862787356321839
0.7507183908045977
0.7625718390804598
0.8459051724137931
0.9058908045977011
0.9403735632183908
0.7517959770114943
0.8261494252873564
0.8943965517241379
0.7826867816091954
0.8538074712643678
0.8771551724137931
0.805316091954023
0.8451867816091954
0.8038793103448276
0.8412356321839081
0.9105603448275862
0.8976293103448276
0.7625718390804598
0.8038793103448276
0.7780172413793104
0.8778735632183908
0.8279454022988506
0.8318965517241379
0.8710488505747126
0.8017241379310345
0.8329741379310345
0.8559626436781609
0.9188218390804598
0.8642241379310345
0.8904454022988506
0.8746408045977011
0.8864942528735632
0.7869971264367817
0.8681752873563219
0.6713362068965517
0.8017241379310345
0.7280890804597702
0.795617816091954
0.8969109195402298
0.8394396551724138
0.7931034482758621
0.7733477011494253
0.8423132183908046
0.8473419540229885
0.8279454022988506
0.7783764367816092
0.7604166666666666
0.7722701149425287
0.8545258620689655
0.867816091954023
0.8566810344827587
0.5380747126436781
0.7999281609195402
0.896551724137931
0.8146551724137931
0.899066091954023
0.9019396551724138
0.915948275862069
0.8900862068965517
0.8714080459770115
0.6918103448275862
0.8415948275862069
0.8114224137931034
0.7859195402298851
0.7076149425287356
0.8969109195402298
0.8466235632183908
0.9069683908045977
0.8092672413793104
0.8362068965517241
0.7079741379310345
0.9256465517241379
0.9152298850574713
0.7905890804597702
0.5635775862068966
0.9155890804597702
0.8333333333333334
0.8182471264367817
0.8674568965517241
0.9727011494252874
0.764367816091954
0.8631465517241379
0.7460488505747126
0.7647270114942529
0.8940373563218391
0.7984913793103449
0.8279454022988506
0.9195402298850575
0.8775143678160919
0.8566810344827587
0.836566091954023
0.8171695402298851
0.8875718390804598
0.742816091954023
0.9170258620689655
0.7988505747126436
0.7385057471264368
0.9450431034482759
0.8742816091954023
0.8739224137931034
0.7471264367816092
0.7916666666666666
0.7564655172413793
0.7726293103448276
0.8092672413793104
0.45761494252873564
0.7420977011494253
0.8261494252873564
0.8520114942528736
0.8354885057471264
0.8627873563218391
0.8171695402298851
0.8541666666666666
0.8063936781609196
0.7711925287356322
0.7862787356321839
0.9565373563218391
0.8667385057471264
0.8502155172413793
0.9224137931034483
0.47629310344827586
0.8318965517241379
0.7219827586206896
0.8674568965517241
0.7999281609195402
0.7938218390804598
0.8243534482758621
0.9051724137931034
0.8279454022988506
0.8171695402298851
0.8142959770114943
0.8430316091954023
0.7676005747126436
0.7417385057471264
0.84375
0.7410201149425287
0.8045977011494253
0.8336925287356322
0.728448275862069
0.8512931034482759
0.8900862068965517
0.8541666666666666
0.834051724137931
0.8530890804597702
0.8347701149425287
0.8681752873563219
0.704382183908046
0.7927442528735632
0.7449712643678161
0.9579741379310345
0.8559626436781609
0.37751436781609193
0.7054597701149425
0.8721264367816092
0.8477011494252874
0.7974137931034483
0.8060344827586207
0.7119252873563219
0.7959770114942529
0.7920258620689655
0.920617816091954
0.8232758620689655
0.8502155172413793
0.8412356321839081
0.8045977011494253
0.8042385057471264
0.798132183908046
0.7209051724137931
0.9069683908045977
0.7557471264367817
0.8297413793103449
0.7237787356321839
0.5887212643678161
0.9058908045977011
0.9012212643678161
0.7381465517241379
0.8961925287356322
0.8570402298850575
0.8994252873563219
0.6853448275862069
0.6997126436781609
0.7266522988505747
0.8247126436781609
0.8674568965517241
0.7295258620689655
0.8239942528735632
0.7295258620689655
0.8494971264367817
0.7733477011494253
0.6709770114942529
0.8961925287356322
0.7992097701149425
0.7913074712643678
0.7377873563218391
0.8362068965517241
0.7880747126436781
0.8297413793103449
0.8013649425287356
0.8839798850574713
0.8344109195402298
0.8674568965517241
0.9403735632183908
0.8301005747126436
0.7722701149425287
0.9335488505747126
0.9331896551724138
0.8279454022988506
0.8351293103448276
0.7819683908045977
0.8089080459770115
0.7966954022988506
0.764367816091954
0.7593390804597702
0.6885775862068966
0.8247126436781609
0.7176724137931034
0.7579022988505747
0.8527298850574713
0.9170258620689655
0.8045977011494253
0.44863505747126436
0.8609913793103449
0.7855603448275862
0.7399425287356322
0.7945402298850575
0.8326149425287356
0.8487787356321839
0.7420977011494253
0.7528735632183908
0.9267241379310345
0.8060344827586207
0.5535201149425287
0.8706896551724138
0.7345545977011494
0.9195402298850575
0.9163074712643678
0.7769396551724138
0.8976293103448276
0.7798132183908046
0.8556034482758621
0.8257902298850575
0.7974137931034483
0.7306034482758621
0.8247126436781609
0.8326149425287356
0.6871408045977011
0.8304597701149425
0.5165229885057471
0.8142959770114943
0.9353448275862069
0.8283045977011494
0.9249281609195402
0.8336925287356322
0.8236350574712644
0.8390804597701149
0.8329741379310345
0.8850574712643678
0.8753591954022989
0.49245689655172414
0.826867816091954
0.6810344827586207
0.7959770114942529
0.8311781609195402
0.6907327586206896
0.8642241379310345
0.8724856321839081
0.7941810344827587
0.8301005747126436
0.7873563218390804
0.7855603448275862
0.8872126436781609
0.697198275862069
0.8480603448275862
0.7593390804597702
0.8178879310344828
0.7999281609195402
0.8103448275862069
0.8857758620689655
0.8254310344827587
0.8498563218390804
0.7783764367816092
0.9030172413793104
0.8699712643678161
0.7801724137931034
0.7449712643678161
0.8074712643678161
0.8613505747126436
0.8681752873563219
0.8929597701149425
0.8520114942528736
0.5908764367816092
0.8139367816091954
0.8559626436781609
0.5851293103448276
0.7790948275862069
0.8595545977011494
0.7672413793103449
0.8473419540229885
0.8670977011494253
0.8013649425287356
0.819683908045977
0.8890086206896551
0.8732040229885057
0.8674568965517241
0.5438218390804598
0.7255747126436781
0.7905890804597702
0.8670977011494253
0.9400143678160919
0.740301724137931
0.9392959770114943
0.8832614942528736
0.8947557471264368
0.8627873563218391
0.7823275862068966
0.8685344827586207
0.8139367816091954
0.6846264367816092
0.6885775862068966
0.7629310344827587
0.7787356321839081
0.8832614942528736
0.8527298850574713
0.867816091954023
0.9012212643678161
0.8419540229885057
0.6544540229885057
0.7992097701149425
0.8645833333333334
0.7974137931034483
0.8933189655172413
0.7582614942528736
0.7859195402298851
0.7040229885057471
0.7719109195402298
0.9008620689655172
0.555316091954023
0.7083333333333334
0.7895114942528736
0.6792385057471264
0.7931034482758621
0.8696120689655172
0.8232758620689655
0.7086925287356322
0.8609913793103449
0.7614942528735632
0.8732040229885057
0.9202586206896551
0.7722701149425287
0.7262931034482759
0.9001436781609196
0.8387212643678161
0.7798132183908046
0.7539511494252874
0.9245689655172413
0.8099856321839081
0.8125
0.6440373563218391
0.9594109195402298
0.7887931034482759
0.802801724137931
0.7744252873563219
0.4885057471264368
0.829382183908046
0.9055316091954023
0.805316091954023
0.8926005747126436
0.819683908045977
0.8940373563218391
0.8760775862068966
0.7898706896551724
0.889367816091954
0.8125
0.8225574712643678
0.7880747126436781
0.7948994252873564
0.5197557471264368
0.8685344827586207
0.90625
0.9170258620689655
0.7309626436781609
0.8480603448275862
0.9400143678160919
0.8602729885057471
0.8423132183908046
0.8387212643678161
0.8114224137931034
0.7934626436781609
0.8915229885057471
0.8063936781609196
0.7676005747126436
0.8994252873563219
0.891882183908046
0.8211206896551724
0.8538074712643678
0.36745689655172414
0.8132183908045977
0.850933908045977
0.9339080459770115
0.8613505747126436
0.8394396551724138
0.8444683908045977
0.8710488505747126
0.8333333333333334
0.8358477011494253
0.7593390804597702
0.8933189655172413
0.7787356321839081
0.8250718390804598
0.7941810344827587
0.8800287356321839
0.8638649425287356
0.8958333333333334
0.9321120689655172
0.7733477011494253
0.920617816091954
0.9166666666666666
0.8466235632183908
0.6831896551724138
0.7711925287356322
0.8667385057471264
0.8390804597701149
0.8624281609195402
0.8566810344827587
0.7015086206896551
0.8800287356321839
0.8448275862068966
0.7367097701149425
0.8663793103448276
0.7025862068965517
0.7794540229885057
0.7417385057471264
0.7083333333333334
0.7923850574712644
0.7464080459770115
0.7941810344827587
0.8369252873563219
0.788433908045977
0.7823275862068966
0.6857040229885057
0.7877155172413793
0.49748563218390807
0.9425287356321839
0.7859195402298851
0.8994252873563219
0.9076867816091954
0.6526580459770115
0.8225574712643678
0.7916666666666666
0.8699712643678161
0.7891522988505747
0.7446120689655172
0.8987068965517241
0.8764367816091954
0.9015804597701149
0.8563218390804598
0.8408764367816092
0.0028735632183908046
0.891882183908046
0.7054597701149425
0.8204022988505747
0.4260057471264368
0.8153735632183908
0.766882183908046
0.8333333333333334
0.9238505747126436
0.7385057471264368
0.8283045977011494
0.7528735632183908
0.8879310344827587
0.7830459770114943
0.90625
0.8204022988505747
0.7604166666666666
0.8904454022988506
0.8477011494252874
0.735632183908046
0.8153735632183908
0.6569683908045977
0.8793103448275862
0.7776580459770115
0.7816091954022989
0.8724856321839081
0.882183908045977
0.8459051724137931
0.8728448275862069
0.8832614942528736
0.7855603448275862
0.42420977011494254
0.7546695402298851
0.8186063218390804
0.8796695402298851
0.7564655172413793
0.7697557471264368
0.8074712643678161
0.8778735632183908
0.8872126436781609
0.9331896551724138
0.8987068965517241
0.7844827586206896
0.7629310344827587
0.8753591954022989
0.8979885057471264
0.7848419540229885
0.7852011494252874
0.8922413793103449
0.8329741379310345
0.7776580459770115
0.8261494252873564
0.8911637931034483
0.5944683908045977
0.7966954022988506
0.8433908045977011
0.7938218390804598
0.8063936781609196
0.677801724137931
0.7467672413793104
0.8103448275862069
0.8505747126436781
0.8110632183908046
0.8071120689655172
0.920617816091954
0.7446120689655172
0.7658045977011494
0.8002873563218391
0.7988505747126436
0.6415229885057471
0.7826867816091954
0.7478448275862069
0.8247126436781609
0.7079741379310345
0.8121408045977011
0.8796695402298851
0.8415948275862069
0.8699712643678161
0.7291666666666666
0.8735632183908046
0.9511494252873564
0.7783764367816092
0.7460488505747126
0.7388649425287356
0.7532327586206896
0.6875
0.7083333333333334
0.913433908045977
0.8071120689655172
0.9191810344827587
0.8933189655172413
0.8599137931034483
0.7370689655172413
0.764367816091954
0.7345545977011494
0.8200431034482759
0.8272270114942529
0.7622126436781609
0.7535919540229885
0.8257902298850575
0.858117816091954
0.7733477011494253
0.8250718390804598
0.8017241379310345
0.8239942528735632
0.834051724137931
0.8477011494252874
0.6440373563218391
0.8742816091954023
0.8426724137931034
0.8063936781609196
0.7931034482758621
0.9001436781609196
0.7790948275862069
0.7622126436781609
0.8861350574712644
0.7622126436781609
0.7877155172413793
0.6239224137931034
0.4475574712643678
0.9364224137931034
0.84375
0.7719109195402298
0.8405172413793104
0.829382183908046
0.8243534482758621
0.8714080459770115
0.8746408045977011
0.8706896551724138
0.7058189655172413
0.7992097701149425
0.4324712643678161
0.8466235632183908
0.5549568965517241
0.8954741379310345
0.8236350574712644
0.8523706896551724
0.7528735632183908
0.8696120689655172
0.8125
0.7589798850574713
0.8114224137931034
0.7654454022988506
0.7898706896551724
0.8135775862068966
0.7722701149425287
0.7780172413793104
0.8591954022988506
0.7823275862068966
0.7352729885057471
0.7165948275862069
0.8225574712643678
0.7550287356321839
0.8035201149425287
0.8189655172413793
0.8110632183908046
0.8010057471264368
0.7823275862068966
0.740301724137931
0.7510775862068966
0.8218390804597702
0.8940373563218391
0.7162356321839081
0.8491379310344828
0.8322557471264368
0.8408764367816092
0.9249281609195402
0.8477011494252874
0.9098419540229885
0.9213362068965517
0.9461206896551724
0.9515086206896551
0.9155890804597702
0.8146551724137931
0.8868534482758621
0.7934626436781609
0.8125
0.7528735632183908
0.822198275862069
0.9256465517241379
0.8261494252873564
0.850933908045977
0.8609913793103449
0.9012212643678161
0.7636494252873564
0.48778735632183906
0.9256465517241379
0.8031609195402298
0.7873563218390804
0.9019396551724138
0.7198275862068966
0.8168103448275862
0.7923850574712644
0.8807471264367817
0.884698275862069
0.7751436781609196
0.822198275862069
0.834051724137931
0.44288793103448276
0.8897270114942529
0.7546695402298851
0.8480603448275862
0.9209770114942529
0.7209051724137931
0.853448275862069
0.8139367816091954
0.9184626436781609
0.829382183908046
0.927801724137931
0.7722701149425287
0.896551724137931
0.8814655172413793
0.8775143678160919
0.7485632183908046
0.8545258620689655
0.7995689655172413
0.7589798850574713
0.7618534482758621
0.9396551724137931
0.7877155172413793
0.8947557471264368
0.8599137931034483
0.7679597701149425
0.8182471264367817
0.8078304597701149
0.8872126436781609
0.7869971264367817
0.5743534482758621
0.771551724137931
0.7690373563218391
0.882183908045977
0.7895114942528736
0.8477011494252874
0.836566091954023
0.8071120689655172
0.8412356321839081
0.5869252873563219
0.9242097701149425
0.7241379310344828
0.7934626436781609
0.8516522988505747
0.670617816091954
0.8947557471264368
0.7460488505747126
0.9102011494252874
0.7916666666666666
0.8879310344827587
0.9112787356321839
0.9116379310344828
0.7733477011494253
0.8976293103448276
0.7654454022988506
0.7198275862068966
0.7970545977011494
0.7977729885057471
0.7862787356321839
0.8926005747126436
0.709051724137931
0.9098419540229885
0.6957614942528736
0.8387212643678161
0.7553879310344828
0.8311781609195402
0.9058908045977011
0.8329741379310345
0.8229166666666666
0.7607758620689655
0.8491379310344828
0.8207614942528736
0.8186063218390804
0.757183908045977
0.7349137931034483
0.8954741379310345
0.8042385057471264
0.4515086206896552
0.8139367816091954
0.6655890804597702
0.8168103448275862
0.8908045977011494
0.7295258620689655
0.9019396551724138
0.7683189655172413
0.9141522988505747
0.7830459770114943
0.8283045977011494
0.7765804597701149
0.764367816091954
0.9008620689655172
0.7453304597701149
0.8617097701149425
0.7632902298850575
0.8117816091954023
0.8430316091954023
0.7244971264367817
0.84375
0.7934626436781609
0.7816091954022989
0.7388649425287356
0.9432471264367817
0.7478448275862069
0.8857758620689655
0.8254310344827587
0.7298850574712644
0.7377873563218391
0.8498563218390804
0.8969109195402298
0.8771551724137931
0.9414511494252874
0.7363505747126436
0.9410919540229885
0.9551005747126436
0.9080459770114943
0.704382183908046
0.7040229885057471
0.8049568965517241
0.6889367816091954
0.8225574712643678
0.8767959770114943
0.9392959770114943
0.8394396551724138
0.8283045977011494
0.8254310344827587
0.7514367816091954
0.7744252873563219
0.8911637931034483
0.8627873563218391
0.8182471264367817
0.42061781609195403
0.9084051724137931
0.7320402298850575
0.8114224137931034
0.9234913793103449
0.9123563218390804
0.7525143678160919
0.7004310344827587
0.8297413793103449
0.7834051724137931
0.8060344827586207
0.6519396551724138
0.9313936781609196
0.7320402298850575
0.7593390804597702
0.8132183908045977
0.7094109195402298
0.798132183908046
0.4163074712643678
0.8265086206896551
0.8498563218390804
0.7205459770114943
0.9145114942528736
0.7776580459770115
0.7094109195402298
0.002514367816091954
0.7140804597701149
0.7790948275862069
0.8056752873563219
0.665948275862069
0.8099856321839081
0.8872126436781609
0.6932471264367817
0.7984913793103449
0.8943965517241379
0.8347701149425287
0.8947557471264368
0.8599137931034483
0.8401580459770115
0.7877155172413793
0.9116379310344828
0.805316091954023
0.7751436781609196
0.8045977011494253
0.7959770114942529
0.7966954022988506
0.8832614942528736
0.9640804597701149
0.7891522988505747
0.9357040229885057
0.7844827586206896
0.8900862068965517
0.8836206896551724
0.858117816091954
0.8663793103448276
0.8347701149425287
0.9191810344827587
0.6813936781609196
0.7183908045977011
0.9464798850574713
0.8976293103448276
0.8491379310344828
0.8502155172413793
0.7999281609195402
0.8099856321839081
0.9051724137931034
0.8031609195402298
0.771551724137931
0.8225574712643678
0.8940373563218391
0.7697557471264368
0.790948275862069
0.8304597701149425
0.7772988505747126
0.8545258620689655
0.7869971264367817
0.8936781609195402
0.8218390804597702
0.7711925287356322
0.8451867816091954
0.7410201149425287
0.6734913793103449
0.7776580459770115
0.7992097701149425
0.8430316091954023
0.9364224137931034
0.7535919540229885
0.802801724137931
0.7751436781609196
0.8466235632183908
0.8857758620689655
0.959051724137931
0.6896551724137931
0.7640086206896551
0.9719827586206896
0.7772988505747126
0.7819683908045977
0.733117816091954
0.9148706896551724
0.9669540229885057
0.7589798850574713
0.8128591954022989
0.6932471264367817
0.8150143678160919
0.8728448275862069
0.7255747126436781
0.9030172413793104
0.9076867816091954
0.5876436781609196
0.9421695402298851
0.7137212643678161
0.8002873563218391
0.6824712643678161
0.829382183908046
0.8811063218390804
0.8193247126436781
0.8351293103448276
0.7083333333333334
0.7923850574712644
0.8415948275862069
0.8250718390804598
0.8477011494252874
0.7755028735632183
0.9055316091954023
0.8670977011494253
0.7151580459770115
0.7945402298850575
0.8444683908045977
0.7869971264367817
0.8477011494252874
0.802801724137931
0.9091235632183908
0.7974137931034483
0.899066091954023
0.7661637931034483
0.8236350574712644
0.8484195402298851
0.6174568965517241
0.6896551724137931
0.7270114942528736
0.7834051724137931
0.771551724137931
0.9080459770114943
0.790948275862069
0.7676005747126436
0.9533045977011494
0.8947557471264368
0.8793103448275862
0.9001436781609196
0.9601293103448276
0.8642241379310345
0.8602729885057471
0.8484195402298851
0.8056752873563219
0.8667385057471264
0.8724856321839081
0.8462643678160919
0.7966954022988506
0.8071120689655172
0.7758620689655172
0.8983477011494253
0.78125
0.8613505747126436
0.8714080459770115
0.6896551724137931
0.9037356321839081
0.7751436781609196
0.8484195402298851
0.9040948275862069
0.8911637931034483
0.9109195402298851
0.798132183908046
0.867816091954023
0.7772988505747126
0.8423132183908046
0.8929597701149425
0.7557471264367817
0.7209051724137931
0.8473419540229885
0.9033764367816092
0.8387212643678161
0.7970545977011494
0.7338362068965517
0.90625
0.8415948275862069
0.8760775862068966
0.8462643678160919
0.8110632183908046
0.8825431034482759
0.8523706896551724
0.9572557471264368
0.8692528735632183
0.7654454022988506
0.8735632183908046
0.8879310344827587
0.8961925287356322
0.8279454022988506
0.7309626436781609
0.8796695402298851
0.7464080459770115
0.8947557471264368
0.8484195402298851
0.7941810344827587
0.5607040229885057
0.8419540229885057
0.7877155172413793
0.7485632183908046
0.8017241379310345
0.7787356321839081
0.6982758620689655
0.7974137931034483
0.8139367816091954
0.8110632183908046
0.7945402298850575
0.7758620689655172
0.9066091954022989
0.8997844827586207
0.7007902298850575
0.7561063218390804
0.8843390804597702
0.7535919540229885
0.8807471264367817
0.757183908045977
0.7726293103448276
0.8096264367816092
0.8498563218390804
0.7988505747126436
0.9058908045977011
0.913433908045977
0.834051724137931
0.7334770114942529
0.8279454022988506
0.8250718390804598
0.8947557471264368
0.9306752873563219
0.8254310344827587
0.757183908045977
0.8243534482758621
0.7586206896551724
0.8344109195402298
0.8599137931034483
0.7902298850574713
0.9040948275862069
0.7816091954022989
0.8362068965517241
0.8013649425287356
0.7834051724137931
0.7162356321839081
0.819683908045977
0.6569683908045977
0.8433908045977011
0.9170258620689655
0.7212643678160919
0.7780172413793104
0.8397988505747126
0.8412356321839081
0.8609913793103449
0.8778735632183908
0.819683908045977
0.8735632183908046
0.7183908045977011
0.8556034482758621
0.8491379310344828
0.8254310344827587
0.8599137931034483
0.8890086206896551
0.9619252873563219
0.8024425287356322
0.9493534482758621
0.7600574712643678
0.7622126436781609
0.8890086206896551
0.8627873563218391
0.8211206896551724
0.8257902298850575
0.9245689655172413
0.8926005747126436
0.8911637931034483
0.9533045977011494
0.7776580459770115
0.9166666666666666
0.7913074712643678
0.8617097701149425
0.7173132183908046
0.742816091954023
0.8060344827586207
0.8710488505747126
0.8631465517241379
0.7604166666666666
0.8631465517241379
0.774066091954023
0.7385057471264368
0.7869971264367817
0.4112787356321839
0.7719109195402298
0.9030172413793104
0.8153735632183908
0.6810344827586207
0.7661637931034483
0.8570402298850575
0.8933189655172413
0.8868534482758621
0.8275862068965517
0.8631465517241379
0.8491379310344828
0.7852011494252874
0.7733477011494253
0.8132183908045977
0.7381465517241379
0.8660201149425287
0.7794540229885057
0.8035201149425287
0.8344109195402298
0.8024425287356322
0.5513649425287356
0.8060344827586207
0.774066091954023
0.4885057471264368
0.8186063218390804
0.4425287356321839
0.7435344827586207
0.8390804597701149
0.9184626436781609
0.7086925287356322
0.7277298850574713
0.8556034482758621
0.8211206896551724
0.7852011494252874
0.8311781609195402
0.8002873563218391
0.8132183908045977
0.8681752873563219
0.764367816091954
0.8254310344827587
0.9055316091954023
0.8085488505747126
0.7647270114942529
0.6052442528735632
0.7701149425287356
0.7769396551724138
0.7830459770114943
0.8168103448275862
0.8049568965517241
0.7636494252873564
0.8681752873563219
0.7747844827586207
0.8864942528735632
0.8559626436781609
0.8426724137931034
0.899066091954023
0.8326149425287356
0.7780172413793104
0.9216954022988506
0.8538074712643678
0.9005028735632183
0.6914511494252874
0.9583333333333334
0.8825431034482759
0.8121408045977011
0.8477011494252874
0.7783764367816092
0.75
0.8010057471264368
0.798132183908046
0.7887931034482759
0.7420977011494253
0.7769396551724138
0.8836206896551724
0.728448275862069
0.9116379310344828
0.7535919540229885
0.8584770114942529
0.8868534482758621
0.7004310344827587
0.7015086206896551
0.8516522988505747
0.8800287356321839
0.805316091954023
0.8947557471264368
0.8171695402298851
0.8926005747126436
0.7862787356321839
0.7291666666666666
0.7431752873563219
0.7801724137931034
0.8056752873563219
0.4734195402298851
0.9116379310344828
0.7992097701149425
0.8362068965517241
0.8943965517241379
0.8049568965517241
0.8351293103448276
0.8739224137931034
0.8742816091954023
0.9091235632183908
0.49820402298850575
0.8182471264367817
0.8071120689655172
0.8311781609195402
0.8645833333333334
0.7553879310344828
0.8362068965517241
0.7345545977011494
0.9181034482758621
0.6458333333333334
0.8588362068965517
0.8164511494252874
0.7535919540229885
0.8430316091954023
0.8591954022988506
0.7934626436781609
0.7762212643678161
0.8013649425287356
0.7237787356321839
0.84375
0.7471264367816092
0.8825431034482759
0.9166666666666666
0.9130747126436781
0.9633620689655172
0.7819683908045977
0.7607758620689655
0.8484195402298851
0.766882183908046
0.9173850574712644
0.8344109195402298
0.7058189655172413
0.8225574712643678
0.8121408045977011
0.7898706896551724
0.8660201149425287
0.9184626436781609
0.7482040229885057
0.7385057471264368
0.7887931034482759
0.7783764367816092
0.9141522988505747
0.8926005747126436
0.8645833333333334
0.9299568965517241
0.7737068965517241
0.7122844827586207
0.9321120689655172
0.8405172413793104
0.8186063218390804
0.8358477011494253
0.7510775862068966
0.9123563218390804
0.8178879310344828
0.7974137931034483
0.8933189655172413
0.8724856321839081
0.8735632183908046
0.7676005747126436
0.7618534482758621
0.9119971264367817
0.7438936781609196
0.8099856321839081
0.8078304597701149
0.865301724137931
0.7446120689655172
0.7564655172413793
0.9069683908045977
0.6871408045977011
0.8110632183908046
0.8125
0.7665229885057471
0.8265086206896551
0.8512931034482759
0.8685344827586207
0.8523706896551724
0.7726293103448276
0.805316091954023
0.8232758620689655
0.6530172413793104
0.7219827586206896
0.8742816091954023
0.802801724137931
0.8588362068965517
0.8814655172413793
0.8620689655172413
0.7880747126436781
0.9012212643678161
0.8301005747126436
0.8038793103448276
0.8092672413793104
0.8031609195402298
0.7726293103448276
0.7489224137931034
0.764367816091954
0.8703304597701149
0.7938218390804598
0.7913074712643678
0.9655172413793104
0.790948275862069
0.8728448275862069
0.9342672413793104
0.8545258620689655
0.8656609195402298
0.9288793103448276
0.913433908045977
0.6436781609195402
0.8692528735632183
0.7992097701149425
0.9202586206896551
0.8204022988505747
0.8218390804597702
0.8473419540229885
0.9005028735632183
0.8491379310344828
0.8078304597701149
0.44360632183908044
0.8045977011494253
0.740301724137931
0.7410201149425287
0.8530890804597702
0.8627873563218391
0.6619971264367817
0.8297413793103449
0.7227011494252874
0.8362068965517241
0.8236350574712644
0.8735632183908046
0.8229166666666666
0.6760057471264368
0.8548850574712644
0.7051005747126436
0.9454022988505747
0.9213362068965517
0.8778735632183908
0.8459051724137931
0.7952586206896551
0.8911637931034483
0.8494971264367817
0.7661637931034483
0.7420977011494253
0.7119252873563219
0.8390804597701149
0.9076867816091954
0.8947557471264368
0.7916666666666666
0.8347701149425287
0.8200431034482759
0.8153735632183908
0.7456896551724138
0.7913074712643678
0.8283045977011494
0.8972701149425287
0.7783764367816092
0.39798850574712646
0.7478448275862069
0.8092672413793104
0.8523706896551724
0.858117816091954
0.8153735632183908
0.8160919540229885
0.7693965517241379
0.8997844827586207
0.882183908045977
0.7679597701149425
0.7877155172413793
0.9001436781609196
0.8477011494252874
0.9033764367816092
0.8107040229885057
0.711566091954023
0.8530890804597702
0.8193247126436781
0.7033045977011494
0.7180316091954023
0.7234195402298851
0.8071120689655172
0.8099856321839081
0.8002873563218391
0.8333333333333334
0.5660919540229885
0.7604166666666666
0.8024425287356322
0.8602729885057471
0.9389367816091954
0.9604885057471264
0.8010057471264368
0.850933908045977
0.8441091954022989
0.8940373563218391
0.7650862068965517
0.8721264367816092
0.7054597701149425
0.8987068965517241
0.4551005747126437
0.8800287356321839
0.9012212643678161
0.8620689655172413
0.9234913793103449
0.9191810344827587
0.8380028735632183
0.8969109195402298
0.8577586206896551
0.7880747126436781
0.8703304597701149
0.9195402298850575
0.8236350574712644
0.9403735632183908
0.8803879310344828
0.8473419540229885
0.8390804597701149
0.7963362068965517
0.8807471264367817
0.7424568965517241
0.9076867816091954
0.7503591954022989
0.7844827586206896
0.7963362068965517
0.84375
0.84375
0.757183908045977
0.6821120689655172
0.8444683908045977
0.836566091954023
0.8994252873563219
0.8602729885057471
0.802801724137931
0.8315373563218391
0.9076867816091954
0.7719109195402298
0.8811063218390804
0.7438936781609196
0.7367097701149425
0.7869971264367817
0.7514367816091954
0.8814655172413793
0.8951149425287356
0.8818247126436781
0.8994252873563219
0.8875718390804598
0.7866379310344828
0.8063936781609196
0.9188218390804598
0.8038793103448276
0.9364224137931034
0.8247126436781609
0.8121408045977011
0.8218390804597702
0.8354885057471264
0.9087643678160919
0.8609913793103449
0.7798132183908046
0.9292385057471264
0.8304597701149425
0.8214798850574713
0.8660201149425287
0.7614942528735632
0.8107040229885057
0.9098419540229885
0.8380028735632183
0.8099856321839081
0.8408764367816092
0.6824712643678161
0.7751436781609196
0.8811063218390804
0.7654454022988506
0.8171695402298851
0.7852011494252874
0.930316091954023
0.7790948275862069
0.8843390804597702
0.7582614942528736
0.8462643678160919
0.8415948275862069
0.8688936781609196
0.8329741379310345
0.7625718390804598
0.7244971264367817
0.7852011494252874
0.7902298850574713
0.7927442528735632
0.8311781609195402
0.9288793103448276
0.8570402298850575
0.8351293103448276
0.8297413793103449
0.8976293103448276
0.7737068965517241
0.8480603448275862
0.8512931034482759
0.8649425287356322
0.8168103448275862
0.7790948275862069
0.8703304597701149
0.9252873563218391
0.8344109195402298
0.8688936781609196
0.9163074712643678
0.8092672413793104
0.7420977011494253
0.8649425287356322
0.7431752873563219
0.7902298850574713
0.8897270114942529
0.8110632183908046
0.7823275862068966
0.8926005747126436
0.6781609195402298
0.7191091954022989
0.8670977011494253
0.8372844827586207
0.8060344827586207
0.9080459770114943
0.7525143678160919
0.6415229885057471
0.8426724137931034
0.9066091954022989
0.8908045977011494
0.8225574712643678
0.8520114942528736
0.8372844827586207
0.8232758620689655
0.7165948275862069
0.7266522988505747
0.740301724137931
0.8954741379310345
0.8110632183908046
0.951867816091954
0.8929597701149425
0.9360632183908046
0.8275862068965517
0.9249281609195402
0.8868534482758621
0.8703304597701149
0.9148706896551724
0.836566091954023
0.8085488505747126
0.7216235632183908
0.7406609195402298
0.9177442528735632
0.7072557471264368
0.834051724137931
0.9069683908045977
0.9504310344827587
0.7898706896551724
0.8063936781609196
0.8710488505747126
0.8976293103448276
0.8297413793103449
0.8415948275862069
0.9033764367816092
0.7891522988505747
0.7941810344827587
0.8114224137931034
0.8380028735632183
0.9443247126436781
0.7995689655172413
0.8408764367816092
0.7374281609195402
0.4163074712643678
0.7201867816091954
0.7420977011494253
0.834051724137931
0.7758620689655172
0.7992097701149425
0.9551005747126436
0.8527298850574713
0.8940373563218391
0.8430316091954023
0.8875718390804598
0.8283045977011494
0.7492816091954023
0.8818247126436781
0.8602729885057471
0.7568247126436781
0.8800287356321839
0.8796695402298851
0.8649425287356322
0.9238505747126436
0.6749281609195402
0.8031609195402298
0.7302442528735632
0.9030172413793104
0.8570402298850575
0.8207614942528736
0.7320402298850575
0.7780172413793104
0.8890086206896551
0.7266522988505747
0.8688936781609196
0.7316810344827587
0.7446120689655172
0.7492816091954023
0.7133620689655172
0.9612068965517241
0.8433908045977011
0.8415948275862069
0.5801005747126436
0.7999281609195402
0.8742816091954023
0.7517959770114943
0.6961206896551724
0.8358477011494253
0.8286637931034483
0.8063936781609196
0.8214798850574713
0.8947557471264368
0.8929597701149425
0.7482040229885057
0.735632183908046
0.915948275862069
0.711566091954023
0.8297413793103449
0.9339080459770115
0.6853448275862069
0.7313218390804598
0.8807471264367817
0.790948275862069
0.8157327586206896
0.9224137931034483
0.8193247126436781
0.7076149425287356
0.8218390804597702
0.9547413793103449
0.8290229885057471
0.8649425287356322
0.8480603448275862
0.9306752873563219
0.7905890804597702
0.9213362068965517
0.7302442528735632
0.8954741379310345
0.9055316091954023
0.8843390804597702
0.7762212643678161
0.9238505747126436
0.7733477011494253
0.8814655172413793
0.7622126436781609
0.7632902298850575
0.8979885057471264
0.8329741379310345
0.8645833333333334
0.7532327586206896
0.9005028735632183
0.7108477011494253
0.8002873563218391
0.7877155172413793
0.8746408045977011
0.7618534482758621
0.7794540229885057
0.8559626436781609
0.7280890804597702
0.7227011494252874
0.5862068965517241
0.6925287356321839
0.7805316091954023
0.8502155172413793
0.7352729885057471
0.8512931034482759
0.7794540229885057
0.8315373563218391
0.7905890804597702
0.8146551724137931
0.8617097701149425
0.8994252873563219
0.834051724137931
0.7277298850574713
0.9008620689655172
0.8286637931034483
0.8947557471264368
0.8412356321839081
0.8078304597701149
0.5930316091954023
0.8573994252873564
0.8247126436781609
0.884698275862069
0.7988505747126436
0.7744252873563219
0.8796695402298851
0.858117816091954
0.7467672413793104
0.8947557471264368
0.9148706896551724
0.8164511494252874
0.8265086206896551
0.7517959770114943
0.7697557471264368
0.7672413793103449
0.795617816091954
0.8864942528735632
0.8297413793103449
0.8900862068965517
0.7805316091954023
0.8207614942528736
0.9084051724137931
0.8843390804597702
0.8656609195402298
0.8807471264367817
0.9198994252873564
0.8232758620689655
0.7751436781609196
0.7679597701149425
0.7927442528735632
0.8850574712643678
0.8010057471264368
0.6734913793103449
0.8092672413793104
0.8929597701149425
0.8908045977011494
0.7395833333333334
0.7762212643678161
0.8997844827586207
0.8645833333333334
0.7388649425287356
0.8063936781609196
0.7765804597701149
0.7816091954022989
0.8904454022988506
0.8290229885057471
0.9048132183908046
0.6882183908045977
0.6702586206896551
0.8649425287356322
0.8017241379310345
0.7959770114942529
0.8958333333333334
0.7880747126436781
0.7586206896551724
0.8796695402298851
0.7841235632183908
0.8487787356321839
0.7431752873563219
0.9385775862068966
0.8017241379310345
0.6598419540229885
0.8782327586206896
0.920617816091954
0.7866379310344828
0.7733477011494253
0.6993534482758621
0.7913074712643678
0.7489224137931034
0.7388649425287356
0.9249281609195402
0.7772988505747126
0.8832614942528736
0.9389367816091954
0.8958333333333334
0.8024425287356322
0.7844827586206896
0.8128591954022989
0.757183908045977
0.9026580459770115
0.9295977011494253
0.7726293103448276
0.8473419540229885
0.7370689655172413
0.850933908045977
0.8444683908045977
0.78125
0.875
0.8728448275862069
0.8494971264367817
0.75
0.8692528735632183
0.8182471264367817
0.7327586206896551
0.7866379310344828
0.7798132183908046
0.5941091954022989
0.9202586206896551
0.7614942528735632
0.6670258620689655
0.8459051724137931
0.8020833333333334
0.8577586206896551
0.8559626436781609
0.8588362068965517
0.8926005747126436
0.9184626436781609
0.8448275862068966
0.8466235632183908
0.7823275862068966
0.8857758620689655
0.9637212643678161
0.7676005747126436
0.8940373563218391
0.8114224137931034
0.8426724137931034
0.7945402298850575
0.8297413793103449
0.8142959770114943
0.8121408045977011
0.7201867816091954
0.9087643678160919
0.7823275862068966
0.8182471264367817
0.8530890804597702
0.8480603448275862
0.7772988505747126
0.7413793103448276
0.7079741379310345
0.8696120689655172
0.8333333333333334
0.8150143678160919
0.7474856321839081
0.8487787356321839
0.7693965517241379
0.8078304597701149
0.9145114942528736
0.790948275862069
0.8063936781609196
0.7040229885057471
0.8728448275862069
0.8229166666666666
0.7424568965517241
0.8882902298850575
0.6961206896551724
0.8599137931034483
0.8767959770114943
0.7726293103448276
0.8570402298850575
0.8969109195402298
0.8498563218390804
0.8505747126436781
0.9357040229885057
0.7805316091954023
0.836566091954023
0.8940373563218391
0.8380028735632183
0.7780172413793104
0.8663793103448276
0.8674568965517241
0.8369252873563219
0.790948275862069
0.7711925287356322
0.8347701149425287
0.8232758620689655
0.7880747126436781
0.43354885057471265
0.7198275862068966
0.8645833333333334
0.8376436781609196
0.8599137931034483
0.7952586206896551
0.8559626436781609
0.7632902298850575
0.7474856321839081
0.9109195402298851
0.9295977011494253
0.8160919540229885
0.733117816091954
0.8900862068965517
0.9155890804597702
0.8739224137931034
0.788433908045977
0.8563218390804598
0.6936063218390804
0.7503591954022989
0.8620689655172413
0.8408764367816092
0.5675287356321839
0.7611350574712644
0.7873563218390804
0.9640804597701149
0.9130747126436781
0.8904454022988506
0.8354885057471264
0.8609913793103449
0.8455459770114943
0.788433908045977
0.889367816091954
0.8401580459770115
0.8250718390804598
0.7844827586206896
0.8107040229885057
0.774066091954023
0.7859195402298851
0.9058908045977011
0.8038793103448276
0.8746408045977011
0.7471264367816092
0.798132183908046
0.7546695402298851
0.6957614942528736
0.9637212643678161
0.8487787356321839
0.8024425287356322
0.8983477011494253
0.8649425287356322
0.8854166666666666
0.860632183908046
0.9436063218390804
0.9076867816091954
0.8397988505747126
0.8491379310344828
0.829382183908046
0.8193247126436781
0.7507183908045977
0.834051724137931
0.6831896551724138
0.7948994252873564
0.7790948275862069
0.9040948275862069
0.8764367816091954
0.829382183908046
0.7661637931034483
0.9479166666666666
0.7959770114942529
0.8254310344827587
0.7227011494252874
0.7758620689655172
0.7974137931034483
0.8775143678160919
0.6429597701149425
0.9202586206896551
0.8591954022988506
0.7586206896551724
0.8782327586206896
0.8376436781609196
0.8189655172413793
0.78125
0.7948994252873564
0.8358477011494253
0.8473419540229885
0.6997126436781609
0.920617816091954
0.7790948275862069
0.7938218390804598
0.7216235632183908
0.8200431034482759
0.9371408045977011
0.8459051724137931
0.8164511494252874
0.9123563218390804
0.7474856321839081
0.8117816091954023
0.9662356321839081
0.7877155172413793
0.8473419540229885
0.8559626436781609
0.8110632183908046
0.8649425287356322
0.8556034482758621
0.5316091954022989
0.8789511494252874
0.7776580459770115
0.9295977011494253
0.8383620689655172
0.8397988505747126
0.896551724137931
0.8875718390804598
0.7758620689655172
0.8125
0.7492816091954023
0.8451867816091954
0.8818247126436781
0.9051724137931034
0.7593390804597702
0.8275862068965517
0.725933908045977
0.7503591954022989
0.8782327586206896
0.8940373563218391
0.8243534482758621
0.8063936781609196
0.8811063218390804
0.7514367816091954
0.8735632183908046
0.7334770114942529
0.8631465517241379
0.8818247126436781
0.7575431034482759
0.7686781609195402
0.6842672413793104
0.7535919540229885
0.8591954022988506
0.7449712643678161
0.8322557471264368
0.8976293103448276
0.7482040229885057
0.7683189655172413
0.71875
0.9019396551724138
0.8369252873563219
0.8250718390804598
0.858117816091954
0.8433908045977011
0.8390804597701149
0.5420258620689655
0.7844827586206896
0.8390804597701149
0.7938218390804598
0.7410201149425287
0.8017241379310345
0.7147988505747126
0.9163074712643678
0.7841235632183908
0.7869971264367817
0.8103448275862069
0.8387212643678161
0.8947557471264368
0.8674568965517241
0.8089080459770115
0.8142959770114943
0.8168103448275862
0.711566091954023
0.8645833333333334
0.8372844827586207
0.9008620689655172
0.7658045977011494
0.788433908045977
0.8994252873563219
0.71875
0.8455459770114943
0.8739224137931034
0.8394396551724138
0.8617097701149425
0.8092672413793104
0.8024425287356322
0.8444683908045977
0.7306034482758621
0.7891522988505747
0.7478448275862069
0.7755028735632183
0.8556034482758621
0.7923850574712644
0.8006465517241379
0.8229166666666666
0.7834051724137931
0.8063936781609196
0.8042385057471264
0.8688936781609196
0.8789511494252874
0.9148706896551724
0.7165948275862069
0.8239942528735632
0.8024425287356322
0.8926005747126436
0.7923850574712644
0.9723419540229885
0.8078304597701149
0.7327586206896551
0.8121408045977011
0.8972701149425287
0.8839798850574713
0.7255747126436781
0.9353448275862069
0.8494971264367817
0.9066091954022989
0.7083333333333334
0.8042385057471264
0.7898706896551724
0.7517959770114943
0.8674568965517241
0.899066091954023
0.8135775862068966
0.8078304597701149
0.8864942528735632
0.7891522988505747
0.757183908045977
0.7306034482758621
0.8017241379310345
0.7859195402298851
0.8308189655172413
0.8125
0.757183908045977
0.8710488505747126
0.8415948275862069
0.8318965517241379
0.7798132183908046
0.8336925287356322
0.8243534482758621
0.7316810344827587
0.8548850574712644
0.759698275862069
0.4766522988505747
0.9396551724137931
0.7417385057471264
0.9091235632183908
0.8024425287356322
0.8380028735632183
0.4931752873563218
0.7273706896551724
0.8336925287356322
0.7676005747126436
0.9137931034482759
0.9457614942528736
0.7970545977011494
0.9155890804597702
0.6831896551724138
0.8563218390804598
0.7137212643678161
0.5646551724137931
0.8760775862068966
0.7640086206896551
0.8182471264367817
0.9295977011494253
0.7966954022988506
0.8994252873563219
0.8204022988505747
0.8455459770114943
0.8236350574712644
0.8081896551724138
0.48455459770114945
0.8588362068965517
0.8397988505747126
0.8624281609195402
0.8232758620689655
0.8193247126436781
0.8006465517241379
0.7316810344827587
0.7848419540229885
0.7744252873563219
0.9051724137931034
0.8839798850574713
0.8358477011494253
0.8329741379310345
0.8318965517241379
0.7747844827586207
0.7291666666666666
0.8369252873563219
0.8225574712643678
0.7507183908045977
0.913433908045977
0.8872126436781609
0.9098419540229885
0.9360632183908046
0.8994252873563219
0.9188218390804598
0.8746408045977011
0.7819683908045977
0.7992097701149425
0.9019396551724138
0.7711925287356322
0.829382183908046
0.8243534482758621
0.8236350574712644
0.8189655172413793
0.8739224137931034
0.7952586206896551
0.9145114942528736
0.7776580459770115
0.7517959770114943
0.8336925287356322
0.8836206896551724
0.6361350574712644
0.9234913793103449
0.8002873563218391
0.9213362068965517
0.8329741379310345
0.8200431034482759
0.9418103448275862
0.8056752873563219
0.8875718390804598
0.7654454022988506
0.8261494252873564
0.8239942528735632
0.7370689655172413
0.7589798850574713
0.8857758620689655
0.8746408045977011
0.7033045977011494
0.7844827586206896
0.8789511494252874
0.7517959770114943
0.75
0.8617097701149425
0.8189655172413793
0.7862787356321839
0.7058189655172413
0.7108477011494253
0.822198275862069
0.7948994252873564
0.6048850574712644
0.7999281609195402
0.7553879310344828
0.7805316091954023
0.8502155172413793
0.7988505747126436
0.9191810344827587
0.8020833333333334
0.8850574712643678
0.8900862068965517
0.8380028735632183
0.7654454022988506
0.8265086206896551
0.8908045977011494
0.8512931034482759
0.75
0.8969109195402298
0.8933189655172413
0.9152298850574713
0.4644396551724138
0.7025862068965517
0.8523706896551724
0.795617816091954
0.6663074712643678
0.8850574712643678
0.8724856321839081
0.8879310344827587
0.8423132183908046
0.8336925287356322
0.7586206896551724
0.8530890804597702
0.8922413793103449
0.8153735632183908
0.8175287356321839
0.826867816091954
0.9141522988505747
0.9331896551724138
0.8275862068965517
0.6627155172413793
0.8063936781609196
0.8868534482758621
0.8376436781609196
0.9375
0.8541666666666666
0.7823275862068966
0.7708333333333334
0.8890086206896551
0.7561063218390804
0.8868534482758621
0.7869971264367817
0.9367816091954023
0.6867816091954023
0.7891522988505747
0.8329741379310345
0.8487787356321839
0.7543103448275862
0.7693965517241379
0.8811063218390804
0.8908045977011494
0.7352729885057471
0.8455459770114943
0.8412356321839081
0.8189655172413793
0.9058908045977011
0.8556034482758621
0.8189655172413793
0.9457614942528736
0.8455459770114943
0.759698275862069
0.8024425287356322
0.32435344827586204
0.7913074712643678
0.8347701149425287
0.8006465517241379
0.8358477011494253
0.7758620689655172
0.7733477011494253
0.8254310344827587
0.913433908045977
0.8254310344827587
0.8257902298850575
0.8803879310344828
0.8002873563218391
0.8178879310344828
0.8297413793103449
0.7316810344827587
0.8566810344827587
0.7489224137931034
0.7758620689655172
0.7701149425287356
0.7690373563218391
0.7737068965517241
0.882183908045977
0.8204022988505747
0.8900862068965517
0.9051724137931034
0.8800287356321839
0.7363505747126436
0.8326149425287356
0.798132183908046
0.8045977011494253
0.7837643678160919
0.524066091954023
0.959051724137931
0.8247126436781609
0.8832614942528736
0.8793103448275862
0.7679597701149425
0.7676005747126436
0.8099856321839081
0.9647988505747126
0.8071120689655172
0.8243534482758621
0.7162356321839081
0.6619971264367817
0.49173850574712646
0.7453304597701149
0.9428879310344828
0.8803879310344828
0.7266522988505747
0.896551724137931
0.9076867816091954
0.7144396551724138
0.9525862068965517
0.8595545977011494
0.5053879310344828
0.853448275862069
0.8785919540229885
0.7550287356321839
0.8121408045977011
0.7816091954022989
0.8800287356321839
0.8074712643678161
0.9342672413793104
0.8394396551724138
0.7101293103448276
0.7805316091954023
0.7582614942528736
0.8477011494252874
0.8559626436781609
0.7370689655172413
0.725933908045977
0.8063936781609196
0.7966954022988506
0.7780172413793104
0.4224137931034483
0.8031609195402298
0.867816091954023
0.8229166666666666
0.8836206896551724
0.8617097701149425
0.7413793103448276
0.8107040229885057
0.7948994252873564
0.9184626436781609
0.7270114942528736
0.8247126436781609
0.9001436781609196
0.4515086206896552
0.8308189655172413
0.8333333333333334
0.7902298850574713
0.7834051724137931
0.9263649425287356
0.8947557471264368
0.6925287356321839
0.795617816091954
0.9400143678160919
0.8545258620689655
0.8832614942528736
0.9734195402298851
0.8785919540229885
0.8498563218390804
0.8200431034482759
0.9170258620689655
0.8060344827586207
0.8211206896551724
0.9191810344827587
0.8290229885057471
0.8045977011494253
0.8951149425287356
0.8433908045977011
0.8538074712643678
0.6332614942528736
0.7952586206896551
0.8556034482758621
0.8908045977011494
0.7966954022988506
0.8656609195402298
0.7625718390804598
0.7528735632183908
0.8430316091954023
0.8469827586206896
0.7266522988505747
0.9019396551724138
0.7841235632183908
0.867816091954023
0.8415948275862069
0.826867816091954
0.8164511494252874
0.8732040229885057
0.9238505747126436
0.7234195402298851
0.8110632183908046
0.8933189655172413
0.7916666666666666
0.7614942528735632
0.7535919540229885
0.6479885057471264
0.7568247126436781
0.9005028735632183
0.8926005747126436
0.9109195402298851
0.7525143678160919
0.9102011494252874
0.8785919540229885
0.8796695402298851
0.7503591954022989
0.7543103448275862
0.46336206896551724
0.7676005747126436
0.8936781609195402
0.8200431034482759
0.8943965517241379
0.9141522988505747
0.7252155172413793
0.9051724137931034
0.78125
0.795617816091954
0.8757183908045977
0.3936781609195402
0.8477011494252874
0.7306034482758621
0.7995689655172413
0.7604166666666666
0.805316091954023
0.7618534482758621
0.7665229885057471
0.7485632183908046
0.6907327586206896
0.8186063218390804
0.8204022988505747
0.740301724137931
0.7711925287356322
0.6587643678160919
0.8110632183908046
0.9022988505747126
0.7636494252873564
0.8814655172413793
0.7194683908045977
0.8297413793103449
0.7406609195402298
0.9281609195402298
0.8577586206896551
0.7381465517241379
0.7147988505747126
0.8243534482758621
0.8283045977011494
0.7338362068965517
0.8150143678160919
0.9375
0.8961925287356322
0.7790948275862069
0.8020833333333334
0.9076867816091954
0.8556034482758621
0.8397988505747126
0.8829022988505747
0.8789511494252874
0.8624281609195402
0.9328304597701149
0.7729885057471264
0.8394396551724138
0.8940373563218391
0.9493534482758621
0.7834051724137931
0.8516522988505747
0.9252873563218391
0.7388649425287356
0.8520114942528736
0.8961925287356322
0.7442528735632183
0.8354885057471264
0.8649425287356322
0.6939655172413793
0.8351293103448276
0.8275862068965517
0.8214798850574713
0.6415229885057471
0.7848419540229885
0.4410919540229885
0.8829022988505747
0.8200431034482759
0.8897270114942529
0.8336925287356322
0.8326149425287356
0.8318965517241379
0.7837643678160919
0.9576149425287356
0.8699712643678161
0.8380028735632183
0.7629310344827587
0.8703304597701149
0.7485632183908046
0.7561063218390804
0.8451867816091954
0.8523706896551724
0.7349137931034483
0.8049568965517241
0.8958333333333334
0.9489942528735632
0.7733477011494253
0.6993534482758621
0.7758620689655172
0.5366379310344828
0.8818247126436781
0.8620689655172413
0.961566091954023
0.8879310344827587
0.8778735632183908
0.7352729885057471
0.8455459770114943
0.8010057471264368
0.8250718390804598
0.8900862068965517
0.8017241379310345
0.8063936781609196
0.8987068965517241
0.8462643678160919
0.961566091954023
0.7162356321839081
0.8767959770114943
0.8667385057471264
0.7794540229885057
0.7776580459770115
0.8229166666666666
0.7719109195402298
0.7482040229885057
0.9040948275862069
0.8584770114942529
0.7658045977011494
0.7374281609195402
0.48886494252873564
0.850933908045977
0.7514367816091954
0.8890086206896551
0.7776580459770115
0.8505747126436781
0.8002873563218391
0.6785201149425287
0.8972701149425287
0.8074712643678161
0.7525143678160919
0.9396551724137931
0.802801724137931
0.8175287356321839
0.7435344827586207
0.7737068965517241
0.8207614942528736
0.7780172413793104
0.8239942528735632
0.7988505747126436
0.7963362068965517
0.8545258620689655
0.8839798850574713
0.795617816091954
0.742816091954023
0.7726293103448276
0.8724856321839081
0.7733477011494253
0.8933189655172413
0.6997126436781609
0.8559626436781609
0.9242097701149425
0.9073275862068966
0.8494971264367817
0.5258620689655172
0.8232758620689655
0.8225574712643678
0.6713362068965517
0.7072557471264368
0.7395833333333334
0.8696120689655172
0.7852011494252874
0.9299568965517241
0.8290229885057471
0.9055316091954023
0.8997844827586207
0.8987068965517241
0.8882902298850575
0.8958333333333334
0.9130747126436781
0.9198994252873564
0.8071120689655172
0.8785919540229885
0.8419540229885057
0.8868534482758621
0.8660201149425287
0.757183908045977
0.8908045977011494
0.8854166666666666
0.5535201149425287
0.9112787356321839
0.8735632183908046
0.7162356321839081
0.8979885057471264
0.7632902298850575
0.8710488505747126
0.9256465517241379
0.78125
0.8638649425287356
0.6928879310344828
0.5707614942528736
0.9069683908045977
0.7880747126436781
0.6846264367816092
0.802801724137931
0.7406609195402298
0.8864942528735632
0.8642241379310345
0.8904454022988506
0.7298850574712644
0.7557471264367817
0.9450431034482759
0.8229166666666666
0.8915229885057471
0.8617097701149425
0.7798132183908046
0.9353448275862069
0.8135775862068966
0.7988505747126436
0.7729885057471264
0.7604166666666666
0.8024425287356322
0.7474856321839081
0.7201867816091954
0.7758620689655172
0.740301724137931
0.8067528735632183
0.7370689655172413
0.8480603448275862
0.9540229885057471
0.954382183908046
0.771551724137931
0.7162356321839081
0.8326149425287356
0.8523706896551724
0.7607758620689655
0.9163074712643678
0.7711925287356322
0.9030172413793104
0.8954741379310345
0.8297413793103449
0.9001436781609196
0.7934626436781609
0.9270833333333334
0.7711925287356322
0.8624281609195402
0.896551724137931
0.7395833333333334
0.7266522988505747
0.8523706896551724
0.795617816091954
0.7841235632183908
0.7830459770114943
0.7661637931034483
0.7600574712643678
0.7535919540229885
0.891882183908046
0.7672413793103449
0.8175287356321839
0.6975574712643678
0.7173132183908046
0.8566810344827587
0.7920258620689655
0.8045977011494253
0.8419540229885057
0.7841235632183908
0.8117816091954023
0.7295258620689655
0.8577586206896551
0.8994252873563219
0.7568247126436781
0.7647270114942529
0.8480603448275862
0.7291666666666666
0.9005028735632183
0.8056752873563219
0.8423132183908046
0.8969109195402298
0.8976293103448276
0.7385057471264368
0.8415948275862069
0.7302442528735632
0.7579022988505747
0.8318965517241379
0.8164511494252874
0.802801724137931
0.8135775862068966
0.8426724137931034
0.8272270114942529
0.7992097701149425
0.9716235632183908
0.8617097701149425
0.8010057471264368
0.7388649425287356
0.8408764367816092
0.8512931034482759
0.884698275862069
0.8588362068965517
0.8415948275862069
0.8649425287356322
0.7711925287356322
0.8566810344827587
0.8218390804597702
0.7072557471264368
0.9163074712643678
0.8297413793103449
0.860632183908046
0.7887931034482759
0.8153735632183908
0.7905890804597702
0.8318965517241379
0.8505747126436781
0.8125
0.8257902298850575
0.7941810344827587
0.9030172413793104
0.8477011494252874
0.8423132183908046
0.7194683908045977
0.9486350574712644
0.9428879310344828
0.8875718390804598
0.9216954022988506
0.8279454022988506
0.639367816091954
0.7510775862068966
0.7765804597701149
0.8315373563218391
0.7729885057471264
0.7798132183908046
0.8107040229885057
0.8132183908045977
0.7033045977011494
0.7025862068965517
0.8063936781609196
0.8656609195402298
0.8480603448275862
0.8872126436781609
0.8017241379310345
0.8512931034482759
0.8189655172413793
0.7377873563218391
0.8839798850574713
0.798132183908046
0.75
0.7015086206896551
0.8318965517241379
0.7579022988505747
0.795617816091954
0.7701149425287356
0.78125
0.9622844827586207
0.8178879310344828
0.7898706896551724
0.8588362068965517
0.826867816091954
0.7604166666666666
0.6727729885057471
0.8308189655172413
0.7963362068965517
0.4942528735632184
0.8545258620689655
0.8096264367816092
0.7216235632183908
0.7877155172413793
0.7363505747126436
0.7316810344827587
0.7816091954022989
0.6954022988505747
0.725933908045977
0.829382183908046
0.8663793103448276
0.7977729885057471
0.7280890804597702
0.836566091954023
0.7230603448275862
0.9022988505747126
0.7514367816091954
0.9033764367816092
0.9489942528735632
0.7435344827586207
0.8710488505747126
0.8868534482758621
0.8685344827586207
0.9148706896551724
0.9586925287356322
0.7755028735632183
0.7733477011494253
0.9030172413793104
0.9888649425287356
0.8351293103448276
0.6997126436781609
0.8728448275862069
0.9152298850574713
0.8211206896551724
0.819683908045977
0.8035201149425287
0.7047413793103449
0.7119252873563219
0.8890086206896551
0.8656609195402298
0.8861350574712644
0.8566810344827587
0.899066091954023
0.875
0.9583333333333334
0.7586206896551724
0.8397988505747126
0.9306752873563219
0.8132183908045977
0.8649425287356322
0.8045977011494253
0.9040948275862069
0.8541666666666666
0.7676005747126436
0.8469827586206896
0.4895833333333333
0.6673850574712644
0.9202586206896551
0.8473419540229885
0.9461206896551724
0.7905890804597702
0.8947557471264368
0.8441091954022989
0.7029454022988506
0.7058189655172413
0.6738505747126436
0.8132183908045977
0.790948275862069
0.6749281609195402
0.7589798850574713
0.7758620689655172
0.9586925287356322
0.7654454022988506
0.8620689655172413
0.8071120689655172
0.7787356321839081
0.7112068965517241
0.7582614942528736
0.8132183908045977
0.9432471264367817
0.8193247126436781
0.8545258620689655
0.8491379310344828
0.8049568965517241
0.84375
0.858117816091954
0.8247126436781609
0.6566091954022989
0.7923850574712644
0.7848419540229885
0.8394396551724138
0.819683908045977
0.7399425287356322
0.6619971264367817
0.8872126436781609
0.8649425287356322
0.8803879310344828
0.8002873563218391
0.7460488505747126
0.7485632183908046
0.9148706896551724
0.8721264367816092
0.6813936781609196
0.8667385057471264
0.8423132183908046
0.8297413793103449
0.9328304597701149
0.7460488505747126
0.7453304597701149
0.8099856321839081
0.9195402298850575
0.7654454022988506
0.8017241379310345
0.33045977011494254
0.8078304597701149
0.9213362068965517
0.9058908045977011
0.8940373563218391
0.8487787356321839
0.7999281609195402
0.798132183908046
0.7676005747126436
0.8239942528735632
0.75
0.8512931034482759
0.8502155172413793
0.8229166666666666
0.90625
0.9102011494252874
0.8006465517241379
0.47162356321839083
0.8811063218390804
0.7722701149425287
0.7151580459770115
0.7453304597701149
0.850933908045977
0.8692528735632183
0.7772988505747126
0.954382183908046
0.9001436781609196
0.8405172413793104
0.6580459770114943
0.7377873563218391
0.7438936781609196
0.8663793103448276
0.9328304597701149
0.7819683908045977
0.8207614942528736
0.9364224137931034
0.6914511494252874
0.8861350574712644
0.8178879310344828
0.9087643678160919
0.8757183908045977
0.8484195402298851
0.7780172413793104
0.8074712643678161
0.759698275862069
0.8936781609195402
0.8854166666666666
0.8002873563218391
0.7309626436781609
0.7051005747126436
0.8301005747126436
0.8117816091954023
0.8850574712643678
0.8017241379310345
0.7510775862068966
0.7349137931034483
0.8559626436781609
0.8412356321839081
0.9238505747126436
0.8063936781609196
0.6997126436781609
0.7104885057471264
0.7880747126436781
0.8279454022988506
0.7561063218390804
0.5398706896551724
0.891882183908046
0.8430316091954023
0.6914511494252874
0.8663793103448276
0.8132183908045977
0.8954741379310345
0.8573994252873564
0.8742816091954023
0.8318965517241379
0.8620689655172413
0.8584770114942529
0.8459051724137931
0.8512931034482759
0.8078304597701149
0.8078304597701149
0.8631465517241379
0.7640086206896551
0.7751436781609196
0.9263649425287356
0.8732040229885057
0.7679597701149425
0.7891522988505747
0.8433908045977011
0.7948994252873564
0.882183908045977
0.6522988505747126
0.8714080459770115
0.7798132183908046
0.9461206896551724
0.9008620689655172
0.891882183908046
0.9346264367816092
0.7974137931034483
0.7614942528735632
0.8297413793103449
0.7952586206896551
0.9008620689655172
0.8092672413793104
0.8186063218390804
0.5064655172413793
0.8286637931034483
0.930316091954023
0.7227011494252874
0.7625718390804598
0.9087643678160919
0.7582614942528736
0.7974137931034483
0.8060344827586207
0.7420977011494253
0.8204022988505747
0.8602729885057471
0.8631465517241379
0.7866379310344828
0.9209770114942529
0.8412356321839081
0.6975574712643678
0.8811063218390804
0.8886494252873564
0.8243534482758621
0.8182471264367817
0.8071120689655172
0.7704741379310345
0.8523706896551724
0.4665948275862069
0.7999281609195402
0.8591954022988506
0.7629310344827587
0.7697557471264368
0.8900862068965517
0.7198275862068966
0.826867816091954
0.9033764367816092
0.8642241379310345
0.7413793103448276
0.7510775862068966
0.6566091954022989
0.7431752873563219
0.8071120689655172
0.8125
0.8423132183908046
0.8735632183908046
0.7959770114942529
0.9109195402298851
0.8764367816091954
0.8372844827586207
0.6993534482758621
0.8178879310344828
0.8315373563218391
0.8042385057471264
0.9044540229885057
0.7492816091954023
0.9040948275862069
0.7507183908045977
0.829382183908046
0.860632183908046
0.9414511494252874
0.9001436781609196
0.7661637931034483
0.7999281609195402
0.9396551724137931
0.7729885057471264
0.7801724137931034
0.6939655172413793
0.8081896551724138
0.8157327586206896
0.8685344827586207
0.8667385057471264
0.7327586206896551
0.8994252873563219
0.7837643678160919
0.9058908045977011
0.8681752873563219
0.8943965517241379
0.8329741379310345
0.9098419540229885
0.882183908045977
0.7417385057471264
0.7737068965517241
0.8667385057471264
0.8929597701149425
0.8433908045977011
0.7399425287356322
0.8825431034482759
0.7826867816091954
0.9195402298850575
0.7467672413793104
0.8566810344827587
0.740301724137931
0.7844827586206896
0.7711925287356322
0.7755028735632183
0.8380028735632183
0.8620689655172413
0.9295977011494253
0.8160919540229885
0.819683908045977
0.7183908045977011
0.7873563218390804
0.9367816091954023
0.8232758620689655
0.7834051724137931
0.8433908045977011
0.8419540229885057
0.7338362068965517
0.8573994252873564
0.802801724137931
0.8703304597701149
0.7180316091954023
0.8983477011494253
0.7755028735632183
0.8566810344827587
0.8408764367816092
0.7600574712643678
0.8063936781609196
0.8459051724137931
0.8782327586206896
0.8645833333333334
0.9076867816091954
0.8114224137931034
0.858117816091954
0.8114224137931034
0.7841235632183908
0.7780172413793104
0.8642241379310345
0.8229166666666666
0.8272270114942529
0.7852011494252874
0.7963362068965517
0.8811063218390804
0.8530890804597702
0.7798132183908046
0.7934626436781609
0.8121408045977011
0.8735632183908046
0.8405172413793104
0.8520114942528736
0.8333333333333334
0.7227011494252874
0.7399425287356322
0.9500718390804598
0.8494971264367817
0.8832614942528736
0.7593390804597702
0.7173132183908046
0.7934626436781609
0.6961206896551724
0.8872126436781609
0.8541666666666666
0.7819683908045977
0.7313218390804598
0.766882183908046
0.7629310344827587
0.8972701149425287
0.8857758620689655
0.8383620689655172
0.7388649425287356
0.9403735632183908
0.7151580459770115
0.9378591954022989
0.8527298850574713
0.6713362068965517
0.733117816091954
0.7252155172413793
0.9119971264367817
0.7862787356321839
0.9748563218390804
0.8714080459770115
0.8951149425287356
0.8110632183908046
0.9033764367816092
0.7672413793103449
0.8150143678160919
0.8807471264367817
0.8688936781609196
0.7995689655172413
0.8951149425287356
0.5542385057471264
0.9119971264367817
0.8092672413793104
0.8419540229885057
0.8372844827586207
0.8929597701149425
0.7920258620689655
0.8631465517241379
0.8829022988505747
0.8703304597701149
0.8125
0.9367816091954023
0.9716235632183908
0.8078304597701149
0.9058908045977011
0.8764367816091954
0.7543103448275862
0.7683189655172413
0.8304597701149425
0.8347701149425287
0.7395833333333334
0.8063936781609196
0.8908045977011494
0.8056752873563219
0.8218390804597702
0.8922413793103449
0.8692528735632183
0.8552442528735632
0.8782327586206896
0.7352729885057471
0.8358477011494253
0.8135775862068966
0.8275862068965517
0.8218390804597702
0.8602729885057471
0.9252873563218391
0.8017241379310345
0.8376436781609196
0.8563218390804598
0.9076867816091954
0.8951149425287356
0.8121408045977011
0.7733477011494253
0.8232758620689655
0.8969109195402298
0.8448275862068966
0.9181034482758621
0.8829022988505747
0.8703304597701149
0.7902298850574713
0.6695402298850575
0.9220545977011494
0.865301724137931
0.8552442528735632
0.9421695402298851
0.8663793103448276
0.694683908045977
0.8882902298850575
0.9331896551724138
0.8929597701149425
0.8584770114942529
0.8976293103448276
0.9604885057471264
0.9048132183908046
0.9536637931034483
0.8541666666666666
0.9008620689655172
0.850933908045977
0.7636494252873564
0.9353448275862069
0.7859195402298851
0.733117816091954
0.8002873563218391
0.9094827586206896
0.7586206896551724
0.8710488505747126
0.8714080459770115
0.7334770114942529
0.9080459770114943
0.8642241379310345
0.8890086206896551
0.7489224137931034
0.8548850574712644
0.7934626436781609
0.8160919540229885
0.9166666666666666
0.8469827586206896
0.7575431034482759
0.9533045977011494
0.8236350574712644
0.8624281609195402
0.7162356321839081
0.7877155172413793
0.7219827586206896
0.7974137931034483
0.8415948275862069
0.9525862068965517
0.7417385057471264
0.7966954022988506
0.4324712643678161
0.9148706896551724
0.8380028735632183
0.9482758620689655
0.8311781609195402
0.8696120689655172
0.8775143678160919
0.8760775862068966
0.7938218390804598
0.7629310344827587
0.7751436781609196
0.8369252873563219
0.8599137931034483
0.826867816091954
0.8696120689655172
0.7464080459770115
0.8297413793103449
0.7798132183908046
0.9012212643678161
0.7988505747126436
0.7618534482758621
0.7575431034482759
0.7708333333333334
0.8520114942528736
0.8272270114942529
0.7711925287356322
0.8954741379310345
0.8232758620689655
0.7237787356321839
0.7241379310344828
0.7737068965517241
0.8415948275862069
0.7938218390804598
0.7952586206896551
0.8336925287356322
0.84375
0.8803879310344828
0.7704741379310345
0.7381465517241379
0.8861350574712644
0.8706896551724138
0.9008620689655172
0.8566810344827587
0.7586206896551724
0.8548850574712644
0.7586206896551724
0.7995689655172413
0.766882183908046
0.771551724137931
0.829382183908046
0.7776580459770115
0.8067528735632183
0.7280890804597702
0.6135057471264368
0.9504310344827587
0.7808908045977011
0.8645833333333334
0.7582614942528736
0.8879310344827587
0.7913074712643678
0.8570402298850575
0.7471264367816092
0.7798132183908046
0.7787356321839081
0.7338362068965517
0.7632902298850575
0.7553879310344828
0.7467672413793104
0.7869971264367817
0.8933189655172413
0.8139367816091954
0.891882183908046
0.7611350574712644
0.8344109195402298
0.7690373563218391
0.8419540229885057
0.9022988505747126
0.8243534482758621
0.899066091954023
0.9177442528735632
0.733117816091954
0.8926005747126436
0.6224856321839081
0.7977729885057471
0.836566091954023
0.798132183908046
0.7313218390804598
0.7834051724137931
0.8613505747126436
0.7862787356321839
0.8347701149425287
0.8656609195402298
0.8390804597701149
0.8311781609195402
0.7959770114942529
0.7151580459770115
0.7248563218390804
0.8573994252873564
0.7313218390804598
0.7790948275862069
0.7905890804597702
0.9622844827586207
0.8516522988505747
0.8530890804597702
0.7618534482758621
0.8135775862068966
0.8132183908045977
0.836566091954023
0.8175287356321839
0.853448275862069
0.8868534482758621
0.6907327586206896
0.9076867816091954
0.7801724137931034
0.7374281609195402
0.7575431034482759
0.6839080459770115
0.8541666666666666
0.7772988505747126
0.8961925287356322
0.4676724137931034
0.8200431034482759
0.8247126436781609
0.75
0.8006465517241379
0.9037356321839081
0.7173132183908046
0.9317528735632183
0.8024425287356322
0.6677442528735632
0.8060344827586207
0.7895114942528736
0.7629310344827587
0.7719109195402298
0.889367816091954
0.7855603448275862
0.9371408045977011
0.8060344827586207
0.9163074712643678
0.8997844827586207
0.8236350574712644
0.8394396551724138
0.8160919540229885
0.8462643678160919
0.8462643678160919
0.8232758620689655
0.8541666666666666
0.7704741379310345
0.7406609195402298
0.8031609195402298
0.7945402298850575
0.7855603448275862
0.8125
0.7747844827586207
0.47413793103448276
0.8408764367816092
0.8789511494252874
0.8997844827586207
0.826867816091954
0.7794540229885057
0.8577586206896551
0.9005028735632183
0.8189655172413793
0.7237787356321839
0.9640804597701149
0.7992097701149425
0.7525143678160919
0.7866379310344828
0.4734195402298851
0.8638649425287356
0.8591954022988506
0.8502155172413793
0.514367816091954
0.9123563218390804
0.8455459770114943
0.9048132183908046
0.8412356321839081
0.7065373563218391
0.7945402298850575
0.8164511494252874
0.8588362068965517
0.8656609195402298
0.7022270114942529
0.8660201149425287
0.8494971264367817
0.8135775862068966
0.8764367816091954
0.7528735632183908
0.9436063218390804
0.8020833333333334
0.7841235632183908
0.8480603448275862
0.8128591954022989
0.8890086206896551
0.8153735632183908
0.7420977011494253
0.5689655172413793
0.8236350574712644
0.9102011494252874
0.9202586206896551
0.8778735632183908
0.8627873563218391
0.7381465517241379
0.9773706896551724
0.4454022988505747
0.7830459770114943
0.7992097701149425
0.49030172413793105
0.9274425287356322
0.7852011494252874
0.7819683908045977
0.8487787356321839
0.8584770114942529
0.7737068965517241
0.6533764367816092
0.8347701149425287
0.9058908045977011
0.9033764367816092
0.8132183908045977
0.8656609195402298
0.6605603448275862
0.7604166666666666
0.5761494252873564
0.8656609195402298
0.8954741379310345
0.7877155172413793
0.9112787356321839
0.774066091954023
0.8139367816091954
0.9475574712643678
0.8491379310344828
0.7729885057471264
0.9084051724137931
0.7054597701149425
0.8283045977011494
0.8681752873563219
0.8153735632183908
0.7209051724137931
0.8211206896551724
0.8577586206896551
0.7744252873563219
0.822198275862069
0.923132183908046
0.7992097701149425
0.7248563218390804
0.8559626436781609
0.771551724137931
0.0007183908045977011
0.8099856321839081
0.8020833333333334
0.7977729885057471
0.867816091954023
0.8110632183908046
0.9281609195402298
0.8502155172413793
0.8394396551724138
0.7625718390804598
0.8107040229885057
0.8318965517241379
0.9076867816091954
0.6382902298850575
0.8135775862068966
0.8825431034482759
0.6091954022988506
0.8247126436781609
0.8132183908045977
0.8006465517241379
0.7252155172413793
0.7790948275862069
0.7952586206896551
0.7762212643678161
0.8638649425287356
0.8839798850574713
0.8261494252873564
0.7697557471264368
0.728448275862069
0.9184626436781609
0.8387212643678161
0.7079741379310345
0.8078304597701149
0.7819683908045977
0.8247126436781609
0.8520114942528736
0.7464080459770115
0.8900862068965517
0.9306752873563219
0.6641522988505747
0.8836206896551724
0.7517959770114943
0.8182471264367817
0.8857758620689655
0.6494252873563219
0.7302442528735632
0.8297413793103449
0.5668103448275862
0.8358477011494253
0.7672413793103449
0.884698275862069
0.5948275862068966
0.9015804597701149
