0.7859365276913504
0.619477286869944
0.8795892968263845
0.663658991910392
0.8341630367143746
0.8313627878033603
0.8098942128189173
0.8833229620410703
0.9471064094586186
0.9038581207218419
0.7874922215308028
0.8702551337896702
0.9113254511512134
0.813627878033603
0.8114499066583696
0.5311138767890479
0.7990043559427504
0.6851275668948351
0.8204729309271935
0.8973242065961419
0.8338518979464842
0.8369632856253889
0.70130678282514
0.9029247044181705
0.798070939639079
0.9057249533291848
0.7426882389545737
0.8951462352209085
0.9010578718108276
0.7990043559427504
0.4057249533291848
0.9119477286869944
0.8509645301804605
0.8322962041070318
0.8061605476042315
0.8319850653391413
0.8114499066583696
0.4138145612943373
0.6717485998755445
0.8789670192906036
0.865588052271313
0.9206596141879279
0.8030491599253267
0.791537025513379
0.9072806471686372
0.8126944617299315
0.9153702551337897
0.7585563161169881
0.8932794026135656
0.8080273802115744
0.6692594897324207
0.8640323584318607
0.8839452395768512
0.8982576228998134
0.755133789670193
0.7962041070317362
0.7818917237087741
0.8046048537647791
0.9495955196017424
0.8587429993777225
0.910392034847542
0.9377722464219042
0.8550093341630367
0.8957685127566895
0.9268823895457374
0.7921593030491599
0.8870566272557561
0.8494088363410081
0.8546981953951462
0.828562538892346
0.9243932794026135
0.8021157436216553
0.410392034847542
0.7545115121344119
0.8108276291225887
0.8895457373988799
0.9555071561916615
0.8354075917859365
0.9212818917237088
0.8360298693217175
0.8985687616677038
0.8105164903546982
0.7691350342252644
0.8313627878033603
0.8406969508400747
0.4240821406347231
0.8929682638456752
0.5174237710018669
0.8366521468574984
0.940883634100809
0.8186060983198507
0.8167392657125078
0.8627878033602987
0.8820784069695085
0.8568761667703796
0.9527069072806472
0.14934660858742999
0.8254511512134411
0.9243932794026135
0.7958929682638457
0.8920348475420037
0.7725575606720597
0.7495332918481643
0.8372744243932794
0.828562538892346
0.7840696950840075
0.8497199751088985
0.8481642812694462
0.7691350342252644
0.8970130678282514
0.8095830740510268
0.7775357809583074
0.8764779091474798
0.9651524579962664
0.8400746733042938
0.790292470441817
0.9250155569383945
0.8170504044803982
0.8120721841941506
0.8764779091474798
0.8192283758556316
0.9075917859365277
0.2952706907280647
0.9427504667081519
0.9128811449906659
0.8948350964530181
0.8406969508400747
0.7794026135656503
0.6403235843186061
0.8665214685749845
0.8276291225886746
0.7890479153702551
0.9178593652769135
0.8481642812694462
0.7654013690105788
0.8494088363410081
0.926571250777847
0.7075295581829496
0.888923459863099
0.9530180460485377
0.8923459863098943
0.8830118232731798
0.7753578095830741
0.8192283758556316
0.7638456751711263
0.42470441817050403
0.8313627878033603
0.9029247044181705
0.7638456751711263
0.783136278780336
0.8018046048537648
0.8864343497199751
0.7641568139390168
0.8210952084629745
0.911014312383323
0.8385189794648413
0.8024268823895457
0.37990043559427505
0.8686994399502178
0.8494088363410081
0.8640323584318607
0.4060360920970753
0.7190416925948974
0.8416303671437461
0.8245177349097698
0.8851897946484132
0.8042937149968886
0.7862476664592408
0.7971375233354075
0.8248288736776602
0.901991288114499
0.8960796515245799
0.8892345986309894
0.9411947728686995
0.22246421904169258
0.8049159925326695
0.8024268823895457
0.8456751711263223
0.8904791537025514
0.917548226509023
0.5880522713130056
0.8708774113254512
0.977909147479776
0.7828251400124455
0.8419415059116366
0.8767890479153703
0.8242065961418793
0.8973242065961419
0.746110765401369
0.8478531425015557
0.9169259489732421
0.761667703795893
0.8245177349097698
0.8176726820161793
0.8503422526446796
0.9063472308649658
0.5600497822028625
0.8074051026757934
0.7271313005600498
0.8410080896079651
0.8621655258245178
0.9782202862476664
0.760423148724331
0.8400746733042938
0.8410080896079651
0.940883634100809
0.8923459863098943
0.8366521468574984
0.7775357809583074
0.7781580584940884
0.858431860609832
0.7131300560049783
0.7675793403858121
0.8624766645924082
0.8354075917859365
0.9094586185438706
0.8606098319850654
0.9583074051026758
0.9004355942750467
0.8210952084629745
0.8892345986309894
0.9390168014934661
0.6925948973242066
0.6029869321717486
0.9107031736154325
0.910392034847542
0.9122588674548848
0.8469197261978842
0.8693217174859987
0.7542003733665215
0.7781580584940884
0.820784069695084
0.8248288736776602
0.8960796515245799
0.9247044181705041
0.8767890479153703
0.9365276913503423
0.8587429993777225
0.8634100808960796
0.8970130678282514
0.9387056627255757
0.9010578718108276
0.9284380833851898
0.8254511512134411
0.7349097697573118
0.9088363410080896
0.8886123210952085
0.8089607965152458
0.7865588052271313
0.8942128189172371
0.7890479153702551
0.8630989421281892
0.8842563783447418
0.8039825762289982
0.641568139390168
0.6938394523957685
0.7790914747977598
0.8985687616677038
0.8920348475420037
0.8932794026135656
0.7850031113876789
0.7968263845675171
0.814250155569384
0.8438083385189795
0.7753578095830741
0.7174859987554449
0.6054760423148724
0.8546981953951462
0.7806471686372122
0.8970130678282514
0.9430616054760423
0.8111387678904791
0.8217174859987555
0.8907902924704418
0.8067828251400124
0.42034847542003734
0.747355320472931
0.9197261978842564
0.9359054138145613
0.9079029247044181
0.9327940261356565
0.8425637834474176
0.8587429993777225
0.8998133167392657
0.9732420659614188
0.9169259489732421
0.9200373366521468
0.8602986932171749
0.8316739265712508
0.7675793403858121
0.5479153702551338
0.7974486621032981
0.8410080896079651
0.9122588674548848
0.8671437461107654
0.8307405102675793
0.7199751088985687
0.7370877411325452
0.8372744243932794
0.7706907280647168
0.6670815183571873
0.8755444928438083
0.747355320472931
0.798070939639079
0.8447417548226509
0.744866210329807
0.8223397635345364
0.9573739887990044
0.901991288114499
0.9567517112632234
0.8546981953951462
0.8466085874299938
0.8151835718730553
0.9038581207218419
0.8568761667703796
0.8282514001244555
0.806471686372122
0.8372744243932794
0.730553827006845
0.9471064094586186
0.7728686994399502
0.84411947728687
0.798070939639079
0.888923459863099
0.7943372744243933
0.9023024268823896
0.8711885500933416
0.7899813316739266
0.9079029247044181
0.7784691972619788
0.8161169881767268
0.8973242065961419
0.7570006222775357
0.8988799004355943
0.888923459863099
0.8855009334163036
0.8102053515868077
0.8139390168014935
0.8671437461107654
0.8067828251400124
0.8917237087741132
0.8988799004355943
0.8721219663970131
0.8154947106409458
0.8266957062850031
0.8708774113254512
0.7874922215308028
0.8674548848786559
0.6751711263223398
0.7968263845675171
0.8951462352209085
0.7710018668326073
0.8385189794648413
0.8055382700684506
0.8148724331051649
0.8879900435594275
0.8176726820161793
0.7072184194150591
0.2716241443683883
0.8406969508400747
0.8693217174859987
0.9309271935283137
0.3864343497199751
0.7576228998133168
0.8668326073428749
0.9094586185438706
0.7685127566894835
0.8593652769135034
0.8173615432482887
0.7787803360298693
0.5936527691350342
0.7843808338518979
0.9016801493466086
0.8839452395768512
0.9284380833851898
0.8161169881767268
0.851897946484132
0.8422526446795271
0.8690105787181083
0.775980087118855
0.8158058494088364
0.8886123210952085
0.8158058494088364
0.8755444928438083
0.9016801493466086
0.9172370877411326
0.8752333540759178
0.9082140634723086
0.8173615432482887
0.8627878033602987
0.7470441817050405
0.7535780958307405
0.680460485376478
0.85718730553827
0.6953951462352209
0.8867454884878656
0.8133167392657125
0.813627878033603
0.686994399502178
0.880522713130056
0.8531425015556938
0.783758556316117
0.8459863098942129
0.888923459863099
0.9128811449906659
0.8061605476042315
0.8307405102675793
0.8683883011823273
0.7339763534536403
0.8960796515245799
0.8263845675171126
0.8939016801493466
0.7859365276913504
0.6409458618543871
0.9209707529558183
0.7794026135656503
0.8780336029869322
0.8795892968263845
0.8643434971997511
0.9744866210329807
0.8232731798382078
0.8935905413814561
0.7598008711885501
0.7663347853142501
0.8637212196639701
0.9281269446172993
0.9150591163658992
0.8935905413814561
0.8403858120721842
0.7224642190416926
0.8851897946484132
0.9293714996888612
0.7635345364032359
0.9427504667081519
0.888301182327318
0.8982576228998134
0.8151835718730553
0.7887367766023646
0.7999377722464219
0.8565650280024891
0.8248288736776602
0.723397635345364
0.6985065339141256
0.8354075917859365
0.8634100808960796
0.8494088363410081
0.7650902302426882
0.9418170504044804
0.8254511512134411
0.8752333540759178
0.8276291225886746
0.8403858120721842
0.7703795892968264
0.851897946484132
0.7429993777224643
0.7846919726197884
0.8469197261978842
0.8942128189172371
0.813627878033603
0.8556316116988176
0.8002489110143124
0.7713130056004979
0.8767890479153703
0.7756689483509646
0.827317983820784
0.8447417548226509
0.7850031113876789
0.7912258867454884
0.873366521468575
0.36807716241443683
0.8802115743621656
0.9508400746733043
0.8360298693217175
0.9026135656502801
0.8447417548226509
0.888923459863099
0.835096453018046
0.7828251400124455
0.7153080273802116
0.8951462352209085
0.6216552582451773
0.8070939639079029
0.85718730553827
0.8030491599253267
0.8360298693217175
0.7330429371499689
0.8114499066583696
0.7822028624766646
0.9247044181705041
0.9100808960796515
0.8158058494088364
0.8789670192906036
0.6994399502177971
0.7762912258867455
0.8385189794648413
0.8998133167392657
0.783758556316117
0.842874922215308
0.865588052271313
0.8375855631611698
0.3117610454262601
0.9013690105787181
0.8730553827006845
0.4144368388301182
0.8895457373988799
0.8164281269446173
0.7585563161169881
0.8914125700062228
0.9555071561916615
0.8011823273179838
0.9153702551337897
0.9243932794026135
0.8397635345364033
0.8708774113254512
0.8802115743621656
0.7731798382078406
0.670192906036092
0.6904169259489732
0.8537647790914747
0.8522090852520224
0.8357187305538271
0.8574984443061605
0.8431860609831985
0.9324828873677661
0.9533291848164281
0.8018046048537648
0.5161792159303049
0.8758556316116988
0.8848786558805227
0.9079029247044181
0.8108276291225887
0.9010578718108276
0.7738021157436217
0.4057249533291848
0.8245177349097698
0.8512756689483509
0.7856253889234599
0.8624766645924082
0.8886123210952085
0.39732420659614187
0.9383945239576851
0.8447417548226509
0.9072806471686372
0.8329184816428127
0.8447417548226509
0.7800248911014313
0.8851897946484132
0.8764779091474798
0.8680771624144369
0.8434971997510889
0.8559427504667082
0.8606098319850654
0.8858120721841941
0.8313627878033603
0.8375855631611698
0.7327317983820784
0.8898568761667703
0.7283758556316117
0.6527691350342253
0.8546981953951462
0.8845675171126323
0.8232731798382078
0.9125700062227754
0.8867454884878656
0.44243932794026136
0.4464841319228376
0.8867454884878656
0.8565650280024891
0.8705662725575607
0.8845675171126323
0.8792781580584941
0.8400746733042938
0.9206596141879279
0.8581207218419415
0.8957685127566895
0.7153080273802116
0.7769135034225264
0.8145612943372744
0.8002489110143124
0.962974486621033
0.9225264467952707
0.8686994399502178
0.79869321717486
0.9069695084007467
0.7955818294959552
0.6652146857498444
0.7952706907280647
0.6608587429993777
0.8011823273179838
0.8976353453640323
0.8559427504667082
0.8711885500933416
0.9147479775980087
0.8372744243932794
0.7457996266334785
0.9016801493466086
0.8042937149968886
0.7093963907902925
0.7405102675793404
0.8077162414436839
0.9023024268823896
0.8369632856253889
0.6966397013067829
0.9066583696328563
0.8189172370877411
0.931860609831985
0.7912258867454884
0.8839452395768512
0.8055382700684506
0.910392034847542
0.7685127566894835
0.814250155569384
0.7398879900435594
0.8229620410703173
0.8282514001244555
0.3472308649657747
0.9411947728686995
0.8036714374611077
0.8083385189794648
0.80522713130056
0.6773490976975731
0.9567517112632234
0.822028624766646
0.8410080896079651
0.8098942128189173
0.7489110143123833
0.7143746110765401
0.7896701929060361
0.8914125700062228
0.9082140634723086
0.8242065961418793
0.8973242065961419
0.8111387678904791
0.8123833229620411
0.8158058494088364
0.8002489110143124
0.8503422526446796
0.8963907902924705
0.7177971375233354
0.8497199751088985
0.31860609831985065
0.8814561294337274
0.8546981953951462
0.8985687616677038
0.8366521468574984
0.6437461107654013
0.9228375855631612
0.7632233976353454
0.8970130678282514
0.896701929060361
0.8210952084629745
0.40883634100808963
0.9377722464219042
0.814250155569384
0.8372744243932794
0.9128811449906659
0.888923459863099
0.8201617921593031
0.8282514001244555
0.8842563783447418
0.5560049782202863
0.8581207218419415
0.9035469819539514
0.8413192283758556
0.8245177349097698
0.7654013690105788
0.79869321717486
0.8864343497199751
0.9352831362787803
0.7803360298693217
0.9234598630989421
0.8546981953951462
0.8528313627878034
0.6614810205351587
0.8758556316116988
0.8270068450528936
0.8696328562538892
0.7756689483509646
0.7454884878655881
0.8083385189794648
0.8210952084629745
0.8562538892345987
0.5497822028624767
0.7893590541381457
0.8867454884878656
0.8714996888612321
0.8366521468574984
0.7990043559427504
0.8108276291225887
0.8360298693217175
0.8612321095208463
0.8378967019290604
0.7940261356565028
0.8823895457373989
0.8624766645924082
0.9197261978842564
0.8739887990043559
0.8920348475420037
0.8599875544492844
0.865588052271313
0.7277535780958307
0.8858120721841941
0.8497199751088985
0.8823895457373989
0.8637212196639701
0.7678904791537026
0.8929682638456752
0.9231487243310517
0.887678904791537
0.8494088363410081
0.4047915370255134
0.7009956440572496
0.9206596141879279
0.7436216552582452
0.8795892968263845
0.8665214685749845
0.9001244555071561
0.7859365276913504
0.8696328562538892
0.24797759800871189
0.7930927193528313
0.8746110765401369
0.8369632856253889
0.8111387678904791
0.8904791537025514
0.916303671437461
0.926571250777847
0.6309894212818917
0.7918481642812695
0.8979464841319228
0.9153702551337897
0.708462974486621
0.7672682016179216
0.8161169881767268
0.8294959551960174
0.8416303671437461
0.9122588674548848
0.7890479153702551
0.9007467330429372
0.3120721841941506
0.5827629122588674
0.8494088363410081
0.8382078406969509
0.6515245799626633
0.8266957062850031
0.8870566272557561
0.7738021157436217
0.7806471686372122
0.9159925326695706
0.7666459240821406
0.5385812072184194
0.8036714374611077
0.8696328562538892
0.7946484131922837
0.819539514623522
0.8553204729309272
0.80522713130056
0.7797137523335408
0.8702551337896702
0.8680771624144369
0.8951462352209085
0.6627255756067206
0.8848786558805227
0.9573739887990044
0.7825140012445551
0.8083385189794648
0.7364654635967641
0.8998133167392657
0.8494088363410081
0.9215930304915992
0.9215930304915992
0.8827006845052894
0.7433105164903547
0.7501555693839452
0.7591785936527692
0.8235843186060983
0.805849408836341
0.1639701306782825
0.8630989421281892
0.8537647790914747
0.9054138145612943
0.8095830740510268
0.8724331051649036
0.8378967019290604
0.6711263223397635
0.4212818917237088
0.9589296826384568
0.7865588052271313
0.8453640323584318
0.8117610454262602
0.7187305538270068
0.7974486621032981
0.8319850653391413
0.8382078406969509
0.8416303671437461
0.8985687616677038
0.9184816428126945
0.8120721841941506
0.8475420037336652
0.8425637834474176
0.7756689483509646
0.9203484754200373
0.8276291225886746
0.8758556316116988
0.8173615432482887
0.7706907280647168
0.8369632856253889
0.8021157436216553
0.806471686372122
0.790914747977598
0.8388301182327318
0.8481642812694462
0.8425637834474176
0.829807093963908
0.7342874922215308
0.8425637834474176
0.8002489110143124
0.6997510889856876
0.8179838207840697
0.8151835718730553
0.9100808960796515
0.8540759178593653
0.8674548848786559
0.829807093963908
0.9156813939016801
0.9309271935283137
0.8434971997510889
0.8848786558805227
0.8425637834474176
0.8487865588052271
0.6418792781580585
0.9231487243310517
0.8848786558805227
0.829807093963908
0.9337274424393279
0.7778469197261979
0.8942128189172371
0.3833229620410703
0.6219663970130678
0.8282514001244555
0.8823895457373989
0.8217174859987555
0.925326695706285
0.8204729309271935
0.8612321095208463
0.8907902924704418
0.8652769135034225
0.926571250777847
0.7644679527069073
0.8624766645924082
0.9200373366521468
0.8721219663970131
0.9427504667081519
0.8873677660236465
0.8718108276291225
0.8008711885500933
0.8907902924704418
0.8509645301804605
0.8092719352831362
0.8391412570006223
0.9508400746733043
0.8154947106409458
0.85718730553827
0.8767890479153703
0.7171748599875545
0.8606098319850654
0.8509645301804605
0.857809583074051
0.8294959551960174
0.8742999377722465
0.8067828251400124
0.8602986932171749
0.8238954573739888
0.679215930304916
0.7800248911014313
0.8304293714996889
0.8724331051649036
0.8036714374611077
0.8923459863098943
0.9072806471686372
0.9069695084007467
0.9100808960796515
0.8808338518979465
0.4029247044181705
0.790292470441817
0.9651524579962664
0.8167392657125078
0.8540759178593653
0.8932794026135656
0.7747355320472931
0.8939016801493466
0.679215930304916
0.7258867454884879
0.7871810827629122
0.9324828873677661
0.8540759178593653
0.828562538892346
0.4079029247044182
0.827317983820784
0.7265090230242688
0.8556316116988176
0.9016801493466086
0.6960174237710018
0.6667703795892969
0.7548226509023024
0.7878033602986932
0.8995021779713752
0.9144368388301183
0.8525202240199129
0.7380211574362165
0.7252644679527069
0.9166148102053516
0.48724331051649034
0.7912258867454884
0.8024268823895457
0.8677660236465463
0.7078406969508401
0.7890479153702551
0.42501555693839455
0.6477909147479776
0.8270068450528936
0.8948350964530181
0.8235843186060983
0.9079029247044181
0.7825140012445551
0.9362165525824517
0.9663970130678282
0.9144368388301183
0.7243310516490354
0.8204729309271935
0.6910392034847542
0.8248288736776602
0.9243932794026135
0.4530180460485376
0.8683883011823273
0.8419415059116366
0.8431860609831985
0.8014934660858744
0.8416303671437461
0.8627878033602987
0.8901680149346609
0.739576851275669
0.8413192283758556
0.7613565650280025
0.7457996266334785
0.8867454884878656
0.8988799004355943
0.8251400124455507
0.5581829495955196
0.7818917237087741
0.8304293714996889
0.8002489110143124
0.39452395768512755
0.5787181082762912
0.842874922215308
0.7566894835096453
0.8329184816428127
0.8739887990043559
0.760423148724331
0.9119477286869944
0.7003733665214685
0.004978220286247666
0.739576851275669
0.813005600497822
0.30491599253266954
0.8618543870566272
0.8652769135034225
0.7429993777224643
0.7878033602986932
0.8385189794648413
0.8690105787181083
0.903235843186061
0.8606098319850654
0.9362165525824517
0.8251400124455507
0.955818294959552
0.7809583074051026
0.8494088363410081
0.8288736776602365
0.8758556316116988
0.8621655258245178
0.9489732420659615
0.5339141257000622
0.7274424393279403
0.9508400746733043
0.9156813939016801
0.8061605476042315
0.8251400124455507
0.8537647790914747
0.8248288736776602
0.8942128189172371
0.6393901680149346
0.8167392657125078
0.8478531425015557
0.9044803982576229
0.7893590541381457
0.8596764156813939
0.8581207218419415
0.418170504044804
0.8559427504667082
0.8329184816428127
0.820784069695084
0.918792781580585
0.8621655258245178
0.791537025513379
0.8046048537647791
0.40230242688238954
0.8357187305538271
0.8042937149968886
0.8693217174859987
0.9016801493466086
0.783136278780336
0.8372744243932794
0.7093963907902925
0.8658991910392034
0.9548848786558806
0.7576228998133168
0.8450528935905414
0.7585563161169881
0.918792781580585
0.6988176726820162
0.8316739265712508
0.8074051026757934
0.8158058494088364
0.9013690105787181
0.777224642190417
0.879900435594275
0.8970130678282514
0.6919726197884256
0.9430616054760423
0.7283758556316117
0.8005600497822029
0.864965774735532
0.8780336029869322
0.8270068450528936
0.8528313627878034
0.8911014312383323
0.7700684505289359
0.8450528935905414
0.909769757311761
0.39452395768512755
0.40354698195395144
0.8413192283758556
0.8089607965152458
0.4508400746733043
0.9194150591163659
0.8388301182327318
0.9119477286869944
0.8895457373988799
0.8310516490354698
0.8721219663970131
0.6359676415681393
0.7607342874922215
0.7968263845675171
0.820784069695084
0.8985687616677038
0.8067828251400124
0.963596764156814
0.8718108276291225
0.9082140634723086
0.8630989421281892
0.8942128189172371
0.164281269446173
0.9471064094586186
0.8683883011823273
0.8777224642190417
0.903235843186061
0.48288736776602365
0.8640323584318607
0.8699439950217797
0.9306160547604232
0.872744243932794
0.9184816428126945
0.8755444928438083
0.7221530802738021
0.9315494710640946
0.31798382078406967
0.8693217174859987
0.8690105787181083
0.7993154947106409
0.9066583696328563
0.7675793403858121
0.5718730553827007
0.9362165525824517
0.7629122588674548
0.8892345986309894
0.8904791537025514
0.95457373988799
0.8338518979464842
0.7940261356565028
0.8789670192906036
0.9007467330429372
0.917548226509023
0.8602986932171749
0.5612943372744243
0.8627878033602987
0.7293092719352832
0.8973242065961419
0.8764779091474798
0.7585563161169881
0.858431860609832
0.7850031113876789
0.7103298070939639
0.8133167392657125
0.7747355320472931
0.2716241443683883
0.7087741132545116
0.8951462352209085
0.7868699439950217
0.888301182327318
0.80522713130056
0.7479775980087119
0.888923459863099
0.835096453018046
0.9079029247044181
0.9312383322962041
0.8528313627878034
0.814250155569384
0.9184816428126945
0.6751711263223398
0.7271313005600498
0.8313627878033603
0.8354075917859365
0.8462974486621033
0.8338518979464842
0.9100808960796515
0.8615432482887367
0.7722464219041693
0.7697573117610454
0.7753578095830741
0.7258867454884879
0.8509645301804605
0.8833229620410703
0.8182949595519602
0.8394523957685127
0.8615432482887367
0.6708151835718731
0.887678904791537
0.8637212196639701
0.8718108276291225
0.8683883011823273
0.8512756689483509
0.8904791537025514
0.9570628500311139
0.9368388301182328
0.6686372121966397
0.8291848164281269
0.8665214685749845
0.864965774735532
0.9523957685127566
0.8574984443061605
0.9337274424393279
0.7573117610454263
0.7632233976353454
0.6126322339763535
0.8920348475420037
0.7420659614187928
0.9222153080273802
0.7937149968886124
0.9191039203484754
0.40168014934660856
0.5886745488487866
0.8917237087741132
0.8917237087741132
0.8525202240199129
0.8248288736776602
0.8696328562538892
0.8724331051649036
0.7479775980087119
0.8503422526446796
0.6950840074673305
0.8481642812694462
0.8105164903546982
0.8752333540759178
0.835096453018046
0.686372121966397
0.8615432482887367
0.8279402613565651
0.7442439327940261
0.8923459863098943
0.8736776602364654
0.3845675171126322
0.9275046670815184
0.7265090230242688
0.3531425015556938
0.8120721841941506
0.8198506533914126
0.8111387678904791
0.8699439950217797
0.8783447417548227
0.9337274424393279
0.8780336029869322
0.8568761667703796
0.8391412570006223
0.7140634723086496
0.836341008089608
0.7703795892968264
0.8257622899813317
0.8683883011823273
0.7703795892968264
0.8721219663970131
0.7971375233354075
0.9044803982576229
0.8543870566272558
0.8083385189794648
0.9197261978842564
0.8774113254511512
0.9100808960796515
0.8646546359676416
0.6515245799626633
0.7622899813316739
0.866210329807094
0.8602986932171749
0.7971375233354075
0.7423771001866832
0.7734909769757312
0.8553204729309272
0.8466085874299938
0.8332296204107031
0.8817672682016179
0.9150591163658992
0.7741132545115121
0.7128189172370878
0.8802115743621656
0.8718108276291225
0.8070939639079029
0.8677660236465463
0.7545115121344119
0.6960174237710018
0.3985687616677038
0.8537647790914747
0.8851897946484132
0.8886123210952085
0.7731798382078406
0.8086496577473553
0.8892345986309894
0.7445550715619166
0.8596764156813939
0.8537647790914747
0.8164281269446173
0.8864343497199751
0.864965774735532
0.8011823273179838
0.8808338518979465
0.7741132545115121
0.7523335407591786
0.8914125700062228
0.7349097697573118
0.8836341008089608
0.9576851275668948
0.7613565650280025
0.8609209707529558
0.8929682638456752
0.851897946484132
0.6733042937149969
0.9306160547604232
0.8301182327317984
0.8484754200373367
0.931860609831985
0.7373988799004356
0.8024268823895457
0.805849408836341
0.8024268823895457
0.8820784069695085
0.8494088363410081
0.9234598630989421
0.6166770379589297
0.9467952706907281
0.7062850031113876
0.8553204729309272
0.724019912881145
0.909769757311761
0.8858120721841941
0.8777224642190417
0.7806471686372122
0.8848786558805227
0.8229620410703173
0.7977598008711886
0.9153702551337897
0.828562538892346
0.7825140012445551
0.8836341008089608
0.8329184816428127
0.8596764156813939
0.7856253889234599
0.8466085874299938
0.8982576228998134
0.8338518979464842
0.7971375233354075
0.8347853142501556
0.872744243932794
0.7619788425637835
0.8624766645924082
0.7958929682638457
0.9156813939016801
0.8855009334163036
0.8182949595519602
0.8444306160547604
0.8186060983198507
0.8422526446795271
0.8046048537647791
0.8133167392657125
0.9583074051026758
0.9038581207218419
0.8836341008089608
0.9371499688861232
0.8976353453640323
0.8154947106409458
0.9085252022401992
0.9128811449906659
0.6593030491599253
0.9044803982576229
0.8151835718730553
0.9209707529558183
0.8291848164281269
0.9119477286869944
0.8326073428749222
0.7794026135656503
0.8223397635345364
0.828562538892346
0.7289981331673927
0.7380211574362165
0.8425637834474176
0.8400746733042938
0.8957685127566895
0.8266957062850031
0.8158058494088364
0.3568761667703796
0.9495955196017424
0.9125700062227754
0.8836341008089608
0.864965774735532
0.8817672682016179
0.8755444928438083
0.777224642190417
0.8767890479153703
0.8553204729309272
0.8565650280024891
0.8574984443061605
0.901991288114499
0.7906036092097075
0.8686994399502178
0.8204729309271935
0.842874922215308
0.43341630367143746
0.8173615432482887
0.9324828873677661
0.7576228998133168
0.6593030491599253
0.9091474797759801
0.8484754200373367
0.9206596141879279
0.8531425015556938
0.814250155569384
0.8400746733042938
0.7401991288114499
0.3525202240199129
0.8011823273179838
0.8487865588052271
0.813627878033603
0.8245177349097698
0.8892345986309894
0.8606098319850654
0.7899813316739266
0.8842563783447418
0.9259489732420659
0.9716863721219664
0.7345986309894212
0.8904791537025514
0.8173615432482887
0.851897946484132
0.9197261978842564
0.7582451773490977
0.8991910392034848
0.8867454884878656
0.6530802738021158
0.8830118232731798
0.8764779091474798
0.9094586185438706
0.9107031736154325
0.8630989421281892
0.8266957062850031
0.8354075917859365
0.9436838830118233
0.7871810827629122
0.8970130678282514
0.8189172370877411
0.8245177349097698
0.7756689483509646
0.8739887990043559
0.7626011200995644
0.8714996888612321
0.9060360920970753
0.2756689483509645
0.8422526446795271
0.8973242065961419
0.7321095208462974
0.9231487243310517
0.8668326073428749
0.880522713130056
0.7199751088985687
0.8484754200373367
0.7940261356565028
0.8898568761667703
0.8873677660236465
0.858431860609832
0.8764779091474798
0.43061605476042314
0.7579340385812072
0.8242065961418793
0.9334163036714375
0.6191661481020535
0.9287492221530803
0.85718730553827
0.8780336029869322
0.9184816428126945
0.8714996888612321
0.8693217174859987
0.8018046048537648
0.9287492221530803
0.85065339141257
0.8621655258245178
0.8005600497822029
0.8304293714996889
0.8808338518979465
0.8783447417548227
0.7753578095830741
0.8214063472308649
0.8055382700684506
0.7495332918481643
0.9284380833851898
0.8746110765401369
0.7943372744243933
0.7641568139390168
0.7890479153702551
0.8008711885500933
0.8095830740510268
0.9303049159925326
0.8942128189172371
0.8257622899813317
0.8027380211574362
0.8559427504667082
0.8674548848786559
0.8568761667703796
0.8696328562538892
0.8783447417548227
0.8288736776602365
0.7744243932794026
0.8742999377722465
0.9436838830118233
0.8730553827006845
0.858431860609832
0.9100808960796515
0.768823895457374
0.9116365899191039
0.7834474175482266
0.9057249533291848
0.9156813939016801
0.6197884256378344
0.7454884878655881
0.8671437461107654
0.8509645301804605
0.7582451773490977
0.9374611076540137
0.9153702551337897
0.790292470441817
0.7685127566894835
0.7797137523335408
0.8833229620410703
0.8515868077162414
0.8982576228998134
0.9471064094586186
0.8528313627878034
0.9309271935283137
0.8886123210952085
0.8434971997510889
0.858431860609832
0.7439327940261357
0.8039825762289982
0.8574984443061605
0.9085252022401992
0.8525202240199129
0.8326073428749222
0.8291848164281269
0.8095830740510268
0.9051026757934039
0.7685127566894835
0.80522713130056
0.9275046670815184
0.8771001866832607
0.9604853764779091
0.8462974486621033
0.5348475420037336
0.7818917237087741
0.738954573739888
0.8450528935905414
0.8307405102675793
0.8537647790914747
0.8686994399502178
0.8568761667703796
0.851897946484132
0.8329184816428127
0.8895457373988799
0.7884256378344742
0.9047915370255134
0.8204729309271935
0.8525202240199129
0.8466085874299938
0.3957685127566895
0.85718730553827
0.8092719352831362
0.7769135034225264
0.895457373988799
0.7896701929060361
0.7277535780958307
0.8963907902924705
0.7619788425637835
0.7454884878655881
0.7196639701306783
0.8556316116988176
0.8531425015556938
0.8279402613565651
0.8301182327317984
0.9296826384567517
0.8820784069695085
0.7675793403858121
0.8307405102675793
0.8344741754822651
0.8556316116988176
0.901991288114499
0.8957685127566895
0.14747977598008713
0.7741132545115121
0.8914125700062228
0.685749844430616
0.8550093341630367
0.9007467330429372
0.7177971375233354
0.8335407591785936
0.8102053515868077
0.8991910392034848
0.8366521468574984
0.9455507156191661
0.9010578718108276
0.3497199751088986
0.9156813939016801
0.9393279402613566
0.7106409458618543
0.8991910392034848
0.895457373988799
0.8671437461107654
0.7747355320472931
0.9399502177971375
0.9047915370255134
0.9296826384567517
0.8827006845052894
0.8926571250777847
0.8637212196639701
0.7996266334785315
0.8500311138767891
0.8749222153080274
0.851897946484132
0.7977598008711886
0.7622899813316739
0.7619788425637835
0.8301182327317984
0.724019912881145
0.7467330429371499
0.43839452395768513
0.8621655258245178
0.8634100808960796
0.8126944617299315
0.8366521468574984
0.84411947728687
0.8263845675171126
0.9091474797759801
0.7862476664592408
0.8338518979464842
0.7946484131922837
0.9029247044181705
0.918792781580585
0.7423771001866832
0.8976353453640323
0.9147479775980087
0.8702551337896702
0.6938394523957685
0.8151835718730553
0.8167392657125078
0.8957685127566895
0.40821406347230865
0.8867454884878656
0.8018046048537648
0.8108276291225887
0.9203484754200373
0.730553827006845
0.8960796515245799
0.8814561294337274
0.895457373988799
0.9222153080273802
0.16210329807093965
0.8279402613565651
0.7482887367766023
0.8973242065961419
0.8490976975731176
0.768823895457374
0.8145612943372744
0.7149968886123211
0.8410080896079651
0.7209085252022402
0.8092719352831362
0.7962041070317362
0.7958929682638457
0.8976353453640323
0.761667703795893
0.827317983820784
0.8313627878033603
0.7868699439950217
0.9156813939016801
0.15774735532047293
0.8690105787181083
0.909769757311761
0.7856253889234599
0.8198506533914126
0.8419415059116366
0.8369632856253889
0.753889234598631
0.9380833851897946
0.8307405102675793
0.8497199751088985
0.7965152457996266
0.7918481642812695
0.7996266334785315
0.8668326073428749
0.8693217174859987
0.888923459863099
0.829807093963908
0.3833229620410703
0.9206596141879279
0.8360298693217175
0.8531425015556938
0.790292470441817
0.8926571250777847
0.8201617921593031
0.8553204729309272
0.8839452395768512
0.8823895457373989
0.7800248911014313
0.8406969508400747
0.8108276291225887
0.4079029247044182
0.7115743621655258
0.926571250777847
0.8369632856253889
0.8615432482887367
0.9642190416925949
0.747355320472931
0.879900435594275
0.8326073428749222
0.8677660236465463
0.8036714374611077
0.8609209707529558
0.8329184816428127
0.8503422526446796
0.8531425015556938
0.7037958929682638
0.8783447417548227
0.880522713130056
0.7622899813316739
0.895457373988799
0.8450528935905414
0.559738643434972
0.694150591163659
0.3777224642190417
0.8469197261978842
0.8120721841941506
0.8098942128189173
0.6729931549471064
0.8164281269446173
0.8263845675171126
0.6994399502177971
0.865588052271313
0.4327940261356565
0.8388301182327318
0.26633478531425014
0.8288736776602365
0.8182949595519602
0.9387056627255757
0.8098942128189173
0.8431860609831985
0.9029247044181705
0.8777224642190417
0.8179838207840697
0.7806471686372122
0.7078406969508401
0.8531425015556938
0.783136278780336
0.7495332918481643
0.8848786558805227
0.8108276291225887
0.8214063472308649
0.9010578718108276
0.6490354698195395
0.7678904791537026
0.5466708151835719
0.9303049159925326
0.8120721841941506
0.618855009334163
0.9284380833851898
0.8848786558805227
0.7977598008711886
0.7822028624766646
0.7370877411325452
0.8515868077162414
0.7815805849408837
0.7965152457996266
0.9539514623522091
0.171437461107654
0.8904791537025514
0.813627878033603
0.903235843186061
0.9004355942750467
0.8357187305538271
0.8416303671437461
0.8546981953951462
0.8861232109520847
0.8643434971997511
0.7025513378967019
0.7778469197261979
0.7703795892968264
0.694150591163659
0.8718108276291225
0.9645301804604853
0.8260734287492222
0.8282514001244555
0.8525202240199129
0.9346608587429994
0.7927815805849409
0.6761045426260112
0.873366521468575
0.8721219663970131
0.7529558182949595
0.724019912881145
0.680460485376478
0.7818917237087741
0.9169259489732421
0.8556316116988176
0.7660236465463597
0.9172370877411326
0.8665214685749845
0.34816428126944615
0.7874922215308028
0.827317983820784
0.8067828251400124
0.8438083385189795
0.8574984443061605
0.7856253889234599
0.835096453018046
0.8447417548226509
0.7542003733665215
0.8198506533914126
0.7492221530802738
0.7853142501555694
0.9172370877411326
0.8086496577473553
0.8388301182327318
0.9343497199751089
0.84411947728687
0.8472308649657747
0.8503422526446796
0.9505289359054138
0.806471686372122
0.8724331051649036
0.7949595519601742
0.8238954573739888
0.8823895457373989
0.8658991910392034
0.8624766645924082
0.6269446172993155
0.8049159925326695
0.9433727442439328
0.8991910392034848
0.8833229620410703
0.8176726820161793
0.7641568139390168
0.8046048537647791
0.7545115121344119
0.7607342874922215
0.7330429371499689
0.8892345986309894
0.8867454884878656
0.8836341008089608
0.7601120099564406
0.8907902924704418
0.8929682638456752
0.8746110765401369
0.7940261356565028
0.8266957062850031
0.8105164903546982
0.9359054138145613
0.8014934660858744
0.8478531425015557
0.8917237087741132
0.6400124455507156
0.8161169881767268
0.6841941505911636
0.9327940261356565
0.7703795892968264
0.8388301182327318
0.6673926571250778
0.8724331051649036
0.7464219041692595
0.813627878033603
0.8459863098942129
0.8123833229620411
0.7790914747977598
0.9082140634723086
0.8469197261978842
0.8067828251400124
0.8714996888612321
0.8752333540759178
0.7666459240821406
0.8024268823895457
0.916303671437461
0.8332296204107031
0.8939016801493466
0.7470441817050405
0.8948350964530181
0.8901680149346609
0.8665214685749845
0.8721219663970131
0.8400746733042938
0.8014934660858744
0.7803360298693217
0.8301182327317984
0.9016801493466086
0.8164281269446173
0.8406969508400747
0.8027380211574362
0.8951462352209085
0.9147479775980087
0.6978842563783447
0.8531425015556938
0.8391412570006223
0.9007467330429372
0.8394523957685127
0.9704418170504044
0.7700684505289359
0.3310516490354698
0.790914747977598
0.8861232109520847
0.851897946484132
0.7566894835096453
0.8033602986932171
0.9673304293714997
0.8450528935905414
0.9150591163658992
0.7607342874922215
0.8419415059116366
0.8173615432482887
0.8618543870566272
0.8242065961418793
0.9063472308649658
0.7990043559427504
0.8002489110143124
0.2373988799004356
0.8226509023024269
0.888301182327318
0.7545115121344119
0.8855009334163036
0.8086496577473553
0.8484754200373367
0.8827006845052894
0.9418170504044804
0.7906036092097075
0.9271935283136279
0.8301182327317984
0.8500311138767891
0.16894835096453018
0.7784691972619788
0.8192283758556316
0.7557560672059739
0.9237710018668326
0.7454884878655881
0.8369632856253889
0.7591785936527692
0.8602986932171749
0.80522713130056
0.8839452395768512
0.8431860609831985
0.8696328562538892
0.8534536403235843
0.8186060983198507
0.7781580584940884
0.8002489110143124
0.8481642812694462
0.8369632856253889
0.7927815805849409
0.7850031113876789
0.8326073428749222
0.7874922215308028
0.9035469819539514
0.38114499066583696
0.8767890479153703
0.8758556316116988
0.8855009334163036
0.8472308649657747
0.8705662725575607
0.7775357809583074
0.8957685127566895
0.8858120721841941
0.9368388301182328
0.9156813939016801
0.8963907902924705
0.9287492221530803
0.8939016801493466
0.70130678282514
0.9243932794026135
0.7697573117610454
0.8574984443061605
0.8410080896079651
0.7937149968886124
0.8979464841319228
0.8382078406969509
0.9393279402613566
0.931860609831985
0.8606098319850654
0.8621655258245178
0.8148724331051649
0.851897946484132
0.8161169881767268
0.7678904791537026
0.7557560672059739
0.8873677660236465
0.7280647168637212
0.814250155569384
0.7812694461729932
0.8089607965152458
0.8500311138767891
0.806471686372122
0.866210329807094
0.7825140012445551
0.9243932794026135
0.8102053515868077
0.806471686372122
0.7361543248288737
0.8245177349097698
0.8917237087741132
0.8599875544492844
0.8783447417548227
0.939639079029247
0.8120721841941506
0.8534536403235843
0.7529558182949595
0.8970130678282514
0.8590541381456129
0.9299937772246422
0.686994399502178
0.7806471686372122
0.7380211574362165
0.8357187305538271
0.805849408836341
0.7840696950840075
0.888923459863099
0.8497199751088985
0.7887367766023646
0.8344741754822651
0.9054138145612943
0.9250155569383945
0.8640323584318607
0.8742999377722465
0.8985687616677038
0.872744243932794
0.7983820784069695
0.7946484131922837
0.7706907280647168
0.8615432482887367
0.872744243932794
0.7790914747977598
0.881144990665837
0.8814561294337274
0.8522090852520224
0.896701929060361
0.8316739265712508
0.828562538892346
0.8774113254511512
0.8151835718730553
0.8736776602364654
0.8403858120721842
0.9499066583696328
0.8282514001244555
0.7289981331673927
0.8210952084629745
0.8385189794648413
0.873366521468575
0.6835718730553827
0.7937149968886124
0.901991288114499
0.8755444928438083
0.8372744243932794
0.7181082762912259
0.8917237087741132
0.7934038581207219
0.8326073428749222
0.8018046048537648
0.8229620410703173
0.7878033602986932
0.8746110765401369
0.9122588674548848
0.8721219663970131
0.7563783447417548
0.8907902924704418
0.822028624766646
0.7280647168637212
0.933105164903547
0.8643434971997511
0.7955818294959552
0.8055382700684506
0.8102053515868077
0.955818294959552
0.8263845675171126
0.7654013690105788
0.7542003733665215
0.9439950217797137
0.7199751088985687
0.783758556316117
0.9256378344741755
0.8982576228998134
0.9502177971375233
0.8786558805227132
0.7738021157436217
0.7000622277535781
0.8462974486621033
0.7797137523335408
0.7974486621032981
0.8624766645924082
0.916303671437461
0.8204729309271935
0.7249533291848165
0.790292470441817
0.7358431860609832
0.7725575606720597
0.7081518357187305
0.716863721219664
0.8360298693217175
0.8232731798382078
0.7106409458618543
0.8643434971997511
0.8453640323584318
0.8434971997510889
0.7800248911014313
0.7691350342252644
0.9411947728686995
0.8033602986932171
0.9060360920970753
0.3089607965152458
0.41910392034847543
0.7809583074051026
0.8438083385189795
0.8926571250777847
0.8282514001244555
0.8400746733042938
0.9421281891723708
0.8774113254511512
0.8739887990043559
0.7853142501555694
0.79869321717486
0.8027380211574362
0.724019912881145
0.8481642812694462
0.9075917859365277
0.8462974486621033
0.8422526446795271
0.8391412570006223
0.8612321095208463
0.5880522713130056
0.8886123210952085
0.9184816428126945
0.8347853142501556
0.7563783447417548
0.7797137523335408
0.7181082762912259
0.7622899813316739
0.8767890479153703
0.7417548226509023
0.8640323584318607
0.8562538892345987
0.8581207218419415
0.8736776602364654
0.9237710018668326
0.8602986932171749
0.8326073428749222
0.6328562538892346
0.9113254511512134
0.8904791537025514
0.9075917859365277
0.8963907902924705
0.8637212196639701
0.9306160547604232
0.5379589296826385
0.7918481642812695
0.9231487243310517
0.8008711885500933
0.9107031736154325
0.7065961418792781
0.9001244555071561
0.8316739265712508
0.8021157436216553
0.7930927193528313
0.7794026135656503
0.813627878033603
0.69477286869944
0.8192283758556316
0.41257000622277534
0.7825140012445551
0.8154947106409458
0.8574984443061605
0.41661481020535157
0.65588052271313
0.8540759178593653
0.9197261978842564
0.8848786558805227
0.8270068450528936
0.9041692594897324
0.8711885500933416
0.8042937149968886
0.7181082762912259
0.887678904791537
0.8301182327317984
0.95457373988799
0.8024268823895457
0.8848786558805227
0.6683260734287492
0.9010578718108276
0.8385189794648413
0.8173615432482887
0.8646546359676416
0.7896701929060361
0.8721219663970131
0.9010578718108276
0.9100808960796515
0.7626011200995644
0.8133167392657125
0.9166148102053516
0.791537025513379
0.8537647790914747
0.6981953951462352
0.8403858120721842
0.8310516490354698
0.7881144990665837
0.730553827006845
0.8494088363410081
0.879900435594275
0.8092719352831362
0.8378967019290604
0.7426882389545737
0.9418170504044804
0.8686994399502178
0.7719352831362788
0.7439327940261357
0.8892345986309894
0.8699439950217797
0.7299315494710641
0.4013690105787181
0.9119477286869944
0.9517734909769757
0.805849408836341
0.7710018668326073
0.6876166770379589
0.8360298693217175
0.8640323584318607
0.9688861232109521
0.8833229620410703
0.8198506533914126
0.8083385189794648
0.8702551337896702
0.002489110143123833
0.7349097697573118
0.8960796515245799
0.8319850653391413
0.8957685127566895
0.8475420037336652
0.9657747355320473
0.7224642190416926
0.8895457373988799
0.7753578095830741
0.7794026135656503
0.7899813316739266
0.8602986932171749
0.7769135034225264
0.7871810827629122
0.8341630367143746
0.6400124455507156
0.8487865588052271
0.9166148102053516
0.7212196639701307
0.8553204729309272
0.671437461107654
0.9352831362787803
0.835096453018046
0.6975731176104543
0.8326073428749222
0.8322962041070318
0.7868699439950217
0.8447417548226509
0.7535780958307405
0.7230864965774736
0.8901680149346609
0.8108276291225887
0.8186060983198507
0.9352831362787803
0.7056627255756067
0.7843808338518979
0.8764779091474798
0.9047915370255134
0.9222153080273802
0.8357187305538271
0.819539514623522
0.8559427504667082
0.6729931549471064
0.6817050404480398
0.8957685127566895
0.8553204729309272
0.791537025513379
0.9191039203484754
0.9191039203484754
0.9172370877411326
0.9135034225264468
0.6907280647168638
0.8767890479153703
0.8939016801493466
0.9446172993154948
0.895457373988799
0.8214063472308649
0.8892345986309894
0.8005600497822029
0.8553204729309272
0.7937149968886124
0.8705662725575607
0.9100808960796515
0.9026135656502801
0.9079029247044181
0.8861232109520847
0.7787803360298693
0.9147479775980087
0.8948350964530181
0.2703795892968264
0.8615432482887367
0.6751711263223398
0.9075917859365277
0.7570006222775357
0.8347853142501556
0.8634100808960796
0.84411947728687
0.6294337274424393
0.8817672682016179
0.8998133167392657
0.40696950840074675
0.9514623522090853
0.9013690105787181
0.873366521468575
0.9362165525824517
0.7697573117610454
0.8217174859987555
0.819539514623522
0.8254511512134411
0.7778469197261979
0.8556316116988176
0.7044181705040448
0.753889234598631
0.8410080896079651
0.8671437461107654
0.7918481642812695
0.8459863098942129
0.9511512134411948
0.7946484131922837
0.7675793403858121
0.8114499066583696
0.865588052271313
0.7918481642812695
0.9247044181705041
0.8593652769135034
0.9122588674548848
0.7924704418170504
0.8005600497822029
0.4343497199751089
0.7190416925948974
0.8158058494088364
0.8668326073428749
0.8332296204107031
0.8070939639079029
0.8018046048537648
0.8176726820161793
0.7566894835096453
0.7361543248288737
0.8316739265712508
0.8895457373988799
0.7906036092097075
0.8590541381456129
0.8907902924704418
0.7728686994399502
0.8895457373988799
0.8985687616677038
0.7896701929060361
0.8618543870566272
0.8186060983198507
0.9144368388301183
0.819539514623522
0.7370877411325452
0.3086496577473553
0.7632233976353454
0.865588052271313
0.7850031113876789
0.7554449284380834
0.8385189794648413
0.8714996888612321
0.9007467330429372
0.8640323584318607
0.9125700062227754
0.7579340385812072
0.7613565650280025
0.8593652769135034
0.827317983820784
0.8895457373988799
0.8332296204107031
0.827317983820784
0.827317983820784
0.84411947728687
0.7806471686372122
0.8858120721841941
0.8898568761667703
0.8189172370877411
0.8736776602364654
0.9013690105787181
0.7744243932794026
0.7868699439950217
0.8991910392034848
0.7990043559427504
0.9299937772246422
0.9327940261356565
0.552582451773491
0.8077162414436839
0.8105164903546982
0.8979464841319228
0.7958929682638457
0.7999377722464219
0.8472308649657747
0.85065339141257
0.8235843186060983
0.6957062850031114
0.9029247044181705
0.8335407591785936
0.8145612943372744
0.8049159925326695
0.7554449284380834
0.8030491599253267
0.814250155569384
0.7501555693839452
0.8027380211574362
0.7716241443683883
0.7016179215930305
0.9667081518357187
0.8307405102675793
0.41848164281269445
0.822028624766646
0.8696328562538892
0.8182949595519602
0.8911014312383323
0.8923459863098943
0.8114499066583696
0.7794026135656503
0.8341630367143746
0.7921593030491599
0.7632233976353454
0.6972619788425638
0.8425637834474176
0.8817672682016179
0.6729931549471064
0.7834474175482266
0.851897946484132
0.7722464219041693
0.9072806471686372
0.9502177971375233
0.8839452395768512
0.9023024268823896
0.9583074051026758
0.7489110143123833
0.7943372744243933
0.8005600497822029
0.8988799004355943
0.9878655880522713
0.8802115743621656
0.9281269446172993
0.8497199751088985
0.7794026135656503
0.8447417548226509
0.6991288114499067
0.8995021779713752
0.8416303671437461
0.8898568761667703
0.9464841319228375
0.7492221530802738
0.820784069695084
0.9107031736154325
0.8397635345364033
0.8606098319850654
0.8851897946484132
0.813005600497822
0.8450528935905414
0.8646546359676416
0.9001244555071561
0.8515868077162414
0.80522713130056
0.7156191661481021
0.7445550715619166
0.7706907280647168
0.8039825762289982
0.9617299315494711
0.8615432482887367
0.8117610454262602
0.6683260734287492
0.8042937149968886
0.7725575606720597
0.9542626011200995
0.8248288736776602
0.842874922215308
0.7825140012445551
0.8624766645924082
0.8699439950217797
0.8771001866832607
0.8945239576851276
0.8210952084629745
0.777224642190417
0.5942750466708152
0.8279402613565651
0.9159925326695706
0.8652769135034225
0.7647790914747977
0.723397635345364
0.9222153080273802
0.8484754200373367
0.761045426260112
0.8851897946484132
0.8917237087741132
0.9256378344741755
0.7495332918481643
0.8431860609831985
0.940883634100809
0.8067828251400124
0.8024268823895457
0.7940261356565028
0.8982576228998134
0.9051026757934039
0.9184816428126945
0.768823895457374
0.8347853142501556
0.8658991910392034
0.752644679527069
0.8419415059116366
0.8606098319850654
0.0031113876789047915
0.9194150591163659
0.8242065961418793
0.6465463596764157
0.9060360920970753
0.7302426882389546
0.6621032980709396
0.8914125700062228
0.9492843808338519
0.7924704418170504
0.7846919726197884
0.7719352831362788
0.8593652769135034
0.8690105787181083
0.8217174859987555
0.8484754200373367
0.9365276913503423
0.901991288114499
0.7958929682638457
0.8263845675171126
0.7710018668326073
0.42937149968886124
0.9131922837585563
0.8388301182327318
0.7644679527069073
0.8450528935905414
0.7532669570628501
0.7507778469197262
0.8235843186060983
0.8736776602364654
0.8403858120721842
0.9262601120099564
0.7918481642812695
0.7601120099564406
0.8447417548226509
0.7996266334785315
0.8795892968263845
0.7280647168637212
0.8705662725575607
0.6677037958929682
0.8354075917859365
0.903235843186061
0.85065339141257
0.8375855631611698
0.8372744243932794
0.8484754200373367
0.866210329807094
0.8344741754822651
0.8450528935905414
0.731176104542626
0.888923459863099
0.268201617921593
0.7529558182949595
0.931860609831985
0.7654013690105788
0.8248288736776602
0.8450528935905414
0.814250155569384
0.8711885500933416
0.8606098319850654
0.33011823273179836
0.7775357809583074
0.9411947728686995
0.8907902924704418
0.9135034225264468
0.931860609831985
0.8179838207840697
0.8282514001244555
0.9212818917237088
0.7943372744243933
0.6228998133167393
0.7893590541381457
0.7741132545115121
0.7803360298693217
0.9131922837585563
0.7990043559427504
0.8316739265712508
0.8705662725575607
0.7850031113876789
0.7672682016179216
0.9340385812072184
0.8438083385189795
0.7072184194150591
0.8484754200373367
0.8777224642190417
0.8382078406969509
0.8447417548226509
0.7050404480398258
0.836341008089608
0.8021157436216553
0.43061605476042314
0.9016801493466086
0.9281269446172993
0.8472308649657747
0.9010578718108276
0.9066583696328563
0.6362787803360299
0.724019912881145
0.8033602986932171
0.7510889856876167
0.8553204729309272
0.8926571250777847
0.2563783447417548
0.7955818294959552
0.7955818294959552
0.8939016801493466
0.8388301182327318
0.9197261978842564
0.8718108276291225
0.8111387678904791
0.9349719975108899
0.6817050404480398
0.8319850653391413
0.8447417548226509
0.8873677660236465
0.8543870566272558
0.7657125077784692
0.8932794026135656
0.8210952084629745
0.9013690105787181
0.8911014312383323
0.8802115743621656
0.783758556316117
0.8758556316116988
0.40665836963285623
0.4517734909769757
0.9013690105787181
0.835096453018046
0.8830118232731798
0.8565650280024891
0.9194150591163659
0.8161169881767268
0.39981331673926573
0.8354075917859365
0.9035469819539514
0.7955818294959552
0.790292470441817
0.8618543870566272
0.8282514001244555
0.9044803982576229
0.7716241443683883
0.7952706907280647
0.9365276913503423
0.8419415059116366
0.8055382700684506
0.8192283758556316
0.7342874922215308
0.806471686372122
0.7871810827629122
0.8322962041070318
0.8459863098942129
0.8276291225886746
0.783136278780336
0.8911014312383323
0.7423771001866832
0.7943372744243933
0.8808338518979465
0.7224642190416926
0.8562538892345987
0.7803360298693217
0.895457373988799
0.8354075917859365
0.9047915370255134
0.8416303671437461
0.7498444306160548
0.8416303671437461
0.8434971997510889
0.8033602986932171
0.7775357809583074
0.819539514623522
0.8724331051649036
0.9023024268823896
0.7946484131922837
0.7818917237087741
0.7800248911014313
0.8895457373988799
0.851897946484132
0.7280647168637212
0.8170504044803982
0.9645301804604853
0.9026135656502801
0.8102053515868077
0.7548226509023024
0.6537025513378967
0.8808338518979465
0.7647790914747977
0.7874922215308028
0.7859365276913504
0.7433105164903547
0.8932794026135656
0.8836341008089608
0.865588052271313
0.7622899813316739
0.9418170504044804
0.7467330429371499
0.7784691972619788
0.9082140634723086
0.8210952084629745
0.8963907902924705
0.9648413192283759
0.6459240821406347
0.8939016801493466
0.9007467330429372
0.7576228998133168
0.6247666459240822
0.8867454884878656
0.8528313627878034
0.8092719352831362
0.9063472308649658
0.9029247044181705
0.8512756689483509
0.7588674548848786
0.9135034225264468
0.3182949595519602
0.8792781580584941
0.8024268823895457
0.8926571250777847
0.8164281269446173
0.79869321717486
0.9315494710640946
0.9807093963907902
0.783758556316117
0.909769757311761
0.7716241443683883
0.8749222153080274
0.7906036092097075
0.8148724331051649
0.6263223397635346
0.8232731798382078
0.8266957062850031
0.8372744243932794
0.9200373366521468
0.8948350964530181
0.864965774735532
0.8736776602364654
0.8923459863098943
0.6916614810205352
0.857809583074051
0.8372744243932794
0.730553827006845
0.9296826384567517
0.8677660236465463
0.931860609831985
0.9135034225264468
0.8459863098942129
0.9047915370255134
0.8693217174859987
0.9200373366521468
0.8338518979464842
0.8792781580584941
0.8917237087741132
0.6642812694461729
0.8447417548226509
0.8257622899813317
0.8742999377722465
0.9411947728686995
0.6378344741754822
0.901991288114499
0.9234598630989421
0.8932794026135656
0.842874922215308
0.8957685127566895
0.9299937772246422
0.9791537025513379
0.9262601120099564
0.7983820784069695
0.9007467330429372
0.9461729931549471
0.7498444306160548
0.819539514623522
0.8932794026135656
0.888301182327318
0.8525202240199129
0.7806471686372122
0.7370877411325452
0.8998133167392657
0.8873677660236465
0.8459863098942129
0.8484754200373367
0.8148724331051649
0.9128811449906659
0.8515868077162414
0.8018046048537648
0.9489732420659615
0.8126944617299315
0.896701929060361
0.7479775980087119
0.7983820784069695
0.6393901680149346
0.7893590541381457
0.9520846297448662
0.8270068450528936
0.7706907280647168
0.9200373366521468
0.8836341008089608
0.9527069072806472
0.8543870566272558
0.864965774735532
0.8907902924704418
0.888923459863099
0.842874922215308
0.8310516490354698
0.7971375233354075
0.8248288736776602
0.8565650280024891
0.7199751088985687
0.6882389545737398
0.9007467330429372
0.7641568139390168
0.8021157436216553
0.7663347853142501
0.8904791537025514
0.8245177349097698
0.7364654635967641
0.7654013690105788
0.8033602986932171
0.8478531425015557
0.7794026135656503
0.8260734287492222
0.80522713130056
0.7654013690105788
0.8742999377722465
0.8556316116988176
0.8979464841319228
0.8186060983198507
0.7436216552582452
0.8382078406969509
0.8462974486621033
0.7632233976353454
0.8039825762289982
0.8481642812694462
0.8634100808960796
0.8901680149346609
0.836341008089608
0.8929682638456752
0.7962041070317362
0.7734909769757312
0.9430616054760423
0.6757934038581207
0.8161169881767268
0.8777224642190417
0.8690105787181083
0.7887367766023646
0.8444306160547604
0.8344741754822651
0.7977598008711886
0.8126944617299315
0.8397635345364033
0.7713130056004979
0.8963907902924705
0.8602986932171749
0.8067828251400124
0.7719352831362788
0.8354075917859365
0.8148724331051649
0.8612321095208463
0.9100808960796515
0.753889234598631
0.8957685127566895
0.8322962041070318
0.3929682638456752
0.8434971997510889
0.7641568139390168
0.41008089607965154
0.9026135656502801
0.8245177349097698
0.8235843186060983
0.8901680149346609
0.8238954573739888
0.7638456751711263
0.7629122588674548
0.738954573739888
0.8771001866832607
0.8030491599253267
0.8708774113254512
0.8251400124455507
0.8590541381456129
0.819539514623522
0.8851897946484132
0.730553827006845
0.8879900435594275
0.911014312383323
0.9122588674548848
0.7485998755444928
0.8133167392657125
0.7361543248288737
0.9026135656502801
0.7716241443683883
0.8074051026757934
0.8674548848786559
0.7361543248288737
0.9368388301182328
0.9094586185438706
0.7635345364032359
0.7769135034225264
0.8705662725575607
0.8151835718730553
0.9306160547604232
0.7809583074051026
0.9085252022401992
0.8204729309271935
0.8472308649657747
0.8214063472308649
0.8167392657125078
0.8469197261978842
0.9057249533291848
0.8494088363410081
0.8354075917859365
0.8562538892345987
0.7747355320472931
0.8556316116988176
0.7626011200995644
0.8294959551960174
0.8985687616677038
0.8686994399502178
0.8494088363410081
0.8907902924704418
0.8154947106409458
0.8827006845052894
0.8257622899813317
0.8089607965152458
0.9648413192283759
0.7971375233354075
0.7825140012445551
0.8764779091474798
0.8609209707529558
0.8758556316116988
0.9013690105787181
0.8257622899813317
0.9063472308649658
0.8263845675171126
0.8173615432482887
0.6624144368388302
0.85718730553827
0.9072806471686372
0.8319850653391413
0.7697573117610454
0.7874922215308028
0.8939016801493466
0.7669570628500311
0.8077162414436839
0.752644679527069
0.8117610454262602
0.8049159925326695
0.9159925326695706
0.9038581207218419
0.8294959551960174
0.8257622899813317
0.9219041692594897
0.9212818917237088
0.8901680149346609
0.7423771001866832
0.9520846297448662
0.8833229620410703
0.9321717485998755
0.5388923459863099
0.8242065961418793
0.8494088363410081
0.857809583074051
0.6972619788425638
0.896701929060361
0.7710018668326073
0.8982576228998134
0.9321717485998755
0.8596764156813939
0.8434971997510889
0.8590541381456129
0.7906036092097075
0.7261978842563783
0.8786558805227132
0.9222153080273802
0.8201617921593031
0.9203484754200373
0.7778469197261979
0.8490976975731176
0.9393279402613566
0.7713130056004979
0.9085252022401992
0.776602364654636
0.6733042937149969
0.8546981953951462
0.8238954573739888
0.8329184816428127
0.8416303671437461
0.9091474797759801
0.8179838207840697
0.7644679527069073
0.7787803360298693
0.8568761667703796
0.00031113876789047915
0.8282514001244555
0.7856253889234599
0.7405102675793404
0.829807093963908
0.8767890479153703
0.85718730553827
0.8581207218419415
0.8911014312383323
0.6577473553204729
0.8154947106409458
0.440261356565028
0.8413192283758556
0.8114499066583696
0.8397635345364033
0.7380211574362165
0.7800248911014313
0.755133789670193
0.9247044181705041
0.7134411947728687
0.7140634723086496
0.8904791537025514
0.917548226509023
0.827317983820784
0.7507778469197262
0.8758556316116988
0.940883634100809
0.7149968886123211
0.7834474175482266
0.7554449284380834
0.8708774113254512
0.9060360920970753
0.7255756067205974
0.7762912258867455
0.8347853142501556
0.7856253889234599
0.8963907902924705
0.7153080273802116
0.8453640323584318
