0.5597189695550351
0.8883684621389539
0.8719750195160031
0.8153786104605777
0.8832943013270882
0.2978142076502732
0.747072599531616
0.8938329430132709
0.8024980483996877
0.5331772053083529
0.663544106167057
0.8618266978922716
0.6280249804839969
0.6791569086651054
0.7915690866510539
0.9012490241998439
0.8352849336455894
0.7849336455893833
0.8911007025761124
0.868071818891491
0.7478532396565184
0.8981264637002342
0.8957845433255269
0.8091334894613583
0.8590944574551131
0.9156908665105387
0.7782982045277127
0.8161592505854801
0.782591725214676
0.7205308352849337
0.7096018735362998
0.8005464480874317
0.8559718969555035
0.8110850897736144
0.5409836065573771
0.7985948477751756
0.8384074941451991
0.8497267759562842
0.7845433255269321
0.8891491022638564
0.8629976580796253
0.7872755659640905
0.7423887587822015
0.71935987509758
0.8723653395784543
0.884855581576893
0.6073380171740828
0.7903981264637002
0.9215456674473068
0.8165495706479313
0.9297423887587822
0.7966432474629196
0.7911787665886026
0.8407494145199064
0.7002341920374707
0.7872755659640905
0.8126463700234192
0.7392661982825918
0.8735362997658079
0.6744730679156908
0.34270101483216237
0.8302107728337237
0.9102263856362217
0.8501170960187353
0.9047619047619048
0.6978922716627635
0.8309914129586261
0.8095238095238095
0.8637782982045277
0.875487900078064
0.6842310694769711
0.7876658860265418
0.8052302888368462
0.7985948477751756
0.8579234972677595
0.7271662763466042
0.8563622170179547
0.749024199843872
0.6370023419203747
0.9324746291959407
0.7782982045277127
0.7743950039032006
0.7661982825917252
0.7958626073380172
0.8618266978922716
0.6869633099141296
0.9328649492583919
0.817720530835285
0.747072599531616
0.7927400468384075
0.9613583138173302
0.8087431693989071
0.9024199843871975
0.7056986729117877
0.7017954722872756
0.8024980483996877
0.7158469945355191
0.8594847775175644
0.9000780640124902
0.9570647931303669
0.8992974238875878
0.8653395784543325
0.8341139734582358
0.790007806401249
0.7763466042154566
0.6288056206088993
0.7685402029664324
0.7115534738485558
0.8298204527712725
0.6760343481654957
0.8290398126463701
0.8060109289617486
0.8286494925839188
0.7923497267759563
0.7892271662763466
0.8454332552693209
0.8661202185792349
0.8481654957064794
0.8516783762685401
0.7197501951600312
0.8926619828259172
0.834504293520687
0.8786104605776737
0.8524590163934426
0.6502732240437158
0.8185011709601874
0.7599531615925058
0.7876658860265418
0.8575331772053083
0.790007806401249
0.8899297423887588
0.7779078844652615
0.7482435597189696
0.8704137392661982
0.8735362997658079
0.8200624512099922
0.6213895394223263
0.8598750975800156
0.6135831381733021
0.9168618266978923
0.6233411397345824
0.7314597970335676
0.812256049960968
0.6116315378610461
0.6733021077283372
0.765807962529274
0.8321623731459797
0.9176424668227947
0.8009367681498829
0.6284153005464481
0.7486338797814208
0.8075722092115535
0.7985948477751756
0.8200624512099922
0.6982825917252147
0.7576112412177985
0.73224043715847
0.9590163934426229
0.7580015612802498
0.8934426229508197
0.8200624512099922
0.8458235753317721
0.8387978142076503
0.8220140515222483
0.7888368462138954
0.8427010148321624
0.9258391881342701
0.8735362997658079
0.27049180327868855
0.9215456674473068
0.8524590163934426
0.7259953161592506
0.6409055425448869
0.8895394223263076
0.7615144418423107
0.832552693208431
0.8895394223263076
0.8883684621389539
0.8469945355191257
0.7853239656518345
0.6783762685402029
0.834504293520687
0.8633879781420765
0.9063231850117096
0.8520686963309914
0.8918813427010148
0.7931303669008587
0.8950039032006245
0.9168618266978923
0.8879781420765027
0.839968774395004
0.8801717408274785
0.782591725214676
0.8067915690866511
0.9074941451990632
0.9297423887587822
0.6818891491022638
0.9094457455113193
0.8360655737704918
0.749024199843872
0.8142076502732241
0.7868852459016393
0.8704137392661982
0.7868852459016393
0.7306791569086651
0.8466042154566745
0.8692427790788446
0.7743950039032006
0.7958626073380172
0.7892271662763466
0.32903981264637
0.8629976580796253
0.6108508977361436
0.8032786885245902
0.30952380952380953
0.7857142857142857
0.8704137392661982
0.9254488680718189
0.782591725214676
0.9234972677595629
0.832552693208431
0.7607338017174082
0.8407494145199064
0.8153786104605777
0.8067915690866511
0.9398907103825137
0.892271662763466
0.9504293520686963
0.804839968774395
0.6135831381733021
0.8434816549570648
0.9047619047619048
0.8743169398907104
0.6725214676034348
0.7798594847775175
0.7650273224043715
0.8840749414519906
0.8992974238875878
0.6818891491022638
0.7287275565964091
0.8095238095238095
0.819672131147541
0.7611241217798594
0.7380952380952381
0.8056206088992974
0.9437939110070258
0.8481654957064794
0.8091334894613583
0.7970335675253708
0.9250585480093677
0.8965651834504293
0.9512099921935987
0.7743950039032006
0.7220921155347385
0.48321623731459795
0.7096018735362998
0.758391881342701
0.8985167837626854
0.8871975019516003
0.7423887587822015
0.7224824355971897
0.8446526151444185
0.802888368462139
0.8856362217017955
0.7720530835284933
0.734192037470726
0.9012490241998439
0.7884465261514442
0.00156128024980484
0.6850117096018735
0.9059328649492584
0.8672911787665886
0.9012490241998439
0.7540983606557377
0.7962529274004684
0.8040593286494926
0.8395784543325527
0.7712724434035909
0.8391881342701015
0.7447306791569087
0.7896174863387978
0.7513661202185792
0.8801717408274785
0.5952380952380952
0.7798594847775175
0.7985948477751756
0.7884465261514442
0.7236533957845434
0.8235753317720531
0.8056206088992974
0.8575331772053083
0.7220921155347385
0.8844652615144418
0.9133489461358314
0.7685402029664324
0.7353629976580797
0.8161592505854801
0.7560499609679937
0.7794691647150663
0.7872755659640905
0.8528493364558938
0.8005464480874317
0.8469945355191257
0.7888368462138954
0.8064012490241999
0.73224043715847
0.7794691647150663
0.7841530054644809
0.802888368462139
0.7334113973458236
0.7049180327868853
0.8934426229508197
0.7864949258391881
0.8469945355191257
0.7146760343481655
0.8220140515222483
0.8610460577673692
0.7302888368462139
0.6350507416081187
0.89032006245121
0.7103825136612022
0.8583138173302107
0.9035909445745511
0.8989071038251366
0.7673692427790788
0.7017954722872756
0.7845433255269321
0.9192037470725996
0.8501170960187353
0.860655737704918
0.8239656518345043
0.7872755659640905
0.5718188914910226
0.9375487900078064
0.8825136612021858
0.7642466822794691
0.8477751756440282
0.8508977361436377
0.7997658079625293
0.8825136612021858
0.8637782982045277
0.907103825136612
0.8766588602654176
0.8750975800156128
0.8313817330210773
0.7537080405932864
0.8735362997658079
0.8520686963309914
0.26385636221701797
0.7252146760343482
0.6873536299765808
0.594847775175644
0.7724434035909445
0.7412177985948478
0.7982045277127244
0.8875878220140515
0.7049180327868853
0.7802498048399688
0.8454332552693209
0.7279469164715067
0.8173302107728337
0.8099141295862607
0.8649492583918813
0.6885245901639344
0.7150663544106167
0.00078064012490242
0.7845433255269321
0.7427790788446527
0.726775956284153
0.680327868852459
0.905152224824356
0.7814207650273224
0.7205308352849337
0.9043715846994536
0.8758782201405152
0.7115534738485558
0.8212334113973458
0.7435597189695551
0.8403590944574552
0.9094457455113193
0.7209211553473849
0.7915690866510539
0.7759562841530054
0.8204527712724434
0.7833723653395784
0.6975019516003123
0.739656518345043
0.7673692427790788
0.8821233411397346
0.5608899297423887
0.8204527712724434
0.8060109289617486
0.8868071818891491
0.6865729898516784
0.788056206088993
0.817720530835285
0.8918813427010148
0.7517564402810304
0.6998438719750195
0.7779078844652615
0.8540202966432474
0.5835284933645589
0.9028103044496487
0.8840749414519906
0.8458235753317721
0.7295081967213115
0.8255269320843092
0.8333333333333334
0.8813427010148321
0.9180327868852459
0.9082747853239657
0.660031225604996
0.35714285714285715
0.7505854800936768
0.8688524590163934
0.6541764246682279
0.7181889149102264
0.7256049960967994
0.9168618266978923
0.7939110070257611
0.8372365339578455
0.7154566744730679
0.8887587822014051
0.870023419203747
0.7154566744730679
0.899687743950039
0.8817330210772834
0.7365339578454333
0.8298204527712725
0.8149882903981265
0.6623731459797033
0.9106167056986729
0.7736143637782982
0.8387978142076503
0.8208430913348946
0.7408274785323966
0.7888368462138954
0.8508977361436377
0.7814207650273224
0.8224043715846995
0.8766588602654176
0.7115534738485558
0.834504293520687
0.804839968774395
0.849336455893833
0.8290398126463701
0.8149882903981265
0.8114754098360656
0.6935987509758001
0.7361436377829821
0.8427010148321624
0.8540202966432474
0.8259172521467604
0.9098360655737705
0.8805620608899297
0.8598750975800156
0.7369242779078845
0.8711943793911007
0.847384855581577
0.8930523028883685
0.8715846994535519
0.8309914129586261
0.7338017174082748
0.7736143637782982
0.860655737704918
0.8243559718969555
0.9547228727556596
0.8938329430132709
0.819672131147541
0.9020296643247463
0.7681498829039812
0.7611241217798594
0.8797814207650273
0.9141295862607338
0.7611241217798594
0.7533177205308352
0.6939890710382514
0.7716627634660421
0.7298985167837627
0.8926619828259172
0.7002341920374707
0.8458235753317721
0.6873536299765808
0.8965651834504293
0.7716627634660421
0.8594847775175644
0.89032006245121
0.8821233411397346
0.7259953161592506
0.7810304449648712
0.7548790007806401
0.8423106947697112
0.7552693208430913
0.9277907884465262
0.8036690085870414
0.6198282591725215
0.8290398126463701
0.8512880562060889
0.9242779078844653
0.7818110850897736
0.8352849336455894
0.775175644028103
0.7950819672131147
0.7177985948477752
0.9262295081967213
0.7743950039032006
0.8548009367681498
0.8571428571428571
0.7037470725995316
0.5909445745511319
0.7006245120999219
0.927400468384075
0.8618266978922716
0.8657298985167837
0.8138173302107728
0.7989851678376269
0.7053083528493365
0.6502732240437158
0.834504293520687
0.7857142857142857
0.34192037470725994
0.7888368462138954
0.9035909445745511
0.8528493364558938
0.7111631537861046
0.8309914129586261
0.8309914129586261
0.7982045277127244
0.7849336455893833
0.7295081967213115
0.8567525370804059
0.22131147540983606
0.7591725214676034
0.868071818891491
0.9195940671350508
0.739656518345043
0.7170179547228728
0.8079625292740047
0.8918813427010148
0.26736924277907886
0.6783762685402029
0.667447306791569
0.44028103044496486
0.7209211553473849
0.7408274785323966
0.8899297423887588
0.9020296643247463
0.8434816549570648
0.7006245120999219
0.7064793130366901
0.8555815768930523
0.7665886026541764
0.711943793911007
0.843871975019516
0.8696330991412958
0.6514441842310694
0.812256049960968
0.8942232630757221
0.8953942232630757
0.7681498829039812
0.8192818110850898
0.7298985167837627
0.7302888368462139
0.8692427790788446
0.8005464480874317
0.8106947697111632
0.8992974238875878
0.6354410616705699
0.8657298985167837
0.7962529274004684
0.7958626073380172
0.8907103825136612
0.9207650273224044
0.9258391881342701
0.8052302888368462
0.8950039032006245
0.8602654176424668
0.7384855581576893
0.7853239656518345
0.7591725214676034
0.8727556596409055
0.8856362217017955
0.23106947697111632
0.8965651834504293
0.758391881342701
0.7767369242779079
0.8337236533957846
0.8095238095238095
0.5975800156128025
0.7978142076502732
0.8235753317720531
0.7548790007806401
0.7853239656518345
0.8766588602654176
0.7060889929742389
0.7931303669008587
0.8126463700234192
0.6978922716627635
0.34543325526932084
0.875487900078064
0.802888368462139
0.9164715066354411
0.5035128805620609
0.7462919594067136
0.7724434035909445
0.914519906323185
0.773224043715847
0.843871975019516
0.8661202185792349
0.8411397345823576
0.7634660421545667
0.7338017174082748
0.8415300546448088
0.9129586260733802
0.8434816549570648
0.9153005464480874
0.6998438719750195
0.724824355971897
0.8298204527712725
0.8555815768930523
0.8446526151444185
0.7279469164715067
0.9679937548790007
0.8352849336455894
0.8126463700234192
0.5991412958626073
0.7907884465261514
0.7287275565964091
0.8446526151444185
0.8727556596409055
0.6920374707259953
0.8911007025761124
0.9164715066354411
0.8446526151444185
0.7985948477751756
0.7197501951600312
0.8313817330210773
0.5819672131147541
0.7771272443403591
0.8481654957064794
0.7189695550351288
0.6935987509758001
0.802888368462139
0.8602654176424668
0.7318501170960188
0.8091334894613583
0.8044496487119438
0.7533177205308352
0.8602654176424668
0.7915690866510539
0.8711943793911007
0.8938329430132709
0.9129586260733802
0.8946135831381733
0.9176424668227947
0.7654176424668228
0.8770491803278688
0.6116315378610461
0.7427790788446527
0.8255269320843092
0.9000780640124902
0.8427010148321624
0.7548790007806401
0.9207650273224044
0.8298204527712725
0.8762685402029664
0.8758782201405152
0.8173302107728337
0.8387978142076503
0.7591725214676034
0.9020296643247463
0.8661202185792349
0.8844652615144418
0.6943793911007026
0.9129586260733802
0.8731459797033567
0.7790788446526151
0.7049180327868853
0.8017174082747853
0.6615925058548009
0.9551131928181108
0.7892271662763466
0.8661202185792349
0.819672131147541
0.7810304449648712
0.7767369242779079
0.7419984387197502
0.9094457455113193
0.8321623731459797
0.7486338797814208
0.8138173302107728
0.812256049960968
0.8153786104605777
0.9160811865729899
0.7455113192818111
0.8259172521467604
0.87743950039032
0.8805620608899297
0.9074941451990632
0.6494925839188135
0.8895394223263076
0.6662763466042154
0.7435597189695551
0.8145979703356753
0.7962529274004684
0.8723653395784543
0.8192818110850898
0.8411397345823576
0.7314597970335676
0.8259172521467604
0.8723653395784543
0.7868852459016393
0.8005464480874317
0.870023419203747
0.5554254488680718
0.8559718969555035
0.860655737704918
0.8891491022638564
0.8153786104605777
0.819672131147541
0.7884465261514442
0.6221701795472288
0.870023419203747
0.8060109289617486
0.7970335675253708
0.7021857923497268
0.7517564402810304
0.6900858704137393
0.7501951600312255
0.8985167837626854
0.8540202966432474
0.23145979703356753
0.44691647150663544
0.7209211553473849
0.927400468384075
0.8766588602654176
0.7283372365339579
0.7693208430913349
0.7197501951600312
0.7939110070257611
0.3286494925839188
0.9227166276346604
0.9008587041373927
0.8786104605776737
0.7919594067135051
0.8161592505854801
0.8294301327088213
0.9094457455113193
0.87743950039032
0.41842310694769713
0.6701795472287275
0.7708821233411397
0.8134270101483216
0.8973458235753318
0.8930523028883685
0.7189695550351288
0.6288056206088993
0.6963309914129586
0.8840749414519906
0.7349726775956285
0.8887587822014051
0.6963309914129586
0.00117096018735363
0.7779078844652615
0.8836846213895394
0.7166276346604216
0.7283372365339579
0.7669789227166276
0.8809523809523809
0.9238875878220141
0.6459797033567526
0.8598750975800156
0.8064012490241999
0.9234972677595629
0.7568306010928961
0.9024199843871975
0.8860265417642467
0.9012490241998439
0.7572209211553473
0.8337236533957846
0.7295081967213115
0.7064793130366901
0.7088212334113974
0.7884465261514442
0.8142076502732241
0.7716627634660421
0.8813427010148321
0.8075722092115535
0.6935987509758001
0.663544106167057
0.8454332552693209
0.7388758782201406
0.6947697111631538
0.7841530054644809
0.8142076502732241
0.6291959406713505
0.8317720530835285
0.7786885245901639
0.7927400468384075
0.7786885245901639
0.8692427790788446
0.602263856362217
0.8505074160811865
0.7794691647150663
0.907103825136612
0.8380171740827479
0.7740046838407494
0.9188134270101483
0.76775956284153
0.8489461358313818
0.8907103825136612
0.7462919594067136
0.8672911787665886
0.7841530054644809
0.7779078844652615
0.7712724434035909
0.849336455893833
0.6604215456674473
0.7775175644028103
0.9008587041373927
0.914519906323185
0.7837626854020296
0.8715846994535519
0.7989851678376269
0.897736143637783
0.7533177205308352
0.8938329430132709
0.8126463700234192
0.9020296643247463
0.8544106167056986
0.7275565964090555
0.8704137392661982
0.7056986729117877
0.7907884465261514
0.8907103825136612
0.8173302107728337
0.8286494925839188
0.8649492583918813
0.8747072599531616
0.8715846994535519
0.6814988290398126
0.9094457455113193
0.862607338017174
0.8766588602654176
0.8723653395784543
0.7181889149102264
0.9258391881342701
0.6471506635441062
0.8469945355191257
0.8911007025761124
0.8087431693989071
0.7763466042154566
0.8770491803278688
0.9016393442622951
0.825136612021858
0.6241217798594848
0.7958626073380172
0.8134270101483216
0.7619047619047619
0.914519906323185
0.7041373926619828
0.8786104605776737
0.7704918032786885
0.825136612021858
0.9059328649492584
0.9270101483216238
0.7763466042154566
0.8832943013270882
0.8548009367681498
0.7053083528493365
0.8173302107728337
0.8661202185792349
0.8095238095238095
0.7669789227166276
0.7306791569086651
0.7076502732240437
0.5062451209992194
0.7076502732240437
0.7931303669008587
0.8263075722092116
0.6389539422326308
0.7373145979703357
0.8637782982045277
0.650663544106167
0.7084309133489461
0.9258391881342701
0.8637782982045277
0.9332552693208431
0.8852459016393442
0.7779078844652615
0.6428571428571429
0.717408274785324
0.7716627634660421
0.6717408274785324
0.8516783762685401
0.8009367681498829
0.8957845433255269
0.9184231069476971
0.875487900078064
0.8079625292740047
0.8657298985167837
0.8040593286494926
0.6280249804839969
0.8649492583918813
0.8040593286494926
0.7779078844652615
0.7736143637782982
0.8348946135831382
0.8329430132708822
0.8411397345823576
0.868071818891491
0.7408274785323966
0.726775956284153
0.8856362217017955
0.8715846994535519
0.8450429352068697
0.7736143637782982
0.9078844652615145
0.7209211553473849
0.7630757220921155
0.3548009367681499
0.8368462138953943
0.8649492583918813
0.5737704918032787
0.9117876658860266
0.8942232630757221
0.8637782982045277
0.9094457455113193
0.8348946135831382
0.8891491022638564
0.7892271662763466
0.31069476971116317
0.8208430913348946
0.7408274785323966
0.7552693208430913
0.7068696330991413
0.8220140515222483
0.9028103044496487
0.8079625292740047
0.7096018735362998
0.8868071818891491
0.8657298985167837
0.8505074160811865
0.8387978142076503
0.7287275565964091
0.843871975019516
0.8778298204527712
0.6549570647931303
0.7217017954722873
0.8489461358313818
0.7673692427790788
0.7841530054644809
0.8243559718969555
0.6986729117876659
0.8306010928961749
0.9180327868852459
0.8337236533957846
0.9320843091334895
0.9063231850117096
0.7747853239656518
0.7244340359094458
0.6491022638563623
0.765807962529274
0.6412958626073381
0.8899297423887588
0.8309914129586261
0.7017954722872756
0.717408274785324
0.9117876658860266
0.8579234972677595
0.8376268540202967
0.8508977361436377
0.8224043715846995
0.8926619828259172
0.8614363778298204
0.7459016393442623
0.8813427010148321
0.8743169398907104
0.7689305230288837
0.8142076502732241
0.8653395784543325
0.6401249024199844
0.9016393442622951
0.7209211553473849
0.7217017954722873
0.6838407494145199
0.7408274785323966
0.892271662763466
0.8095238095238095
0.868071818891491
0.8255269320843092
0.7599531615925058
0.7244340359094458
0.7177985948477752
0.8797814207650273
0.7923497267759563
0.7923497267759563
0.8337236533957846
0.8696330991412958
0.8891491022638564
0.8544106167056986
0.7958626073380172
0.7669789227166276
0.7275565964090555
0.8911007025761124
0.860655737704918
0.8313817330210773
0.8485558157689306
0.660031225604996
0.8469945355191257
0.9020296643247463
0.7896174863387978
0.00078064012490242
0.7271662763466042
0.8200624512099922
0.8216237314597971
0.8610460577673692
0.8520686963309914
0.8430913348946136
0.7743950039032006
0.8548009367681498
0.8442622950819673
0.7634660421545667
0.8469945355191257
0.7716627634660421
0.9063231850117096
0.7494145199063232
0.8009367681498829
0.7845433255269321
0.8805620608899297
0.23497267759562843
0.6935987509758001
0.00039032006245121
0.7431693989071039
0.8341139734582358
0.5831381733021077
0.6842310694769711
0.8981264637002342
0.775175644028103
0.7228727556596409
0.8415300546448088
0.8333333333333334
0.9090554254488681
0.717408274785324
0.24121779859484777
0.709992193598751
0.9082747853239657
0.6943793911007026
0.2716627634660422
0.8309914129586261
0.8075722092115535
0.3548009367681499
0.8657298985167837
0.8567525370804059
0.8239656518345043
0.7158469945355191
0.587431693989071
0.8899297423887588
0.8961748633879781
0.7853239656518345
0.9184231069476971
0.7630757220921155
0.7693208430913349
0.7053083528493365
0.6459797033567526
0.855191256830601
0.6900858704137393
0.7708821233411397
0.9391100702576113
0.8778298204527712
0.9008587041373927
0.9098360655737705
0.9355971896955504
0.9184231069476971
0.8825136612021858
0.8598750975800156
0.7060889929742389
0.8973458235753318
0.7076502732240437
0.9129586260733802
0.8161592505854801
0.9106167056986729
0.71935987509758
0.7291178766588603
0.7037470725995316
0.788056206088993
0.8653395784543325
0.9090554254488681
0.8231850117096019
0.5913348946135831
0.8747072599531616
0.8114754098360656
0.6073380171740828
0.8653395784543325
0.695160031225605
0.7357533177205309
0.6865729898516784
0.8497267759562842
0.7501951600312255
0.7576112412177985
0.7716627634660421
0.8231850117096019
0.7755659640905542
0.7443403590944575
0.8840749414519906
0.7985948477751756
0.8145979703356753
0.7576112412177985
0.6424668227946917
0.7498048399687745
0.6869633099141296
0.7568306010928961
0.8387978142076503
0.8372365339578455
0.853239656518345
0.9020296643247463
0.9601873536299765
0.4426229508196721
0.8766588602654176
0.7673692427790788
0.8466042154566745
0.7552693208430913
0.9121779859484778
0.25878220140515223
0.8091334894613583
0.8126463700234192
0.9176424668227947
0.9328649492583919
0.1830601092896175
0.7939110070257611
0.8731459797033567
0.7993754879000781
0.9679937548790007
0.704527712724434
0.8832943013270882
0.8579234972677595
0.8708040593286495
0.5792349726775956
0.8911007025761124
0.8075722092115535
0.6826697892271663
0.40359094457455114
0.8629976580796253
0.6842310694769711
0.8793911007025761
0.8466042154566745
0.8411397345823576
0.8938329430132709
0.9149102263856362
0.8516783762685401
0.7907884465261514
0.9028103044496487
0.8469945355191257
0.7369242779078845
0.3325526932084309
0.8571428571428571
0.8360655737704918
0.6881342701014832
0.8337236533957846
0.8021077283372365
0.6990632318501171
0.8095238095238095
0.9098360655737705
0.8469945355191257
0.7115534738485558
0.8665105386416861
0.853239656518345
0.8372365339578455
0.702576112412178
0.7591725214676034
0.8934426229508197
0.8750975800156128
0.7884465261514442
0.84192037470726
0.7857142857142857
0.6975019516003123
0.5964090554254489
0.8259172521467604
0.9024199843871975
0.8918813427010148
0.8134270101483216
0.9008587041373927
0.555815768930523
0.855191256830601
0.7388758782201406
0.7338017174082748
0.24902419984387197
0.750975800156128
0.8227946916471507
0.8138173302107728
0.8278688524590164
0.7330210772833724
0.7244340359094458
0.8676814988290398
0.7611241217798594
0.7334113973458236
0.6932084309133489
0.6268540202966433
0.9008587041373927
0.9141295862607338
0.8231850117096019
0.9149102263856362
0.882903981264637
0.7907884465261514
0.8711943793911007
0.817720530835285
0.7747853239656518
0.7314597970335676
0.8298204527712725
0.8555815768930523
0.7939110070257611
0.843871975019516
0.8790007806401249
0.8992974238875878
0.8149882903981265
0.860655737704918
0.7439500390320063
0.7767369242779079
0.8637782982045277
0.9473067915690867
0.8384074941451991
0.7505854800936768
0.8317720530835285
0.8309914129586261
0.8930523028883685
0.7142857142857143
0.8610460577673692
0.8661202185792349
0.892271662763466
0.825136612021858
0.7982045277127244
0.936768149882904
0.6783762685402029
0.795472287275566
0.7338017174082748
0.9055425448868072
0.827088212334114
0.6916471506635441
0.6807181889149102
0.6865729898516784
0.8391881342701015
0.817720530835285
0.7014051522248244
0.7361436377829821
0.6994535519125683
0.8395784543325527
0.644808743169399
0.8918813427010148
0.8114754098360656
0.802888368462139
0.8446526151444185
0.9028103044496487
0.8024980483996877
0.31459797033567527
0.8083528493364559
0.6990632318501171
0.7427790788446527
0.9059328649492584
0.6342701014832163
0.7142857142857143
0.8200624512099922
0.8743169398907104
0.9117876658860266
0.9090554254488681
0.8750975800156128
0.899687743950039
0.2568306010928962
0.9231069476971117
0.8969555035128806
0.9082747853239657
0.788056206088993
0.9246682279469165
0.7622950819672131
0.7037470725995316
0.8118657298985168
0.7576112412177985
0.8918813427010148
0.782591725214676
0.7408274785323966
0.7564402810304449
0.7537080405932864
0.7138953942232631
0.8204527712724434
0.3399687743950039
0.7209211553473849
0.8926619828259172
0.819672131147541
0.8633879781420765
0.8024980483996877
0.7283372365339579
0.8809523809523809
0.7970335675253708
0.8637782982045277
0.9039812646370023
0.8333333333333334
0.8423106947697112
0.8075722092115535
0.8415300546448088
0.7540983606557377
0.6619828259172521
0.7849336455893833
0.9160811865729899
0.660031225604996
0.6783762685402029
0.7443403590944575
0.6834504293520687
0.6783762685402029
0.8778298204527712
0.8602654176424668
0.8274785323965652
0.9028103044496487
0.8817330210772834
0.9137392661982826
0.9059328649492584
0.6143637782982045
0.8508977361436377
0.6830601092896175
0.8914910226385636
0.6459797033567526
0.7622950819672131
0.8138173302107728
0.8485558157689306
0.749024199843872
0.687743950039032
0.7989851678376269
0.7884465261514442
0.843871975019516
0.7950819672131147
0.7903981264637002
0.8708040593286495
0.9020296643247463
0.7923497267759563
0.7958626073380172
0.6857923497267759
0.8360655737704918
0.741608118657299
0.9414519906323185
0.7669789227166276
0.8391881342701015
0.8719750195160031
0.8825136612021858
0.7685402029664324
0.8044496487119438
0.7661982825917252
0.7790788446526151
0.8567525370804059
0.7041373926619828
0.8567525370804059
0.8727556596409055
0.704527712724434
0.8571428571428571
0.8688524590163934
0.8645589383294301
0.7794691647150663
0.8548009367681498
0.8766588602654176
0.8938329430132709
0.726775956284153
0.7771272443403591
0.9305230288836847
0.6947697111631538
0.8575331772053083
0.919984387197502
0.9484777517564403
0.7326307572209212
0.7291178766588603
0.860655737704918
0.8384074941451991
0.6366120218579235
0.7712724434035909
0.8914910226385636
0.29508196721311475
0.8516783762685401
0.6920374707259953
0.3044496487119438
0.8508977361436377
0.892271662763466
0.7599531615925058
0.832552693208431
0.8157689305230289
0.7728337236533958
0.8173302107728337
0.7240437158469946
0.9012490241998439
0.8040593286494926
0.650663544106167
0.7306791569086651
0.7798594847775175
0.8161592505854801
0.8711943793911007
0.847384855581577
0.7939110070257611
0.7443403590944575
0.8458235753317721
0.843871975019516
0.7619047619047619
0.7607338017174082
0.7669789227166276
0.7685402029664324
0.7513661202185792
0.726775956284153
0.8259172521467604
0.8989071038251366
0.7802498048399688
0.7138953942232631
0.6233411397345824
0.7693208430913349
0.6350507416081187
0.9371584699453552
0.8602654176424668
0.8782201405152225
0.9160811865729899
0.8348946135831382
0.8227946916471507
0.30679156908665106
0.752927400468384
0.6889149102263856
0.9543325526932084
0.8466042154566745
0.8614363778298204
0.8727556596409055
0.8454332552693209
0.7884465261514442
0.7498048399687745
0.8387978142076503
0.760343481654957
0.8415300546448088
0.8583138173302107
0.8060109289617486
0.6967213114754098
0.6627634660421545
0.7790788446526151
0.804839968774395
0.7380952380952381
0.834504293520687
0.8879781420765027
0.8727556596409055
0.9086651053864169
0.6982825917252147
0.7103825136612022
0.9301327088212334
0.5831381733021077
0.825136612021858
0.8333333333333334
0.8860265417642467
0.8512880562060889
0.8477751756440282
0.8407494145199064
0.8946135831381733
0.7701014832162373
0.682279469164715
0.8571428571428571
0.6522248243559718
0.6768149882903981
0.8067915690866511
0.8173302107728337
0.7740046838407494
0.6943793911007026
0.8040593286494926
0.9004683840749415
0.650663544106167
0.8887587822014051
0.9254488680718189
0.8044496487119438
0.7720530835284933
0.8321623731459797
0.6338797814207651
0.752927400468384
0.8852459016393442
0.7654176424668228
0.8727556596409055
0.7256049960967994
0.7950819672131147
0.8309914129586261
0.749024199843872
0.6412958626073381
0.8341139734582358
0.7533177205308352
0.7701014832162373
0.9320843091334895
0.8216237314597971
0.8333333333333334
0.8079625292740047
0.7634660421545667
0.8306010928961749
0.8126463700234192
0.7782982045277127
0.7427790788446527
0.8641686182669789
0.5858704137392662
0.8306010928961749
0.7701014832162373
0.7697111631537861
0.8735362997658079
0.6760343481654957
0.7939110070257611
0.8173302107728337
0.8840749414519906
0.7911787665886026
0.8926619828259172
0.4266198282591725
0.7232630757220921
0.8973458235753318
0.8309914129586261
0.6541764246682279
0.7841530054644809
0.8024980483996877
0.8649492583918813
0.8821233411397346
0.8914910226385636
0.8942232630757221
0.8711943793911007
0.7373145979703357
0.7486338797814208
0.8501170960187353
0.8060109289617486
0.6826697892271663
0.7017954722872756
0.9363778298204528
0.8036690085870414
0.7829820452771272
0.8017174082747853
0.6491022638563623
0.8352849336455894
0.6608118657298985
0.2720530835284934
0.9020296643247463
0.8329430132708822
0.747072599531616
0.8430913348946136
0.7544886807181889
0.9137392661982826
0.7939110070257611
0.8965651834504293
0.7763466042154566
0.7533177205308352
0.8321623731459797
0.7923497267759563
0.9043715846994536
0.9004683840749415
0.8138173302107728
0.6444184231069477
0.8227946916471507
0.8181108508977362
0.8645589383294301
0.8918813427010148
0.7076502732240437
0.7907884465261514
0.8266978922716628
0.892271662763466
0.6904761904761905
0.7170179547228728
0.8056206088992974
0.860655737704918
0.7802498048399688
0.8965651834504293
0.8329430132708822
0.8633879781420765
0.8598750975800156
0.8395784543325527
0.8797814207650273
0.8805620608899297
0.921935987509758
0.8895394223263076
0.860655737704918
0.7474629195940672
0.8934426229508197
0.8563622170179547
0.8645589383294301
0.8934426229508197
0.6990632318501171
0.8883684621389539
0.7318501170960188
0.8942232630757221
0.6128024980483997
0.8317720530835285
0.8067915690866511
0.7357533177205309
0.797423887587822
0.8411397345823576
0.7892271662763466
0.4297423887587822
0.7907884465261514
0.2568306010928962
0.8575331772053083
0.6893052302888368
0.7361436377829821
0.8001561280249805
0.7845433255269321
0.8836846213895394
0.8520686963309914
0.7150663544106167
0.9024199843871975
0.7544886807181889
0.8407494145199064
0.8688524590163934
0.853239656518345
0.27673692427790786
0.7462919594067136
0.7802498048399688
0.7548790007806401
0.7868852459016393
0.8469945355191257
0.7747853239656518
0.747072599531616
0.797423887587822
0.9059328649492584
0.8544106167056986
0.8809523809523809
0.3333333333333333
0.5987509758001561
0.7213114754098361
0.7743950039032006
0.825136612021858
0.9016393442622951
0.6397345823575332
0.8961748633879781
0.8298204527712725
0.862607338017174
0.8641686182669789
0.7505854800936768
0.8649492583918813
0.8298204527712725
0.8813427010148321
0.8403590944574552
0.8134270101483216
0.7622950819672131
0.790007806401249
0.6693989071038251
0.8395784543325527
0.8786104605776737
0.7014051522248244
0.8266978922716628
0.7326307572209212
0.7989851678376269
0.7357533177205309
0.6291959406713505
0.775175644028103
0.8317720530835285
0.8360655737704918
0.8583138173302107
0.6436377829820453
0.8914910226385636
0.6900858704137393
0.8239656518345043
0.7552693208430913
0.6701795472287275
0.7673692427790788
0.8091334894613583
0.78064012490242
0.8040593286494926
0.9395003903200625
0.8266978922716628
0.8985167837626854
0.7779078844652615
0.7767369242779079
0.8157689305230289
0.6690085870413739
0.9055425448868072
0.6881342701014832
0.9055425448868072
0.7373145979703357
0.8153786104605777
0.726775956284153
0.8130366900858704
0.8899297423887588
0.7876658860265418
0.7349726775956285
0.7622950819672131
0.7970335675253708
0.6920374707259953
0.849336455893833
0.810304449648712
0.8688524590163934
0.8899297423887588
0.797423887587822
0.7092115534738486
0.7853239656518345
0.9313036690085871
0.8497267759562842
0.7771272443403591
0.8985167837626854
0.7513661202185792
0.8786104605776737
0.8212334113973458
0.7447306791569087
0.8528493364558938
0.9391100702576113
0.8895394223263076
0.8427010148321624
0.9156908665105387
0.7931303669008587
0.9516003122560499
0.7466822794691648
0.8216237314597971
0.7861046057767369
0.7864949258391881
0.7076502732240437
0.9016393442622951
0.8079625292740047
0.8341139734582358
0.8657298985167837
0.8056206088992974
0.8825136612021858
0.702576112412178
0.819672131147541
0.860655737704918
0.7283372365339579
0.912568306010929
0.7533177205308352
0.8294301327088213
0.2962529274004684
0.8583138173302107
0.8871975019516003
0.7939110070257611
0.8485558157689306
0.8149882903981265
0.7704918032786885
0.6795472287275566
0.9074941451990632
0.7669789227166276
0.9223263075722092
0.8559718969555035
0.7103825136612022
0.8758782201405152
0.9024199843871975
0.9035909445745511
0.7985948477751756
0.7818110850897736
0.8395784543325527
0.8571428571428571
0.7318501170960188
0.7419984387197502
0.8231850117096019
0.6760343481654957
0.8950039032006245
0.7357533177205309
0.8704137392661982
0.8060109289617486
0.875487900078064
0.8309914129586261
0.6830601092896175
0.7548790007806401
0.8434816549570648
0.7177985948477752
0.9289617486338798
0.6939890710382514
0.8711943793911007
0.8247462919594067
0.9024199843871975
0.7166276346604216
0.8356752537080406
0.8430913348946136
0.6900858704137393
0.6686182669789227
0.8758782201405152
0.8981264637002342
0.8348946135831382
0.8485558157689306
0.7224824355971897
0.8376268540202967
0.7775175644028103
0.8376268540202967
0.7217017954722873
0.8688524590163934
0.7088212334113974
0.7170179547228728
0.7958626073380172
0.9231069476971117
0.7501951600312255
0.8914910226385636
0.7298985167837627
0.8376268540202967
0.6463700234192038
0.8747072599531616
0.9078844652615145
0.9016393442622951
0.8907103825136612
0.7135050741608119
0.7958626073380172
0.8801717408274785
0.6186572989851679
0.7654176424668228
0.6982825917252147
0.8934426229508197
0.7560499609679937
0.953551912568306
0.73224043715847
0.7638563622170179
0.8204527712724434
0.7814207650273224
0.7162373145979704
0.7525370804059328
0.8263075722092116
0.8333333333333334
0.7775175644028103
0.8282591725214676
0.7845433255269321
0.7978142076502732
0.8477751756440282
0.7408274785323966
0.8989071038251366
0.9113973458235753
0.9117876658860266
0.8036690085870414
0.6424668227946917
0.9024199843871975
0.6619828259172521
0.6342701014832163
0.8669008587041374
0.6194379391100703
0.8711943793911007
0.89032006245121
0.7771272443403591
0.6643247462919594
0.7408274785323966
0.7708821233411397
0.7443403590944575
0.782591725214676
0.8762685402029664
0.8981264637002342
0.9098360655737705
0.8953942232630757
0.7587822014051522
0.7993754879000781
0.8891491022638564
0.7419984387197502
0.724824355971897
0.8782201405152225
0.9149102263856362
0.8672911787665886
0.8064012490241999
0.7978142076502732
0.8911007025761124
0.84192037470726
0.6893052302888368
0.6291959406713505
0.7014051522248244
0.8864168618266979
0.8239656518345043
0.812256049960968
0.8696330991412958
0.8423106947697112
0.812256049960968
0.9234972677595629
0.24902419984387197
0.897736143637783
0.6775956284153005
0.6693989071038251
0.6826697892271663
0.687743950039032
0.7123341139734582
0.7814207650273224
0.8946135831381733
0.7349726775956285
0.9211553473848556
0.7669789227166276
0.7334113973458236
0.7966432474629196
0.9227166276346604
0.7455113192818111
0.8747072599531616
0.8528493364558938
0.7228727556596409
0.8766588602654176
0.7544886807181889
0.8704137392661982
0.6834504293520687
0.6920374707259953
0.8231850117096019
0.7673692427790788
0.8672911787665886
0.819672131147541
0.7123341139734582
0.8548009367681498
0.9156908665105387
0.7829820452771272
0.9164715066354411
0.9082747853239657
0.7970335675253708
0.9180327868852459
0.8106947697111632
0.7302888368462139
0.8856362217017955
0.836455893832943
0.9063231850117096
0.6799375487900078
0.8224043715846995
0.7006245120999219
0.8216237314597971
0.8860265417642467
0.8516783762685401
0.6893052302888368
0.8216237314597971
0.7365339578454333
0.8747072599531616
0.8481654957064794
0.9180327868852459
0.6557377049180327
0.6549570647931303
0.8306010928961749
0.6889149102263856
0.7728337236533958
0.8844652615144418
0.8704137392661982
0.7256049960967994
0.7310694769711163
0.8462138953942233
0.812256049960968
0.8649492583918813
0.6007025761124122
0.8653395784543325
0.7650273224043715
0.8598750975800156
0.9445745511319282
0.6108508977361436
0.8516783762685401
0.7486338797814208
0.9316939890710383
0.8274785323965652
0.7107728337236534
0.7576112412177985
0.8614363778298204
0.7884465261514442
0.7447306791569087
0.6686182669789227
0.7244340359094458
0.7701014832162373
0.6912568306010929
0.7423887587822015
0.8239656518345043
0.7572209211553473
0.9078844652615145
0.8247462919594067
0.8079625292740047
0.6900858704137393
0.2857142857142857
0.6834504293520687
0.6639344262295082
0.7123341139734582
0.8071818891491023
0.7876658860265418
0.6584699453551912
0.7412177985948478
0.7669789227166276
0.7232630757220921
0.9039812646370023
0.6904761904761905
0.6834504293520687
0.6986729117876659
0.8200624512099922
0.8871975019516003
0.9254488680718189
0.8220140515222483
0.8899297423887588
0.7724434035909445
0.817720530835285
0.8602654176424668
0.9461358313817331
0.9059328649492584
0.7950819672131147
0.7845433255269321
0.7716627634660421
0.8329430132708822
0.9032006245120999
0.8669008587041374
0.8243559718969555
0.8637782982045277
0.8243559718969555
0.7646370023419203
0.8981264637002342
0.9106167056986729
0.9344262295081968
0.6990632318501171
0.8914910226385636
0.8075722092115535
0.7966432474629196
0.7552693208430913
0.7419984387197502
0.8247462919594067
0.27010148321623734
0.6924277907884465
0.5655737704918032
0.7818110850897736
0.7201405152224825
0.9352068696330992
0.8669008587041374
0.8329430132708822
0.853239656518345
0.8840749414519906
0.8797814207650273
0.7611241217798594
0.8403590944574552
0.6955503512880562
0.825136612021858
0.9188134270101483
0.8384074941451991
0.8313817330210773
0.6182669789227166
0.8965651834504293
0.674863387978142
0.8622170179547228
0.8825136612021858
0.8044496487119438
0.7771272443403591
0.8871975019516003
0.2931303669008587
0.741608118657299
0.9153005464480874
0.7740046838407494
0.8005464480874317
0.6362217017954723
0.9164715066354411
0.7704918032786885
0.8021077283372365
0.7150663544106167
0.9227166276346604
0.8653395784543325
0.00078064012490242
0.6428571428571429
0.6787665886026542
0.8126463700234192
0.9266198282591726
0.7060889929742389
0.7146760343481655
0.7029664324746292
0.9285714285714286
0.9258391881342701
0.8005464480874317
0.9129586260733802
0.5913348946135831
0.875487900078064
0.9262295081967213
0.8255269320843092
0.8555815768930523
0.8415300546448088
0.8899297423887588
0.7872755659640905
0.8446526151444185
0.8770491803278688
0.8134270101483216
0.899687743950039
0.7064793130366901
0.8145979703356753
0.22521467603434817
0.7330210772833724
0.7595628415300546
0.6838407494145199
0.8497267759562842
0.9082747853239657
0.8372365339578455
0.8649492583918813
0.7150663544106167
0.7177985948477752
0.8130366900858704
0.5995316159250585
0.8942232630757221
0.7798594847775175
0.89032006245121
0.8423106947697112
0.7845433255269321
0.8918813427010148
0.6120218579234973
0.7779078844652615
0.8918813427010148
0.7283372365339579
0.8926619828259172
0.7646370023419203
0.7533177205308352
0.7716627634660421
0.8708040593286495
0.8442622950819673
0.8278688524590164
0.8938329430132709
0.8891491022638564
0.5718188914910226
0.7931303669008587
0.8934426229508197
0.734192037470726
0.8298204527712725
0.8797814207650273
0.8282591725214676
0.8173302107728337
0.795472287275566
0.788056206088993
0.8278688524590164
0.7665886026541764
0.8298204527712725
0.8758782201405152
0.8165495706479313
0.8594847775175644
0.790007806401249
0.5870413739266198
0.773224043715847
0.8216237314597971
0.7232630757220921
0.8185011709601874
0.7654176424668228
0.8770491803278688
0.8485558157689306
0.8953942232630757
0.7607338017174082
0.8009367681498829
0.8692427790788446
0.6131928181108509
0.8157689305230289
0.9133489461358314
0.899687743950039
0.60967993754879
0.637392661982826
0.7392661982825918
0.847384855581577
0.8629976580796253
0.8860265417642467
0.8075722092115535
0.8918813427010148
0.8380171740827479
0.8106947697111632
0.8684621389539422
0.8126463700234192
0.7841530054644809
0.9035909445745511
0.734192037470726
0.8891491022638564
0.741608118657299
0.6588602654176424
0.8587041373926619
0.797423887587822
0.8415300546448088
0.9020296643247463
0.6385636221701796
0.7993754879000781
0.9039812646370023
0.8747072599531616
0.8083528493364559
0.30562060889929743
0.7736143637782982
0.9523809523809523
0.7029664324746292
0.8813427010148321
0.8001561280249805
0.7978142076502732
0.907103825136612
0.7548790007806401
0.8821233411397346
0.752927400468384
0.8450429352068697
0.6651053864168618
0.6139734582357533
0.7864949258391881
0.892271662763466
0.8469945355191257
0.8762685402029664
0.7338017174082748
0.7521467603434816
0.8926619828259172
0.8497267759562842
0.8188914910226386
0.7556596409055425
0.8224043715846995
0.6491022638563623
0.7950819672131147
0.8099141295862607
0.6955503512880562
0.9621389539422326
0.788056206088993
0.7642466822794691
0.7939110070257611
0.9418423106947698
0.8333333333333334
0.775175644028103
0.7568306010928961
0.8001561280249805
0.7950819672131147
0.5300546448087432
0.836455893832943
0.7466822794691648
0.9242779078844653
0.7638563622170179
0.7580015612802498
0.8840749414519906
0.7837626854020296
0.9082747853239657
0.8981264637002342
0.7650273224043715
0.8583138173302107
0.8224043715846995
0.8520686963309914
0.8005464480874317
0.9008587041373927
0.8192818110850898
0.8395784543325527
0.8548009367681498
0.927400468384075
0.8263075722092116
0.7740046838407494
0.905152224824356
0.89032006245121
0.8173302107728337
0.905152224824356
0.9590163934426229
0.7380952380952381
0.7455113192818111
0.8563622170179547
0.8395784543325527
0.6514441842310694
0.8075722092115535
0.8629976580796253
0.7985948477751756
0.6623731459797033
0.8282591725214676
0.870023419203747
0.899687743950039
0.9086651053864169
0.7814207650273224
0.8450429352068697
0.855191256830601
0.8665105386416861
0.7822014051522248
0.702576112412178
0.6975019516003123
0.9176424668227947
0.9055425448868072
0.8899297423887588
0.8989071038251366
0.7517564402810304
0.7334113973458236
0.6889149102263856
0.855191256830601
0.862607338017174
0.899687743950039
0.7927400468384075
0.7810304449648712
0.8719750195160031
0.7310694769711163
0.8797814207650273
0.7361436377829821
0.8239656518345043
0.7439500390320063
0.6904761904761905
0.7970335675253708
0.9434035909445746
0.6120218579234973
0.8790007806401249
0.7412177985948478
0.7950819672131147
0.6647150663544106
0.7919594067135051
0.7794691647150663
0.7927400468384075
0.6639344262295082
0.8224043715846995
0.7252146760343482
0.8173302107728337
0.8454332552693209
0.7743950039032006
0.7392661982825918
0.8957845433255269
0.862607338017174
0.8704137392661982
0.8274785323965652
0.7911787665886026
0.905152224824356
0.25253708040593287
0.9000780640124902
0.8594847775175644
0.7857142857142857
0.7775175644028103
0.8091334894613583
0.853239656518345
0.8067915690866511
0.8501170960187353
0.7189695550351288
0.934816549570648
0.8462138953942233
0.39344262295081966
0.7232630757220921
0.8633879781420765
0.8587041373926619
0.6311475409836066
0.7669789227166276
0.8520686963309914
0.734192037470726
0.8384074941451991
0.8274785323965652
0.8899297423887588
0.7295081967213115
0.8505074160811865
0.810304449648712
0.62256049960968
0.7349726775956285
0.7919594067135051
0.8001561280249805
0.7857142857142857
0.8711943793911007
0.3259172521467603
0.7595628415300546
0.6807181889149102
0.7494145199063232
0.6494925839188135
0.8329430132708822
0.8259172521467604
0.8095238095238095
0.8696330991412958
0.8727556596409055
0.8891491022638564
0.8946135831381733
0.905152224824356
0.8953942232630757
0.9098360655737705
0.7240437158469946
0.8106947697111632
0.2568306010928962
0.9270101483216238
0.8224043715846995
0.6330991412958626
0.8950039032006245
0.7365339578454333
0.9254488680718189
0.7634660421545667
0.8969555035128806
0.804839968774395
0.8942232630757221
0.7822014051522248
0.9000780640124902
0.8021077283372365
0.7841530054644809
0.7404371584699454
0.8555815768930523
0.8165495706479313
0.8224043715846995
0.7814207650273224
0.7661982825917252
0.8735362997658079
0.8665105386416861
0.24004683840749413
0.9004683840749415
0.8415300546448088
0.8430913348946136
0.6834504293520687
0.639344262295082
0.7720530835284933
0.899687743950039
0.8091334894613583
0.8641686182669789
0.8278688524590164
0.8536299765807962
0.836455893832943
0.7853239656518345
0.8891491022638564
0.7587822014051522
0.914519906323185
0.7708821233411397
0.7907884465261514
0.7689305230288837
0.836455893832943
0.849336455893833
0.6713505074160812
0.9012490241998439
0.7841530054644809
0.8423106947697112
0.6338797814207651
0.936768149882904
0.7615144418423107
0.6537861046057767
0.7334113973458236
0.8946135831381733
0.7701014832162373
0.8204527712724434
0.8360655737704918
0.914519906323185
0.9430132708821234
0.797423887587822
0.905152224824356
0.6799375487900078
0.8961748633879781
0.6768149882903981
0.8434816549570648
0.3036690085870414
0.8298204527712725
0.7892271662763466
0.8138173302107728
0.8938329430132709
0.8992974238875878
0.7802498048399688
0.7435597189695551
0.00156128024980484
0.8329430132708822
0.7146760343481655
0.8329430132708822
0.6893052302888368
0.7743950039032006
0.8665105386416861
0.836455893832943
0.6990632318501171
0.8153786104605777
0.8352849336455894
0.7782982045277127
0.802888368462139
0.8227946916471507
0.8665105386416861
0.7252146760343482
0.5878220140515222
0.7810304449648712
0.3317720530835285
0.9316939890710383
0.6990632318501171
0.7380952380952381
0.8688524590163934
0.7989851678376269
0.7314597970335676
0.832552693208431
0.8333333333333334
0.7217017954722873
0.89032006245121
0.8708040593286495
0.9028103044496487
