0.7705256940342587
0.8865918487891317
0.815711754282339
0.7533963378617838
0.8036030714707619
0.7628470171293562
0.8328411104548139
0.9016538688718252
0.8963378617838157
0.5953927938570585
0.6878322504430006
0.3177790903721205
0.8304784406379209
0.757235676314235
0.9158298877731837
0.8059657412876551
0.7988777318369757
0.619314825753101
0.7796810395747195
0.7944477259303012
0.6305375073833431
0.7950383933845245
0.8151210868281158
0.7525103366804489
0.8865918487891317
0.7968103957471944
0.887182516243355
0.7755463673951565
0.8038984051978736
0.7336089781453042
0.8620791494388659
0.816597755463674
0.8792085056113408
0.8922031896042528
0.8978145304193739
0.8018310691080921
0.9176018901358535
0.8307737743650325
0.9190785587714116
0.29149438865918487
0.7678676904902539
0.41612522150029535
0.7640283520378027
0.7767277023036031
0.7542823390431187
0.7920850561134082
0.7779090372120496
0.5880094506792676
0.8239810986414648
0.8168930891907856
0.8006497341996456
0.8768458357944477
0.5983461311281748
0.7607796810395747
0.7141169521559362
0.8792085056113408
0.7492616656822209
0.8245717660956882
0.903425871234495
0.4314825753101004
0.852333136444182
0.7285883047844064
0.683402244536326
0.7705256940342587
0.8325457767277024
0.8987005316007088
0.7235676314235086
0.3532191376255168
0.44624926166568224
0.7814530419373893
0.9474305965741288
0.8047844063792085
0.8496751329001772
0.9137625516834023
0.7823390431187242
0.5451860602480804
0.6588895451860602
0.900177200236267
0.7784997046662729
0.8363851151801536
0.8027170702894271
0.7643236857649144
0.90253987005316
0.8003544004725339
0.6922622563496751
0.8638511518015357
0.7920850561134082
0.7731836975782634
0.8821618428824571
0.9243945658594211
0.8375664500886001
0.6875369167158889
0.7584170112226817
0.7327229769639693
0.9161252215002953
0.8419964559952746
0.7782043709391613
0.7628470171293562
0.828706438275251
0.6721795629060838
0.6709982279976373
0.7584170112226817
0.5818074424099232
0.7439456585942115
0.7610750147666864
0.7997637330183107
0.43236857649143534
0.7696396928529238
0.7049616066154755
0.7209096278795039
0.8033077377436503
0.9220318960425281
0.8786178381571176
0.7882457176609569
0.8236857649143532
0.7504430005906675
0.7690490253987006
0.8541051388068518
0.7755463673951565
0.8608978145304194
0.7894270525694034
0.8396337861783816
0.9184878913171884
0.24394565859421147
0.8160070880094507
0.8434731246308328
0.7495569994093325
0.7333136444181926
0.7826343768458358
0.7944477259303012
0.671293561724749
0.7179562906083875
0.7144122858830478
0.8310691080921441
0.7409923213230951
0.7551683402244537
0.7513290017720023
0.7474896633195511
0.7652096869462492
0.8272297696396929
0.5490253987005316
0.9019492025989368
0.7761370348493798
0.0017720023626698169
0.6789722386296515
0.7206142941523922
0.9604252805670408
0.5478440637920851
0.5850561134081512
0.8886591848789132
0.8476077968103958
0.7277023036030714
0.7728883638511518
0.8148257531010041
0.7799763733018311
0.7861783815711755
0.9102185469580626
0.9332545776727702
0.8919078558771412
0.8354991139988187
0.8036030714707619
0.683402244536326
0.6786769049025398
0.7474896633195511
0.787359716479622
0.8027170702894271
0.6872415829887774
0.8245717660956882
0.7805670407560543
0.826343768458358
0.7415829887773183
0.7392203189604253
0.728883638511518
0.828706438275251
0.7421736562315416
0.9119905493207324
0.6447135262847017
0.8777318369757826
0.9379799173065564
0.9238038984051978
0.7693443591258121
0.8050797401063201
0.8301831069108092
0.6526875369167159
0.26196101594802124
0.7034849379799173
0.5472533963378617
0.7870643827525103
0.8089190785587714
0.8718251624335499
0.8130537507383343
0.6984642646190194
0.7152982870643827
0.8697578263437684
0.7401063201417601
0.7551683402244537
0.8851151801535735
0.8118724158298878
0.7471943295924395
0.8089190785587714
0.7953337271116362
0.24128765505020675
0.7076196101594802
0.8730064973419964
0.8272297696396929
0.7861783815711755
0.6893089190785587
0.8508564678086238
0.7079149438865918
0.8068517424689899
0.8127584170112226
0.8360897814530419
0.6435321913762552
0.4503839338452451
0.7844063792085056
0.7687536916715889
0.7625516834022446
0.899291199054932
0.8874778499704666
0.8789131718842291
0.9238038984051978
0.2805670407560543
0.8310691080921441
0.7212049616066155
0.8115770821027761
0.8038984051978736
0.8989958653278204
0.7318369757826344
0.8328411104548139
0.9556999409332546
0.8487891317188423
0.8047844063792085
0.8411104548139398
0.8759598346131128
0.8003544004725339
0.8721204961606616
0.7622563496751329
0.7341996455995274
0.900177200236267
0.7903130537507383
0.8021264028352038
0.8818665091553456
0.6721795629060838
0.7637330183106911
0.6984642646190194
0.77436503248671
0.5658594211458948
0.7587123449497932
0.7433549911399882
0.616066154754873
0.7705256940342587
0.49616066154754873
0.6928529238038984
0.6860602480803307
0.787359716479622
0.8505611340815121
0.9669226225634967
0.7108682811577082
0.79060838747785
0.7265209686946249
0.8260484347312463
0.8916125221500295
0.6659775546367395
0.751624335499114
0.6317188422917898
0.8603071470761962
0.7274069698759599
0.2891317188422918
0.7365623154164206
0.8242764323685765
0.7336089781453042
0.7737743650324868
0.7176609568812758
0.8623744831659775
0.7737743650324868
0.899291199054932
0.8954518606024808
0.8473124630832841
0.4920259893679858
0.9388659184878914
0.8827525103366805
0.8012404016538689
0.8375664500886001
0.789722386296515
0.9081512108682812
0.6568222090962788
0.7584170112226817
0.815711754282339
0.8505611340815121
0.8511518015357353
0.7885410513880685
0.9365032486709982
0.7835203780271707
0.8163024217365623
0.7474896633195511
0.7409923213230951
0.7690490253987006
0.784111045481394
0.8821618428824571
0.9046072061429415
0.8059657412876551
0.877436503248671
0.8242764323685765
0.9143532191376255
0.8204370939161252
0.8269344359125812
0.8727111636148848
0.9072652096869462
0.8981098641464855
0.9279385705847608
0.6721795629060838
0.6618428824571766
0.7820437093916125
0.8594211458948612
0.7814530419373893
0.738629651506202
0.8381571175428234
0.74187832250443
0.864441819255759
0.6523922031896042
0.46131128174837566
0.30744240992321326
0.6249261665682221
0.8901358535144713
0.8733018310691081
0.7909037212049616
0.7823390431187242
0.6910809214412286
0.70939161252215
0.8346131128174837
0.8659184878913172
0.7303603071470762
0.8301831069108092
0.8142350856467808
0.5637920850561134
0.8895451860602481
0.9199645599527466
0.7935617247489664
0.7492616656822209
0.8508564678086238
0.9303012404016539
0.7466036621382162
0.8210277613703485
0.754873006497342
0.8443591258121678
0.7722976963969286
0.8275251033668045
0.8724158298877732
0.9096278795038394
0.7064382752510336
0.7643236857649144
0.9300059066745422
0.8369757826343769
0.9178972238629651
0.757235676314235
0.8012404016538689
0.7941523922031896
0.8721204961606616
0.9483165977554636
0.8544004725339633
0.6848789131718842
0.8688718251624336
0.7847017129356173
0.7587123449497932
0.6999409332545776
0.7705256940342587
0.7377436503248671
0.8316597755463674
0.8868871825162433
0.8018310691080921
0.37123449497932665
0.6482575310100414
0.6615475487300649
0.5091553455404607
0.8059657412876551
0.7404016538688718
0.7551683402244537
0.8818665091553456
0.815711754282339
0.7025989367985824
0.7011222681630243
0.8018310691080921
0.8328411104548139
0.05936207914943887
0.7531010041346722
0.7463083284111045
0.9332545776727702
0.8712344949793266
0.9589486119314826
0.7014176018901358
0.713526284701713
0.6934435912581217
0.8015357353809806
0.34672179562906086
0.7141169521559362
0.8301831069108092
0.8115770821027761
0.7758417011222681
0.7994683992911991
0.6577082102776137
0.6910809214412286
0.8041937389249852
0.7321323095097461
0.7587123449497932
0.9134672179562906
0.7643236857649144
0.7324276432368576
0.6822209096278795
0.5318960425280567
0.7793857058476078
0.8889545186060248
0.7770230360307147
0.8461311281748376
0.6828115770821028
0.8567631423508565
0.7309509746012994
0.6748375664500886
0.7575310100413467
0.8957471943295925
0.8712344949793266
0.8544004725339633
0.3080330773774365
0.754873006497342
0.7616656822209096
0.8573538098050797
0.7861783815711755
0.8298877731836976
0.7377436503248671
0.7944477259303012
0.6184288245717661
0.7138216184288245
0.8009450679267572
0.7631423508564678
0.8552864737152983
0.7220909627879504
0.8000590667454224
0.7046662728883638
0.7023036030714708
0.7105729474305966
0.7185469580626107
0.8455404607206143
0.7802717070289427
0.8343177790903721
0.7773183697578263
0.7835203780271707
0.6544595392793857
0.6659775546367395
0.8343177790903721
0.7073242764323686
0.6822209096278795
0.8245717660956882
0.9043118724158299
0.9202598936798583
0.5369167158889545
0.7380389840519788
0.8685764914353219
0.7988777318369757
0.8972238629651507
0.7401063201417601
0.8151210868281158
0.8552864737152983
0.7787950383933845
0.7690490253987006
0.7194329592439457
0.8467217956290608
0.9140578854105139
0.8366804489072652
0.8824571766095688
0.7604843473124631
0.819846426461902
0.7575310100413467
0.8337271116361489
0.7714116952155936
0.8038984051978736
0.8322504430005907
0.7814530419373893
0.7909037212049616
0.8895451860602481
0.7858830478440638
0.8606024808033077
0.8665091553455405
0.8006497341996456
0.8756645008860012
0.6890135853514472
0.8892498523331365
0.6574128765505021
0.6665682220909628
0.6618428824571766
0.7849970466627288
0.892793857058476
0.8065564087418783
0.6958062610750148
0.7318369757826344
0.7643236857649144
0.7117542823390431
0.7900177200236267
0.7551683402244537
0.8269344359125812
0.8508564678086238
0.8304784406379209
0.6639102185469581
0.8883638511518015
0.6101594802126403
0.6272888363851152
0.8425871234494979
0.8862965150620201
0.9037212049616066
0.8417011222681631
0.7164796219728293
0.8062610750147667
0.681039574719433
0.7206142941523922
0.8750738334317779
0.8682811577082102
0.8461311281748376
0.9152392203189604
0.8479031305375074
0.7498523331364442
0.8484937979917306
0.854695806261075
0.7761370348493798
0.8428824571766096
0.8458357944477259
0.7082102776137035
0.8414057885410514
0.6701122268163024
0.673656231541642
0.8080330773774365
0.8106910809214413
0.9028352037802717
0.8387477849970466
0.8865918487891317
0.8313644418192557
0.8163024217365623
0.6875369167158889
0.8428824571766096
0.7217956290608387
0.8924985233313645
0.7274069698759599
0.8945658594211459
0.8331364441819256
0.6151801535735381
0.844949793266391
0.8213230950974602
0.7784997046662729
0.30655640874187834
0.6597755463673951
0.710277613703485
0.7663910218546958
0.9654459539279385
0.7660956881275842
0.5121086828115771
0.7826343768458358
0.8597164796219728
0.8349084465445954
0.8307737743650325
0.7557590076786769
0.7111636148848198
0.0661547548730065
0.9362079149438866
0.7595983461311282
0.8431777909037212
0.4397519196692262
0.8201417601890136
0.6831069108092144
0.7805670407560543
0.7356763142350856
0.82309509746013
0.8585351447135263
0.6931482575310101
0.8180744240992321
0.77436503248671
0.5540460720614294
0.7557590076786769
0.8304784406379209
0.6001181334908446
0.7395156526875369
0.77436503248671
0.7179562906083875
0.7914943886591849
0.8281157708210277
0.8292971057294743
0.6993502658003544
0.8402244536326049
0.8532191376255168
0.6931482575310101
0.7720023626698169
0.8425871234494979
0.9323685764914353
0.6822209096278795
0.3535144713526285
0.6562315416420555
0.8665091553455405
0.8301831069108092
0.8933845245126993
0.7229769639692853
0.6757235676314235
0.8600118133490845
0.8715298287064382
0.7844063792085056
0.8210277613703485
0.7737743650324868
0.534849379799173
0.7111636148848198
0.5939161252215003
0.7090962787950384
0.8387477849970466
0.7531010041346722
0.8443591258121678
0.5815121086828116
0.8951565268753692
0.8706438275251034
0.883933845245127
0.8044890726520969
0.8582398109864147
0.7820437093916125
0.8121677495569994
0.8626698168930892
0.6243354991139988
0.6937389249852333
0.7699350265800354
0.8458357944477259
0.6656822209096279
0.7365623154164206
0.7764323685764914
0.7607796810395747
0.818960425280567
0.7341996455995274
0.6854695806261075
0.8957471943295925
0.8340224453632605
0.7566450088600118
0.8257531010041347
0.813349084465446
0.7309509746012994
0.816597755463674
0.8724158298877732
0.7643236857649144
0.8895451860602481
0.7811577082102776
0.603957471943296
0.9170112226816303
0.9010632014176019
0.5818074424099232
0.844949793266391
0.8384524512699351
0.7344949793266391
0.7321323095097461
0.8065564087418783
0.7398109864146486
0.6928529238038984
0.745126993502658
0.8266391021854695
0.8083284111045481
0.7779090372120496
0.7619610159480212
0.7374483165977554
0.6216774955699941
0.8180744240992321
0.8047844063792085
0.6110454813939752
0.6946249261665682
0.8998818665091554
0.8588304784406379
0.8508564678086238
0.7152982870643827
0.574719432959244
0.8511518015357353
0.7714116952155936
0.8854105138806851
0.8978145304193739
0.7811577082102776
0.867690490253987
0.7790903721204961
0.7607796810395747
0.7466036621382162
0.8053750738334318
0.8340224453632605
0.8369757826343769
0.6928529238038984
0.9220318960425281
0.7294743059657413
0.9143532191376255
0.8009450679267572
0.6887182516243355
0.742764323685765
0.7601890135853514
0.7681630242173656
0.7268163024217366
0.8357944477259303
0.6234494979326639
0.7696396928529238
0.8402244536326049
0.7882457176609569
0.8484937979917306
0.72563496751329
0.7793857058476078
0.7658003544004726
0.7696396928529238
0.8564678086237448
0.6529828706438275
0.8278204370939162
0.784111045481394
0.7466036621382162
0.30655640874187834
0.8567631423508565
0.413171884229179
0.8248670998227997
0.8479031305375074
0.8411104548139398
0.716774955699941
0.8027170702894271
0.8192557590076787
0.8668044890726521
0.8068517424689899
0.8582398109864147
0.8180744240992321
0.8219137625516834
0.7406969875959835
0.7858830478440638
0.8006497341996456
0.815711754282339
0.8089190785587714
0.6990549320732428
0.8399291199054932
0.8508564678086238
0.8275251033668045
0.7194329592439457
0.6512108682811577
0.4621972829297106
0.2909037212049616
0.6961015948021264
0.8824571766095688
0.8298877731836976
0.7466036621382162
0.8366804489072652
0.7702303603071471
0.6662728883638511
0.7064382752510336
0.7814530419373893
0.8865918487891317
0.4781453041937389
0.849084465445954
0.9007678676904902
0.8171884229178972
0.6857649143532192
0.6969875959834613
0.7607796810395747
0.8771411695215594
0.7660956881275842
0.7253396337861784
0.5079740106320142
0.7023036030714708
0.7114589486119315
0.6600708800945068
0.8730064973419964
0.7327229769639693
0.6568222090962788
0.8027170702894271
0.6689308919078559
0.8883638511518015
0.8414057885410514
0.6919669226225635
0.896042528056704
0.7767277023036031
0.7339043118724158
0.7796810395747195
0.892793857058476
0.8251624335499114
0.3730064973419965
0.8476077968103958
0.780862374483166
0.7855877141169522
0.7371529828706438
0.880685174246899
0.42350856467808623
0.7274069698759599
0.7542823390431187
0.6139988186650915
0.9450679267572357
0.7764323685764914
0.7043709391612523
0.7049616066154755
0.5242173656231541
0.787359716479622
0.8712344949793266
0.819846426461902
0.8762551683402244
0.7587123449497932
0.9096278795038394
0.8765505020673361
0.8608978145304194
0.7279976373301831
0.8307737743650325
0.7920850561134082
0.5877141169521559
0.8520378027170703
0.7457176609568813
0.8623744831659775
0.9137625516834023
0.6751329001772003
0.7457176609568813
0.9099232132309509
0.6975782634376846
0.861193148257531
0.8227997637330183
0.892793857058476
0.7847017129356173
0.6925575900767867
0.8378617838157117
0.9066745422327229
0.7395156526875369
0.5410513880685174
0.8987005316007088
0.8685764914353219
0.7616656822209096
0.7687536916715889
0.7728883638511518
0.43473124630832843
0.746012994683993
0.7073242764323686
0.7587123449497932
0.8219137625516834
0.9173065564087419
0.8174837566450088
0.8452451269935026
0.7628470171293562
0.8414057885410514
0.7891317188422918
0.7306556408741879
0.764619019492026
0.851447135262847
0.7708210277613704
0.7725930301240401
0.796219728292971
0.854695806261075
0.9093325457767277
0.706142941523922
0.8865918487891317
0.9108092144122859
0.6066154754873007
0.826343768458358
0.8109864146485528
0.8080330773774365
0.7383343177790904
0.8753691671588896
0.8620791494388659
0.7049616066154755
0.7468989958653278
0.7675723567631424
0.6668635558180744
0.7770230360307147
0.43030124040165385
0.7164796219728293
0.8163024217365623
0.852333136444182
0.8180744240992321
0.8041937389249852
0.7844063792085056
0.7787950383933845
0.9217365623154165
0.7779090372120496
0.783225044300059
0.67690490253987
0.8629651506202008
0.8278204370939162
0.7064382752510336
0.7717070289427053
0.8972238629651507
0.8331364441819256
0.8452451269935026
0.7587123449497932
0.789722386296515
0.5206733608978146
0.8248670998227997
0.26963969285292383
0.7947430596574129
0.6284701712935618
0.7622563496751329
0.7082102776137035
0.8981098641464855
0.8269344359125812
0.8018310691080921
0.757235676314235
0.5652687536916716
0.9022445363260484
0.8520378027170703
0.7988777318369757
0.6845835794447725
0.2979917306556409
0.8006497341996456
0.6718842291789723
0.8762551683402244
0.6618428824571766
0.822209096278795
0.828706438275251
0.8862965150620201
0.8526284701712935
0.7519196692262257
0.7971057294743059
0.5587714116952156
0.851447135262847
0.8399291199054932
0.7374483165977554
0.8792085056113408
0.9049025398700532
0.9040165386887182
0.8951565268753692
0.7525103366804489
0.5126993502658004
0.6836975782634377
0.863555818074424
0.893679858239811
0.49379799173065564
0.6969875959834613
0.7463083284111045
0.6704075605434141
0.8307737743650325
0.8216184288245718
0.7888363851151802
0.8535144713526285
0.8933845245126993
0.722386296515062
0.5567040756054341
0.8458357944477259
0.7034849379799173
0.7625516834022446
0.8130537507383343
0.7595983461311282
0.8000590667454224
0.6479621972829297
0.787359716479622
0.835203780271707
0.7241582988777319
0.7796810395747195
0.6872415829887774
0.7008269344359126
0.44624926166568224
0.6612522150029534
0.77436503248671
0.8561724748966332
0.689899586532782
0.7882457176609569
0.8529238038984052
0.8290017720023627
0.8174837566450088
0.863555818074424
0.9297105729474306
0.6993502658003544
0.583579444772593
0.7082102776137035
0.7120496160661548
0.7108682811577082
0.896928529238039
0.7702303603071471
0.7649143532191376
0.8809805079740106
0.8594211458948612
0.831955109273479
0.6925575900767867
0.7359716479621973
0.6012994683992912
0.7306556408741879
0.7442409923213231
0.6154754873006497
0.8003544004725339
0.7220909627879504
0.8284111045481394
0.7885410513880685
0.8201417601890136
0.596574128765505
0.8650324867099822
0.3121677495569994
0.9444772593030124
0.6783815711754282
0.7622563496751329
0.7717070289427053
0.7339043118724158
0.8842291789722386
0.7409923213230951
0.8898405197873597
0.3992911990549321
0.7043709391612523
0.8080330773774365
0.6116361488481985
0.26609568812758416
0.9007678676904902
0.8148257531010041
0.7477849970466627
0.7779090372120496
0.7637330183106911
0.7835203780271707
0.8668044890726521
0.9046072061429415
0.764619019492026
0.8053750738334318
0.7489663319551093
0.7067336089781453
0.5909627879503839
0.647666863555818
0.7663910218546958
0.7988777318369757
0.8783225044300059
0.7870643827525103
0.67690490253987
0.7114589486119315
0.5948021264028353
0.7761370348493798
0.6577082102776137
0.7634376845835794
0.8502658003544005
0.7533963378617838
0.7631423508564678
0.7891317188422918
0.8089190785587714
0.7291789722386296
0.7616656822209096
0.647666863555818
0.7829297105729475
0.6966922622563497
0.79060838747785
0.8009450679267572
0.710277613703485
0.8901358535144713
0.7206142941523922
0.8665091553455405
0.5634967513290018
0.8086237448316598
0.8225044300059067
0.9013585351447135
0.8186650915534555
0.8951565268753692
0.9108092144122859
0.9217365623154165
0.8910218546958063
0.7575310100413467
0.8724158298877732
0.6804489072652097
0.8036030714707619
0.7380389840519788
0.8018310691080921
0.903425871234495
0.5029533372711164
0.8895451860602481
0.8313644418192557
0.8109864146485528
0.8334317779090372
0.7557590076786769
0.7406969875959835
0.9356172474896634
0.8180744240992321
0.7401063201417601
0.6296515062020083
0.8526284701712935
0.6952155936207915
0.29946839929119906
0.8653278204370939
0.7959243945658594
0.7436503248670998
0.6588895451860602
0.8978145304193739
0.7956290608387477
0.7959243945658594
0.849084465445954
0.8325457767277024
0.8824571766095688
0.7111636148848198
0.8836385115180153
0.8080330773774365
0.8892498523331365
0.792971057294743
0.9273479031305375
0.5431187241582989
0.874187832250443
0.6296515062020083
0.8387477849970466
0.8706438275251034
0.7173656231541642
0.8573538098050797
0.82309509746013
0.7433549911399882
0.9385705847607797
0.7389249852333136
0.8257531010041347
0.8115770821027761
0.757235676314235
0.7891317188422918
0.8177790903721205
0.8727111636148848
0.7903130537507383
0.6860602480803307
0.7784997046662729
0.7643236857649144
0.7356763142350856
0.6287655050206734
0.7294743059657413
0.8015357353809806
0.738629651506202
0.7466036621382162
0.8343177790903721
0.5496160661547549
0.5829887773183697
0.887182516243355
0.7528056704075605
0.7076196101594802
0.8851151801535735
0.8659184878913172
0.9060838747784997
0.8972238629651507
0.8756645008860012
0.7395156526875369
0.29149438865918487
0.4875959834613113
0.722386296515062
0.9403425871234495
0.6955109273479031
0.5395747194329592
0.7406969875959835
0.8292971057294743
0.892793857058476
0.8724158298877732
0.5126993502658004
0.7023036030714708
0.771116361488482
0.6704075605434141
0.9066745422327229
0.7838157117542823
0.8015357353809806
0.20643827525103367
0.7997637330183107
0.6996455995274661
0.8325457767277024
0.6869462492616657
0.4666272888363851
0.8284111045481394
0.9119905493207324
0.6526875369167159
0.7105729474305966
0.7649143532191376
0.6872415829887774
0.7052569403425871
0.8343177790903721
0.9087418783225044
0.5696987595983461
0.9013585351447135
0.7406969875959835
0.7173656231541642
0.6382161842882457
0.715888954518606
0.8697578263437684
0.8384524512699351
0.8313644418192557
0.8290017720023627
0.7669816893089191
0.8310691080921441
0.7194329592439457
0.8068517424689899
0.674542232722977
0.7282929710572947
0.6907855877141169
0.8756645008860012
0.9373892498523332
0.7303603071470762
0.37389249852333134
0.815711754282339
0.8174837566450088
0.6816302421736562
0.6399881866509155
0.8933845245126993
0.8576491435321913
0.848198464264619
0.9069698759598346
0.6961015948021264
0.9329592439456585
0.9379799173065564
0.9078558771411696
0.7687536916715889
0.6639102185469581
0.7610750147666864
0.7737743650324868
0.6907855877141169
0.32959243945658595
0.8981098641464855
0.9223272297696397
0.7793857058476078
0.757235676314235
0.7909037212049616
0.7330183106910809
0.7046662728883638
0.8428824571766096
0.8304784406379209
0.8865918487891317
0.3174837566450089
0.7238629651506202
0.6255168340224454
0.8142350856467808
0.9051978735971647
0.8910218546958063
0.6585942114589486
0.8086237448316598
0.7994683992911991
0.7714116952155936
0.7956290608387477
0.5505020673360898
0.7681630242173656
0.7327229769639693
0.10927347903130538
0.6822209096278795
0.7947430596574129
0.6479621972829297
0.7406969875959835
0.6727702303603071
0.8242764323685765
0.7879503839338452
0.6993502658003544
0.9049025398700532
0.7767277023036031
0.6848789131718842
0.545481393975192
0.6701122268163024
0.5850561134081512
0.7652096869462492
0.6379208505611341
0.8033077377436503
0.8337271116361489
0.6098641464855287
0.6402835203780272
0.786473715298287
0.8857058476077968
0.30183106910809215
0.8346131128174837
0.7755463673951565
0.5062020082693444
0.8673951565268754
0.7994683992911991
0.7318369757826344
0.8907265209686946
0.7829297105729475
0.8033077377436503
0.5871234494979327
0.6671588895451861
0.7525103366804489
0.7587123449497932
0.9480212640283521
0.810100413467218
0.7758417011222681
0.8585351447135263
0.8378617838157117
0.8242764323685765
0.8499704666272888
0.7708210277613704
0.848198464264619
0.8325457767277024
0.9291199054932073
0.8780271707028943
0.29356172474896636
0.6659775546367395
0.9108092144122859
0.8470171293561725
0.8257531010041347
0.7802717070289427
0.7522150029533373
0.8771411695215594
0.7779090372120496
0.8118724158298878
0.867690490253987
0.7536916715888955
0.8248670998227997
0.7870643827525103
0.8086237448316598
0.8783225044300059
0.7914943886591849
0.7640283520378027
0.7979917306556409
0.571470761961016
0.4731246308328411
0.6349675132900178
0.7690490253987006
0.899291199054932
0.7829297105729475
0.5528647371529829
0.7173656231541642
0.6963969285292381
0.6565268753691672
0.5165386887182516
0.7663910218546958
0.7002362669816893
0.8405197873597164
0.9258712344949793
0.7330183106910809
0.7861783815711755
0.831955109273479
0.9314825753101004
0.5510927347903131
0.6591848789131719
0.6562315416420555
0.7909037212049616
0.6609568812758417
0.7474896633195511
0.9155345540460721
0.3372711163614885
0.7758417011222681
0.7297696396928529
0.8484937979917306
0.7944477259303012
0.712640283520378
0.9093325457767277
0.8877731836975783
0.6919669226225635
0.9016538688718252
0.7389249852333136
0.754873006497342
0.6937389249852333
0.8192557590076787
0.8419964559952746
0.7622563496751329
0.780862374483166
0.7002362669816893
0.7058476077968104
0.822209096278795
0.8535144713526285
0.7374483165977554
0.7377436503248671
0.8883638511518015
0.7867690490253987
0.7031896042528056
0.6148848198464265
0.7926757235676314
0.8068517424689899
0.7306556408741879
0.6718842291789723
0.3889545186060248
0.7578263437684584
0.8827525103366805
0.7838157117542823
0.8629651506202008
0.7855877141169522
0.9178972238629651
0.8402244536326049
0.5593620791494389
0.7513290017720023
0.7412876550502068
0.8898405197873597
0.7563496751329002
0.4943886591848789
0.9308919078558772
0.7238629651506202
0.8942705256940343
0.8195510927347903
0.8665091553455405
0.9592439456585942
0.8502658003544005
0.8284111045481394
0.9143532191376255
0.8233904311872415
0.7749556999409333
0.8369757826343769
0.8071470761961016
0.7802717070289427
0.8762551683402244
0.8585351447135263
0.7725930301240401
0.8620791494388659
0.8803898405197874
0.72563496751329
0.8121677495569994
0.780862374483166
0.7678676904902539
0.8151210868281158
0.8924985233313645
0.8425871234494979
0.668044890726521
0.8204370939161252
0.9341405788541052
0.787359716479622
0.8529238038984052
0.8685764914353219
0.8272297696396929
0.7604843473124631
0.7531010041346722
0.7510336680448907
0.7971057294743059
0.9116952155936208
0.787359716479622
0.6857649143532192
0.5915534554046072
0.9046072061429415
0.8106910809214413
0.7991730655640874
0.757235676314235
0.8606024808033077
0.8428824571766096
0.9282339043118725
0.6925575900767867
0.506497341996456
0.7699350265800354
0.8511518015357353
0.8638511518015357
0.8951565268753692
0.8024217365623154
0.7155936207914944
0.8378617838157117
0.6615475487300649
0.8561724748966332
0.8227997637330183
0.8077377436503249
0.6754282339043118
0.8378617838157117
0.7114589486119315
0.6772002362669817
0.7826343768458358
0.7247489663319551
0.6615475487300649
0.764619019492026
0.761370348493798
0.8171884229178972
0.7076196101594802
0.8499704666272888
0.8180744240992321
0.7844063792085056
0.7229769639692853
0.8419964559952746
0.7341996455995274
0.8520378027170703
0.722386296515062
0.7522150029533373
0.8393384524512699
0.7660956881275842
0.8800945067926758
0.6358535144713526
0.8520378027170703
0.7043709391612523
0.761370348493798
0.8183697578263438
0.8919078558771412
0.8901358535144713
0.7847017129356173
0.7262256349675132
0.7554636739515652
0.7616656822209096
0.664796219728293
0.8328411104548139
0.783225044300059
0.9072652096869462
0.8210277613703485
0.780862374483166
0.810100413467218
0.6311281748375664
0.6066154754873007
0.6612522150029534
0.8227997637330183
0.8626698168930892
0.753987005316007
0.7563496751329002
0.7758417011222681
0.764619019492026
0.8529238038984052
0.8461311281748376
0.8346131128174837
0.7728883638511518
0.8727111636148848
0.8121677495569994
0.8313644418192557
0.7971057294743059
0.764619019492026
0.8038984051978736
0.9412285883047844
0.7607796810395747
0.6919669226225635
0.9264619019492026
0.6544595392793857
0.8963378617838157
0.8363851151801536
0.8357944477259303
0.796219728292971
0.7968103957471944
0.8103957471943296
0.922917897223863
0.8145304193738925
0.8747784997046663
0.9486119314825753
0.815711754282339
0.8059657412876551
0.9134672179562906
0.8065564087418783
0.6893089190785587
0.6910809214412286
0.8062610750147667
0.874187832250443
0.8662138216184289
0.8357944477259303
0.8499704666272888
0.7468989958653278
0.7105729474305966
0.9084465445953928
0.7034849379799173
0.7829297105729475
0.7903130537507383
0.7563496751329002
0.9004725339633786
0.8765505020673361
0.7982870643827525
0.7088009450679268
0.8753691671588896
0.8685764914353219
0.6343768458357945
0.5939161252215003
0.8777318369757826
0.6317188422917898
0.780862374483166
0.6987595983461311
0.8041937389249852
0.6544595392793857
0.8124630832841111
0.77436503248671
0.7911990549320732
0.3145304193738925
0.7117542823390431
0.754873006497342
0.8086237448316598
0.7277023036030714
0.4607206142941524
0.6931482575310101
0.9007678676904902
0.5818074424099232
0.6491435321913762
0.5510927347903131
0.7634376845835794
0.5268753691671589
0.7649143532191376
0.8425871234494979
0.377436503248671
0.8174837566450088
0.7170702894270525
0.9028352037802717
0.8972238629651507
0.8092144122858831
0.8163024217365623
0.8638511518015357
0.8679858239810987
0.7474896633195511
0.7714116952155936
0.7318369757826344
0.8260484347312463
0.6881275841701122
0.7046662728883638
0.816597755463674
0.7330183106910809
0.8284111045481394
0.7799763733018311
0.8461311281748376
0.8455404607206143
0.7693443591258121
0.8747784997046663
0.7829297105729475
0.831955109273479
0.8981098641464855
0.8461311281748376
0.6104548139397519
0.8437684583579445
0.5189013585351447
0.9509746012994684
0.8517424689899586
0.874187832250443
0.7536916715888955
0.7247489663319551
0.7720023626698169
0.7259303012404017
0.8372711163614884
0.6618428824571766
0.8354991139988187
0.815711754282339
0.877436503248671
0.6358535144713526
0.7628470171293562
0.6701122268163024
0.6458948611931482
0.8257531010041347
0.6739515652687537
0.7974010632014176
0.8479031305375074
0.7666863555818074
0.674542232722977
0.7935617247489664
0.742764323685765
0.6683402244536326
0.7820437093916125
0.7604843473124631
0.8892498523331365
0.7528056704075605
0.75812167749557
0.8659184878913172
0.5939161252215003
0.8818665091553456
0.8694624926166569
0.5005906674542233
0.7705256940342587
0.7811577082102776
0.6627288836385116
0.8440637920850561
0.27968103957471946
0.7835203780271707
0.5103366804489072
0.6045481393975192
0.8103957471943296
0.7867690490253987
0.7350856467808624
0.8219137625516834
0.8298877731836976
0.7658003544004726
0.8340224453632605
0.5930301240401654
0.8012404016538689
0.5106320141760189
0.5392793857058477
0.8139397519196693
0.7226816302421737
0.8419964559952746
0.8735971647962197
0.9373892498523332
0.07619610159480213
0.7085056113408151
0.8561724748966332
0.8160070880094507
0.7117542823390431
0.6792675723567632
0.8145304193738925
0.8842291789722386
0.7052569403425871
0.7708210277613704
0.8541051388068518
0.7663910218546958
0.7359716479621973
0.9078558771411696
0.8582398109864147
0.82309509746013
0.90253987005316
0.6981689308919079
0.7111636148848198
0.9379799173065564
0.8225044300059067
0.7826343768458358
0.7265209686946249
0.529238038984052
0.8047844063792085
0.8718251624335499
0.8434731246308328
0.8558771411695215
0.7111636148848198
0.6958062610750148
0.9060838747784997
0.9004725339633786
0.7628470171293562
0.7767277023036031
0.903425871234495
0.8192557590076787
0.6766095688127585
0.7870643827525103
0.651801535735381
0.6937389249852333
0.8561724748966332
0.5534554046072061
0.7005316007088009
0.7082102776137035
0.7782043709391613
0.8419964559952746
0.8381571175428234
0.8428824571766096
0.7879503839338452
0.7123449497932663
0.7849970466627288
0.8127584170112226
0.7498523331364442
0.7510336680448907
0.8930891907855877
0.7941523922031896
0.8582398109864147
0.8431777909037212
0.8431777909037212
0.7498523331364442
0.8818665091553456
0.37359716479621974
0.7569403425871235
0.8210277613703485
0.7663910218546958
0.364441819255759
0.7634376845835794
0.8623744831659775
0.7838157117542823
0.7569403425871235
0.5295333727111636
0.9424099232132309
0.8405197873597164
0.8889545186060248
0.9370939161252215
0.8419964559952746
0.8154164205552275
0.6423508564678087
0.9249852333136445
0.44063792085056114
0.916420555227407
0.5853514471352629
0.854695806261075
0.8047844063792085
0.8924985233313645
0.8077377436503249
0.8697578263437684
0.9125812167749557
0.8357944477259303
0.7330183106910809
0.2817483756645009
0.571470761961016
0.707028942705257
0.7362669816893089
0.8780271707028943
0.8183697578263438
0.67690490253987
0.7327229769639693
0.7064382752510336
0.638806851742469
0.815711754282339
0.8632604843473125
0.8000590667454224
0.7412876550502068
0.5351447135262847
0.8021264028352038
0.6792675723567632
0.9320732427643237
0.8842291789722386
0.7173656231541642
0.8803898405197874
0.8815711754282339
0.7669816893089191
0.8340224453632605
0.8112817483756645
0.7495569994093325
0.8292971057294743
0.8744831659775546
0.8883638511518015
0.7312463083284111
0.7486709982279977
0.7226816302421737
0.8160070880094507
0.7823390431187242
0.7953337271116362
0.7773183697578263
0.8018310691080921
0.9060838747784997
0.6683402244536326
0.8204370939161252
0.7377436503248671
0.8118724158298878
0.24453632604843473
0.851447135262847
0.8192557590076787
0.5856467808623745
0.6952155936207915
0.9007678676904902
0.8106910809214413
0.7731836975782634
0.8464264619019493
0.815711754282339
0.6928529238038984
0.6116361488481985
0.7649143532191376
0.684288245717661
0.6881275841701122
0.7002362669816893
0.7826343768458358
0.7226816302421737
0.7362669816893089
0.7947430596574129
0.7099822799763733
0.7371529828706438
0.9113998818665091
0.964264619019492
0.6928529238038984
0.6562315416420555
0.7920850561134082
0.8201417601890136
0.8591258121677495
0.7359716479621973
0.8939751919669227
0.5549320732427643
0.8795038393384524
0.34435912581216777
0.3824571766095688
0.852333136444182
0.27318369757826344
0.892793857058476
0.7424689899586533
0.8907265209686946
0.8112817483756645
0.792971057294743
0.7241582988777319
0.7203189604252805
0.7923803898405198
0.9178972238629651
0.8109864146485528
0.8972238629651507
0.7371529828706438
0.8712344949793266
0.7708210277613704
0.7959243945658594
0.7728883638511518
0.6458948611931482
0.9199645599527466
0.6715888954518606
0.7569403425871235
0.825457767277023
0.8127584170112226
0.7023036030714708
0.7445363260484348
0.8036030714707619
0.9568812758417011
0.9134672179562906
0.8484937979917306
0.754873006497342
0.8033077377436503
0.619314825753101
0.9128765505020673
0.7755463673951565
0.8653278204370939
0.6872415829887774
0.6683402244536326
0.8783225044300059
0.8797991730655641
0.7687536916715889
0.85558180744241
0.6609568812758417
0.7652096869462492
0.7805670407560543
0.9049025398700532
0.7982870643827525
0.7008269344359126
0.8529238038984052
0.852333136444182
0.899291199054932
0.857944477259303
0.6828115770821028
0.5047253396337862
0.9046072061429415
0.8292971057294743
0.703780271707029
0.8163024217365623
0.7421736562315416
0.5903721204961606
0.8600118133490845
0.7690490253987006
0.8121677495569994
0.77436503248671
0.6993502658003544
0.7847017129356173
0.7300649734199646
0.7232722976963969
0.8895451860602481
0.7542823390431187
0.6981689308919079
0.3638511518015357
0.8251624335499114
0.8316597755463674
0.7401063201417601
0.6913762551683402
0.6860602480803307
0.7663910218546958
0.7389249852333136
0.7584170112226817
0.8963378617838157
0.8558771411695215
0.6588895451860602
0.7793857058476078
0.8242764323685765
0.771116361488482
0.7430596574128765
0.7463083284111045
0.8062610750147667
0.8272297696396929
0.6993502658003544
0.6763142350856468
0.8414057885410514
0.9122858830478441
0.8608978145304194
0.784111045481394
0.9019492025989368
0.745126993502658
0.8744831659775546
0.7359716479621973
0.6515062020082694
0.8632604843473125
0.7584170112226817
0.8009450679267572
0.8685764914353219
0.6435321913762552
0.6739515652687537
0.5460720614294152
0.8118724158298878
0.7811577082102776
0.44063792085056114
0.8933845245126993
0.7528056704075605
0.8792085056113408
0.8493797991730656
0.8281157708210277
0.8756645008860012
0.8316597755463674
0.7640283520378027
0.6798582398109864
0.6408741878322505
0.6981689308919079
0.8461311281748376
0.7914943886591849
0.5345540460720615
0.8694624926166569
0.7974010632014176
0.928529238038984
0.8053750738334318
0.9043118724158299
0.8538098050797401
0.8446544595392794
0.8109864146485528
0.715888954518606
0.9010632014176019
0.8272297696396929
0.707028942705257
0.6479621972829297
0.8942705256940343
0.6931482575310101
0.8422917897223863
0.8800945067926758
0.9273479031305375
0.8411104548139398
0.7297696396928529
0.8673951565268754
0.8842291789722386
0.7784997046662729
0.8898405197873597
0.7725930301240401
0.8877731836975783
0.8038984051978736
0.9344359125812167
0.813349084465446
0.7814530419373893
0.7138216184288245
0.6748375664500886
0.6816302421736562
0.7303603071470762
0.6958062610750148
0.7584170112226817
0.8260484347312463
0.7917897223862965
0.8044890726520969
0.8597164796219728
0.8762551683402244
0.8018310691080921
0.49822799763733017
0.8585351447135263
0.8092144122858831
0.6086828115770822
0.8233904311872415
0.7513290017720023
0.8313644418192557
0.3868871825162434
0.9379799173065564
0.7533963378617838
0.7817483756645008
0.45629060838747787
0.9140578854105139
0.8789131718842291
0.7203189604252805
0.7389249852333136
0.5691080921441228
0.8526284701712935
0.33520378027170705
0.6851742468989959
0.8337271116361489
0.7020082693443591
0.6754282339043118
0.6417601890135853
0.7244536326048435
0.6417601890135853
0.9167158889545186
0.8251624335499114
0.5821027761370349
0.8145304193738925
0.8425871234494979
0.848198464264619
0.7519196692262257
0.9273479031305375
0.7705256940342587
0.8074424099232133
0.5569994093325458
0.7179562906083875
0.7672770230360307
0.8576491435321913
0.8777318369757826
0.7079149438865918
0.7584170112226817
0.7551683402244537
0.8916125221500295
0.5670407560543415
0.8124630832841111
0.9093325457767277
0.39190785587714116
0.7108682811577082
0.8405197873597164
0.7802717070289427
0.7879503839338452
0.867690490253987
0.2752510336680449
0.8012404016538689
0.9105138806851742
0.7782043709391613
0.535735380980508
0.9456585942114589
0.818960425280567
0.9022445363260484
0.8780271707028943
0.9040165386887182
0.9178972238629651
0.7696396928529238
0.28145304193738924
0.8570584760779681
0.8954518606024808
0.9099232132309509
0.8006497341996456
0.6739515652687537
0.9276432368576492
0.6671588895451861
0.9081512108682812
0.7891317188422918
0.7433549911399882
0.8827525103366805
0.7123449497932663
0.7879503839338452
0.7206142941523922
0.8505611340815121
0.7277023036030714
0.7610750147666864
0.877436503248671
0.6491435321913762
0.31571175428233905
0.6751329001772003
0.7108682811577082
0.8372711163614884
0.8278204370939162
0.638806851742469
0.7799763733018311
0.7347903130537508
0.7982870643827525
0.706142941523922
0.7457176609568813
0.6656822209096279
0.7389249852333136
0.6825162433549912
0.792971057294743
0.8809805079740106
0.7442409923213231
0.8783225044300059
0.8443591258121678
0.3269344359125812
0.7173656231541642
0.8706438275251034
0.7631423508564678
0.7885410513880685
0.8470171293561725
0.7551683402244537
0.8668044890726521
0.7395156526875369
0.851447135262847
0.8603071470761962
0.7442409923213231
0.8003544004725339
0.7215002953337271
0.7217956290608387
0.7371529828706438
0.8428824571766096
0.5927347903130538
0.7687536916715889
0.8458357944477259
0.7817483756645008
0.7578263437684584
0.9258712344949793
0.39308919078558774
0.8673951565268754
0.783225044300059
0.8715298287064382
0.9004725339633786
0.7920850561134082
0.7099822799763733
0.8375664500886001
0.7058476077968104
0.8458357944477259
0.7690490253987006
0.6937389249852333
0.7374483165977554
0.7468989958653278
0.8594211458948612
0.7067336089781453
0.7531010041346722
0.8727111636148848
0.8724158298877732
0.7489663319551093
0.7823390431187242
0.7105729474305966
0.8762551683402244
0.7714116952155936
0.88806851742469
0.7197282929710573
0.006497341996455995
0.783225044300059
0.715888954518606
0.9116952155936208
0.6884229178972239
0.7336089781453042
0.7566450088600118
0.7885410513880685
0.8006497341996456
0.7903130537507383
0.7055522740696988
0.8930891907855877
0.7226816302421737
0.8411104548139398
0.8901358535144713
0.7761370348493798
0.7277023036030714
0.8431777909037212
0.7746603662138216
0.7566450088600118
0.8783225044300059
0.6650915534554046
0.825457767277023
0.9111045481393976
0.8981098641464855
0.7761370348493798
0.7031896042528056
0.7371529828706438
0.7150029533372712
0.6069108092144123
0.9075605434140579
0.7914943886591849
0.8077377436503249
0.6317188422917898
0.8777318369757826
0.8163024217365623
0.7634376845835794
0.8594211458948612
0.8576491435321913
0.7489663319551093
0.6585942114589486
0.7433549911399882
0.7356763142350856
0.7466036621382162
0.6940342587123449
0.8446544595392794
0.6940342587123449
0.6131128174837567
0.8803898405197874
0.7277023036030714
0.5794447725930302
0.6813349084465445
0.8000590667454224
0.8083284111045481
0.7504430005906675
0.8349084465445954
0.9125812167749557
0.6311281748375664
0.9542232722976964
0.8511518015357353
0.771116361488482
0.8115770821027761
0.7634376845835794
0.8115770821027761
0.722386296515062
0.8036030714707619
0.8130537507383343
0.7717070289427053
0.7398109864146486
0.835203780271707
0.8384524512699351
0.8174837566450088
0.5333727111636148
0.7120496160661548
0.8520378027170703
0.7882457176609569
0.8694624926166569
0.7232722976963969
0.4341405788541051
0.6798582398109864
0.793857058476078
0.7590076786769049
0.7173656231541642
0.5336680448907265
0.5853514471352629
0.7799763733018311
0.5339633786178382
0.7306556408741879
0.8095097460129946
0.6470761961015948
0.8310691080921441
0.8142350856467808
0.7755463673951565
0.8883638511518015
0.8174837566450088
0.8103957471943296
0.9367985823981099
0.7847017129356173
0.8372711163614884
0.8015357353809806
0.7616656822209096
0.8759598346131128
0.7991730655640874
0.7141169521559362
0.8422917897223863
0.655050206733609
0.7652096869462492
0.6562315416420555
0.7847017129356173
0.7705256940342587
0.8567631423508565
0.7631423508564678
0.8136444181925576
0.7380389840519788
0.8998818665091554
0.6993502658003544
0.7409923213230951
0.7545776727702304
0.9108092144122859
0.7956290608387477
0.477259303012404
0.8733018310691081
0.8718251624335499
0.8074424099232133
0.7779090372120496
0.8461311281748376
0.9031305375073834
0.4633786178381571
0.6137034849379799
0.8098050797401063
0.7291789722386296
0.8171884229178972
0.7477849970466627
0.5723567631423508
0.9503839338452451
0.7823390431187242
0.8744831659775546
0.5652687536916716
0.7888363851151802
0.8354991139988187
0.8233904311872415
0.8363851151801536
0.8106910809214413
0.8334317779090372
0.75812167749557
0.7522150029533373
0.7699350265800354
0.6961015948021264
0.6603662138216184
0.7433549911399882
0.9007678676904902
0.8898405197873597
0.818960425280567
0.7138216184288245
0.6772002362669817
0.6804489072652097
0.753987005316007
0.9689899586532782
0.8301831069108092
0.7861783815711755
0.8396337861783816
0.9303012404016539
0.9211458948611931
0.753987005316007
0.6399881866509155
0.7909037212049616
0.5959834613112818
0.7203189604252805
0.8186650915534555
0.8139397519196693
0.07324276432368576
0.72563496751329
0.61193148257531
0.8186650915534555
0.6033668044890727
0.7545776727702304
0.9193738924985233
0.7578263437684584
0.8786178381571176
0.8570584760779681
0.6656822209096279
0.784111045481394
0.7926757235676314
0.7708210277613704
0.7684583579444773
0.8399291199054932
0.5248080330773774
0.8248670998227997
0.7492616656822209
0.818960425280567
0.728883638511518
0.7861783815711755
0.6884229178972239
0.8901358535144713
0.6535735380980507
0.8862965150620201
0.6101594802126403
0.7876550502067337
0.7598936798582399
0.7947430596574129
0.9533372711163615
0.7941523922031896
0.7971057294743059
0.8886591848789132
0.6624335499113999
0.8340224453632605
0.9580626107501476
0.8139397519196693
0.7734790313053751
0.8567631423508565
0.8242764323685765
0.7888363851151802
0.8213230950974602
0.8103957471943296
0.8325457767277024
0.8177790903721205
0.6337861783815711
0.6795629060838748
0.9214412285883048
0.8659184878913172
0.8668044890726521
0.7457176609568813
0.7994683992911991
0.6931482575310101
0.8673951565268754
0.8473124630832841
0.7587123449497932
0.8062610750147667
0.5466627288836385
0.7755463673951565
0.8963378617838157
0.7014176018901358
0.5599527466036621
0.6754282339043118
0.6813349084465445
0.8567631423508565
0.8786178381571176
0.35410513880685174
0.6426461901949203
0.8390431187241583
0.6981689308919079
0.8431777909037212
0.707028942705257
0.8419964559952746
0.8396337861783816
0.8109864146485528
0.7575310100413467
0.7079149438865918
0.7448316597755463
0.793857058476078
0.7268163024217366
0.7291789722386296
0.7891317188422918
0.8417011222681631
0.6154754873006497
0.6069108092144123
0.26757235676314234
0.7717070289427053
0.8824571766095688
0.7631423508564678
0.8000590667454224
0.7150029533372712
0.8387477849970466
0.8440637920850561
0.7350856467808624
0.7362669816893089
0.735380980507974
0.7510336680448907
0.7241582988777319
0.8668044890726521
0.8038984051978736
0.7217956290608387
0.8154164205552275
0.8071470761961016
0.8647371529828707
0.8505611340815121
0.7814530419373893
0.79060838747785
0.7965150620200827
0.564087418783225
0.8744831659775546
0.7767277023036031
0.7123449497932663
0.8662138216184289
0.7318369757826344
0.8614884819846427
0.8325457767277024
0.8479031305375074
0.8163024217365623
0.8922031896042528
0.7914943886591849
0.7793857058476078
0.48995865327820437
0.677790903721205
0.8272297696396929
0.8346131128174837
0.7619610159480212
0.6975782634376846
0.5345540460720615
0.8163024217365623
0.7492616656822209
0.7988777318369757
0.7814530419373893
0.619314825753101
0.8434731246308328
0.7510336680448907
0.8789131718842291
0.70939161252215
0.6568222090962788
0.7466036621382162
0.7545776727702304
0.7820437093916125
0.8603071470761962
0.746012994683993
0.9672179562906084
0.7649143532191376
0.7014176018901358
0.8930891907855877
0.8419964559952746
0.5437093916125222
0.7507383343177791
0.8098050797401063
0.9394565859421146
0.8086237448316598
0.890431187241583
0.7593030124040165
0.7279976373301831
0.7203189604252805
0.7684583579444773
0.828706438275251
0.9075605434140579
0.5578854105138806
0.7935617247489664
0.8219137625516834
0.761370348493798
0.7847017129356173
0.8594211458948612
0.7684583579444773
0.8399291199054932
0.7318369757826344
0.8508564678086238
0.354695806261075
0.6228588304784406
0.7820437093916125
0.5268753691671589
0.5369167158889545
0.8174837566450088
0.6618428824571766
0.8768458357944477
0.7525103366804489
0.6825162433549912
0.5091553455404607
0.9320732427643237
0.7746603662138216
0.9066745422327229
0.8201417601890136
0.6854695806261075
0.8369757826343769
0.7424689899586533
0.8041937389249852
0.7480803307737743
0.8641464855286474
0.9300059066745422
0.6219728292971057
0.8889545186060248
0.6987595983461311
0.822209096278795
0.7498523331364442
0.8679858239810987
0.3523331364441819
0.9013585351447135
0.75812167749557
0.8641464855286474
0.8981098641464855
0.7182516243354992
0.8142350856467808
0.8275251033668045
0.7903130537507383
0.3130537507383343
0.8848198464264619
0.8030124040165387
0.8251624335499114
0.7852923803898405
0.8260484347312463
0.6789722386296515
0.7655050206733609
0.7457176609568813
0.8854105138806851
0.5578854105138806
0.8313644418192557
0.8455404607206143
0.822209096278795
0.5478440637920851
0.7634376845835794
0.7870643827525103
0.8532191376255168
0.7728883638511518
0.7253396337861784
0.8854105138806851
0.8682811577082102
0.896042528056704
0.9054932073242764
0.8679858239810987
0.9022445363260484
0.8673951565268754
0.8245717660956882
0.7882457176609569
0.7858830478440638
0.9119905493207324
0.7147076196101595
0.7660956881275842
0.8186650915534555
0.6125221500295334
0.8978145304193739
0.7569403425871235
0.5933254577672771
0.6367395156526875
0.8715298287064382
0.8995865327820437
0.8659184878913172
0.9028352037802717
0.8216184288245718
0.7855877141169522
0.7749556999409333
0.7023036030714708
0.8266391021854695
0.7368576491435322
0.7212049616066155
0.7566450088600118
0.8260484347312463
0.6458948611931482
0.7563496751329002
0.8399291199054932
0.7415829887773183
0.7182516243354992
0.8313644418192557
0.8139397519196693
0.7436503248670998
0.7867690490253987
0.7533963378617838
0.7953337271116362
0.7714116952155936
0.7111636148848198
0.8650324867099822
0.7678676904902539
0.8812758417011223
0.813349084465446
0.8614884819846427
0.8558771411695215
0.8092144122858831
0.9131718842291789
0.7926757235676314
0.7300649734199646
0.844949793266391
0.8895451860602481
0.8549911399881867
0.8304784406379209
0.8795038393384524
0.6001181334908446
0.6766095688127585
0.7935617247489664
0.7625516834022446
0.6639102185469581
0.8673951565268754
0.5815121086828116
0.6538688718251624
0.6887182516243355
0.7805670407560543
0.7525103366804489
0.8151210868281158
0.746012994683993
0.8712344949793266
0.8233904311872415
0.8227997637330183
0.35587714116952157
0.7489663319551093
0.8446544595392794
0.5956881275841701
0.903425871234495
0.816597755463674
0.8269344359125812
0.6473715298287065
0.7507383343177791
0.8487891317188423
0.849084465445954
0.47755463673951565
0.6503248670998228
0.7728883638511518
0.7790903721204961
0.8470171293561725
0.8227997637330183
0.7259303012404017
0.8139397519196693
0.4884819846426462
0.8160070880094507
0.784111045481394
0.77436503248671
0.864441819255759
0.8118724158298878
0.932663910218547
0.2802717070289427
0.7699350265800354
0.7634376845835794
0.8402244536326049
0.8245717660956882
0.5522740696987596
0.8192557590076787
0.7731836975782634
0.7894270525694034
0.8313644418192557
0.7787950383933845
0.7950383933845245
0.7926757235676314
0.6399881866509155
0.8552864737152983
0.7120496160661548
0.7471943295924395
0.7147076196101595
0.7454223272297696
0.7235676314235086
0.8538098050797401
0.8325457767277024
0.8573538098050797
0.8954518606024808
0.8461311281748376
0.7073242764323686
0.8290017720023627
0.7817483756645008
0.7164796219728293
0.753987005316007
0.7291789722386296
0.7994683992911991
0.8390431187241583
0.8963378617838157
0.7383343177790904
0.761370348493798
0.753987005316007
0.9279385705847608
0.7660956881275842
0.7847017129356173
0.7616656822209096
0.6910809214412286
0.6969875959834613
0.8275251033668045
0.9122858830478441
0.8895451860602481
0.7350856467808624
0.9010632014176019
0.8842291789722386
0.9551092734790313
0.8455404607206143
0.7847017129356173
0.8295924394565859
0.7002362669816893
0.8916125221500295
0.7855877141169522
0.892793857058476
0.7820437093916125
0.6515062020082694
0.72563496751329
0.746012994683993
0.786473715298287
0.7879503839338452
0.6928529238038984
0.6500295333727112
0.6863555818074424
0.7876550502067337
0.7852923803898405
0.6296515062020083
0.7513290017720023
0.8098050797401063
0.6358535144713526
0.8033077377436503
0.7409923213230951
0.8000590667454224
0.792971057294743
0.9246898995865328
0.7424689899586533
0.8916125221500295
0.8245717660956882
0.5637920850561134
0.8160070880094507
0.7344949793266391
0.7409923213230951
0.9276432368576492
0.8487891317188423
0.7238629651506202
0.7200236266981689
0.5953927938570585
0.9240992321323095
0.8425871234494979
0.8180744240992321
0.8641464855286474
0.6219728292971057
0.8998818665091554
0.7758417011222681
0.7971057294743059
0.38984051978735973
0.8248670998227997
0.8109864146485528
0.7244536326048435
0.828706438275251
0.8877731836975783
0.7844063792085056
0.7935617247489664
0.7522150029533373
0.7282929710572947
0.7994683992911991
0.6919669226225635
0.713526284701713
0.002362669816893089
0.8378617838157117
0.8047844063792085
0.7876550502067337
0.8030124040165387
0.8036030714707619
0.8919078558771412
0.7020082693443591
0.8535144713526285
0.728883638511518
0.7779090372120496
0.7578263437684584
0.61193148257531
0.8800945067926758
0.849084465445954
0.8919078558771412
0.854695806261075
0.7117542823390431
0.85558180744241
0.8437684583579445
0.5363260484347312
0.6869462492616657
0.7412876550502068
0.8818665091553456
0.7303603071470762
0.8851151801535735
0.877436503248671
0.7838157117542823
0.8727111636148848
0.8334317779090372
0.7991730655640874
0.793857058476078
0.38747784997046664
0.8151210868281158
0.6686355581807443
0.7454223272297696
0.7002362669816893
0.7525103366804489
0.7616656822209096
0.7616656822209096
0.7085056113408151
0.7339043118724158
0.8130537507383343
0.7720023626698169
0.6435321913762552
0.8207324276432368
0.8724158298877732
0.603071470761961
0.8204370939161252
0.7383343177790904
0.8425871234494979
0.7826343768458358
0.713526284701713
0.7844063792085056
0.9238038984051978
0.6630242173656231
0.39663319551092735
0.8018310691080921
0.9240992321323095
0.7894270525694034
0.892793857058476
0.7212049616066155
0.8145304193738925
0.6391021854695806
0.8673951565268754
0.8136444181925576
0.8281157708210277
0.8854105138806851
0.7885410513880685
0.3544004725339634
0.8573538098050797
0.8910218546958063
0.851447135262847
0.7551683402244537
0.8833431777909038
0.8077377436503249
0.9365032486709982
0.6792675723567632
0.8168930891907856
0.787359716479622
0.72563496751329
0.8372711163614884
0.8954518606024808
0.6904902539870054
0.8213230950974602
0.7903130537507383
0.8233904311872415
0.5593620791494389
0.6993502658003544
0.8369757826343769
0.5782634376845835
0.857944477259303
0.7687536916715889
0.36207914943886593
0.6946249261665682
0.7920850561134082
0.7968103957471944
0.6677495569994093
0.5295333727111636
0.8868871825162433
0.7988777318369757
0.8201417601890136
0.7111636148848198
0.9028352037802717
0.7188422917897224
0.7356763142350856
0.8597164796219728
0.8608978145304194
0.6653868871825163
0.7046662728883638
0.8984051978735972
0.9370939161252215
0.7914943886591849
0.7392203189604253
0.6733608978145305
0.7708210277613704
0.8142350856467808
0.896042528056704
0.8665091553455405
0.8219137625516834
0.8558771411695215
0.8331364441819256
0.7226816302421737
0.8112817483756645
0.7829297105729475
0.8789131718842291
0.7185469580626107
0.8700531600708801
0.7362669816893089
0.7209096278795039
0.8647371529828707
0.7079149438865918
0.9521559362079149
0.6689308919078559
0.8269344359125812
0.7598936798582399
0.7347903130537508
0.686650915534554
0.7737743650324868
0.7327229769639693
0.874187832250443
0.7678676904902539
0.7096869462492617
0.5230360307147076
0.5868281157708211
0.6990549320732428
0.8535144713526285
0.722386296515062
0.7634376845835794
0.7879503839338452
0.6529828706438275
0.8629651506202008
0.7914943886591849
0.5283520378027171
0.5614294152392203
0.9170112226816303
0.7932663910218547
0.8201417601890136
0.6925575900767867
0.8148257531010041
0.7598936798582399
0.8375664500886001
0.29946839929119906
0.8948611931482575
0.851447135262847
0.7569403425871235
0.7147076196101595
0.7725930301240401
0.6940342587123449
0.5679267572356763
0.8544004725339633
0.9131718842291789
0.893679858239811
0.7678676904902539
0.7023036030714708
0.6774955699940933
0.7028942705256941
0.8003544004725339
0.6978735971647962
0.7784997046662729
0.8493797991730656
0.8109864146485528
0.7569403425871235
0.9125812167749557
0.8889545186060248
0.8747784997046663
0.8792085056113408
0.813349084465446
0.8691671588895452
0.8564678086237448
0.8009450679267572
0.8860011813349085
0.7660956881275842
0.8151210868281158
0.9438865918487891
0.8192557590076787
0.8874778499704666
0.7758417011222681
0.7229769639692853
0.8526284701712935
0.8626698168930892
0.8098050797401063
0.870939161252215
0.8269344359125812
0.6718842291789723
0.8735971647962197
0.7123449497932663
0.6757235676314235
0.7616656822209096
0.6780862374483166
0.7956290608387477
0.9031305375073834
0.8177790903721205
0.7542823390431187
0.8216184288245718
0.8390431187241583
0.674542232722977
0.8325457767277024
0.8738924985233314
0.7262256349675132
0.0767867690490254
0.935912581216775
0.874187832250443
0.8310691080921441
0.9090372120496161
0.7525103366804489
0.7917897223862965
0.6978735971647962
0.7445363260484348
0.7593030124040165
0.7994683992911991
0.70939161252215
0.5067926757235677
0.7442409923213231
0.7675723567631424
0.8275251033668045
0.9332545776727702
0.9087418783225044
0.7415829887773183
0.7471943295924395
0.7991730655640874
0.7876550502067337
0.7914943886591849
0.7217956290608387
0.9305965741287655
0.8349084465445954
0.8036030714707619
0.8245717660956882
0.8659184878913172
0.7702303603071471
0.9170112226816303
0.7350856467808624
0.844949793266391
0.8792085056113408
0.6497341996455995
0.7412876550502068
0.8458357944477259
0.787359716479622
0.7634376845835794
0.8269344359125812
0.7073242764323686
0.7398109864146486
0.8564678086237448
0.6692262256349675
0.7519196692262257
0.7090962787950384
0.8278204370939162
0.7681630242173656
0.6913762551683402
0.8529238038984052
0.7531010041346722
0.7849970466627288
0.7997637330183107
0.6591848789131719
0.8390431187241583
0.8803898405197874
0.7525103366804489
0.7067336089781453
0.74187832250443
0.8963378617838157
0.7764323685764914
0.8930891907855877
0.751624335499114
0.8452451269935026
0.6588895451860602
0.8089190785587714
0.7595983461311282
0.4884819846426462
0.7787950383933845
0.7740696987595983
0.6491435321913762
0.7947430596574129
0.8033077377436503
0.7040756054341406
0.8366804489072652
0.954518606024808
0.7150029533372712
0.8827525103366805
0.48080330773774366
0.7023036030714708
0.8083284111045481
0.7327229769639693
0.8874778499704666
0.874187832250443
0.8532191376255168
0.7888363851151802
0.8136444181925576
0.6603662138216184
0.8998818665091554
0.849084465445954
0.8414057885410514
0.5646780862374483
0.7563496751329002
0.7383343177790904
0.8118724158298878
0.8251624335499114
0.835203780271707
0.746012994683993
0.7111636148848198
0.7947430596574129
0.7879503839338452
0.90253987005316
0.8360897814530419
0.7321323095097461
0.9093325457767277
0.8907265209686946
0.8041937389249852
0.6491435321913762
0.7722976963969286
0.7758417011222681
0.8050797401063201
0.8047844063792085
0.6571175428233904
0.8670998227997637
0.8160070880094507
0.8549911399881867
0.7702303603071471
0.7740696987595983
0.7123449497932663
0.6910809214412286
0.7687536916715889
0.6219728292971057
0.9122858830478441
0.8065564087418783
0.3260484347312463
0.7507383343177791
0.722386296515062
0.9598346131128175
0.8180744240992321
0.573833431777909
0.7067336089781453
0.8245717660956882
0.8204370939161252
0.8727111636148848
0.852333136444182
0.5047253396337862
0.8030124040165387
0.8038984051978736
0.32870643827525103
0.8027170702894271
0.745126993502658
0.6990549320732428
0.7669816893089191
0.7554636739515652
0.6665682220909628
0.8027170702894271
0.7784997046662729
0.8399291199054932
0.7161842882457177
0.5567040756054341
0.7244536326048435
0.7779090372120496
0.9028352037802717
0.6110454813939752
0.609568812758417
0.6577082102776137
0.7415829887773183
0.7300649734199646
0.8659184878913172
0.7498523331364442
0.8408151210868281
0.9329592439456585
0.7666863555818074
0.8092144122858831
0.8573538098050797
0.6825162433549912
0.8328411104548139
0.7303603071470762
0.7501476668635558
0.603071470761961
0.8809805079740106
0.9648552864737153
0.818960425280567
0.8939751919669227
0.8777318369757826
0.7829297105729475
0.5437093916125222
0.7838157117542823
0.7678676904902539
0.6940342587123449
0.8662138216184289
0.8594211458948612
0.8659184878913172
0.6202008269344359
0.818960425280567
0.8998818665091554
0.9078558771411696
0.7619610159480212
0.8461311281748376
0.583579444772593
0.8384524512699351
0.7817483756645008
0.7847017129356173
0.6828115770821028
0.893679858239811
0.4362079149438866
0.8966331955109273
0.5274660366213821
0.900177200236267
0.864441819255759
0.7705256940342587
0.6580035440047254
0.6792675723567632
0.7424689899586533
0.8981098641464855
0.8417011222681631
0.5608387477849971
0.7675723567631424
0.7660956881275842
0.6603662138216184
0.7522150029533373
0.9441819255759007
0.5723567631423508
0.7956290608387477
0.7737743650324868
0.7844063792085056
0.6718842291789723
0.7182516243354992
0.7811577082102776
0.9462492616656822
0.8118724158298878
0.7764323685764914
0.8340224453632605
0.864441819255759
0.7705256940342587
0.7932663910218547
0.7684583579444773
0.8313644418192557
0.8854105138806851
0.7616656822209096
0.7593030124040165
0.8056704075605434
0.7649143532191376
0.738629651506202
0.7770230360307147
0.892793857058476
0.680153573538098
0.8591258121677495
0.8570584760779681
0.6199054932073242
0.8901358535144713
0.8357944477259303
0.74187832250443
0.8331364441819256
0.8346131128174837
0.7466036621382162
0.7197282929710573
0.7870643827525103
0.9176018901358535
0.7170702894270525
0.6308328411104548
0.7141169521559362
0.8608978145304194
0.8812758417011223
0.6999409332545776
0.7631423508564678
0.341701122268163
0.8168930891907856
0.6426461901949203
0.7457176609568813
0.8112817483756645
0.7900177200236267
0.8366804489072652
0.002362669816893089
0.8632604843473125
0.7885410513880685
0.8142350856467808
0.7658003544004726
0.680153573538098
0.7055522740696988
0.7392203189604253
0.8071470761961016
0.9338452451269935
0.748375664500886
0.8780271707028943
0.6975782634376846
0.5499113998818665
0.8363851151801536
0.9258712344949793
0.8419964559952746
0.7415829887773183
0.7575310100413467
0.9367985823981099
0.7663910218546958
0.8665091553455405
0.7463083284111045
0.5372120496160662
0.8945658594211459
0.7950383933845245
0.32073242764323684
0.8821618428824571
0.8390431187241583
0.7203189604252805
0.7017129356172475
0.5256940342587123
0.6819255759007679
0.7997637330183107
0.7849970466627288
0.6701122268163024
0.8030124040165387
0.7073242764323686
0.6943295924394566
0.8145304193738925
0.8183697578263438
0.903425871234495
0.6695215593620791
0.8216184288245718
0.7076196101594802
0.8041937389249852
0.8626698168930892
0.7690490253987006
0.5939161252215003
0.7542823390431187
0.789722386296515
0.816597755463674
0.7826343768458358
0.8493797991730656
0.8874778499704666
0.7953337271116362
0.8978145304193739
0.8597164796219728
0.8670998227997637
0.8564678086237448
0.8284111045481394
0.796219728292971
0.7820437093916125
0.6075014766686355
0.7991730655640874
0.5528647371529829
0.8603071470761962
0.5735380980507974
0.6060248080330773
0.7179562906083875
0.9084465445953928
0.6966922622563497
0.7847017129356173
0.7900177200236267
0.7259303012404017
0.8446544595392794
0.8712344949793266
0.6913762551683402
0.4698759598346131
0.7675723567631424
0.7339043118724158
0.928529238038984
0.9049025398700532
0.8951565268753692
0.8942705256940343
0.793857058476078
0.7226816302421737
0.25782634376845837
0.7829297105729475
0.684288245717661
0.8712344949793266
0.8086237448316598
0.7799763733018311
0.7028942705256941
0.6340815121086828
0.6317188422917898
0.47489663319551095
0.8044890726520969
0.9049025398700532
0.7132309509746013
0.8892498523331365
0.7720023626698169
0.7994683992911991
0.8089190785587714
0.7722976963969286
0.8109864146485528
0.6878322504430006
0.8744831659775546
0.8160070880094507
0.6278795038393384
0.8360897814530419
0.8402244536326049
0.8484937979917306
0.8050797401063201
0.8797991730655641
0.7796810395747195
0.8210277613703485
0.7959243945658594
0.09421145894861194
0.6783815711754282
0.815711754282339
0.7380389840519788
0.8842291789722386
0.7161842882457177
0.8154164205552275
0.8792085056113408
0.7274069698759599
0.6069108092144123
0.7430596574128765
0.8027170702894271
0.7847017129356173
0.7959243945658594
0.8041937389249852
0.8038984051978736
0.8417011222681631
0.8083284111045481
0.8756645008860012
0.9143532191376255
0.7652096869462492
0.5540460720614294
0.8402244536326049
0.8411104548139398
0.6916715888954519
0.8535144713526285
0.75812167749557
0.7796810395747195
0.8003544004725339
0.9220318960425281
0.8895451860602481
0.9176018901358535
0.815711754282339
0.9105138806851742
0.612817483756645
0.7463083284111045
0.8000590667454224
0.8532191376255168
0.8629651506202008
0.6780862374483166
0.8608978145304194
0.7717070289427053
0.7457176609568813
0.870939161252215
0.7720023626698169
0.8517424689899586
0.8939751919669227
0.7141169521559362
0.764619019492026
0.7974010632014176
0.8691671588895452
0.8021264028352038
0.7105729474305966
0.7793857058476078
0.8467217956290608
0.7229769639692853
0.6249261665682221
0.8467217956290608
0.8174837566450088
0.8939751919669227
0.7188422917897224
0.8384524512699351
0.7879503839338452
0.7784997046662729
0.8443591258121678
0.7028942705256941
0.7194329592439457
0.7976963969285292
0.79060838747785
0.899291199054932
0.8065564087418783
0.831955109273479
0.7722976963969286
0.6839929119905493
0.7421736562315416
0.9202598936798583
0.7504430005906675
0.7672770230360307
0.7988777318369757
0.7770230360307147
0.7350856467808624
0.6772002362669817
0.8419964559952746
0.7259303012404017
0.8493797991730656
0.8233904311872415
0.7090962787950384
0.8700531600708801
0.6813349084465445
0.7941523922031896
0.5118133490844654
0.751624335499114
0.7734790313053751
0.7693443591258121
0.8467217956290608
0.896928529238039
0.7784997046662729
0.8106910809214413
0.777613703484938
0.7271116361488482
0.8877731836975783
0.8210277613703485
0.7826343768458358
0.8118724158298878
0.5543414057885411
0.8086237448316598
0.8030124040165387
0.8145304193738925
0.8476077968103958
0.8502658003544005
0.7259303012404017
0.7265209686946249
0.426166568222091
0.8948611931482575
0.7415829887773183
0.7876550502067337
0.8168930891907856
0.7073242764323686
0.6730655640874188
0.9096278795038394
0.9240992321323095
0.8594211458948612
0.6925575900767867
0.7336089781453042
0.9193738924985233
0.6408741878322505
0.8405197873597164
0.5082693443591259
0.7982870643827525
0.7365623154164206
0.8576491435321913
0.7164796219728293
0.9388659184878914
0.7011222681630243
0.8721204961606616
0.8343177790903721
0.8434731246308328
0.7917897223862965
0.6609568812758417
0.9258712344949793
0.6851742468989959
0.7377436503248671
0.7209096278795039
0.831955109273479
0.6901949202598937
0.896042528056704
0.9438865918487891
0.8419964559952746
0.7950383933845245
0.8933845245126993
0.7253396337861784
0.8074424099232133
0.7235676314235086
0.8360897814530419
0.7979917306556409
0.8898405197873597
0.8074424099232133
0.8797991730655641
0.8549911399881867
0.7439456585942115
0.8174837566450088
0.857944477259303
0.7953337271116362
0.7147076196101595
0.9291199054932073
0.9763733018310691
0.7551683402244537
0.8913171884229178
0.8653278204370939
0.8257531010041347
0.7956290608387477
0.7935617247489664
0.771116361488482
0.7498523331364442
0.6012994683992912
0.8496751329001772
0.7852923803898405
0.9486119314825753
0.8520378027170703
0.8304784406379209
0.8366804489072652
0.8529238038984052
0.8118724158298878
0.82309509746013
0.6512108682811577
0.6577082102776137
0.7734790313053751
0.7643236857649144
0.42764323685764916
0.9158298877731837
0.7675723567631424
0.8464264619019493
0.9051978735971647
0.9046072061429415
0.7959243945658594
0.2965150620200827
0.7793857058476078
0.8738924985233314
0.8582398109864147
0.9167158889545186
0.3083284111045481
0.8783225044300059
0.7643236857649144
0.6553455404607206
0.8712344949793266
0.8431777909037212
0.79060838747785
0.9308919078558772
0.7383343177790904
0.7170702894270525
0.9019492025989368
0.9046072061429415
0.8706438275251034
0.8535144713526285
0.8130537507383343
0.8868871825162433
0.9719432959243945
0.8981098641464855
0.9108092144122859
0.8800945067926758
0.8558771411695215
0.6780862374483166
0.9167158889545186
0.5933254577672771
0.4816893089190786
0.7510336680448907
0.8721204961606616
0.844949793266391
0.8145304193738925
0.9093325457767277
0.7492616656822209
0.7994683992911991
0.8502658003544005
0.7867690490253987
0.8257531010041347
0.8266391021854695
0.8789131718842291
0.7764323685764914
0.27879503839338454
0.9421145894861194
0.7702303603071471
0.880685174246899
0.7082102776137035
0.7675723567631424
0.8003544004725339
0.9353219137625517
0.7988777318369757
0.77436503248671
0.8966331955109273
0.8142350856467808
0.7542823390431187
0.8248670998227997
0.8470171293561725
0.8115770821027761
0.7965150620200827
0.8195510927347903
0.715888954518606
0.7303603071470762
0.7392203189604253
0.8848198464264619
0.7640283520378027
0.6816302421736562
0.29119905493207326
0.8038984051978736
0.005611340815121087
0.7489663319551093
0.8136444181925576
0.681039574719433
0.5891907855877141
0.7336089781453042
0.8434731246308328
0.7796810395747195
0.8118724158298878
0.7696396928529238
0.8295924394565859
0.7823390431187242
0.7088009450679268
0.7096869462492617
0.7442409923213231
0.8387477849970466
0.8292971057294743
0.9054932073242764
0.7909037212049616
0.6491435321913762
0.8517424689899586
0.7454223272297696
0.47282929710572946
0.7318369757826344
0.8095097460129946
0.7557590076786769
0.7622563496751329
0.7347903130537508
0.9303012404016539
0.671293561724749
0.8665091553455405
0.6467808623744832
0.8697578263437684
0.6934435912581217
0.8278204370939162
0.6447135262847017
0.7350856467808624
0.7522150029533373
0.7717070289427053
0.7421736562315416
0.7504430005906675
0.7734790313053751
0.7229769639692853
0.8443591258121678
0.8036030714707619
0.7170702894270525
0.716774955699941
0.8053750738334318
0.7935617247489664
0.8662138216184289
0.8827525103366805
0.7046662728883638
0.7932663910218547
0.8467217956290608
0.45304193738924986
0.5189013585351447
0.8750738334317779
0.7436503248670998
0.7988777318369757
0.8121677495569994
0.7991730655640874
0.742764323685765
0.7111636148848198
0.826343768458358
0.622563496751329
0.8428824571766096
0.7339043118724158
0.7894270525694034
0.7802717070289427
0.7885410513880685
0.8216184288245718
0.512994683992912
0.8476077968103958
0.796219728292971
0.8647371529828707
0.36532782043709394
0.7315416420555227
0.8789131718842291
0.719137625516834
0.7433549911399882
0.6500295333727112
0.7117542823390431
0.8526284701712935
0.7522150029533373
0.8981098641464855
0.5702894270525694
0.7188422917897224
0.8375664500886001
0.519492025989368
0.7923803898405198
0.8913171884229178
0.9066745422327229
0.8998818665091554
0.6733608978145305
0.6978735971647962
0.8145304193738925
0.7212049616066155
0.8470171293561725
0.7117542823390431
0.8919078558771412
0.7805670407560543
0.9158298877731837
0.7389249852333136
0.7569403425871235
0.7814530419373893
0.7838157117542823
0.7079149438865918
0.8939751919669227
0.831955109273479
0.8047844063792085
0.8387477849970466
0.5856467808623745
0.7666863555818074
0.8118724158298878
0.7241582988777319
0.6748375664500886
0.7793857058476078
0.8487891317188423
0.8021264028352038
0.8071470761961016
0.8670998227997637
0.7542823390431187
0.8549911399881867
0.8833431777909038
0.75812167749557
0.24867099822799762
0.9509746012994684
0.753987005316007
0.7755463673951565
0.8588304784406379
0.828706438275251
0.8015357353809806
0.7882457176609569
0.8715298287064382
0.7575310100413467
0.8656231541642055
0.8083284111045481
0.9102185469580626
0.8121677495569994
0.6872415829887774
0.8588304784406379
0.8284111045481394
0.8422917897223863
0.7389249852333136
0.6931482575310101
0.8812758417011223
0.7835203780271707
0.9161252215002953
0.44418192557590075
0.6210868281157709
0.7206142941523922
0.9063792085056114
0.7746603662138216
0.719137625516834
0.7238629651506202
0.883933845245127
0.7628470171293562
0.761370348493798
0.7761370348493798
0.8975191966922622
0.9078558771411696
0.8470171293561725
0.6541642055522741
0.8384524512699351
0.7522150029533373
0.9524512699350266
0.8024217365623154
0.8242764323685765
0.5794447725930302
0.9264619019492026
0.7347903130537508
0.6825162433549912
0.7637330183106911
0.5575900767867691
0.6391021854695806
0.8275251033668045
0.7247489663319551
0.9028352037802717
0.8233904311872415
0.8836385115180153
0.8889545186060248
0.7926757235676314
0.6748375664500886
0.79060838747785
0.6609568812758417
0.7380389840519788
0.8213230950974602
0.7409923213230951
0.7321323095097461
0.8322504430005907
0.8860011813349085
0.8815711754282339
0.9211458948611931
0.8860011813349085
0.7164796219728293
0.8278204370939162
0.9181925575900768
0.7569403425871235
0.892793857058476
0.7471943295924395
0.7663910218546958
0.6145894861193149
0.728883638511518
0.6500295333727112
0.8115770821027761
0.7779090372120496
0.7164796219728293
0.8027170702894271
0.8963378617838157
0.7578263437684584
0.6473715298287065
0.6919669226225635
0.9031305375073834
0.7811577082102776
0.6642055522740697
0.8118724158298878
0.8142350856467808
0.8053750738334318
0.796219728292971
0.9069698759598346
0.5437093916125222
0.8024217365623154
0.7847017129356173
0.7790903721204961
0.8405197873597164
0.8098050797401063
0.8892498523331365
0.6142941523922032
0.8552864737152983
0.24630832841110456
0.7799763733018311
0.7120496160661548
0.8041937389249852
0.6721795629060838
0.8024217365623154
0.7525103366804489
0.7318369757826344
0.8753691671588896
0.6839929119905493
0.7028942705256941
0.8375664500886001
0.7740696987595983
0.6506202008269344
0.8062610750147667
0.74187832250443
0.8641464855286474
0.9435912581216775
0.6999409332545776
0.7610750147666864
0.7090962787950384
0.7867690490253987
0.8706438275251034
0.754873006497342
0.7046662728883638
0.7923803898405198
0.8532191376255168
0.7333136444181926
0.6461901949202599
