0.6160862354892206
0.6771697070204533
0.7951907131011609
0.7678275290215588
0.7938087341072416
0.906301824212272
0.8667772249861803
0.6920950801547816
0.7385295743504698
0.7255389718076285
0.8421779988944168
0.7316196793808734
0.6633499170812603
0.7783305693753455
0.6373687119955777
0.7404643449419569
0.7849640685461581
0.8792150359314539
0.798783858485351
0.7705914870093975
0.8855721393034826
0.7515201768933112
0.8623548922056384
0.675787728026534
0.867330016583748
0.7515201768933112
0.7827529021558872
0.7857932559425097
0.8112216694306247
0.7465450525152018
0.6088999447208402
0.8333333333333334
0.82808181315644
0.7283029297954671
0.6694306246545052
0.7435046987285793
0.8079049198452184
0.8781094527363185
0.7039800995024875
0.6390270867882808
0.7788833609729132
0.9165284687672748
0.6655610834715312
0.9040906578220012
0.8266998341625207
0.7305140961857379
0.798783858485351
0.9054726368159204
0.7277501381978994
0.6553344389165284
0.754007739082366
0.7559425096738529
0.9292426755113322
0.8054173576561636
0.7307904919845218
0.802653399668325
0.8341625207296849
0.8200663349917081
0.6708126036484245
0.7169707020453289
0.753731343283582
0.7711442786069652
0.750138197899392
0.8349917081260365
0.8601437258153676
0.699281370923162
0.7053620784964069
0.765616362631288
0.8980099502487562
0.7642343836373687
0.7520729684908789
0.814538419016031
0.8269762299613046
0.8148148148148148
0.9010503040353787
0.8173023770038695
0.8678828081813157
0.718629076838032
0.7327252625760089
0.7318960751796573
0.7448866777224986
0.7622996130458817
0.8579325594250967
0.7893864013266998
0.6127694859038143
0.8681592039800995
0.8109452736318408
0.7564953012714207
0.9347705914870094
0.8499170812603648
0.8797678275290216
0.6741293532338308
0.7810945273631841
0.7918739635157546
0.8507462686567164
0.7664455500276396
0.9259259259259259
0.8355444997236042
0.8322277501381979
0.7634051962410171
0.7935323383084577
0.7844112769485904
0.8034825870646766
0.7871752349364289
0.9087893864013267
0.8211719181868435
0.7346600331674958
0.8048645660585959
0.904367053620785
0.6876727473742399
0.91404090657822
0.7888336097291321
0.8128800442233278
0.615257048092869
0.8761746821448314
0.7313432835820896
0.8670536207849641
0.7545605306799337
0.6785516860143725
0.6840796019900498
0.8833609729132117
0.820342730790492
0.7716970702045329
0.8637368711995578
0.7252625760088447
0.8380320619126589
0.7877280265339967
0.7095080154781648
0.8247650635710337
0.8678828081813157
0.7128247650635711
0.7227750138197899
0.765616362631288
0.826147042564953
0.9060254284134881
0.9253731343283582
0.6965174129353234
0.8250414593698175
0.7705914870093975
0.7639579878385848
0.9447208402432283
0.8325041459369817
0.781370923161968
0.888612493090105
0.7824765063571034
0.8935876174682145
0.8855721393034826
0.8338861249309011
0.7266445550027639
0.6890547263681592
0.7899391929242675
0.6473189607517966
0.6658374792703151
0.9372581536760641
0.7846876727473743
0.7755666113875069
0.8922056384742952
0.7435046987285793
0.759812050856827
0.6533996683250415
0.7899391929242675
0.8253178551686015
0.7647871752349364
0.8101160862354893
0.8009950248756219
0.800718629076838
0.7526257600884466
0.8656716417910447
0.738253178551686
0.6978993919292427
0.8322277501381979
0.8518518518518519
0.8670536207849641
0.7512437810945274
0.8935876174682145
0.8217247097844113
0.6846323935876175
0.5967385295743505
0.8015478164731896
0.8770038695411829
0.8012714206744057
0.906301824212272
0.8302929795467109
0.8388612493090105
0.7169707020453289
0.8126036484245439
0.9060254284134881
0.8681592039800995
0.8993919292426755
0.7622996130458817
0.8278054173576561
0.8642896627971255
0.8297401879491432
0.6785516860143725
0.8620784964068546
0.531232725262576
0.7634051962410171
0.7863460475400774
0.7802653399668324
0.75787728026534
0.7816473189607518
0.8427307904919845
0.7307904919845218
0.7606412382531785
0.7230514096185738
0.7998894416804865
0.7611940298507462
0.8526810392482034
0.9192924267551134
0.810392482034273
0.8911000552791598
0.6365395245992261
0.7841348811498066
0.8001658374792703
0.8244886677722498
0.9145936981757877
0.701216141514649
0.9049198452183527
0.892758430071863
0.9156992813709232
0.759812050856827
0.7938087341072416
0.8852957435046988
0.8562741846323936
0.6039248203427308
0.7733554449972361
0.8062465450525153
0.8855721393034826
0.7733554449972361
0.7017689331122167
0.8349917081260365
0.7357656163626313
0.802653399668325
0.7769485903814262
0.7014925373134329
0.806799336650083
0.7755666113875069
0.789110005527916
0.7202874516307353
0.3609729132117192
0.9380873410724156
0.8678828081813157
0.9331122166943062
0.710889994472084
0.8626312880044223
0.79297954671089
0.7899391929242675
0.8745163073521283
0.7971254836926479
0.7131011608623549
0.738253178551686
0.7567716970702045
0.7238805970149254
0.6898839137645107
0.8720287451630735
0.750138197899392
0.6879491431730238
0.8543394140409066
0.7067440574903261
0.6882255389718076
0.8993919292426755
0.7794361525704809
0.8369264787175235
0.8629076838032061
0.8073521282476507
0.7219458264234384
0.753731343283582
0.8432835820895522
0.7468214483139857
0.6050304035378662
0.6851851851851852
0.7965726920950802
0.7310668877833056
0.7893864013266998
0.841901603095633
0.7783305693753455
0.7249861802100608
0.6818684355997788
0.7763957987838584
0.7863460475400774
0.7440574903261471
0.8899944720840243
0.8571033720287452
0.9038142620232172
0.7274737423991156
0.8399668325041459
0.7482034273079049
0.7974018794914317
0.6904367053620785
0.7457158651188502
0.8855721393034826
0.8648424543946932
0.7183526810392482
0.820342730790492
0.7432283029297955
0.8336097291321172
0.7017689331122167
0.7716970702045329
0.8565505804311775
0.724709784411277
0.8692647871752349
0.785240464344942
0.8620784964068546
0.7542841348811498
0.7517965726920951
0.6826976229961305
0.7799889441680486
0.7194582642343836
0.7125483692647872
0.7954671088999448
0.810668877833057
0.7592592592592593
0.8510226644555002
0.6962410171365395
0.8137092316196793
0.6160862354892206
0.7960199004975125
0.8322277501381979
0.705085682697623
0.7371475953565506
0.7634051962410171
0.7833056937534549
0.6533996683250415
0.8786622443338862
0.8206191265892758
0.8255942509673853
0.8032061912658928
0.705085682697623
0.9046434494195689
0.8548922056384743
0.8181315644002212
0.7128247650635711
0.8352681039248203
0.8244886677722498
0.7484798231066888
0.5265339966832504
0.7755666113875069
0.8231066887783306
0.8899944720840243
0.6376451077943616
0.8289110005527915
0.8529574350469873
0.7390823659480376
0.9046434494195689
0.857379767827529
0.8405196241017137
0.7647871752349364
0.7352128247650636
0.7205638474295191
0.8278054173576561
0.6755113322277502
0.9259259259259259
0.7993366500829188
0.591763405196241
0.779159756771697
0.7390823659480376
0.8059701492537313
0.7385295743504698
0.7283029297954671
0.8629076838032061
0.732448866777225
0.8059701492537313
0.6868435599778884
0.6691542288557214
0.8090105030403538
0.7238805970149254
0.7175234936428966
0.7990602542841349
0.798783858485351
0.6755113322277502
0.8695411829740188
0.861249309010503
0.20702045328911
0.7368711995577667
0.8374792703150912
0.7667219458264234
0.7009397457158651
0.8850193477059148
0.7484798231066888
0.8001658374792703
0.8095632946379215
0.7404643449419569
0.7111663902708679
0.7194582642343836
0.724709784411277
0.8615257048092869
0.7755666113875069
0.4474847982310669
0.8092868988391376
0.8548922056384743
0.5268103924820343
0.763681592039801
0.7067440574903261
0.8137092316196793
0.8736871199557766
0.7205638474295191
0.7893864013266998
0.5923161967938088
0.8902708678828082
0.8208955223880597
0.847705914870094
0.6674958540630183
0.7506909894969597
0.8604201216141515
0.8642896627971255
0.8999447208402432
0.7708678828081813
0.882808181315644
0.9104477611940298
0.7766721945826424
0.7526257600884466
0.7581536760641239
0.7034273079049198
0.8062465450525153
0.9165284687672748
0.7758430071862907
0.6785516860143725
0.8164731896075179
0.7877280265339967
0.740187949143173
0.8988391376451078
0.7318960751796573
0.9126589275843007
0.7548369264787175
0.8258706467661692
0.8098396904367053
0.8803206191265893
0.7305140961857379
0.8595909342177999
0.7634051962410171
0.7822001105583195
0.7003869541182974
0.7915975677169707
0.9129353233830846
0.7437810945273632
0.8739635157545605
0.8192371475953566
0.7620232172470979
0.8192371475953566
0.8087341072415699
0.6710889994472085
0.7946379215035931
0.8148148148148148
0.5259812050856827
0.765616362631288
0.7761194029850746
0.8090105030403538
0.7611940298507462
0.7625760088446656
0.7025981205085683
0.4331122166943063
0.8092868988391376
0.804588170259812
0.8250414593698175
0.7512437810945274
0.8623548922056384
0.6826976229961305
0.8338861249309011
0.8546158098396904
0.8485351022664456
0.7799889441680486
0.8300165837479271
0.7446102819237148
0.7747374239911553
0.8653952459922609
0.6520176893311221
0.8714759535655058
0.7761194029850746
0.5491984521835268
0.8004422332780542
0.6945826423438364
0.9524599226091763
0.8642896627971255
0.8023770038695411
0.7144831398562742
0.8474295190713101
0.7581536760641239
0.6296296296296297
0.7410171365395246
0.7294085129906025
0.6213377556661138
0.822277501381979
0.7708678828081813
0.7526257600884466
0.695411829740188
0.4051962410171365
0.7045328911000552
0.7562189054726368
0.8634604754007739
0.7794361525704809
0.8101160862354893
0.6813156440022111
0.7053620784964069
0.87893864013267
0.7857932559425097
0.8283582089552238
0.7747374239911553
0.8510226644555002
0.6840796019900498
0.7777777777777778
0.851575456053068
0.8126036484245439
0.7435046987285793
0.7681039248203427
0.7589828634604754
0.7835820895522388
0.8034825870646766
0.6594803758982863
0.7758430071862907
0.7747374239911553
0.7161415146489774
0.8689883913764511
0.7335544499723604
0.7296849087893864
0.849640685461581
0.8432835820895522
0.8911000552791598
0.6362631288004422
0.7686567164179104
0.8079049198452184
0.8443891652846877
0.8546158098396904
0.7166943062465451
0.7219458264234384
0.7509673852957435
0.8565505804311775
0.8399668325041459
0.7725262576008844
0.267551133222775
0.796849087893864
0.8988391376451078
0.7650635710337202
0.8239358761746821
0.8126036484245439
0.7321724709784412
0.8228302929795467
0.7888336097291321
0.7567716970702045
0.7761194029850746
0.7927031509121062
0.7166943062465451
0.8546158098396904
0.8897180762852405
0.8485351022664456
0.7606412382531785
0.6006080707573245
0.8081813156440022
0.8189607517965727
0.8446655610834716
0.796849087893864
0.7075732448866777
0.8548922056384743
0.8054173576561636
0.7974018794914317
0.33499170812603646
0.7396351575456053
0.8377556661138751
0.8352681039248203
0.7238805970149254
0.8330569375345495
0.9098949695964621
0.7874516307352128
0.7797125483692647
0.771420674405749
0.896351575456053
0.8153676064123825
0.8430071862907684
0.7692095080154782
0.7426755113322278
0.8244886677722498
0.6627971254836926
0.5746268656716418
0.7202874516307353
0.7808181315644003
0.753731343283582
0.7913211719181868
0.912106135986733
0.8587617468214483
0.7857932559425097
0.6420674405749033
0.6318407960199005
0.6686014372581537
0.8079049198452184
0.7415699281370923
0.7694859038142621
0.8001658374792703
0.8272526257600884
0.8079049198452184
0.9016030956329464
0.7559425096738529
0.9112769485903814
0.7197346600331676
0.8946932006633499
0.8952459922609176
0.6813156440022111
0.689331122166943
0.8474295190713101
0.8139856274184633
0.7128247650635711
0.8875069098949696
0.7283029297954671
0.8305693753454948
0.7940851299060254
0.8084577114427861
0.5854063018242123
0.7468214483139857
0.798783858485351
0.7216694306246545
0.7271973466003316
0.847705914870094
0.7177998894416805
0.6705362078496406
0.7429519071310116
0.6984521835268104
0.7299613045881702
0.8327805417357657
0.7111663902708679
0.8452183526810393
0.8338861249309011
0.847705914870094
0.9212271973466003
0.6849087893864013
0.6793808734107242
0.8955223880597015
0.7896627971254837
0.8266998341625207
0.8772802653399668
0.8507462686567164
0.7111663902708679
0.7142067440574903
0.5889994472084025
0.7423991155334438
0.7736318407960199
0.7211166390270868
0.798783858485351
0.7269209508015478
0.8330569375345495
0.7896627971254837
0.11055831951354339
0.7059148700939746
0.7866224433388612
0.7473742399115534
0.7122719734660033
0.7711442786069652
0.6456605859590934
0.7711442786069652
0.763681592039801
0.8676064123825318
0.7592592592592593
0.7592592592592593
0.8137092316196793
0.7938087341072416
0.7927031509121062
0.7628524046434494
0.7772249861802101
0.8161967938087341
0.7227750138197899
0.7846876727473743
0.7504145936981758
0.7352128247650636
0.8101160862354893
0.798783858485351
0.7092316196793809
0.7131011608623549
0.7960199004975125
0.6304588170259812
0.8200663349917081
0.8620784964068546
0.8698175787728026
0.9228855721393034
0.8825317855168602
0.7910447761194029
0.865118850193477
0.7269209508015478
0.7954671088999448
0.6821448313985627
0.7907683803206191
0.8441127694859039
0.886677722498618
0.4361525704809287
0.7954671088999448
0.7686567164179104
0.7216694306246545
0.8139856274184633
0.6108347153123272
0.7396351575456053
0.8855721393034826
0.8689883913764511
0.7719734660033167
0.8181315644002212
0.7440574903261471
0.8620784964068546
0.6663902708678828
0.8902708678828082
0.8391376451077943
0.8902708678828082
0.7440574903261471
0.7321724709784412
0.9353233830845771
0.7747374239911553
0.8255942509673853
0.8040353786622443
0.6879491431730238
0.8645660585959093
0.2448866777224986
0.7269209508015478
0.8112216694306247
0.7647871752349364
0.8081813156440022
0.8756218905472637
0.814262023217247
0.7089552238805971
0.8689883913764511
0.8911000552791598
0.19181868435599778
0.8316749585406302
0.7310668877833056
0.9090657822001106
0.8090105030403538
0.8173023770038695
0.8529574350469873
0.8794914317302377
0.7327252625760089
0.7283029297954671
0.9018794914317302
0.7841348811498066
0.7553897180762852
0.6124930901050304
0.7672747374239911
0.6622443338861249
0.7592592592592593
0.892482034273079
0.7542841348811498
0.7730790491984522
0.7841348811498066
0.7835820895522388
0.8723051409618574
0.7730790491984522
0.9024322830292979
0.7111663902708679
0.7711442786069652
0.689607517965727
0.8938640132669984
0.5848535102266446
0.7661691542288557
0.7645107794361525
0.8637368711995578
0.753731343283582
0.7893864013266998
0.761746821448314
0.7371475953565506
0.7625760088446656
0.7161415146489774
0.9250967385295743
0.7904919845218352
0.794914317302377
0.8562741846323936
0.9010503040353787
0.689607517965727
0.9038142620232172
0.6710889994472085
0.9187396351575456
0.8123272526257601
0.7545605306799337
0.8678828081813157
0.8595909342177999
0.7122719734660033
0.6918186843559978
0.8073521282476507
0.5223880597014925
0.7390823659480376
0.6169154228855721
0.8905472636815921
0.7775013819789939
0.18352681039248203
0.7283029297954671
0.9154228855721394
0.7634051962410171
0.7139303482587065
0.7783305693753455
0.7780541735765616
0.7288557213930348
0.8366500829187397
0.7045328911000552
0.8902708678828082
0.6807628524046434
0.0046987285793255945
0.6627971254836926
0.7103372028745163
0.745992260917634
0.8659480375898286
0.8175787728026535
0.8161967938087341
0.7531785516860143
0.8839137645107794
0.8446655610834716
0.900497512437811
0.7943615257048093
0.7794361525704809
0.7573244886677722
0.9259259259259259
0.7048092868988391
0.7426755113322278
0.8571033720287452
0.7946379215035931
0.7556661138750691
0.8993919292426755
0.7354892205638475
0.7993366500829188
0.8546158098396904
0.7086788280818132
0.7786069651741293
0.7877280265339967
0.7473742399115534
0.7962962962962963
0.8178551686014373
0.8623548922056384
0.7672747374239911
0.8344389165284688
0.7296849087893864
0.5464344941956882
0.7943615257048093
0.8120508568269762
0.8897180762852405
0.7642343836373687
0.613322277501382
0.7576008844665562
0.6981757877280266
0.7628524046434494
0.7327252625760089
0.5693753454947484
0.7153123272526257
0.9209508015478165
0.7703150912106136
0.7642343836373687
0.8626312880044223
0.7871752349364289
0.7106135986733002
0.8916528468767275
0.7777777777777778
0.749861802100608
0.7564953012714207
0.7810945273631841
0.7551133222775014
0.8714759535655058
0.845771144278607
0.16003316749585406
0.906301824212272
0.7365948037589829
0.7385295743504698
0.6879491431730238
0.714759535655058
0.7816473189607518
0.753731343283582
0.7067440574903261
0.8383084577114428
0.7564953012714207
0.7410171365395246
0.7860696517412935
0.9206744057490326
0.796849087893864
0.8236594803758983
0.7943615257048093
0.9107241569928137
0.7960199004975125
0.6135986733001658
0.8360972913211719
0.7940851299060254
0.8623548922056384
0.9013266998341625
0.8731343283582089
0.8739635157545605
0.8548922056384743
0.8474295190713101
0.7780541735765616
0.15533443891652846
0.8388612493090105
0.8311221669430625
0.6945826423438364
0.8247650635710337
0.8786622443338862
0.8363736871199557
0.7371475953565506
0.8894416804864566
0.7595356550580431
0.353510226644555
0.7457158651188502
0.8543394140409066
0.8631840796019901
0.845771144278607
0.824212271973466
0.9203980099502488
0.7625760088446656
0.8134328358208955
0.7783305693753455
0.8794914317302377
0.7437810945273632
0.8336097291321172
0.7446102819237148
0.8192371475953566
0.7045328911000552
0.8372028745163074
0.7001105583195135
0.7423991155334438
0.6406854615809839
0.8012714206744057
0.8424543946932007
0.7476506357103372
0.7545605306799337
0.7122719734660033
0.7103372028745163
0.705085682697623
0.7775013819789939
0.8604201216141515
0.8123272526257601
0.8015478164731896
0.8609729132117192
0.7600884466556108
0.7056384742951907
0.8822553897180763
0.9245439469320066
0.738253178551686
0.6285240464344942
0.7230514096185738
0.771420674405749
0.8120508568269762
0.8841901603095633
0.8609729132117192
0.8173023770038695
0.771420674405749
0.7946379215035931
0.6547816473189607
0.8181315644002212
0.9007739082365948
0.7465450525152018
0.8432835820895522
0.8181315644002212
0.7609176340519624
0.8073521282476507
0.8217247097844113
0.765616362631288
0.8526810392482034
0.779159756771697
0.8482587064676617
0.9367053620784964
0.3579325594250967
0.7766721945826424
0.7006633499170812
0.9115533443891652
0.732448866777225
0.7802653399668324
0.8952459922609176
0.8709231619679381
0.9325594250967385
0.8330569375345495
0.8944168048645661
0.7484798231066888
0.6813156440022111
0.8156440022111664
0.8501934770591487
0.6647318960751797
0.9065782200110558
0.7871752349364289
0.865118850193477
0.7283029297954671
0.7189054726368159
0.826147042564953
0.8189607517965727
0.7946379215035931
0.6398562741846324
0.818407960199005
0.7960199004975125
0.7799889441680486
0.806799336650083
0.746268656716418
0.871199557766722
0.8231066887783306
0.7470978441127695
0.7694859038142621
0.689331122166943
0.7354892205638475
0.5411829740187949
0.7470978441127695
0.8300165837479271
0.8233830845771144
0.7918739635157546
0.745992260917634
0.7971254836926479
0.7327252625760089
0.818407960199005
0.7128247650635711
0.8228302929795467
0.6887783305693753
0.8618021006080707
0.7318960751796573
0.8640132669983416
0.8231066887783306
0.7982310668877833
0.7962962962962963
0.8977335544499724
0.7338308457711443
0.8606965174129353
0.6296296296296297
0.814262023217247
0.7534549474847982
0.7451630735212825
0.7562189054726368
0.7750138197899392
0.779159756771697
0.6948590381426202
0.8919292426755113
0.7249861802100608
0.8087341072415699
0.7144831398562742
0.7907683803206191
0.7957435046987286
0.8474295190713101
0.705085682697623
0.40574903261470424
0.8095632946379215
0.7772249861802101
0.6390270867882808
0.8217247097844113
0.8092868988391376
0.6122166943062466
0.8272526257600884
0.8548922056384743
0.8529574350469873
0.7805417357656164
0.826147042564953
0.8153676064123825
0.7448866777224986
0.7976782752902156
0.7042564953012714
0.7075732448866777
0.8134328358208955
0.8266998341625207
0.7703150912106136
0.8079049198452184
0.8233830845771144
0.7611940298507462
0.8048645660585959
0.738253178551686
0.7379767827529021
0.6216141514648977
0.806522940851299
0.7993366500829188
0.8388612493090105
0.9253731343283582
0.7064676616915423
0.8181315644002212
0.7180762852404643
0.8427307904919845
0.7191818684355997
0.7927031509121062
0.7658927584300719
0.8891652846876728
0.6793808734107242
0.7553897180762852
0.7808181315644003
0.695411829740188
0.8407960199004975
0.9090657822001106
0.2490326147042565
0.6967938087341072
0.91404090657822
0.32034273079049197
0.8001658374792703
0.7360420121614152
0.7423991155334438
0.5284687672747375
0.8579325594250967
0.804588170259812
0.7238805970149254
0.771420674405749
0.7664455500276396
0.7562189054726368
0.8228302929795467
0.6749585406301825
0.6158098396904367
0.6766169154228856
0.857379767827529
0.8062465450525153
0.7338308457711443
0.7824765063571034
0.7443338861249309
0.8703703703703703
0.8316749585406302
0.7393587617468215
0.9035378662244334
0.7921503593145384
0.7705914870093975
0.8253178551686015
0.3347153123272526
0.7551133222775014
0.8153676064123825
0.9270315091210614
0.9306246545052516
0.82808181315644
0.8615257048092869
0.7302377003869541
0.6224433388612494
0.8565505804311775
0.7871752349364289
0.9035378662244334
0.6909894969596462
0.7487562189054726
0.8980099502487562
0.8734107241569928
0.7625760088446656
0.7294085129906025
0.7418463239358761
0.763681592039801
0.6448313985627419
0.7266445550027639
0.7686567164179104
0.8568269762299613
0.7866224433388612
0.8982863460475401
0.8640132669983416
0.7404643449419569
0.8374792703150912
0.753731343283582
0.8239358761746821
0.7429519071310116
0.8388612493090105
0.7844112769485904
0.7835820895522388
0.7506909894969597
0.7921503593145384
0.814538419016031
0.767551133222775
0.7614704256495302
0.8173023770038695
0.7595356550580431
0.8783858485351023
0.9060254284134881
0.8037589828634605
0.8148148148148148
0.6970702045328911
0.7233278054173576
0.7432283029297955
0.6636263128800443
0.7045328911000552
0.6810392482034273
0.7719734660033167
0.8676064123825318
0.7410171365395246
0.765616362631288
0.900497512437811
0.9488667772249861
0.761746821448314
0.8474295190713101
0.8687119955776672
0.6915422885572139
0.8623548922056384
0.7294085129906025
0.8642896627971255
0.765616362631288
0.8372028745163074
0.9184632393587617
0.5384190160309563
0.8745163073521283
0.7849640685461581
0.7470978441127695
0.7064676616915423
0.7763957987838584
0.7996130458817026
0.6727473742399116
0.7131011608623549
0.9494195688225538
0.8618021006080707
0.7954671088999448
0.8869541182974019
0.759812050856827
0.7694859038142621
0.7448866777224986
0.871199557766722
0.8601437258153676
0.7669983416252073
0.6871199557766722
0.7899391929242675
0.7495854063018242
0.8595909342177999
0.7808181315644003
0.7882808181315644
0.8399668325041459
0.896627971254837
0.8640132669983416
0.8225538971807629
0.8891652846876728
0.8137092316196793
0.7844112769485904
0.7564953012714207
0.8009950248756219
0.8211719181868435
0.7794361525704809
0.8565505804311775
0.759812050856827
0.6851851851851852
0.8128800442233278
0.8134328358208955
0.7081260364842454
0.7534549474847982
0.7368711995577667
0.8872305140961857
0.7009397457158651
0.6296296296296297
0.6055831951354339
0.7700386954118298
0.7570480928689884
0.8275290215588723
0.7943615257048093
0.7683803206191266
0.67191818684356
0.7169707020453289
0.7786069651741293
0.9065782200110558
0.8479823106688779
0.839690436705362
0.7263681592039801
0.794914317302377
0.7045328911000552
0.6948590381426202
0.818407960199005
0.910171365395246
0.001105583195135434
0.8250414593698175
0.8894416804864566
0.759812050856827
0.8004422332780542
0.7103372028745163
0.689331122166943
0.7144831398562742
0.818407960199005
0.8841901603095633
0.7564953012714207
0.8805970149253731
0.8902708678828082
0.8380320619126589
0.6887783305693753
0.6978993919292427
0.8905472636815921
0.806799336650083
0.9242675511332228
0.7777777777777778
0.847705914870094
0.8153676064123825
0.7907683803206191
0.7341072415699281
0.7213930348258707
0.8330569375345495
0.9181868435599779
0.7703150912106136
0.765616362631288
0.8421779988944168
0.8700939745715865
0.8084577114427861
0.9273079049198453
0.7849640685461581
0.6533996683250415
0.7153123272526257
0.7866224433388612
0.9051962410171366
0.7736318407960199
0.822277501381979
0.8278054173576561
0.8269762299613046
0.6915422885572139
0.8443891652846877
0.8148148148148148
0.8891652846876728
0.6733001658374793
0.7736318407960199
0.6937534549474847
0.6956882255389718
0.8410724156992814
0.7197346600331676
0.6965174129353234
0.6196793808734107
0.8974571586511885
0.7979546710889994
0.8297401879491432
0.7564953012714207
0.685461580983969
0.7504145936981758
0.8391376451077943
0.804588170259812
0.8043117744610282
0.8775566611387506
0.6749585406301825
0.8330569375345495
0.5975677169707021
0.7584300718629077
0.7822001105583195
0.8164731896075179
0.6564400221116639
0.7457158651188502
0.8861249309010503
0.8582089552238806
0.8982863460475401
0.6337755666113875
0.8302929795467109
0.8372028745163074
0.8781094527363185
0.7667219458264234
0.9027086788280818
0.7169707020453289
0.8786622443338862
0.7860696517412935
0.7976782752902156
0.8571033720287452
0.6849087893864013
0.6473189607517966
0.7620232172470979
0.7551133222775014
0.796849087893864
0.6829740187949144
0.7736318407960199
0.7197346600331676
0.7564953012714207
0.7573244886677722
0.8139856274184633
0.7885572139303483
0.7766721945826424
0.8463239358761747
0.882808181315644
0.8051409618573798
0.7647871752349364
0.87893864013267
0.8941404090657822
0.6705362078496406
0.7974018794914317
0.7354892205638475
0.7531785516860143
0.7095080154781648
0.7216694306246545
0.7628524046434494
0.8164731896075179
0.7399115533443892
0.7622996130458817
0.9032614704256495
0.6207849640685461
0.8692647871752349
0.8689883913764511
0.9013266998341625
0.7700386954118298
0.8700939745715865
0.6945826423438364
0.7567716970702045
0.8189607517965727
0.62106135986733
0.7725262576008844
0.7001105583195135
0.7255389718076285
0.8239358761746821
0.7896627971254837
0.8004422332780542
0.6967938087341072
0.9035378662244334
0.7365948037589829
0.7741846323935876
0.8286346047540077
0.8253178551686015
0.6788280818131565
0.8999447208402432
0.7576008844665562
0.8792150359314539
0.7744610281923715
0.7772249861802101
0.8325041459369817
0.8430071862907684
0.9040906578220012
0.8634604754007739
0.763681592039801
0.6417910447761194
0.7979546710889994
0.8836373687119956
0.7788833609729132
0.771420674405749
0.8170259812050856
0.8076285240464345
0.7158651188501934
0.7241569928137093
0.8576561636263129
0.7982310668877833
0.8571033720287452
0.8830845771144279
0.6514648977335544
0.7877280265339967
0.7747374239911553
0.8286346047540077
0.7935323383084577
0.851575456053068
0.9331122166943062
0.7200110558319514
0.8311221669430625
0.7921503593145384
0.814538419016031
0.7236042012161416
0.8208955223880597
0.7482034273079049
0.7979546710889994
0.8604201216141515
0.7775013819789939
0.7686567164179104
0.802653399668325
0.8446655610834716
0.8499170812603648
0.8355444997236042
0.7780541735765616
0.8620784964068546
0.8034825870646766
0.753731343283582
0.761746821448314
0.4773355444997236
0.7810945273631841
0.7136539524599226
0.7446102819237148
0.8197899391929243
0.8283582089552238
0.7962962962962963
0.7799889441680486
0.7877280265339967
0.9311774461028193
0.7332780541735766
0.8308457711442786
0.7802653399668324
0.8601437258153676
0.8040353786622443
0.8021006080707573
0.8018242122719734
0.7650635710337202
0.8294637921503594
0.8667772249861803
0.45356550580431176
0.8131564400221116
0.8197899391929243
0.6976229961304589
0.7777777777777778
0.8869541182974019
0.7078496406854616
0.7487562189054726
0.9054726368159204
0.8150912106135987
0.6415146489773356
0.8758982863460475
0.8864013266998342
0.800718629076838
0.8452183526810393
0.5724156992813709
0.6616915422885572
0.21006080707573244
0.7283029297954671
0.6876727473742399
0.9386401326699834
0.7302377003869541
0.8239358761746821
0.8167495854063018
0.8048645660585959
0.7904919845218352
0.5174129353233831
0.8164731896075179
0.8344389165284688
0.6746821448313985
0.7211166390270868
0.7592592592592593
0.7172470978441128
0.7523493642896628
0.7020453289110006
0.8858485351022665
0.7236042012161416
0.839690436705362
0.7808181315644003
0.470702045328911
0.759812050856827
0.820342730790492
0.8090105030403538
0.8029297954671089
0.9013266998341625
0.7415699281370923
0.8084577114427861
0.8250414593698175
0.798783858485351
0.7904919845218352
0.8131564400221116
0.8062465450525153
0.6705362078496406
0.763681592039801
0.6713653952459923
0.8670536207849641
0.7197346600331676
0.7517965726920951
0.767551133222775
0.7855168601437258
0.9250967385295743
0.4881149806522941
0.5616362631288004
0.9007739082365948
0.7609176340519624
0.7915975677169707
0.8800442233278054
0.7562189054726368
0.8571033720287452
0.7335544499723604
0.7412935323383084
0.7769485903814262
0.6887783305693753
0.8537866224433389
0.8758982863460475
0.8175787728026535
0.8385848535102266
0.7133775566611388
0.7868988391376451
0.8576561636263129
0.6351575456053068
0.7227750138197899
0.7197346600331676
0.6940298507462687
0.7921503593145384
0.7078496406854616
0.796849087893864
0.7918739635157546
0.761746821448314
0.8667772249861803
0.8247650635710337
0.7567716970702045
0.8098396904367053
0.8302929795467109
0.7559425096738529
0.7705914870093975
0.900221116639027
0.7117191818684356
0.8485351022664456
0.7426755113322278
0.7744610281923715
0.8040353786622443
0.8858485351022665
0.6666666666666666
0.7951907131011609
0.8720287451630735
0.763681592039801
0.8482587064676617
0.8731343283582089
0.6741293532338308
0.736318407960199
0.8446655610834716
0.7542841348811498
0.9461028192371476
0.7313432835820896
0.7711442786069652
0.8388612493090105
0.7802653399668324
0.9248203427307905
0.6453841901603096
0.7932559425096739
0.7512437810945274
0.7882808181315644
0.8435599778883361
0.8817025981205086
0.8037589828634605
0.7998894416804865
0.7368711995577667
0.6976229961304589
0.7410171365395246
0.753731343283582
0.8062465450525153
0.677722498618021
0.789110005527916
0.8051409618573798
0.7291321171918187
0.8236594803758983
0.6536760641238253
0.7150359314538419
0.9107241569928137
0.7482034273079049
0.8897180762852405
0.7910447761194029
0.7274737423991156
0.8034825870646766
0.7531785516860143
0.7841348811498066
0.6923714759535655
0.8758982863460475
0.9112769485903814
0.8969043670536208
0.13957987838584854
0.7484798231066888
0.802653399668325
0.6459369817578773
0.7744610281923715
0.79297954671089
0.7880044223327806
0.8173023770038695
0.8394140409065782
0.7634051962410171
0.7611940298507462
0.7678275290215588
0.8899944720840243
0.8407960199004975
0.8150912106135987
0.6448313985627419
0.7584300718629077
0.8294637921503594
0.875069098949696
0.8894416804864566
0.9065782200110558
0.8695411829740188
0.892482034273079
0.8529574350469873
0.7236042012161416
0.7437810945273632
0.6788280818131565
0.7830292979546711
0.806522940851299
0.8922056384742952
0.7736318407960199
0.6724709784411277
0.8653952459922609
0.7191818684355997
0.9038142620232172
0.8662244333886125
0.8449419568822554
0.21890547263681592
0.6804864566058596
0.750138197899392
0.8258706467661692
0.6909894969596462
0.7299613045881702
0.7515201768933112
0.7686567164179104
0.8214483139856275
0.7667219458264234
0.8841901603095633
0.714759535655058
0.7086788280818132
0.7672747374239911
0.8598673300165838
0.9314538419016031
0.8488114980652294
0.8081813156440022
0.8670536207849641
0.8388612493090105
0.6710889994472085
0.8250414593698175
0.6567164179104478
0.7971254836926479
0.7144831398562742
0.7857932559425097
0.8126036484245439
0.7523493642896628
0.8836373687119956
0.8087341072415699
0.8322277501381979
0.6370923161967939
0.8684355997788834
0.8311221669430625
0.7404643449419569
0.8001658374792703
0.8090105030403538
0.7747374239911553
0.814538419016031
0.7855168601437258
0.8269762299613046
0.7683803206191266
0.7241569928137093
0.8598673300165838
0.7841348811498066
0.871199557766722
0.9322830292979547
0.8004422332780542
0.6564400221116639
0.8557213930348259
0.7470978441127695
0.8128800442233278
0.8960751796572692
0.814538419016031
0.8231066887783306
0.8341625207296849
0.8079049198452184
0.7775013819789939
0.6813156440022111
0.8380320619126589
0.6873963515754561
0.765616362631288
0.7739082365948038
0.6962410171365395
0.8322277501381979
0.8333333333333334
0.9173576561636263
0.7349364289662798
0.7556661138750691
0.7133775566611388
0.7396351575456053
0.6882255389718076
0.789110005527916
0.9165284687672748
0.7155887230514096
0.5530679933665008
0.8817025981205086
0.8598673300165838
0.6865671641791045
0.8819789939192925
0.6846323935876175
0.8822553897180763
0.8659480375898286
0.7874516307352128
0.8590381426202321
0.6415146489773356
0.7150359314538419
0.8139856274184633
0.8899944720840243
0.7692095080154782
0.7216694306246545
0.7233278054173576
0.6194029850746269
0.6688778330569375
0.8117744610281924
0.7722498618021006
0.8421779988944168
0.7927031509121062
0.7330016583747927
0.8609729132117192
0.7672747374239911
0.8631840796019901
0.8062465450525153
0.7211166390270868
0.7860696517412935
0.7998894416804865
0.8059701492537313
0.8076285240464345
0.9165284687672748
0.8004422332780542
0.806522940851299
0.7957435046987286
0.7855168601437258
0.7484798231066888
0.8988391376451078
0.7849640685461581
0.8949695964621338
0.7653399668325042
0.7725262576008844
0.7874516307352128
0.8338861249309011
0.6260364842454395
0.8430071862907684
0.7794361525704809
0.7846876727473743
0.7399115533443892
0.7377003869541183
0.831951354339414
0.8173023770038695
0.7871752349364289
0.8587617468214483
0.7200110558319514
0.8239358761746821
0.8208955223880597
0.6616915422885572
0.8930348258706468
0.8877833056937534
0.818407960199005
0.6760641238253179
0.6840796019900498
0.8540630182421227
0.8880597014925373
0.8562741846323936
0.6741293532338308
0.7976782752902156
0.7979546710889994
0.781370923161968
0.7935323383084577
0.689607517965727
0.7893864013266998
0.7730790491984522
0.7545605306799337
0.701216141514649
0.8850193477059148
0.6824212271973465
0.8684355997788834
0.8059701492537313
0.7758430071862907
0.8153676064123825
0.7045328911000552
0.781370923161968
0.8957987838584853
0.7885572139303483
0.7755666113875069
0.8783858485351023
0.7716970702045329
0.7694859038142621
0.7388059701492538
0.22084024322830292
0.7429519071310116
0.7189054726368159
0.8366500829187397
0.79297954671089
0.8747927031509121
0.7092316196793809
0.7962962962962963
0.7998894416804865
0.8156440022111664
0.7918739635157546
0.8736871199557766
0.7562189054726368
0.7904919845218352
0.6987285793255943
0.7810945273631841
0.7393587617468215
0.904367053620785
0.822277501381979
0.728579325594251
0.871199557766722
0.753731343283582
0.7125483692647872
0.7915975677169707
0.8313985627418463
0.6882255389718076
0.7291321171918187
0.8783858485351023
0.6951354339414041
0.6605859590934218
0.7037037037037037
0.8134328358208955
0.8880597014925373
0.8126036484245439
0.8360972913211719
0.6873963515754561
0.8208955223880597
0.004975124378109453
0.5914870093974571
0.8908236594803759
0.7747374239911553
0.8678828081813157
0.7136539524599226
0.9386401326699834
0.7028745163073521
0.8289110005527915
0.7388059701492538
0.7899391929242675
0.779159756771697
0.7161415146489774
0.8330569375345495
0.814262023217247
0.7526257600884466
0.6431730237700387
0.7979546710889994
0.7271973466003316
0.8955223880597015
0.7866224433388612
0.8778330569375346
0.7189054726368159
0.8678828081813157
0.6785516860143725
0.7686567164179104
0.7084024322830293
0.6912658927584301
0.8316749585406302
0.8819789939192925
0.8955223880597015
0.7882808181315644
0.7470978441127695
0.7172470978441128
0.6337755666113875
0.7379767827529021
0.8753454947484798
0.7609176340519624
0.8957987838584853
0.8407960199004975
0.8745163073521283
0.8220011055831952
0.8208955223880597
0.8206191265892758
0.7844112769485904
0.8678828081813157
0.8933112216694307
0.8156440022111664
0.7183526810392482
0.8919292426755113
0.42647871752349364
0.8745163073521283
0.701216141514649
0.7899391929242675
0.6998341625207297
0.705085682697623
0.875069098949696
0.6791044776119403
0.7996130458817026
0.7128247650635711
0.8275290215588723
0.865118850193477
0.9320066334991708
0.8413488114980652
0.8933112216694307
0.7567716970702045
0.0008291873963515755
0.6981757877280266
0.6976229961304589
0.6887783305693753
0.7473742399115534
0.7874516307352128
0.8137092316196793
0.8941404090657822
0.736318407960199
0.6813156440022111
0.8189607517965727
0.8048645660585959
0.9007739082365948
0.8482587064676617
0.8369264787175235
0.908236594803759
0.7700386954118298
0.796849087893864
0.8360972913211719
0.8665008291873963
0.8228302929795467
0.7846876727473743
0.8161967938087341
0.7211166390270868
0.7390823659480376
0.7589828634604754
0.884742951907131
0.6644555002763958
0.7822001105583195
0.7545605306799337
0.8479823106688779
0.7280265339966833
0.5414593698175788
0.8587617468214483
0.7589828634604754
0.8629076838032061
0.7642343836373687
0.7600884466556108
0.8725815367606412
0.8175787728026535
0.8126036484245439
0.8590381426202321
0.8598673300165838
0.7775013819789939
0.6243781094527363
0.802653399668325
0.8200663349917081
0.289110005527916
0.8369264787175235
0.8435599778883361
0.8388612493090105
0.925649530127142
0.7681039248203427
0.789110005527916
0.7224986180210061
0.884742951907131
0.8825317855168602
0.7755666113875069
0.8322277501381979
0.7470978441127695
0.800718629076838
0.7943615257048093
0.7360420121614152
0.7338308457711443
0.8488114980652294
0.8300165837479271
0.7131011608623549
0.7470978441127695
0.7863460475400774
0.8877833056937534
0.8214483139856275
0.652294085129906
0.9112769485903814
0.824212271973466
0.6802100608070757
0.7446102819237148
0.7592592592592593
0.8302929795467109
0.7719734660033167
0.6594803758982863
0.5815367606412383
0.8571033720287452
0.7874516307352128
0.8095632946379215
0.7938087341072416
0.7750138197899392
0.7871752349364289
0.720840243228303
0.7830292979546711
0.697346600331675
0.8070757324488668
0.7236042012161416
0.7542841348811498
0.7374239911553344
0.8214483139856275
0.79297954671089
0.6699834162520729
0.7189054726368159
0.7960199004975125
0.646489773355445
0.6735765616362631
0.7786069651741293
0.7559425096738529
0.681592039800995
0.8817025981205086
0.9350469872857933
0.8244886677722498
0.6710889994472085
0.6359867330016584
0.8897180762852405
0.7084024322830293
0.7252625760088447
0.8405196241017137
0.9458264234383638
0.8112216694306247
0.7194582642343836
0.814538419016031
0.7089552238805971
0.7877280265339967
0.8040353786622443
0.818407960199005
0.8576561636263129
0.9231619679380874
0.7772249861802101
0.8794914317302377
0.8620784964068546
0.6619679380873411
0.8369264787175235
0.896627971254837
0.8493642896627971
0.6373687119955777
0.6987285793255943
0.754007739082366
0.7451630735212825
0.7158651188501934
0.9018794914317302
0.7003869541182974
0.7846876727473743
0.7849640685461581
0.6276948590381426
0.8192371475953566
0.9090657822001106
0.7263681592039801
0.8441127694859039
0.6987285793255943
0.8214483139856275
0.8676064123825318
0.6475953565505804
0.8394140409065782
0.8944168048645661
0.7747374239911553
0.6520176893311221
0.8946932006633499
0.7003869541182974
0.8344389165284688
0.7487562189054726
0.7440574903261471
0.8698175787728026
0.7678275290215588
0.5967385295743505
0.7816473189607518
0.8949695964621338
0.8582089552238806
0.7844112769485904
0.7072968490878938
0.6586511885019348
0.8195135433941404
0.0024875621890547263
0.7708678828081813
0.7172470978441128
0.8128800442233278
0.6746821448313985
0.7559425096738529
0.7915975677169707
0.8363736871199557
0.912106135986733
0.749861802100608
0.8504698728579325
0.5765616362631288
0.703150912106136
0.8311221669430625
0.8794914317302377
0.7371475953565506
0.8081813156440022
0.8938640132669984
0.7189054726368159
0.7993366500829188
0.8214483139856275
0.8670536207849641
0.6945826423438364
0.8186843559977889
0.8720287451630735
0.771420674405749
0.714759535655058
0.7932559425096739
0.7374239911553344
0.705085682697623
0.8081813156440022
0.8949695964621338
0.681592039800995
0.7849640685461581
0.740187949143173
0.7330016583747927
0.6658374792703151
0.8313985627418463
0.7595356550580431
0.8626312880044223
0.865118850193477
0.835820895522388
0.8430071862907684
0.7606412382531785
0.7305140961857379
0.7252625760088447
0.8930348258706468
0.7114427860696517
0.7252625760088447
0.7487562189054726
0.8698175787728026
0.7589828634604754
0.9024322830292979
0.8269762299613046
0.857379767827529
0.7144831398562742
0.75787728026534
0.8957987838584853
0.8126036484245439
0.7379767827529021
0.8275290215588723
0.8877833056937534
0.7556661138750691
0.8637368711995578
0.582089552238806
0.7139303482587065
0.7924267551133223
0.781370923161968
0.7868988391376451
0.7305140961857379
0.8023770038695411
0.6202321724709784
0.7855168601437258
0.8595909342177999
0.7556661138750691
0.8278054173576561
0.7910447761194029
0.7758430071862907
0.8214483139856275
0.6636263128800443
0.9098949695964621
0.875069098949696
0.7846876727473743
0.6674958540630183
0.720840243228303
0.8131564400221116
0.7512437810945274
0.8233830845771144
0.804588170259812
0.8725815367606412
0.8606965174129353
0.8043117744610282
0.7238805970149254
0.8413488114980652
0.7573244886677722
0.9123825317855169
0.8584853510226644
0.7957435046987286
0.7034273079049198
0.7653399668325042
0.8432835820895522
0.8308457711442786
0.7786069651741293
0.7084024322830293
0.8659480375898286
0.8725815367606412
0.7283029297954671
0.8250414593698175
0.8360972913211719
0.7609176340519624
0.7360420121614152
0.7755666113875069
0.6357103372028745
0.8913764510779436
0.7200110558319514
0.7446102819237148
0.7595356550580431
0.7313432835820896
0.7100608070757325
0.7396351575456053
0.9201216141514649
0.7092316196793809
0.7642343836373687
0.910171365395246
0.7404643449419569
0.7573244886677722
0.7741846323935876
0.7697622996130459
0.7567716970702045
0.8128800442233278
0.7747374239911553
0.8532338308457711
0.7177998894416805
0.761746821448314
0.6307352128247651
0.7614704256495302
0.851575456053068
0.8731343283582089
0.7028745163073521
0.8081813156440022
0.7277501381978994
0.8609729132117192
0.841901603095633
0.8040353786622443
0.8076285240464345
0.8137092316196793
0.7835820895522388
0.7667219458264234
0.6929242675511332
0.8756218905472637
0.8648424543946932
0.7432283029297955
0.714759535655058
0.87893864013267
0.7965726920950802
0.6907131011608624
0.7835820895522388
0.7216694306246545
0.6332227750138197
0.8137092316196793
0.7216694306246545
0.779159756771697
0.7291321171918187
0.7716970702045329
0.8822553897180763
0.8728579325594251
0.8291873963515755
0.6791044776119403
0.953289110005528
0.6782752902155887
0.7495854063018242
0.7653399668325042
0.746268656716418
0.8587617468214483
0.527363184079602
0.8703703703703703
0.7694859038142621
0.8687119955776672
0.79297954671089
0.8081813156440022
0.8720287451630735
0.8861249309010503
0.84383637368712
0.8891652846876728
0.738253178551686
0.74212271973466
0.931730237700387
0.7095080154781648
0.8360972913211719
0.7885572139303483
0.7971254836926479
0.7783305693753455
0.9389165284687673
0.7551133222775014
0.8441127694859039
0.8537866224433389
0.7454394693200663
0.7730790491984522
0.4919845218352681
0.8430071862907684
0.8916528468767275
0.9013266998341625
0.7611940298507462
0.8648424543946932
0.8330569375345495
0.9035378662244334
0.7669983416252073
0.82808181315644
0.9154228855721394
0.7786069651741293
0.6605859590934218
0.8996683250414593
0.9040906578220012
0.8775566611387506
0.8446655610834716
0.8615257048092869
0.8974571586511885
0.9405749032614704
0.2885572139303483
0.9068546158098397
0.8493642896627971
0.738253178551686
0.5339966832504146
0.8742399115533444
0.8302929795467109
0.8037589828634605
0.7227750138197899
0.8836373687119956
0.7587064676616916
0.8275290215588723
0.7553897180762852
0.9076838032061912
0.7730790491984522
0.7189054726368159
0.7921503593145384
0.7053620784964069
0.800718629076838
0.8101160862354893
0.9187396351575456
0.7918739635157546
0.849640685461581
0.8173023770038695
0.8974571586511885
0.7423991155334438
0.8112216694306247
0.8587617468214483
0.8112216694306247
0.734383637368712
0.7960199004975125
0.7263681592039801
0.8137092316196793
0.8150912106135987
0.7639579878385848
0.714759535655058
0.8537866224433389
0.8233830845771144
0.7003869541182974
0.7924267551133223
0.7808181315644003
0.7951907131011609
0.785240464344942
0.845771144278607
0.8338861249309011
0.8916528468767275
0.7482034273079049
0.8161967938087341
0.7377003869541183
0.6929242675511332
0.8139856274184633
0.7133775566611388
0.8344389165284688
0.7233278054173576
0.7664455500276396
0.8427307904919845
0.7589828634604754
0.814262023217247
0.7512437810945274
0.6990049751243781
0.7042564953012714
0.806522940851299
0.7294085129906025
0.8189607517965727
0.7932559425096739
0.7844112769485904
0.8377556661138751
0.7725262576008844
0.8518518518518519
0.7025981205085683
0.8153676064123825
0.24156992813709233
0.6970702045328911
0.6766169154228856
0.7669983416252073
0.7142067440574903
0.7584300718629077
0.7183526810392482
0.6990049751243781
0.8372028745163074
0.754007739082366
0.7976782752902156
0.7385295743504698
0.8098396904367053
0.8239358761746821
0.8557213930348259
0.8778330569375346
0.8841901603095633
0.8935876174682145
0.857379767827529
0.8753454947484798
0.19485903814262023
0.7249861802100608
0.8289110005527915
0.7495854063018242
0.8623548922056384
0.8941404090657822
0.8861249309010503
0.753731343283582
0.7017689331122167
0.7476506357103372
0.9007739082365948
0.7133775566611388
0.8703703703703703
0.789110005527916
0.8197899391929243
0.7946379215035931
0.6967938087341072
0.7553897180762852
0.7059148700939746
0.7780541735765616
0.7072968490878938
0.7750138197899392
0.8687119955776672
0.789110005527916
0.587893864013267
0.7587064676616916
0.8175787728026535
0.7432283029297955
0.6514648977335544
0.9469320066334992
0.7484798231066888
0.8557213930348259
0.8186843559977889
0.857379767827529
0.789110005527916
0.8289110005527915
0.8264234383637369
0.7415699281370923
0.677722498618021
0.8316749585406302
0.8568269762299613
0.7341072415699281
0.8703703703703703
0.7642343836373687
0.6915422885572139
0.8991155334438916
0.7136539524599226
0.7183526810392482
0.8623548922056384
0.8385848535102266
0.763681592039801
0.8902708678828082
0.814538419016031
0.6802100608070757
0.7667219458264234
0.9411276948590381
0.9071310116086235
0.6158098396904367
0.761746821448314
0.5823659480375898
0.8297401879491432
0.6359867330016584
0.8946932006633499
0.8615257048092869
0.8009950248756219
0.6788280818131565
0.8231066887783306
0.7454394693200663
0.9032614704256495
0.7446102819237148
0.7332780541735766
0.886677722498618
0.7451630735212825
0.8897180762852405
0.7111663902708679
0.8388612493090105
0.8554449972360421
0.6050304035378662
0.7993366500829188
0.7954671088999448
0.8703703703703703
0.7189054726368159
0.6605859590934218
0.001105583195135434
0.7996130458817026
0.7252625760088447
0.8189607517965727
0.7943615257048093
0.7581536760641239
0.8366500829187397
0.8753454947484798
0.7529021558872305
0.7606412382531785
0.7564953012714207
0.7393587617468215
0.7772249861802101
0.65616362631288
0.779159756771697
0.8698175787728026
0.7733554449972361
0.7694859038142621
0.6354339414040907
0.7476506357103372
0.9303482587064676
0.7023217247097844
0.7689331122166944
0.6782752902155887
0.7224986180210061
0.7352128247650636
0.8322277501381979
0.7517965726920951
0.7904919845218352
0.517689331122167
