0.8099173553719008
0.8584710743801653
0.8636363636363636
0.7823691460055097
0.8212809917355371
0.8450413223140496
0.8357438016528925
0.8619146005509641
0.9414600550964187
0.9121900826446281
0.6119146005509641
0.7310606060606061
0.828168044077135
0.8519283746556474
0.9077134986225895
0.8116391184573003
0.846763085399449
0.6370523415977961
0.787534435261708
0.7716942148760331
0.6019283746556474
0.831267217630854
0.7834022038567493
0.7920110192837465
0.9190771349862259
0.8384986225895317
0.7754820936639119
0.7582644628099173
0.9152892561983471
0.8195592286501377
0.7510330578512396
0.9046143250688705
0.6897382920110193
0.897038567493113
0.9053030303030303
0.8715564738292011
0.8502066115702479
0.743801652892562
0.8584710743801653
0.9256198347107438
0.7716942148760331
0.8402203856749312
0.8126721763085399
0.8650137741046832
0.8205922865013774
0.815771349862259
0.7241735537190083
0.8384986225895317
0.8836088154269972
0.8915289256198347
0.8457300275482094
0.803030303030303
0.8364325068870524
0.7899449035812672
0.8316115702479339
0.9139118457300276
0.8123278236914601
0.8639807162534435
0.8918732782369146
0.8977272727272727
0.8922176308539945
0.7926997245179064
0.731404958677686
0.8192148760330579
0.8464187327823691
0.890495867768595
0.8815426997245179
0.8712121212121212
0.7079889807162535
0.7303719008264463
0.8109504132231405
0.8192148760330579
0.9297520661157025
0.8722451790633609
0.8894628099173554
0.9421487603305785
0.7940771349862259
0.8309228650137741
0.7303719008264463
0.9111570247933884
0.8367768595041323
0.7868457300275482
0.8801652892561983
0.824724517906336
0.8319559228650137
0.8013085399449036
0.9397382920110193
0.9335399449035813
0.8650137741046832
0.7579201101928374
0.9018595041322314
0.7630853994490359
0.7868457300275482
0.8681129476584022
0.9397382920110193
0.7475895316804407
0.8333333333333334
0.7310606060606061
0.8502066115702479
0.8064738292011019
0.9194214876033058
0.8774104683195593
0.8302341597796143
0.8457300275482094
0.852961432506887
0.8670798898071626
0.8694903581267218
0.7896005509641874
0.8261019283746557
0.7513774104683195
0.7210743801652892
0.8075068870523416
0.7823691460055097
0.8026859504132231
0.8316115702479339
0.081267217630854
0.8446969696969697
0.7011019283746557
0.8143939393939394
0.9352617079889807
0.8037190082644629
0.9276859504132231
0.8898071625344353
0.7558539944903582
0.8553719008264463
0.8557162534435262
0.8794765840220385
0.8705234159779615
0.8405647382920111
0.928030303030303
0.9486914600550964
0.0809228650137741
0.8164600550964187
0.7723829201101928
0.8047520661157025
0.8288567493112947
0.9111570247933884
0.7196969696969697
0.6694214876033058
0.7648071625344353
0.6924931129476584
0.8226584022038568
0.8333333333333334
0.7348484848484849
0.7589531680440771
0.8822314049586777
0.78133608815427
0.8615702479338843
0.75
0.9256198347107438
0.7472451790633609
0.8915289256198347
0.7307162534435262
0.731404958677686
0.8384986225895317
0.8126721763085399
0.9693526170798898
0.8581267217630854
0.753099173553719
0.9242424242424242
0.8870523415977961
0.8240358126721763
0.7737603305785123
0.7834022038567493
0.8505509641873278
0.7599862258953168
0.8660468319559229
0.9269972451790633
0.8075068870523416
0.7789256198347108
0.9366391184573003
0.8891184573002755
0.8925619834710744
0.846763085399449
0.8192148760330579
0.7165977961432507
0.7620523415977961
0.8395316804407713
0.8650137741046832
0.7899449035812672
0.8388429752066116
0.8856749311294766
0.818870523415978
0.9435261707988981
0.8932506887052342
0.8292011019283747
0.8629476584022039
0.7851239669421488
0.8705234159779615
0.7513774104683195
0.8536501377410468
0.8922176308539945
0.893595041322314
0.9462809917355371
0.78133608815427
0.7785812672176309
0.9511019283746557
0.800275482093664
0.8522727272727273
0.8557162534435262
0.8925619834710744
0.6418732782369146
0.8040633608815427
0.8178374655647382
0.7727272727272727
0.7141873278236914
0.7916666666666666
0.8443526170798898
0.8949724517906336
0.8009641873278237
0.759641873278237
0.8987603305785123
0.7475895316804407
0.8099173553719008
0.9101239669421488
0.9097796143250688
0.8608815426997245
0.8026859504132231
0.8536501377410468
0.6976584022038568
0.7896005509641874
0.8230027548209367
0.71900826446281
0.9146005509641874
0.8278236914600551
0.756198347107438
0.893595041322314
0.7713498622589532
0.7961432506887053
0.5981404958677686
0.8646694214876033
0.7961432506887053
0.7868457300275482
0.8326446280991735
0.7957988980716253
0.8185261707988981
0.8966942148760331
0.7641184573002755
0.7878787878787878
0.6821625344352618
0.8199035812672176
0.8243801652892562
0.90599173553719
0.9225206611570248
0.8460743801652892
0.7692837465564738
0.9349173553719008
0.7834022038567493
0.775137741046832
0.7672176308539945
0.8195592286501377
0.8450413223140496
0.9304407713498623
0.9362947658402204
0.8137052341597796
0.8856749311294766
0.9676308539944903
0.8960055096418733
0.8019972451790633
0.8391873278236914
0.8997933884297521
0.8133608815426997
0.9170110192837465
0.787534435261708
0.7420798898071626
0.9493801652892562
0.8426308539944903
0.9232093663911846
0.8047520661157025
0.7592975206611571
0.7837465564738292
0.8133608815426997
0.8415977961432507
0.699724517906336
0.8677685950413223
0.8533057851239669
0.8488292011019284
0.8508953168044077
0.7489669421487604
0.7796143250688705
0.8491735537190083
0.9810606060606061
0.8047520661157025
0.7503443526170799
0.8584710743801653
0.8946280991735537
0.7410468319559229
0.7789256198347108
0.90633608815427
0.7276170798898072
0.7785812672176309
0.7224517906336089
0.7926997245179064
0.7486225895316805
0.800275482093664
0.8261019283746557
0.7744490358126722
0.9108126721763086
0.8112947658402204
0.8694903581267218
0.9104683195592287
0.8329889807162535
0.8453856749311295
0.9397382920110193
0.8261019283746557
0.8898071625344353
0.8171487603305785
0.8405647382920111
0.712465564738292
0.9207988980716253
0.7940771349862259
0.7579201101928374
0.9070247933884298
0.8725895316804407
0.9070247933884298
0.8192148760330579
0.7551652892561983
0.7861570247933884
0.5285812672176309
0.9194214876033058
0.8787878787878788
0.8412534435261708
0.7858126721763086
0.6676997245179064
0.762396694214876
0.8753443526170799
0.8302341597796143
0.8205922865013774
0.9207988980716253
0.8991046831955923
0.8557162534435262
0.862603305785124
0.9018595041322314
0.8415977961432507
0.9349173553719008
0.8581267217630854
0.8670798898071626
0.8942837465564738
0.9314738292011019
0.887396694214876
0.8684573002754821
0.934228650137741
0.8071625344352618
0.8829201101928374
0.7957988980716253
0.8777548209366391
0.809228650137741
0.6807851239669421
0.8350550964187328
0.8398760330578512
0.8064738292011019
0.8715564738292011
0.7920110192837465
0.8725895316804407
0.7892561983471075
0.7909779614325069
0.8415977961432507
0.8963498622589532
0.8984159779614325
0.8908402203856749
0.7975206611570248
0.7723829201101928
0.7792699724517906
0.7338154269972452
0.7754820936639119
0.8278236914600551
0.8305785123966942
0.8533057851239669
0.8987603305785123
0.78133608815427
0.787534435261708
0.8949724517906336
0.8639807162534435
0.8953168044077136
0.9418044077134986
0.9245867768595041
0.7854683195592287
0.834366391184573
0.849862258953168
0.9462809917355371
0.852961432506887
0.8591597796143251
0.809228650137741
0.8836088154269972
0.8230027548209367
0.8949724517906336
0.9097796143250688
0.7734159779614325
0.9328512396694215
0.8922176308539945
0.9500688705234159
0.7689393939393939
0.8226584022038568
0.8457300275482094
0.9442148760330579
0.8842975206611571
0.8016528925619835
0.9008264462809917
0.8209366391184573
0.775137741046832
0.7765151515151515
0.8405647382920111
0.8508953168044077
0.8347107438016529
0.8502066115702479
0.8870523415977961
0.8512396694214877
0.7816804407713499
0.7224517906336089
0.7007575757575758
0.7586088154269972
0.7871900826446281
0.8340220385674931
0.7844352617079889
0.9070247933884298
0.8267906336088154
0.8236914600550964
0.7858126721763086
0.8588154269972452
0.8250688705234159
0.7878787878787878
0.7789256198347108
0.9376721763085399
0.8925619834710744
0.9652203856749312
0.8192148760330579
0.7999311294765841
0.8378099173553719
0.865358126721763
0.9011707988980716
0.821969696969697
0.921831955922865
0.8016528925619835
0.8453856749311295
0.731404958677686
0.7148760330578512
0.787534435261708
0.8515840220385675
0.9331955922865014
0.7889118457300276
0.8622589531680441
0.8725895316804407
0.9170110192837465
0.6663223140495868
0.8130165289256198
0.6869834710743802
0.7272727272727273
0.9008264462809917
0.8495179063360881
0.7465564738292011
0.9142561983471075
0.7586088154269972
0.9173553719008265
0.8619146005509641
0.9028925619834711
0.8829201101928374
0.809228650137741
0.8274793388429752
0.6852617079889807
0.8849862258953168
0.8360881542699724
0.8763774104683195
0.8333333333333334
0.8405647382920111
0.7772038567493113
0.8102617079889807
0.7992424242424242
0.884641873278237
0.7796143250688705
0.8119834710743802
0.7121212121212122
0.8205922865013774
0.8515840220385675
0.7420798898071626
0.7586088154269972
0.8181818181818182
0.8164600550964187
0.734504132231405
0.9104683195592287
0.13429752066115702
0.8598484848484849
0.8512396694214877
0.7672176308539945
0.7668732782369146
0.7348484848484849
0.8550275482093664
0.07506887052341597
0.7792699724517906
0.8292011019283747
0.9056473829201102
0.8787878787878788
0.724862258953168
0.868801652892562
0.7575757575757576
0.9256198347107438
0.7909779614325069
0.8929063360881543
0.8388429752066116
0.8340220385674931
0.7837465564738292
0.7778925619834711
0.9039256198347108
0.8670798898071626
0.9204545454545454
0.918732782369146
0.8381542699724518
0.8040633608815427
0.868801652892562
0.7410468319559229
0.8550275482093664
0.8484848484848485
0.7668732782369146
0.8495179063360881
0.928030303030303
0.8026859504132231
0.7995867768595041
0.8698347107438017
0.8309228650137741
0.9108126721763086
0.7565426997245179
0.8911845730027548
0.9018595041322314
0.8130165289256198
0.7262396694214877
0.8009641873278237
0.8536501377410468
0.7785812672176309
0.887396694214876
0.8450413223140496
0.8068181818181818
0.7803030303030303
0.8705234159779615
0.8519283746556474
0.6935261707988981
0.8794765840220385
0.10640495867768596
0.915633608815427
0.6363636363636364
0.8050964187327824
0.8991046831955923
0.928374655647383
0.9090909090909091
0.9201101928374655
0.8515840220385675
0.6821625344352618
0.84400826446281
0.8619146005509641
0.8360881542699724
0.7083333333333334
0.8581267217630854
0.8319559228650137
0.8939393939393939
0.7954545454545454
0.890495867768595
0.8075068870523416
0.7045454545454546
0.9318181818181818
0.8853305785123967
0.7544765840220385
0.8925619834710744
0.8925619834710744
0.7916666666666666
0.8130165289256198
0.8298898071625345
0.9776170798898072
0.7606749311294766
0.8842975206611571
0.7692837465564738
0.8894628099173554
0.7889118457300276
0.8116391184573003
0.9376721763085399
0.8725895316804407
0.9135674931129476
0.8347107438016529
0.8722451790633609
0.8760330578512396
0.724862258953168
0.7648071625344353
0.846763085399449
0.7679063360881543
0.9325068870523416
0.8323002754820936
0.7145316804407713
0.8212809917355371
0.8057851239669421
0.7820247933884298
0.7940771349862259
0.7889118457300276
0.8126721763085399
0.6401515151515151
0.7396694214876033
0.9628099173553719
0.7785812672176309
0.7844352617079889
0.8274793388429752
0.7431129476584022
0.8288567493112947
0.7641184573002755
0.9600550964187328
0.7964876033057852
0.8922176308539945
0.8161157024793388
0.8756887052341598
0.7940771349862259
0.8471074380165289
0.8433195592286501
0.756198347107438
0.7489669421487604
0.9053030303030303
0.7351928374655647
0.7765151515151515
0.8133608815426997
0.8233471074380165
0.831267217630854
0.6325757575757576
0.696625344352617
0.8199035812672176
0.7527548209366391
0.8154269972451791
0.8491735537190083
0.743801652892562
0.8619146005509641
0.9039256198347108
0.8491735537190083
0.8818870523415978
0.8443526170798898
0.8450413223140496
0.828168044077135
0.8805096418732782
0.8267906336088154
0.8691460055096418
0.9555785123966942
0.8292011019283747
0.8088842975206612
0.8832644628099173
0.8333333333333334
0.7734159779614325
0.9077134986225895
0.7692837465564738
0.703168044077135
0.8137052341597796
0.8763774104683195
0.9335399449035813
0.806129476584022
0.8722451790633609
0.7995867768595041
0.7610192837465565
0.8140495867768595
0.7844352617079889
0.7854683195592287
0.7258953168044077
0.787534435261708
0.8488292011019284
0.6921487603305785
0.9232093663911846
0.8966942148760331
0.8622589531680441
0.8663911845730028
0.8329889807162535
0.9221763085399449
0.6642561983471075
0.7865013774104683
0.8574380165289256
0.8805096418732782
0.7148760330578512
0.7961432506887053
0.8911845730027548
0.8643250688705234
0.8915289256198347
0.8598484848484849
0.8608815426997245
0.7723829201101928
0.8240358126721763
0.8505509641873278
0.84366391184573
0.7451790633608816
0.7951101928374655
0.871900826446281
0.9015151515151515
0.8860192837465565
0.9376721763085399
0.806129476584022
0.8261019283746557
0.9245867768595041
0.9101239669421488
0.8133608815426997
0.878099173553719
0.7441460055096418
0.890495867768595
0.887396694214876
0.803374655647383
0.7579201101928374
0.8853305785123967
0.8302341597796143
0.7269283746556474
0.8112947658402204
0.9039256198347108
0.8323002754820936
0.8154269972451791
0.9490358126721763
0.8426308539944903
0.9245867768595041
0.8994490358126722
0.7362258953168044
0.8126721763085399
0.8243801652892562
0.8261019283746557
0.800275482093664
0.7902892561983471
0.9070247933884298
0.8639807162534435
0.8450413223140496
0.6566804407713499
0.8588154269972452
0.09194214876033058
0.887396694214876
0.9049586776859504
0.7324380165289256
0.9087465564738292
0.7944214876033058
0.09641873278236915
0.7747933884297521
0.8409090909090909
0.7420798898071626
0.8298898071625345
0.7785812672176309
0.7389807162534435
0.8212809917355371
0.8302341597796143
0.8539944903581267
0.931129476584022
0.809228650137741
0.9235537190082644
0.8481404958677686
0.7871900826446281
0.8333333333333334
0.8915289256198347
0.7679063360881543
0.8095730027548209
0.8329889807162535
0.7737603305785123
0.8137052341597796
0.8536501377410468
0.8154269972451791
0.7069559228650137
0.8839531680440771
0.8891184573002755
0.8164600550964187
0.8402203856749312
0.8081955922865014
0.7971763085399449
0.7196969696969697
0.8274793388429752
0.8326446280991735
0.8415977961432507
0.8429752066115702
0.8701790633608816
0.8326446280991735
0.8808539944903582
0.8856749311294766
0.8739669421487604
0.7613636363636364
0.7455234159779615
0.7534435261707989
0.8574380165289256
0.837465564738292
0.8622589531680441
0.8736225895316805
0.7737603305785123
0.8705234159779615
0.8037190082644629
0.7889118457300276
0.8760330578512396
0.8570936639118457
0.8508953168044077
0.8977272727272727
0.8261019283746557
0.7830578512396694
0.8557162534435262
0.7396694214876033
0.875
0.6828512396694215
0.852961432506887
0.8505509641873278
0.9142561983471075
0.7854683195592287
0.9352617079889807
0.9245867768595041
0.8663911845730028
0.8608815426997245
0.8150826446280992
0.912534435261708
0.7482782369146006
0.7393250688705234
0.7620523415977961
0.7486225895316805
0.7196969696969697
0.7889118457300276
0.890495867768595
0.8787878787878788
0.8657024793388429
0.9190771349862259
0.8553719008264463
0.6074380165289256
0.8636363636363636
0.8887741046831956
0.7575757575757576
0.8863636363636364
0.8236914600550964
0.7224517906336089
0.7730716253443526
0.878099173553719
0.7861570247933884
0.7816804407713499
0.8815426997245179
0.8205922865013774
0.8075068870523416
0.809228650137741
0.6690771349862259
0.903236914600551
0.7737603305785123
0.7847796143250688
0.8966942148760331
0.7971763085399449
0.7982093663911846
0.9128787878787878
0.727961432506887
0.8791322314049587
0.7365702479338843
0.8584710743801653
0.9008264462809917
0.8329889807162535
0.8050964187327824
0.7331267217630854
0.8991046831955923
0.11019283746556474
0.7837465564738292
0.8484848484848485
0.959366391184573
0.8064738292011019
0.8471074380165289
0.7806473829201102
0.8271349862258953
0.8870523415977961
0.8081955922865014
0.9101239669421488
0.7682506887052342
0.9018595041322314
0.9197658402203857
0.8898071625344353
0.8849862258953168
0.8288567493112947
0.6690771349862259
0.8388429752066116
0.8522727272727273
0.7940771349862259
0.5485537190082644
0.8223140495867769
0.9152892561983471
0.9146005509641874
0.7820247933884298
0.8205922865013774
0.918732782369146
0.7407024793388429
0.8973829201101928
0.8333333333333334
0.9039256198347108
0.8471074380165289
0.7730716253443526
0.9376721763085399
0.7806473829201102
0.8550275482093664
0.9049586776859504
0.8877410468319559
0.7572314049586777
0.8267906336088154
0.7090220385674931
0.7995867768595041
0.9393939393939394
0.7933884297520661
0.8329889807162535
0.8832644628099173
0.9400826446280992
0.8612258953168044
0.8316115702479339
0.8502066115702479
0.8601928374655647
0.8412534435261708
0.8133608815426997
0.8364325068870524
0.9049586776859504
0.8915289256198347
0.8533057851239669
0.8106060606060606
0.78099173553719
0.8426308539944903
0.9294077134986226
0.9135674931129476
0.775137741046832
0.900137741046832
0.8636363636363636
0.7055785123966942
0.8670798898071626
0.8705234159779615
0.8515840220385675
0.8481404958677686
0.8953168044077136
0.8598484848484849
0.7069559228650137
0.871900826446281
0.8570936639118457
0.7524104683195593
0.881198347107438
0.7386363636363636
0.8164600550964187
0.8319559228650137
0.721763085399449
0.7176308539944903
0.8839531680440771
0.8154269972451791
0.8171487603305785
0.8515840220385675
0.762396694214876
0.9108126721763086
0.8801652892561983
0.8195592286501377
0.8078512396694215
0.8860192837465565
0.9166666666666666
0.852961432506887
0.8233471074380165
0.8763774104683195
0.8143939393939394
0.09331955922865014
0.9335399449035813
0.8481404958677686
0.8732782369146006
0.8911845730027548
0.8567493112947658
0.7265840220385675
0.8767217630853994
0.6921487603305785
0.8553719008264463
0.10950413223140495
0.8347107438016529
0.7747933884297521
0.8405647382920111
0.8863636363636364
0.815771349862259
0.7713498622589532
0.7792699724517906
0.831267217630854
0.903236914600551
0.8911845730027548
0.8292011019283747
0.8880853994490359
0.8557162534435262
0.8891184573002755
0.8763774104683195
0.7241735537190083
0.8477961432506887
0.6794077134986226
0.8922176308539945
0.7796143250688705
0.7730716253443526
0.9104683195592287
0.890495867768595
0.8546831955922864
0.8760330578512396
0.9018595041322314
0.7568870523415978
0.9300964187327824
0.8471074380165289
0.8787878787878788
0.8674242424242424
0.8481404958677686
0.7961432506887053
0.8615702479338843
0.8829201101928374
0.925275482093664
0.9025482093663911
0.931129476584022
0.8257575757575758
0.7603305785123967
0.8911845730027548
0.7944214876033058
0.10640495867768596
0.8123278236914601
0.831267217630854
0.8292011019283747
0.9046143250688705
0.9287190082644629
0.7520661157024794
0.8608815426997245
0.8956611570247934
0.7214187327823691
0.8360881542699724
0.7871900826446281
0.8956611570247934
0.8302341597796143
0.849862258953168
0.6900826446280992
0.8347107438016529
0.900137741046832
0.8019972451790633
0.8106060606060606
0.9101239669421488
0.6976584022038568
0.8130165289256198
0.8102617079889807
0.8429752066115702
0.8388429752066116
0.7730716253443526
0.7665289256198347
0.9097796143250688
0.8770661157024794
0.7765151515151515
0.8908402203856749
0.7641184573002755
0.9383608815426997
0.7792699724517906
0.7276170798898072
0.7606749311294766
0.7865013774104683
0.8536501377410468
0.8736225895316805
0.7575757575757576
0.7703168044077136
0.9183884297520661
0.8977272727272727
0.881198347107438
0.7272727272727273
0.765495867768595
0.7103994490358126
0.8133608815426997
0.8154269972451791
0.762396694214876
0.8577823691460055
0.818870523415978
0.8347107438016529
0.8997933884297521
0.8257575757575758
0.8505509641873278
0.7513774104683195
0.8426308539944903
0.8608815426997245
0.8371212121212122
0.7351928374655647
0.8016528925619835
0.831267217630854
0.9459366391184573
0.7975206611570248
0.7858126721763086
0.7944214876033058
0.7858126721763086
0.8963498622589532
0.7926997245179064
0.912534435261708
0.8147382920110193
0.6632231404958677
0.6887052341597796
0.7338154269972452
0.946969696969697
0.8588154269972452
0.746900826446281
0.8161157024793388
0.8302341597796143
0.8746556473829201
0.9345730027548209
0.8495179063360881
0.7059228650137741
0.8209366391184573
0.790633608815427
0.7086776859504132
0.865358126721763
0.7830578512396694
0.8929063360881543
0.8057851239669421
0.6039944903581267
0.7861570247933884
0.7861570247933884
0.7803030303030303
0.8130165289256198
0.8502066115702479
0.859504132231405
0.8240358126721763
0.8963498622589532
0.831267217630854
0.8254132231404959
0.8457300275482094
0.893595041322314
0.772038567493113
0.8054407713498623
0.7854683195592287
0.8140495867768595
0.7988980716253443
0.7926997245179064
0.7568870523415978
0.9235537190082644
0.8608815426997245
0.7913223140495868
0.8984159779614325
0.8677685950413223
0.8884297520661157
0.809228650137741
0.9204545454545454
0.8515840220385675
0.9025482093663911
0.9507575757575758
0.8973829201101928
0.7778925619834711
0.8632920110192838
0.7145316804407713
0.7765151515151515
0.8123278236914601
0.8457300275482094
0.8980716253443526
0.7393250688705234
0.9321625344352618
0.8953168044077136
0.8670798898071626
0.9256198347107438
0.7868457300275482
0.8667355371900827
0.949724517906336
0.7827134986225895
0.7389807162534435
0.8429752066115702
0.7372589531680441
0.8464187327823691
0.897038567493113
0.8205922865013774
0.09917355371900827
0.9300964187327824
0.9022038567493113
0.8398760330578512
0.8381542699724518
0.8508953168044077
0.8047520661157025
0.8911845730027548
0.931129476584022
0.6993801652892562
0.8336776859504132
0.8364325068870524
0.9008264462809917
0.868801652892562
0.8660468319559229
0.9521349862258953
0.7630853994490359
0.9035812672176309
0.8037190082644629
0.8973829201101928
0.8894628099173554
0.7672176308539945
0.8791322314049587
0.8753443526170799
0.8670798898071626
0.8536501377410468
0.9462809917355371
0.8378099173553719
0.8519283746556474
0.8577823691460055
0.7947658402203857
0.7885674931129476
0.8526170798898072
0.8078512396694215
0.7286501377410468
0.84366391184573
0.8037190082644629
0.8477961432506887
0.7737603305785123
0.8550275482093664
0.8612258953168044
0.7992424242424242
0.8553719008264463
0.8522727272727273
0.9090909090909091
0.7847796143250688
0.8632920110192838
0.7258953168044077
0.8316115702479339
0.6683884297520661
0.9042699724517906
0.8267906336088154
0.8657024793388429
0.8867079889807162
0.8756887052341598
0.9304407713498623
0.9204545454545454
0.7947658402203857
0.9049586776859504
0.7727272727272727
0.9115013774104683
0.9345730027548209
0.7382920110192838
0.7772038567493113
0.7265840220385675
0.8939393939393939
0.7183195592286501
0.8960055096418733
0.9121900826446281
0.7252066115702479
0.8526170798898072
0.7713498622589532
0.8515840220385675
0.946625344352617
0.828168044077135
0.8329889807162535
0.08057851239669421
0.8471074380165289
0.6725206611570248
0.7155647382920111
0.8453856749311295
0.9004820936639119
0.8126721763085399
0.846763085399449
0.7747933884297521
0.7121212121212122
0.7658402203856749
0.8419421487603306
0.9090909090909091
0.7940771349862259
0.8181818181818182
0.7772038567493113
0.9035812672176309
0.8336776859504132
0.8966942148760331
0.8381542699724518
0.8254132231404959
0.7613636363636364
0.8853305785123967
0.7372589531680441
0.7634297520661157
0.8880853994490359
0.7861570247933884
0.7658402203856749
0.8081955922865014
0.793732782369146
0.8443526170798898
0.7434573002754821
0.8329889807162535
0.7902892561983471
0.7668732782369146
0.7858126721763086
0.940771349862259
0.7799586776859504
0.8997933884297521
0.8987603305785123
0.7341597796143251
0.809228650137741
0.928374655647383
0.9197658402203857
0.9521349862258953
0.815771349862259
0.9504132231404959
0.9004820936639119
0.7300275482093664
0.7386363636363636
0.8150826446280992
0.1652892561983471
0.671831955922865
0.6301652892561983
0.8973829201101928
0.9645316804407713
0.8398760330578512
0.9163223140495868
0.8419421487603306
0.8378099173553719
0.9411157024793388
0.7331267217630854
0.862603305785124
0.8815426997245179
0.8674242424242424
0.9300964187327824
0.7754820936639119
0.7396694214876033
0.6804407713498623
0.9524793388429752
0.8309228650137741
0.9087465564738292
0.9321625344352618
0.7658402203856749
0.8743112947658402
0.7920110192837465
0.8329889807162535
0.6566804407713499
0.868801652892562
0.8095730027548209
0.9183884297520661
0.7586088154269972
0.7613636363636364
0.8550275482093664
0.8085399449035813
0.7799586776859504
0.8161157024793388
0.8443526170798898
0.8240358126721763
0.9197658402203857
0.7444903581267218
0.7854683195592287
0.7231404958677686
0.0006887052341597796
0.696969696969697
0.7159090909090909
0.8987603305785123
0.8329889807162535
0.8770661157024794
0.8257575757575758
0.903236914600551
0.8694903581267218
0.8884297520661157
0.7865013774104683
0.8109504132231405
0.925275482093664
0.8288567493112947
0.7238292011019284
0.8553719008264463
0.7689393939393939
0.8450413223140496
0.8133608815426997
0.7902892561983471
0.7134986225895317
0.8212809917355371
0.9459366391184573
0.7510330578512396
0.8364325068870524
0.8539944903581267
0.8870523415977961
0.8839531680440771
0.8288567493112947
0.871900826446281
0.8798209366391184
0.9473140495867769
0.884641873278237
0.6673553719008265
0.9345730027548209
0.900137741046832
0.8663911845730028
0.806129476584022
0.8353994490358126
0.8288567493112947
0.9053030303030303
0.7444903581267218
0.8825757575757576
0.7985537190082644
0.8615702479338843
0.9049586776859504
0.7617079889807162
0.8295454545454546
0.8171487603305785
0.7930440771349863
0.8636363636363636
0.9228650137741047
0.9011707988980716
0.8081955922865014
0.9328512396694215
0.78133608815427
0.7544765840220385
0.8023415977961432
0.8185261707988981
0.6308539944903582
0.8340220385674931
0.7424242424242424
0.8133608815426997
0.8147382920110193
0.8867079889807162
0.7334710743801653
0.8546831955922864
0.8050964187327824
0.7926997245179064
0.8853305785123967
0.9435261707988981
0.6143250688705234
0.9576446280991735
0.7827134986225895
0.8095730027548209
0.7348484848484849
0.7510330578512396
0.9366391184573003
0.8230027548209367
0.7988980716253443
0.7823691460055097
0.7741046831955923
0.9028925619834711
0.8102617079889807
0.9008264462809917
0.7138429752066116
0.9307851239669421
0.9173553719008265
0.9170110192837465
0.8026859504132231
0.768595041322314
0.8347107438016529
0.8670798898071626
0.8212809917355371
0.8236914600550964
0.7162534435261708
0.7658402203856749
0.8870523415977961
0.8829201101928374
0.8608815426997245
0.7816804407713499
0.9318181818181818
0.8763774104683195
0.7086776859504132
0.8581267217630854
0.8491735537190083
0.8784435261707989
0.9269972451790633
0.7858126721763086
0.893595041322314
0.8953168044077136
0.849862258953168
0.8533057851239669
0.8832644628099173
0.8057851239669421
0.7148760330578512
0.8429752066115702
0.7696280991735537
0.7823691460055097
0.7920110192837465
0.921831955922865
0.10709366391184573
0.9521349862258953
0.8684573002754821
0.8808539944903582
0.7193526170798898
0.8973829201101928
0.912534435261708
0.946625344352617
0.915633608815427
0.9053030303030303
0.9290633608815427
0.8973829201101928
0.821625344352617
0.584366391184573
0.912534435261708
0.8612258953168044
0.8488292011019284
0.8453856749311295
0.8684573002754821
0.8526170798898072
0.9087465564738292
0.8829201101928374
0.8116391184573003
0.8684573002754821
0.9008264462809917
0.8106060606060606
0.8681129476584022
0.8619146005509641
0.9238980716253443
0.8508953168044077
0.887396694214876
0.8891184573002755
0.7393250688705234
0.9214876033057852
0.9366391184573003
0.806129476584022
0.8787878787878788
0.8960055096418733
0.8533057851239669
0.8908402203856749
0.856404958677686
0.7933884297520661
0.8150826446280992
0.921831955922865
0.8632920110192838
0.9393939393939394
0.793732782369146
0.8205922865013774
0.7603305785123967
0.9087465564738292
0.8274793388429752
0.8598484848484849
0.8202479338842975
0.8409090909090909
0.8984159779614325
0.8822314049586777
0.928374655647383
0.8013085399449036
0.8378099173553719
0.8512396694214877
0.8763774104683195
0.9025482093663911
0.8085399449035813
0.8415977961432507
0.7351928374655647
0.8815426997245179
0.7389807162534435
0.8956611570247934
0.8464187327823691
0.8267906336088154
0.7651515151515151
0.8254132231404959
0.8112947658402204
0.7885674931129476
0.8085399449035813
0.8464187327823691
0.8161157024793388
0.7796143250688705
0.8364325068870524
0.7913223140495868
0.8784435261707989
0.8691460055096418
0.7923553719008265
0.7179752066115702
0.9042699724517906
0.8044077134986226
0.7840909090909091
0.8818870523415978
0.7014462809917356
0.8233471074380165
0.897038567493113
0.8973829201101928
0.8154269972451791
0.962465564738292
0.8402203856749312
0.9159779614325069
0.8453856749311295
0.6690771349862259
0.8381542699724518
0.846763085399449
0.9194214876033058
0.7902892561983471
0.8973829201101928
0.9387052341597796
0.8295454545454546
0.8137052341597796
0.7985537190082644
0.7351928374655647
0.7689393939393939
0.893595041322314
0.8443526170798898
0.8209366391184573
0.7661845730027548
0.9163223140495868
0.8643250688705234
0.8360881542699724
0.7909779614325069
0.768595041322314
0.868801652892562
0.8725895316804407
0.7200413223140496
0.8491735537190083
0.934228650137741
0.7710055096418733
0.7851239669421488
0.8254132231404959
0.7744490358126722
0.8119834710743802
0.9028925619834711
0.9022038567493113
0.893595041322314
0.7892561983471075
0.8818870523415978
0.8116391184573003
0.8598484848484849
0.8884297520661157
0.7933884297520661
0.8836088154269972
0.9452479338842975
0.8412534435261708
0.8553719008264463
0.859504132231405
0.6704545454545454
0.8305785123966942
0.9462809917355371
0.7317493112947658
0.7661845730027548
0.8457300275482094
0.7506887052341598
0.8663911845730028
0.9459366391184573
0.8932506887052342
0.8997933884297521
0.9359504132231405
0.8770661157024794
0.8422865013774105
0.8481404958677686
0.9338842975206612
0.8333333333333334
0.8729338842975206
0.7975206611570248
0.7799586776859504
0.7971763085399449
0.8605371900826446
0.9173553719008265
0.865358126721763
0.7496556473829201
0.7661845730027548
0.8650137741046832
0.8481404958677686
0.7741046831955923
0.7224517906336089
0.9338842975206612
0.7417355371900827
0.8560606060606061
0.928030303030303
0.8966942148760331
0.6535812672176309
0.768595041322314
0.9025482093663911
0.8991046831955923
0.8784435261707989
0.821969696969697
0.8588154269972452
0.8674242424242424
0.8367768595041323
0.7957988980716253
0.8557162534435262
0.8722451790633609
0.8178374655647382
0.7940771349862259
0.8932506887052342
0.8426308539944903
0.8543388429752066
0.7892561983471075
0.890495867768595
0.8853305785123967
0.887396694214876
0.7059228650137741
0.8601928374655647
0.9104683195592287
0.7176308539944903
0.8357438016528925
0.8495179063360881
0.8278236914600551
0.8856749311294766
0.6270661157024794
0.818870523415978
0.8557162534435262
0.7575757575757576
0.8646694214876033
0.9328512396694215
0.8987603305785123
0.8223140495867769
0.8636363636363636
0.7999311294765841
0.9035812672176309
0.7913223140495868
0.7348484848484849
0.8181818181818182
0.7803030303030303
0.8443526170798898
0.8474517906336089
0.7827134986225895
0.8650137741046832
0.7916666666666666
0.8753443526170799
0.8539944903581267
0.8574380165289256
0.8457300275482094
0.821969696969697
0.9345730027548209
0.865358126721763
0.887396694214876
0.9263085399449036
0.84366391184573
0.7069559228650137
0.8798209366391184
0.7744490358126722
0.9528236914600551
0.865358126721763
0.15254820936639119
0.9166666666666666
0.8946280991735537
0.793732782369146
0.684228650137741
0.7637741046831956
0.7803030303030303
0.8384986225895317
0.7565426997245179
0.8805096418732782
0.8095730027548209
0.8960055096418733
0.8715564738292011
0.6897382920110193
0.9163223140495868
0.7365702479338843
0.09538567493112948
0.8133608815426997
0.8519283746556474
0.8415977961432507
0.8278236914600551
0.8867079889807162
0.8323002754820936
0.8254132231404959
0.6728650137741047
0.7930440771349863
0.800275482093664
0.8784435261707989
0.803030303030303
0.8367768595041323
0.6666666666666666
0.8763774104683195
0.8908402203856749
0.8670798898071626
0.8150826446280992
0.7417355371900827
0.9111570247933884
0.8016528925619835
0.8670798898071626
0.8767217630853994
0.903236914600551
0.9025482093663911
0.10950413223140495
0.8553719008264463
0.8515840220385675
0.7076446280991735
0.8288567493112947
0.778236914600551
0.7606749311294766
0.7975206611570248
0.8126721763085399
0.5943526170798898
0.8126721763085399
0.8371212121212122
0.7320936639118457
0.8316115702479339
0.8877410468319559
0.7090220385674931
0.837465564738292
0.7820247933884298
0.8395316804407713
0.7896005509641874
0.8405647382920111
0.8519283746556474
0.8192148760330579
0.8880853994490359
0.7892561983471075
0.8908402203856749
0.953168044077135
0.9542011019283747
0.7424242424242424
0.7706611570247934
0.8836088154269972
0.803374655647383
0.8608815426997245
0.8867079889807162
0.846763085399449
0.9053030303030303
0.8832644628099173
0.665633608815427
0.7985537190082644
0.8336776859504132
0.8860192837465565
0.9101239669421488
0.7420798898071626
0.8550275482093664
0.934228650137741
0.7761707988980716
0.8880853994490359
0.7892561983471075
0.6759641873278237
0.9325068870523416
0.8987603305785123
0.84366391184573
0.9084022038567493
0.8384986225895317
0.7630853994490359
0.7486225895316805
0.0006887052341597796
0.8329889807162535
0.871900826446281
0.8316115702479339
0.9073691460055097
0.859504132231405
0.7806473829201102
0.9194214876033058
0.8808539944903582
0.8946280991735537
0.8495179063360881
0.09882920110192837
0.8966942148760331
0.775137741046832
0.9080578512396694
0.8199035812672176
0.8019972451790633
0.9263085399449036
0.834366391184573
0.7713498622589532
0.8140495867768595
0.5840220385674931
0.9004820936639119
0.7617079889807162
0.8019972451790633
0.803374655647383
0.8929063360881543
0.8705234159779615
0.868801652892562
0.893595041322314
0.8102617079889807
0.7544765840220385
0.8333333333333334
0.862603305785124
0.8195592286501377
0.8205922865013774
0.8825757575757576
0.8963498622589532
0.8942837465564738
0.7827134986225895
0.8925619834710744
0.8536501377410468
0.8581267217630854
0.8539944903581267
0.7954545454545454
0.7606749311294766
0.23415977961432508
0.8829201101928374
0.8044077134986226
0.803030303030303
0.9586776859504132
0.8715564738292011
0.9025482093663911
0.8925619834710744
0.9373278236914601
0.8078512396694215
0.9225206611570248
0.8130165289256198
0.9097796143250688
0.6876721763085399
0.8508953168044077
0.8233471074380165
0.9159779614325069
0.8736225895316805
0.7706611570247934
0.9046143250688705
0.9318181818181818
0.9028925619834711
0.8212809917355371
0.6952479338842975
0.8044077134986226
0.8340220385674931
0.7775482093663911
0.6663223140495868
0.8643250688705234
0.7713498622589532
0.7982093663911846
0.8825757575757576
0.8533057851239669
0.8471074380165289
0.8326446280991735
0.8629476584022039
0.6587465564738292
0.9390495867768595
0.9132231404958677
0.8977272727272727
0.8756887052341598
0.9039256198347108
0.9097796143250688
0.7589531680440771
0.8746556473829201
0.8340220385674931
0.8367768595041323
0.7799586776859504
0.8736225895316805
0.912534435261708
0.9042699724517906
0.7930440771349863
0.6852617079889807
0.10227272727272728
0.8650137741046832
0.837465564738292
0.8298898071625345
0.8405647382920111
0.8274793388429752
0.9170110192837465
0.7744490358126722
0.8502066115702479
0.7999311294765841
0.6794077134986226
0.8743112947658402
0.8316115702479339
0.8181818181818182
0.8147382920110193
0.84366391184573
0.8877410468319559
0.8942837465564738
0.834366391184573
0.9318181818181818
0.8570936639118457
0.8360881542699724
0.8777548209366391
0.8650137741046832
0.8598484848484849
0.647038567493113
0.8481404958677686
0.7420798898071626
0.6928374655647382
0.7427685950413223
0.7527548209366391
0.8708677685950413
0.8226584022038568
0.8026859504132231
0.8898071625344353
0.8150826446280992
0.9004820936639119
0.9707300275482094
0.8209366391184573
0.8464187327823691
0.9066804407713499
0.7586088154269972
0.9173553719008265
0.8829201101928374
0.8050964187327824
0.8901515151515151
0.868801652892562
0.8984159779614325
0.8433195592286501
0.9297520661157025
0.9325068870523416
0.8429752066115702
0.8984159779614325
0.8106060606060606
0.7599862258953168
0.8009641873278237
0.7730716253443526
0.8694903581267218
0.9207988980716253
0.8491735537190083
0.9197658402203857
0.8384986225895317
0.8915289256198347
0.831267217630854
0.8360881542699724
0.8347107438016529
0.7816804407713499
0.8581267217630854
0.7889118457300276
0.7348484848484849
0.8068181818181818
0.8601928374655647
0.7703168044077136
0.8285123966942148
0.8632920110192838
0.7971763085399449
0.8360881542699724
0.8116391184573003
0.9638429752066116
0.8929063360881543
0.8205922865013774
0.8839531680440771
0.8068181818181818
0.8598484848484849
0.8605371900826446
0.9352617079889807
0.8984159779614325
0.7944214876033058
0.7069559228650137
0.9152892561983471
0.8023415977961432
0.8274793388429752
0.865358126721763
0.7799586776859504
0.8925619834710744
0.9118457300275482
0.8798209366391184
0.7913223140495868
0.8288567493112947
0.8147382920110193
0.9390495867768595
0.8457300275482094
0.9214876033057852
0.8298898071625345
0.8787878787878788
0.8536501377410468
0.8849862258953168
0.8801652892561983
0.9046143250688705
0.9318181818181818
0.9056473829201102
0.7658402203856749
0.9163223140495868
0.8791322314049587
0.8143939393939394
0.8116391184573003
0.7947658402203857
0.8836088154269972
0.8650137741046832
0.8415977961432507
0.7834022038567493
0.7541322314049587
0.7710055096418733
0.8663911845730028
0.8960055096418733
0.8102617079889807
0.9221763085399449
0.08471074380165289
0.7896005509641874
0.7830578512396694
0.8044077134986226
0.8712121212121212
0.8774104683195593
0.8922176308539945
0.8274793388429752
0.7382920110192838
0.709366391184573
0.7462121212121212
0.7727272727272727
0.8570936639118457
0.7792699724517906
0.9142561983471075
0.8870523415977961
0.8705234159779615
0.8567493112947658
0.8171487603305785
0.8880853994490359
0.7988980716253443
0.8880853994490359
0.8639807162534435
0.8371212121212122
0.8050964187327824
0.724862258953168
0.8271349862258953
0.8426308539944903
0.8174931129476584
0.9149449035812672
0.002066115702479339
0.8464187327823691
0.8984159779614325
0.8942837465564738
0.8963498622589532
0.8164600550964187
0.862603305785124
0.8326446280991735
0.9108126721763086
0.8991046831955923
0.690771349862259
0.8402203856749312
0.8546831955922864
0.8980716253443526
0.78099173553719
0.7799586776859504
0.8853305785123967
0.9022038567493113
0.893595041322314
0.859504132231405
0.7992424242424242
0.7933884297520661
0.7165977961432507
0.7324380165289256
0.709366391184573
0.7830578512396694
0.9073691460055097
0.84366391184573
0.4142561983471074
0.8453856749311295
0.9201101928374655
0.8357438016528925
0.8615702479338843
0.9318181818181818
0.865358126721763
0.9008264462809917
0.8481404958677686
0.912534435261708
0.78099173553719
0.7407024793388429
0.9194214876033058
0.7138429752066116
0.8360881542699724
0.3109504132231405
0.9300964187327824
0.8867079889807162
0.78133608815427
0.7338154269972452
0.8364325068870524
0.7944214876033058
0.8725895316804407
0.7747933884297521
0.84400826446281
0.9228650137741047
0.8261019283746557
0.9259641873278237
0.84400826446281
0.772038567493113
0.9486914600550964
0.8505509641873278
0.7193526170798898
0.7957988980716253
0.8629476584022039
0.7920110192837465
0.7320936639118457
0.7827134986225895
0.731404958677686
0.790633608815427
0.943870523415978
0.8257575757575758
0.8822314049586777
0.8598484848484849
0.8557162534435262
0.8309228650137741
0.8832644628099173
0.8677685950413223
0.8705234159779615
0.8371212121212122
0.8966942148760331
0.815771349862259
0.8677685950413223
0.849862258953168
0.9290633608815427
0.7737603305785123
0.7734159779614325
0.7152203856749312
0.9383608815426997
0.6800964187327824
0.8009641873278237
0.7713498622589532
0.8977272727272727
0.7796143250688705
0.7331267217630854
0.8608815426997245
0.7441460055096418
0.7448347107438017
0.8223140495867769
0.7331267217630854
0.9548898071625345
0.8701790633608816
0.8560606060606061
0.7902892561983471
0.8588154269972452
0.8350550964187328
0.8798209366391184
0.7799586776859504
0.824724517906336
0.8415977961432507
0.7885674931129476
0.9128787878787878
0.8722451790633609
0.7558539944903582
0.7785812672176309
0.7847796143250688
0.890495867768595
0.6911157024793388
0.8515840220385675
0.931129476584022
0.7482782369146006
0.7362258953168044
0.8405647382920111
0.8123278236914601
0.9046143250688705
0.6742424242424242
0.8622589531680441
0.8360881542699724
0.9507575757575758
0.8646694214876033
0.8116391184573003
0.8512396694214877
0.9039256198347108
0.7672176308539945
0.9338842975206612
0.334366391184573
0.8746556473829201
0.8278236914600551
0.8767217630853994
0.8987603305785123
0.831267217630854
0.9053030303030303
0.8026859504132231
0.9004820936639119
0.6983471074380165
0.8044077134986226
0.9238980716253443
0.834366391184573
0.8371212121212122
0.8725895316804407
0.8808539944903582
0.7882231404958677
0.8560606060606061
0.8474517906336089
0.8674242424242424
0.8422865013774105
0.8040633608815427
0.893595041322314
0.7400137741046832
0.8040633608815427
0.6962809917355371
0.7589531680440771
0.8615702479338843
0.8446969696969697
0.6990358126721763
0.6904269972451791
0.8068181818181818
0.8612258953168044
0.8608815426997245
0.8398760330578512
0.8932506887052342
0.8457300275482094
0.8126721763085399
0.7761707988980716
0.9008264462809917
0.7741046831955923
0.8684573002754821
0.8205922865013774
0.8171487603305785
0.7768595041322314
0.8808539944903582
0.8581267217630854
0.8302341597796143
0.859504132231405
0.7458677685950413
0.9135674931129476
0.8161157024793388
0.8856749311294766
0.8412534435261708
0.9152892561983471
0.8643250688705234
0.8037190082644629
0.7444903581267218
0.78099173553719
0.7272727272727273
0.6838842975206612
0.8422865013774105
0.8481404958677686
0.8615702479338843
0.8980716253443526
0.8078512396694215
0.7892561983471075
0.9121900826446281
0.8770661157024794
0.84400826446281
0.9046143250688705
0.8205922865013774
0.815771349862259
0.8319559228650137
0.9387052341597796
0.7713498622589532
0.9028925619834711
0.7706611570247934
0.7703168044077136
0.8581267217630854
0.8013085399449036
0.8663911845730028
0.6856060606060606
0.849862258953168
0.6873278236914601
0.7896005509641874
0.9011707988980716
0.8574380165289256
0.8057851239669421
0.8137052341597796
0.8715564738292011
0.7951101928374655
0.8898071625344353
0.878099173553719
0.8181818181818182
0.8894628099173554
0.746900826446281
0.7613636363636364
0.8677685950413223
0.8639807162534435
0.7389807162534435
0.9362947658402204
0.8405647382920111
0.8853305785123967
0.9232093663911846
0.7944214876033058
0.7988980716253443
0.806129476584022
0.7465564738292011
0.7675619834710744
0.7565426997245179
0.7238292011019284
0.8960055096418733
0.7878787878787878
0.8922176308539945
0.9352617079889807
0.8894628099173554
0.8539944903581267
0.7196969696969697
0.8185261707988981
0.7902892561983471
0.8577823691460055
0.7933884297520661
0.8922176308539945
0.7882231404958677
0.8388429752066116
0.8236914600550964
0.821625344352617
0.865358126721763
0.8384986225895317
0.865358126721763
0.8894628099173554
0.7396694214876033
0.7351928374655647
0.8787878787878788
0.8477961432506887
0.8323002754820936
0.8756887052341598
0.78099173553719
0.6859504132231405
0.9176997245179064
0.7386363636363636
0.6821625344352618
0.8405647382920111
0.7871900826446281
0.8474517906336089
0.893595041322314
0.9421487603305785
0.8591597796143251
0.8774104683195593
0.9504132231404959
0.8068181818181818
0.852961432506887
0.8922176308539945
0.8047520661157025
0.8639807162534435
0.7878787878787878
0.8842975206611571
0.7844352617079889
0.9004820936639119
0.7913223140495868
0.8722451790633609
0.8329889807162535
0.8271349862258953
0.7703168044077136
0.7668732782369146
0.8608815426997245
0.8336776859504132
0.8123278236914601
0.8877410468319559
0.759641873278237
0.8150826446280992
0.7913223140495868
0.7272727272727273
0.8488292011019284
0.8026859504132231
0.7389807162534435
0.7338154269972452
0.8681129476584022
0.8267906336088154
0.7245179063360881
0.7768595041322314
0.8264462809917356
0.7269283746556474
0.881198347107438
0.13257575757575757
0.7592975206611571
0.8443526170798898
0.7079889807162535
0.7827134986225895
0.8336776859504132
0.8805096418732782
0.8223140495867769
0.9455922865013774
0.8326446280991735
0.8288567493112947
0.8443526170798898
0.8942837465564738
0.849862258953168
0.7992424242424242
0.8880853994490359
0.852961432506887
0.84366391184573
0.7338154269972452
0.8753443526170799
0.9087465564738292
0.8484848484848485
0.9015151515151515
0.7710055096418733
0.8250688705234159
0.7682506887052342
0.8646694214876033
0.8660468319559229
0.8068181818181818
0.84400826446281
0.9042699724517906
0.6852617079889807
0.7551652892561983
0.8877410468319559
0.9455922865013774
0.9025482093663911
0.931129476584022
0.7951101928374655
0.1353305785123967
0.678030303030303
0.900137741046832
0.9111570247933884
0.8794765840220385
0.8019972451790633
0.8519283746556474
0.9053030303030303
0.7682506887052342
0.7296831955922864
0.796831955922865
0.8305785123966942
0.8123278236914601
0.7847796143250688
0.8068181818181818
0.946625344352617
0.8474517906336089
0.8736225895316805
0.8409090909090909
0.8698347107438017
0.8973829201101928
0.8474517906336089
0.8384986225895317
0.8178374655647382
0.8195592286501377
0.06508264462809918
0.8081955922865014
0.793732782369146
0.8329889807162535
0.9115013774104683
0.8657024793388429
0.8347107438016529
0.7455234159779615
0.8274793388429752
0.8123278236914601
0.8481404958677686
0.96900826446281
0.8615702479338843
0.8419421487603306
0.9349173553719008
0.8932506887052342
0.8763774104683195
0.8770661157024794
0.9524793388429752
0.9345730027548209
0.8181818181818182
0.8581267217630854
0.8464187327823691
0.8009641873278237
0.8405647382920111
0.8508953168044077
0.7820247933884298
0.7988980716253443
0.890495867768595
0.846763085399449
0.8822314049586777
0.7916666666666666
0.9238980716253443
0.7940771349862259
0.8712121212121212
0.8536501377410468
0.8364325068870524
0.7954545454545454
0.8044077134986226
0.8267906336088154
0.787534435261708
0.8481404958677686
0.9015151515151515
0.7338154269972452
0.8522727272727273
0.775137741046832
0.7961432506887053
0.8161157024793388
0.8526170798898072
0.915633608815427
0.5712809917355371
0.9053030303030303
0.7589531680440771
0.8026859504132231
0.7382920110192838
0.837465564738292
0.9421487603305785
0.9025482093663911
0.7613636363636364
0.8050964187327824
0.8126721763085399
0.8316115702479339
0.956267217630854
0.7737603305785123
0.8057851239669421
0.881198347107438
0.8398760330578512
0.8267906336088154
0.815771349862259
0.8911845730027548
0.8460743801652892
0.647038567493113
0.7789256198347108
0.9300964187327824
0.862603305785124
0.7920110192837465
0.9039256198347108
0.8942837465564738
0.7706611570247934
0.8364325068870524
0.7675619834710744
0.8457300275482094
0.9008264462809917
0.878099173553719
0.7644628099173554
0.8357438016528925
0.8164600550964187
0.7241735537190083
0.8636363636363636
0.8650137741046832
0.8119834710743802
0.8922176308539945
0.7417355371900827
0.821969696969697
0.7944214876033058
0.8953168044077136
0.8946280991735537
0.8887741046831956
0.8295454545454546
0.7816804407713499
0.8305785123966942
0.06198347107438017
0.8102617079889807
0.9414600550964187
0.8378099173553719
0.8973829201101928
0.775137741046832
0.8326446280991735
0.7926997245179064
0.9180440771349863
0.8388429752066116
0.8102617079889807
0.8047520661157025
0.8409090909090909
0.8546831955922864
0.8023415977961432
0.8174931129476584
0.8512396694214877
0.8557162534435262
0.856404958677686
0.821969696969697
0.8095730027548209
0.8350550964187328
0.8047520661157025
0.9056473829201102
0.8137052341597796
0.8815426997245179
0.8384986225895317
0.9190771349862259
0.8426308539944903
0.8901515151515151
0.8081955922865014
0.7778925619834711
0.821625344352617
0.8353994490358126
0.9080578512396694
0.7926997245179064
0.918732782369146
0.8154269972451791
0.8212809917355371
0.9087465564738292
0.7627410468319559
0.8591597796143251
0.8350550964187328
0.8756887052341598
0.8763774104683195
0.8577823691460055
0.8088842975206612
0.803030303030303
0.8657024793388429
0.8047520661157025
0.7865013774104683
0.7920110192837465
0.7389807162534435
0.07541322314049587
0.8433195592286501
0.8567493112947658
0.8715564738292011
0.8340220385674931
0.8746556473829201
0.897038567493113
0.7957988980716253
0.8994490358126722
0.6942148760330579
0.6694214876033058
0.8161157024793388
0.8612258953168044
0.8898071625344353
0.8181818181818182
0.9652203856749312
0.7988980716253443
0.7951101928374655
0.8863636363636364
0.7482782369146006
0.868801652892562
0.7534435261707989
0.8739669421487604
0.8636363636363636
0.9524793388429752
0.8670798898071626
0.925275482093664
0.7744490358126722
0.849862258953168
0.7868457300275482
0.8164600550964187
0.9015151515151515
0.9256198347107438
0.8415977961432507
0.8484848484848485
0.828168044077135
0.8057851239669421
0.8116391184573003
0.8250688705234159
0.8195592286501377
0.7214187327823691
0.8901515151515151
0.8126721763085399
0.8254132231404959
0.7830578512396694
0.8336776859504132
0.915633608815427
0.8292011019283747
0.7400137741046832
0.8870523415977961
0.7668732782369146
0.7978650137741047
0.740358126721763
0.934228650137741
0.7823691460055097
0.9018595041322314
0.7940771349862259
0.8746556473829201
0.8081955922865014
0.8329889807162535
0.7541322314049587
0.8601928374655647
0.7830578512396694
0.9180440771349863
0.9139118457300276
0.6401515151515151
0.8691460055096418
0.7734159779614325
0.8756887052341598
0.9135674931129476
0.8285123966942148
0.6893939393939394
0.8615702479338843
0.9197658402203857
0.8409090909090909
0.8973829201101928
0.8650137741046832
0.8112947658402204
0.8274793388429752
0.8911845730027548
0.8777548209366391
0.8743112947658402
0.8787878787878788
0.8309228650137741
0.8309228650137741
0.8168044077134986
0.7878787878787878
0.9183884297520661
0.6566804407713499
0.8292011019283747
0.921831955922865
0.8550275482093664
0.8099173553719008
0.8140495867768595
0.8849862258953168
0.8309228650137741
0.7524104683195593
0.8701790633608816
0.852961432506887
0.7830578512396694
0.9056473829201102
0.8925619834710744
0.9442148760330579
0.9366391184573003
0.884641873278237
0.9135674931129476
0.8791322314049587
0.8088842975206612
0.78133608815427
0.9011707988980716
0.7692837465564738
0.8147382920110193
0.8415977961432507
0.7975206611570248
0.7785812672176309
0.7775482093663911
0.7107438016528925
0.9073691460055097
0.7730716253443526
0.8491735537190083
0.859504132231405
0.8939393939393939
0.9266528925619835
0.8746556473829201
0.9104683195592287
0.8019972451790633
0.8371212121212122
0.9028925619834711
0.7737603305785123
0.8212809917355371
0.8388429752066116
0.7527548209366391
0.8185261707988981
0.7196969696969697
0.7300275482093664
0.8722451790633609
0.9352617079889807
0.8987603305785123
0.7575757575757576
0.10296143250688705
0.8426308539944903
0.7923553719008265
0.8057851239669421
0.8867079889807162
0.8185261707988981
0.10984848484848485
0.8081955922865014
0.7902892561983471
0.7234848484848485
0.7565426997245179
0.925275482093664
0.8261019283746557
0.7861570247933884
0.8433195592286501
0.9080578512396694
0.862603305785124
0.8612258953168044
0.824724517906336
0.8746556473829201
0.9053030303030303
0.8257575757575758
0.9462809917355371
0.9149449035812672
0.8064738292011019
0.7957988980716253
0.8577823691460055
0.8405647382920111
0.915633608815427
0.8825757575757576
0.9084022038567493
0.8267906336088154
0.8243801652892562
0.7830578512396694
0.7734159779614325
0.8488292011019284
0.7706611570247934
0.8887741046831956
0.8388429752066116
0.8691460055096418
0.7741046831955923
0.8329889807162535
0.8016528925619835
0.8646694214876033
0.8539944903581267
0.7902892561983471
0.8657024793388429
0.9201101928374655
0.9039256198347108
0.8267906336088154
0.8584710743801653
0.8660468319559229
0.8570936639118457
0.9287190082644629
0.8891184573002755
0.8574380165289256
0.78099173553719
0.8319559228650137
0.7489669421487604
0.8137052341597796
0.8880853994490359
0.9535123966942148
0.821969696969697
0.828168044077135
0.8371212121212122
0.8123278236914601
0.8240358126721763
0.7637741046831956
0.8839531680440771
0.8798209366391184
0.7823691460055097
0.8743112947658402
0.8023415977961432
0.8984159779614325
0.8099173553719008
0.809228650137741
0.9431818181818182
0.84366391184573
0.7320936639118457
0.8123278236914601
0.8088842975206612
0.778236914600551
0.8667355371900827
0.5396005509641874
0.803030303030303
0.8667355371900827
0.8805096418732782
0.8794765840220385
0.8973829201101928
0.8446969696969697
0.8460743801652892
0.8261019283746557
0.8329889807162535
0.8801652892561983
0.6701101928374655
0.8460743801652892
0.7658402203856749
0.8347107438016529
0.8147382920110193
0.893595041322314
0.8591597796143251
0.8922176308539945
0.7555096418732782
0.8574380165289256
0.7668732782369146
0.7964876033057852
0.7648071625344353
0.8123278236914601
0.8691460055096418
0.9714187327823691
0.8484848484848485
0.8980716253443526
0.7858126721763086
0.8378099173553719
0.7957988980716253
0.8109504132231405
0.9517906336088154
0.831267217630854
0.9631542699724518
0.7272727272727273
0.8491735537190083
0.893595041322314
0.8088842975206612
0.921831955922865
0.8471074380165289
0.7393250688705234
0.9080578512396694
0.831267217630854
0.7820247933884298
0.9559228650137741
0.8832644628099173
0.8302341597796143
0.8612258953168044
0.8037190082644629
0.7992424242424242
0.8805096418732782
0.7042011019283747
0.828168044077135
0.8223140495867769
0.9331955922865014
0.8102617079889807
0.7000688705234159
0.8663911845730028
0.7682506887052342
0.8185261707988981
0.7865013774104683
0.775137741046832
0.6838842975206612
0.8023415977961432
0.765495867768595
0.7954545454545454
0.06887052341597796
0.8612258953168044
0.8378099173553719
0.8288567493112947
0.90633608815427
0.8615702479338843
0.78099173553719
0.8305785123966942
0.7957988980716253
0.928374655647383
0.7844352617079889
0.8130165289256198
0.9304407713498623
0.8660468319559229
0.862603305785124
0.8495179063360881
0.8174931129476584
0.8770661157024794
0.8994490358126722
0.7599862258953168
0.8464187327823691
0.834366391184573
0.9500688705234159
0.8956611570247934
0.7024793388429752
0.9631542699724518
0.8064738292011019
0.8722451790633609
0.7444903581267218
0.9015151515151515
0.8295454545454546
0.9356060606060606
0.78133608815427
0.8598484848484849
0.821625344352617
0.9221763085399449
0.8601928374655647
0.7995867768595041
0.8453856749311295
0.8619146005509641
0.8016528925619835
0.8164600550964187
0.8977272727272727
0.9232093663911846
0.8147382920110193
0.8822314049586777
0.8026859504132231
0.7117768595041323
0.7926997245179064
0.8567493112947658
0.7227961432506887
0.8987603305785123
0.8164600550964187
0.8598484848484849
0.06439393939393939
0.8140495867768595
0.8271349862258953
0.824724517906336
0.8722451790633609
0.890495867768595
0.9211432506887053
0.7555096418732782
0.8946280991735537
0.7520661157024794
0.815771349862259
0.8326446280991735
0.7331267217630854
0.8946280991735537
0.878099173553719
0.6876721763085399
0.90599173553719
0.9176997245179064
0.875
0.7348484848484849
0.0640495867768595
0.7699724517906336
0.7637741046831956
0.8085399449035813
0.90633608815427
0.8829201101928374
0.8784435261707989
0.7871900826446281
0.9073691460055097
0.9018595041322314
0.8832644628099173
0.815771349862259
0.8384986225895317
0.7086776859504132
0.8353994490358126
0.8057851239669421
0.8405647382920111
0.8199035812672176
0.8057851239669421
0.10881542699724518
0.8629476584022039
0.8243801652892562
0.8815426997245179
0.7558539944903582
0.7858126721763086
0.7479338842975206
0.8023415977961432
0.8546831955922864
0.9290633608815427
0.775137741046832
0.8801652892561983
0.868801652892562
0.7889118457300276
0.7610192837465565
0.9146005509641874
0.8336776859504132
0.8102617079889807
0.8791322314049587
0.9077134986225895
0.824724517906336
0.8660468319559229
0.7293388429752066
0.8443526170798898
0.9500688705234159
0.8088842975206612
0.9018595041322314
0.8047520661157025
0.9159779614325069
0.8515840220385675
0.8691460055096418
0.9101239669421488
0.7975206611570248
0.8818870523415978
0.9066804407713499
0.9008264462809917
0.9352617079889807
0.8994490358126722
0.8911845730027548
0.790633608815427
0.9328512396694215
0.8505509641873278
0.8398760330578512
0.8997933884297521
0.53099173553719
0.8787878787878788
0.9149449035812672
0.7947658402203857
0.8591597796143251
0.8326446280991735
0.7389807162534435
0.8405647382920111
0.8302341597796143
0.8319559228650137
0.07920110192837465
0.8560606060606061
0.8818870523415978
0.8305785123966942
0.9128787878787878
0.7086776859504132
0.8791322314049587
0.8088842975206612
0.8570936639118457
0.8133608815426997
0.9449035812672176
0.8254132231404959
0.8257575757575758
0.7913223140495868
0.9149449035812672
0.8161157024793388
0.7506887052341598
0.8860192837465565
0.8763774104683195
0.7579201101928374
0.8009641873278237
0.9221763085399449
0.9573002754820936
0.8495179063360881
0.8347107438016529
0.7165977961432507
0.878099173553719
0.884641873278237
0.8333333333333334
0.959366391184573
0.856404958677686
0.8426308539944903
0.8805096418732782
0.7255509641873278
0.8364325068870524
0.7059228650137741
0.8760330578512396
0.7606749311294766
0.7506887052341598
0.890495867768595
0.862603305785124
0.9517906336088154
0.7444903581267218
0.8570936639118457
0.8584710743801653
0.7840909090909091
0.7896005509641874
0.8161157024793388
0.7193526170798898
0.7957988980716253
0.9018595041322314
0.8884297520661157
0.21074380165289255
0.7889118457300276
0.8722451790633609
0.8901515151515151
0.8081955922865014
0.8939393939393939
0.8271349862258953
0.7134986225895317
0.9056473829201102
0.8371212121212122
0.7957988980716253
0.9118457300275482
0.7730716253443526
0.8715564738292011
0.7493112947658402
0.8212809917355371
0.8415977961432507
0.8570936639118457
0.8154269972451791
0.8412534435261708
0.7648071625344353
0.9090909090909091
0.8763774104683195
0.8199035812672176
0.7858126721763086
0.78133608815427
0.7778925619834711
0.9142561983471075
0.8044077134986226
0.8963498622589532
0.8278236914600551
0.9266528925619835
0.9507575757575758
0.8078512396694215
0.8185261707988981
0.8319559228650137
0.8471074380165289
0.7544765840220385
0.7568870523415978
0.809228650137741
0.7710055096418733
0.9338842975206612
0.8302341597796143
0.9221763085399449
0.8815426997245179
0.8753443526170799
0.8891184573002755
0.9139118457300276
0.8732782369146006
0.9135674931129476
0.8171487603305785
0.8725895316804407
0.8818870523415978
0.8133608815426997
0.8839531680440771
0.8818870523415978
0.7537878787878788
0.8787878787878788
0.8953168044077136
0.8942837465564738
0.9094352617079889
0.8829201101928374
0.7369146005509641
0.8856749311294766
0.7964876033057852
0.890495867768595
0.8412534435261708
0.7899449035812672
0.6429063360881543
0.6749311294765841
0.9042699724517906
0.8918732782369146
0.7744490358126722
0.8977272727272727
0.8192148760330579
0.8570936639118457
0.8798209366391184
0.7916666666666666
0.9493801652892562
0.8842975206611571
0.8701790633608816
0.806129476584022
0.9108126721763086
0.8019972451790633
0.8388429752066116
0.7641184573002755
0.7269283746556474
0.8677685950413223
0.7913223140495868
0.6239669421487604
0.7830578512396694
0.921831955922865
0.7152203856749312
0.7765151515151515
0.8088842975206612
0.9462809917355371
0.9493801652892562
0.7844352617079889
0.6680440771349863
0.8519283746556474
0.8333333333333334
0.8388429752066116
0.7734159779614325
0.9238980716253443
0.8261019283746557
0.8973829201101928
0.8040633608815427
0.7682506887052342
0.8698347107438017
0.8295454545454546
0.7393250688705234
0.7165977961432507
0.859504132231405
0.824724517906336
0.8650137741046832
0.837465564738292
0.7944214876033058
0.8333333333333334
0.8426308539944903
0.7830578512396694
0.8898071625344353
0.7909779614325069
0.7606749311294766
0.8298898071625345
0.778236914600551
0.8477961432506887
0.7758264462809917
0.7878787878787878
0.834366391184573
0.7417355371900827
0.7861570247933884
0.7400137741046832
0.8963498622589532
0.9049586776859504
0.7420798898071626
0.8199035812672176
0.9128787878787878
0.8508953168044077
0.9194214876033058
0.815771349862259
0.8233471074380165
0.7527548209366391
0.8698347107438017
0.7386363636363636
0.7837465564738292
0.8347107438016529
0.7565426997245179
0.8464187327823691
0.8016528925619835
0.7909779614325069
0.8264462809917356
0.762396694214876
0.8670798898071626
0.8154269972451791
0.865358126721763
0.8725895316804407
0.8209366391184573
0.8161157024793388
0.9628099173553719
0.9118457300275482
0.821969696969697
0.821969696969697
0.9101239669421488
0.8460743801652892
0.793732782369146
0.8391873278236914
0.7331267217630854
0.887396694214876
0.8939393939393939
0.8112947658402204
0.8415977961432507
0.8199035812672176
0.8384986225895317
0.7348484848484849
0.9207988980716253
0.8553719008264463
0.8484848484848485
0.8908402203856749
0.793732782369146
0.8285123966942148
0.7796143250688705
0.8774104683195593
0.8701790633608816
0.9290633608815427
0.7944214876033058
0.8026859504132231
0.6873278236914601
0.803374655647383
0.8729338842975206
0.8942837465564738
0.8767217630853994
0.9049586776859504
0.7544765840220385
0.940771349862259
0.8942837465564738
0.8925619834710744
0.928374655647383
0.002066115702479339
0.8453856749311295
0.6745867768595041
0.9121900826446281
0.7892561983471075
0.7506887052341598
0.7930440771349863
0.7472451790633609
0.8419421487603306
0.8384986225895317
0.7582644628099173
0.7389807162534435
0.8722451790633609
0.8980716253443526
0.8632920110192838
0.8832644628099173
0.7851239669421488
0.7765151515151515
0.8453856749311295
0.7227961432506887
0.7379476584022039
0.8663911845730028
0.7957988980716253
0.7982093663911846
0.837465564738292
0.9039256198347108
0.796831955922865
0.7603305785123967
0.7954545454545454
0.7648071625344353
0.8023415977961432
0.8023415977961432
0.7400137741046832
0.9617768595041323
0.8705234159779615
0.8639807162534435
0.8860192837465565
0.8474517906336089
0.7889118457300276
0.84366391184573
0.8736225895316805
0.8367768595041323
0.9008264462809917
0.8350550964187328
0.8278236914600551
0.7358815426997245
0.7086776859504132
0.8037190082644629
0.7424242424242424
0.8071625344352618
0.8350550964187328
0.8973829201101928
0.7165977961432507
0.8577823691460055
0.7369146005509641
0.859504132231405
0.8736225895316805
0.8271349862258953
0.7696280991735537
0.8715564738292011
0.7902892561983471
0.8856749311294766
0.7737603305785123
0.9211432506887053
0.9617768595041323
0.7792699724517906
0.862603305785124
0.8991046831955923
0.7975206611570248
0.890495867768595
0.9015151515151515
0.9418044077134986
0.7816804407713499
0.7806473829201102
0.8915289256198347
0.8477961432506887
0.9900137741046832
0.8109504132231405
0.8956611570247934
0.6794077134986226
0.8419421487603306
0.8987603305785123
0.8326446280991735
0.765495867768595
0.7865013774104683
0.7586088154269972
0.9104683195592287
0.8891184573002755
0.8901515151515151
0.8639807162534435
0.8946280991735537
0.8336776859504132
0.9077134986225895
0.862603305785124
0.7902892561983471
0.8443526170798898
0.9238980716253443
0.8212809917355371
0.8553719008264463
0.884641873278237
0.8663911845730028
0.8278236914600551
0.8250688705234159
0.9135674931129476
0.8071625344352618
0.8908402203856749
0.9356060606060606
0.8261019283746557
0.7971763085399449
0.8915289256198347
0.8798209366391184
0.8095730027548209
0.7424242424242424
0.7042011019283747
0.7699724517906336
0.9142561983471075
0.8584710743801653
0.803374655647383
0.8357438016528925
0.8240358126721763
0.6115702479338843
0.8019972451790633
0.9610881542699724
0.8178374655647382
0.8701790633608816
0.8081955922865014
0.8515840220385675
0.696625344352617
0.7706611570247934
0.8391873278236914
0.9428374655647382
0.7899449035812672
0.8075068870523416
0.8357438016528925
0.8574380165289256
0.8019972451790633
0.8264462809917356
0.8739669421487604
0.8842975206611571
0.8856749311294766
0.8508953168044077
0.8068181818181818
0.7806473829201102
0.8305785123966942
0.7971763085399449
0.8553719008264463
0.7079889807162535
0.9046143250688705
0.10192837465564739
0.9142561983471075
0.9245867768595041
0.7975206611570248
0.818870523415978
0.8381542699724518
0.7572314049586777
0.8078512396694215
0.759641873278237
0.9022038567493113
0.7913223140495868
0.684228650137741
0.8484848484848485
0.890495867768595
0.9297520661157025
0.8133608815426997
0.8057851239669421
0.8178374655647382
0.806129476584022
0.9383608815426997
0.8040633608815427
0.7723829201101928
0.6504820936639119
0.7672176308539945
0.7510330578512396
0.921831955922865
0.9183884297520661
0.871900826446281
0.7537878787878788
0.806129476584022
0.7579201101928374
0.828168044077135
0.7011019283746557
0.8240358126721763
0.8195592286501377
0.8646694214876033
0.868801652892562
0.8708677685950413
0.921831955922865
0.8257575757575758
0.8860192837465565
0.8743112947658402
0.7637741046831956
0.7097107438016529
0.9022038567493113
0.6759641873278237
0.8223140495867769
0.8922176308539945
0.8715564738292011
0.9418044077134986
0.9046143250688705
0.8505509641873278
0.8419421487603306
0.7482782369146006
0.8777548209366391
0.9376721763085399
0.824724517906336
0.8677685950413223
0.8405647382920111
0.9349173553719008
0.7379476584022039
0.7737603305785123
0.9142561983471075
0.7613636363636364
0.8395316804407713
0.8980716253443526
0.8619146005509641
0.6301652892561983
0.8353994490358126
0.8887741046831956
0.8698347107438017
0.8050964187327824
0.7196969696969697
0.8230027548209367
0.6862947658402204
0.8178374655647382
0.8240358126721763
0.7902892561983471
0.8075068870523416
0.7541322314049587
0.7193526170798898
0.8822314049586777
0.8553719008264463
0.7541322314049587
0.8922176308539945
0.681129476584022
0.9159779614325069
0.7871900826446281
0.821969696969697
0.8929063360881543
0.7465564738292011
0.7940771349862259
0.6890495867768595
0.8784435261707989
0.8202479338842975
0.8929063360881543
0.8911845730027548
0.8774104683195593
0.8829201101928374
0.8612258953168044
0.8446969696969697
0.8109504132231405
0.8966942148760331
0.8815426997245179
0.8856749311294766
0.8088842975206612
0.8409090909090909
0.8381542699724518
0.9049586776859504
0.7551652892561983
0.7641184573002755
0.9297520661157025
0.7792699724517906
0.8584710743801653
0.8026859504132231
0.731404958677686
0.7159090909090909
0.7407024793388429
0.9359504132231405
0.897038567493113
0.9197658402203857
0.9297520661157025
0.8292011019283747
0.7517217630853994
0.8274793388429752
0.7486225895316805
0.9307851239669421
0.8526170798898072
0.8598484848484849
0.78099173553719
0.8230027548209367
0.8491735537190083
0.8409090909090909
0.9269972451790633
0.7496556473829201
0.7971763085399449
0.8994490358126722
0.7820247933884298
0.8278236914600551
0.7858126721763086
0.8557162534435262
0.8298898071625345
0.8650137741046832
0.7761707988980716
0.90633608815427
0.8398760330578512
0.7265840220385675
0.8574380165289256
0.9046143250688705
0.8567493112947658
0.8085399449035813
0.7896005509641874
0.8570936639118457
0.8154269972451791
0.8353994490358126
0.7830578512396694
0.8181818181818182
0.8161157024793388
0.90599173553719
0.8415977961432507
0.9094352617079889
0.7589531680440771
0.8636363636363636
0.8925619834710744
0.8739669421487604
0.8109504132231405
0.6112258953168044
0.7944214876033058
0.859504132231405
0.8660468319559229
0.7338154269972452
0.8619146005509641
0.8677685950413223
0.8254132231404959
0.8774104683195593
0.8712121212121212
0.7944214876033058
0.8367768595041323
0.8460743801652892
0.7555096418732782
0.128099173553719
0.7155647382920111
0.8836088154269972
0.8732782369146006
0.8560606060606061
0.9369834710743802
0.8319559228650137
0.8760330578512396
0.8708677685950413
0.8016528925619835
0.9476584022038568
0.7434573002754821
0.10881542699724518
0.8230027548209367
0.7978650137741047
0.8650137741046832
0.9018595041322314
0.7799586776859504
0.8829201101928374
0.8243801652892562
0.9149449035812672
0.8925619834710744
0.831267217630854
0.9080578512396694
0.8329889807162535
0.8915289256198347
0.8767217630853994
0.7658402203856749
0.7613636363636364
0.837465564738292
0.9053030303030303
0.8787878787878788
0.8192148760330579
0.9197658402203857
0.8016528925619835
0.8323002754820936
0.8026859504132231
0.7792699724517906
0.9084022038567493
0.8081955922865014
0.8044077134986226
0.7503443526170799
0.8657024793388429
0.8949724517906336
0.8171487603305785
0.9228650137741047
0.8756887052341598
0.7806473829201102
0.831267217630854
0.7658402203856749
0.7744490358126722
0.9387052341597796
0.8515840220385675
0.837465564738292
0.8230027548209367
0.84366391184573
0.7896005509641874
0.8384986225895317
0.834366391184573
0.8777548209366391
0.7634297520661157
0.8977272727272727
0.7592975206611571
0.8453856749311295
0.8109504132231405
0.7834022038567493
0.8081955922865014
0.7355371900826446
0.8612258953168044
0.893595041322314
0.8316115702479339
0.8598484848484849
0.803030303030303
0.7599862258953168
0.8942837465564738
0.7896005509641874
0.7840909090909091
0.803030303030303
0.7617079889807162
0.7703168044077136
0.8126721763085399
0.8918732782369146
0.8622589531680441
0.8357438016528925
0.7510330578512396
0.7889118457300276
0.9225206611570248
0.8818870523415978
0.7830578512396694
0.7565426997245179
0.7926997245179064
0.8774104683195593
0.956267217630854
0.8818870523415978
0.7393250688705234
0.8140495867768595
0.9066804407713499
0.684228650137741
0.8261019283746557
0.8123278236914601
0.8106060606060606
0.884641873278237
0.8932506887052342
0.7930440771349863
0.9328512396694215
0.7286501377410468
0.7572314049586777
0.8898071625344353
0.8849862258953168
0.8791322314049587
0.743801652892562
0.9373278236914601
0.6955922865013774
0.9483471074380165
0.8756887052341598
0.721763085399449
0.7692837465564738
0.7933884297520661
0.7513774104683195
0.9101239669421488
0.7734159779614325
0.8908402203856749
0.9762396694214877
0.8429752066115702
0.8109504132231405
0.9142561983471075
0.7658402203856749
0.875
0.7730716253443526
0.8894628099173554
0.8264462809917356
0.8347107438016529
0.8960055096418733
0.8560606060606061
0.8143939393939394
0.8798209366391184
0.8050964187327824
0.9146005509641874
0.8722451790633609
0.9018595041322314
0.8863636363636364
0.8274793388429752
0.8708677685950413
0.9163223140495868
0.8357438016528925
0.7992424242424242
0.9015151515151515
0.9714187327823691
0.7420798898071626
0.9146005509641874
0.9042699724517906
0.837465564738292
0.7851239669421488
0.868801652892562
0.8350550964187328
0.7930440771349863
0.7854683195592287
0.962465564738292
0.862603305785124
0.8536501377410468
0.8199035812672176
0.8860192837465565
0.8512396694214877
0.8019972451790633
0.8405647382920111
0.7417355371900827
0.8044077134986226
0.7988980716253443
0.8502066115702479
0.8464187327823691
0.9397382920110193
0.7988980716253443
0.8295454545454546
0.8987603305785123
0.7957988980716253
0.7689393939393939
0.8257575757575758
0.7871900826446281
0.900137741046832
0.871900826446281
0.9325068870523416
0.897038567493113
0.821969696969697
0.6838842975206612
0.8405647382920111
0.8557162534435262
0.7651515151515151
0.9259641873278237
0.8712121212121212
0.8068181818181818
0.9521349862258953
0.8329889807162535
0.818870523415978
0.9146005509641874
0.9356060606060606
0.900137741046832
0.8357438016528925
0.9035812672176309
0.8457300275482094
0.8763774104683195
0.9672865013774105
0.9163223140495868
0.9228650137741047
0.8860192837465565
0.8949724517906336
0.8429752066115702
0.9490358126721763
0.8639807162534435
0.7710055096418733
0.8808539944903582
0.8402203856749312
0.8760330578512396
0.8384986225895317
0.9128787878787878
0.7741046831955923
0.849862258953168
0.8942837465564738
0.9042699724517906
0.884641873278237
0.8853305785123967
0.8598484848484849
0.9173553719008265
0.8712121212121212
0.8298898071625345
0.9514462809917356
0.8199035812672176
0.8684573002754821
0.7651515151515151
0.7706611570247934
0.8168044077134986
0.940771349862259
0.8333333333333334
0.8815426997245179
0.7909779614325069
0.9204545454545454
0.9276859504132231
0.8725895316804407
0.9586776859504132
0.06129476584022039
0.831267217630854
0.8412534435261708
0.9073691460055097
0.8336776859504132
0.8405647382920111
0.8371212121212122
0.8236914600550964
0.878099173553719
0.7796143250688705
0.8774104683195593
0.8178374655647382
0.90633608815427
0.7806473829201102
0.8588154269972452
0.8894628099173554
0.8381542699724518
0.7689393939393939
0.921831955922865
0.8464187327823691
0.7451790633608816
0.743801652892562
0.8064738292011019
0.8663911845730028
0.8147382920110193
0.8670798898071626
0.7926997245179064
0.8553719008264463
0.7141873278236914
0.8694903581267218
0.8226584022038568
0.7427685950413223
0.893595041322314
0.9180440771349863
0.8078512396694215
0.8006198347107438
0.8801652892561983
0.8019972451790633
0.8350550964187328
0.7868457300275482
0.9517906336088154
0.824724517906336
0.8192148760330579
0.9015151515151515
0.7599862258953168
0.09986225895316804
0.8887741046831956
0.953168044077135
0.7765151515151515
0.8288567493112947
0.7286501377410468
0.8684573002754821
0.7572314049586777
0.8705234159779615
0.7555096418732782
0.8295454545454546
0.821625344352617
0.8075068870523416
0.7575757575757576
0.8309228650137741
0.7369146005509641
0.7689393939393939
0.8956611570247934
0.8508953168044077
0.8691460055096418
0.8102617079889807
0.8071625344352618
0.7754820936639119
0.8426308539944903
0.8911845730027548
0.8539944903581267
0.8147382920110193
0.8929063360881543
0.7975206611570248
0.846763085399449
0.8942837465564738
0.8019972451790633
0.8825757575757576
0.7668732782369146
0.8853305785123967
0.8267906336088154
0.890495867768595
0.7926997245179064
0.8395316804407713
0.8987603305785123
0.8357438016528925
0.8453856749311295
0.7427685950413223
0.8181818181818182
0.8457300275482094
0.75
0.7988980716253443
0.7954545454545454
0.8174931129476584
0.7159090909090909
0.8164600550964187
0.8409090909090909
0.8405647382920111
0.8391873278236914
0.8701790633608816
0.8646694214876033
0.890495867768595
0.903236914600551
0.7341597796143251
0.9066804407713499
0.7820247933884298
0.11225895316804407
0.7792699724517906
0.803030303030303
0.8994490358126722
0.8064738292011019
0.7716942148760331
0.8946280991735537
0.09090909090909091
0.8732782369146006
0.8508953168044077
0.7947658402203857
0.7992424242424242
0.9094352617079889
0.9163223140495868
0.9011707988980716
0.8119834710743802
0.8223140495867769
0.837465564738292
0.7620523415977961
0.8006198347107438
0.8867079889807162
0.8102617079889807
0.8777548209366391
0.8161157024793388
0.9242424242424242
0.8588154269972452
0.7837465564738292
0.8123278236914601
0.8574380165289256
0.7971763085399449
0.8550275482093664
0.8770661157024794
0.8577823691460055
0.8784435261707989
0.7978650137741047
0.7730716253443526
0.8443526170798898
0.8212809917355371
0.8085399449035813
0.8075068870523416
0.8787878787878788
0.8901515151515151
0.8650137741046832
0.7823691460055097
0.8932506887052342
0.8743112947658402
0.8013085399449036
0.7455234159779615
0.9696969696969697
0.8508953168044077
0.7224517906336089
0.8298898071625345
0.7734159779614325
0.9011707988980716
0.8753443526170799
0.8488292011019284
0.8715564738292011
0.859504132231405
0.9042699724517906
0.8698347107438017
0.9404269972451791
0.8660468319559229
0.746900826446281
0.8150826446280992
0.8632920110192838
0.8309228650137741
0.6990358126721763
0.9039256198347108
0.8591597796143251
0.9486914600550964
0.8388429752066116
0.8884297520661157
0.7548209366391184
0.9142561983471075
0.8064738292011019
0.8137052341597796
0.7930440771349863
0.8278236914600551
0.8756887052341598
0.7999311294765841
0.803374655647383
0.8360881542699724
0.0981404958677686
0.9039256198347108
0.8997933884297521
0.8601928374655647
0.8471074380165289
0.8994490358126722
0.9724517906336089
0.8309228650137741
0.7944214876033058
0.8123278236914601
0.8705234159779615
0.8037190082644629
0.8894628099173554
0.7954545454545454
0.9170110192837465
0.8946280991735537
0.9084022038567493
0.8254132231404959
0.8298898071625345
0.8360881542699724
0.7754820936639119
0.7710055096418733
0.8925619834710744
0.7152203856749312
0.7775482093663911
0.746900826446281
0.9115013774104683
0.8791322314049587
0.9104683195592287
0.9273415977961432
0.7592975206611571
0.8526170798898072
0.912534435261708
0.6701101928374655
0.8953168044077136
0.7713498622589532
0.8502066115702479
0.8567493112947658
0.9042699724517906
0.8543388429752066
0.6714876033057852
0.8684573002754821
0.7644628099173554
0.8298898071625345
0.8581267217630854
0.9376721763085399
0.7951101928374655
0.7224517906336089
0.8980716253443526
0.8257575757575758
0.09882920110192837
0.8798209366391184
0.7995867768595041
0.8199035812672176
0.806129476584022
0.7572314049586777
0.9080578512396694
0.9004820936639119
0.8505509641873278
0.8577823691460055
0.9035812672176309
0.8663911845730028
0.8684573002754821
0.7527548209366391
0.7957988980716253
0.78133608815427
0.8371212121212122
0.8143939393939394
0.7737603305785123
0.818870523415978
0.6535812672176309
0.7944214876033058
0.8360881542699724
0.887396694214876
0.8295454545454546
0.7768595041322314
0.8911845730027548
0.9290633608815427
0.8305785123966942
0.5974517906336089
0.665633608815427
0.8650137741046832
0.9118457300275482
0.881198347107438
0.696625344352617
0.9015151515151515
0.7723829201101928
0.8143939393939394
0.7513774104683195
0.9028925619834711
0.8347107438016529
0.7630853994490359
0.8446969696969697
0.7995867768595041
0.9049586776859504
0.8161157024793388
0.8512396694214877
0.8997933884297521
0.8495179063360881
