0.1979045401629802
0.6664726426076834
0.819557625145518
0.8480791618160652
0.7275902211874272
0.779976717112922
0.7756111757857974
0.729918509895227
0.8987194412107101
0.8250873108265425
0.3178114086146682
0.5925494761350407
0.6155413271245634
0.7430151338766007
0.8224679860302677
0.8521536670547147
0.7753201396973225
0.46362048894062863
0.6318393480791619
0.7156577415599534
0.7857974388824214
0.6178696158323632
0.7887077997671711
0.779685681024447
0.7479627473806753
0.8477881257275902
0.7529103608847497
0.7348661233993015
0.8993015133876601
0.7497089639115251
0.7584400465657741
0.7447613504074505
0.7243888242142026
0.6155413271245634
0.8844586728754366
0.789871944121071
0.8518626309662398
0.8346915017462165
0.810244470314319
0.8384749708963911
0.4740977881257276
0.7479627473806753
0.8975552968568102
0.570430733410943
0.8067520372526193
0.7459254947613504
0.7147846332945286
0.7182770663562281
0.5424912689173458
0.8489522700814901
0.7491268917345751
0.760477299185099
0.4330616996507567
0.7744470314318975
0.7008149010477299
0.7310826542491269
0.8716530849825378
0.7363213038416764
0.8239231664726426
0.8725261932479628
0.8320721769499418
0.6885913853317811
0.659778812572759
0.7788125727590222
0.4455762514551804
0.8544819557625145
0.7016880093131548
0.9324796274738067
0.85011641443539
0.9080325960419092
0.7447613504074505
0.890279394644936
0.7168218859138533
0.7453434225844005
0.7415599534342259
0.818975552968568
0.7491268917345751
0.0002910360884749709
0.9342258440046566
0.8905704307334109
0.7788125727590222
0.47817229336437717
0.8032596041909197
0.7208963911525029
0.7139115250291036
0.6388242142025611
0.8297438882421421
0.8966821885913854
0.7732828870779976
0.7214784633294529
0.8824214202561118
0.8073341094295693
0.7980209545983702
0.7785215366705471
0.7945285215366705
0.7363213038416764
0.7662980209545984
0.6443538998835856
0.69965075669383
0.7083818393480792
0.19237485448195576
0.730209545983702
0.740104772991851
0.6740395809080326
0.7686263096623981
0.21885913853317812
0.8230500582072177
0.7086728754365541
0.12863795110593715
0.7657159487776485
0.8987194412107101
0.6525029103608847
0.7013969732246799
0.8946449359720605
0.5430733410942957
0.48341094295692666
0.7354481955762514
0.8285797438882422
0.789289871944121
0.8355646100116414
0.8018044237485448
0.8215948777648429
0.9292782305005821
0.5046565774155995
0.779685681024447
0.9065774155995343
0.7421420256111758
0.6883003492433062
0.8140279394644936
0.6175785797438882
0.7025611175785798
0.6883003492433062
0.810244470314319
0.669091967403958
0.760477299185099
0.7724097788125728
0.7526193247962747
0.8128637951105937
0.6926658905704307
0.8710710128055879
0.0005820721769499418
0.6885913853317811
0.789289871944121
0.6463911525029103
0.8649592549476135
0.9432479627473807
0.25
0.20576251455180442
0.84953434225844
0.8541909196740396
0.7089639115250291
0.7537834691501746
0.7945285215366705
0.7342840512223515
0.7718277066356228
0.8952270081490105
0.6664726426076834
0.9237485448195576
0.8498253783469151
0.8323632130384168
0.7948195576251456
0.7316647264260768
0.5846915017462165
0.7337019790454016
0.479918509895227
0.6178696158323632
0.7508731082654249
0.780558789289872
0.7607683352735739
0.9161816065192084
0.7421420256111758
0.7540745052386496
0.6589057043073341
0.7779394644935972
0.45256111757857975
0.8867869615832363
0.6650174621653085
0.8143189755529686
0.9298603026775321
0.7040162980209546
0.9164726426076834
0.8291618160651921
0.8236321303841676
0.6475552968568102
0.7139115250291036
0.19470314318975554
0.8207217694994179
0.8358556461001164
0.739522700814901
0.6050640279394645
0.7994761350407451
0.7986030267753201
0.7916181606519208
0.7433061699650757
0.6583236321303841
0.818975552968568
0.7206053550640279
0.6912107101280559
0.8451688009313155
0.5148428405122235
0.6641443538998836
0.7174039580908033
0.7814318975552969
0.8888242142025611
0.8329452852153667
0.7345750873108265
0.829452852153667
0.7433061699650757
0.6944121071012805
0.8361466821885913
0.6632712456344587
0.7028521536670547
0.7514551804423748
0.7086728754365541
0.8111175785797439
0.7342840512223515
0.6763678696158324
0.6527939464493597
0.689173457508731
0.6999417927823051
0.8891152502910361
0.8777648428405123
0.8489522700814901
0.6330034924330618
0.9182188591385332
0.21071012805587894
0.6292200232828871
0.6862630966239813
0.6958672875436555
0.7523282887077998
0.7665890570430733
0.8591385331781141
0.7290454016298021
0.7566938300349243
0.9298603026775321
0.20634458672875436
0.8329452852153667
0.7686263096623981
0.8285797438882422
0.8538998835855646
0.20925494761350408
0.7651338766006985
0.7313736903376019
0.8937718277066357
0.7110011641443539
0.19528521536670548
0.8774738067520372
0.6559953434225844
0.47176949941792784
0.719441210710128
0.6519208381839348
0.16414435389988358
0.6865541327124564
0.32043073341094297
0.740395809080326
0.7968568102444703
0.8079161816065192
0.9662398137369034
0.690628637951106
0.7572759022118742
0.7371944121071012
0.840512223515716
0.21623981373690337
0.7057625145518044
0.1621071012805588
0.8157741559953434
0.719441210710128
0.7054714784633295
0.6734575087310827
0.7485448195576252
0.6871362048894063
0.6766589057043073
0.7435972060535506
0.810244470314319
0.7575669383003493
0.880093131548312
0.8009313154831199
0.7043073341094296
0.8981373690337602
0.880675203725262
0.740395809080326
0.8061699650756694
0.6650174621653085
0.8888242142025611
0.6495925494761351
0.8690337601862631
0.7817229336437719
0.8352735739231665
0.7435972060535506
0.5349243306169965
0.7261350407450524
0.7959837019790454
0.719732246798603
0.15512223515715948
0.620197904540163
0.7840512223515715
0.8157741559953434
0.8993015133876601
0.8541909196740396
0.770663562281723
0.7095459837019791
0.8928987194412107
0.8105355064027939
0.9147264260768335
0.790162980209546
0.8020954598370198
0.7846332945285215
0.7974388824214202
0.8390570430733411
0.9027939464493597
0.8486612339930152
0.9001746216530849
0.6926658905704307
0.690628637951106
0.6894644935972061
0.8815483119906868
0.29161816065192087
0.5122235157159488
0.7959837019790454
0.739522700814901
0.709254947613504
0.7447613504074505
0.7857974388824214
0.6734575087310827
0.7546565774155995
0.8259604190919674
0.8221769499417928
0.8090803259604191
0.7645518044237486
0.7208963911525029
0.7182770663562281
0.7162398137369034
0.7712456344586729
0.7174039580908033
0.7051804423748544
0.21187427240977882
0.7887077997671711
0.8227590221187427
0.9138533178114087
0.7363213038416764
0.810826542491269
0.9321885913853318
0.7325378346915018
0.6781140861466822
0.7773573923166472
0.8536088474970897
0.730209545983702
0.0619906868451688
0.8926076833527358
0.9025029103608847
0.8183934807916181
0.9068684516880093
0.7616414435389989
0.7671711292200233
0.7956926658905704
0.9144353899883586
0.8221769499417928
0.789871944121071
0.860593713620489
0.8771827706635623
0.789289871944121
0.7188591385331781
0.6525029103608847
0.7441792782305006
0.7043073341094296
0.7860884749708964
0.8556461001164144
0.7555296856810244
0.7840512223515715
0.6295110593713621
0.6862630966239813
0.7587310826542492
0.6981955762514552
0.690628637951106
0.7820139697322468
0.6501746216530849
0.8134458672875436
0.8370197904540163
0.7479627473806753
0.7523282887077998
0.6824796274738067
0.9016298020954598
0.8463329452852154
0.9612922002328289
0.4662398137369034
0.3926076833527357
0.7662980209545984
0.759604190919674
0.7252619324796274
0.7860884749708964
0.8253783469150174
0.7712456344586729
0.7761932479627474
0.7447613504074505
0.7369033760186263
0.6915017462165308
0.6405704307334109
0.46012805587892897
0.7168218859138533
0.7954016298020955
0.909778812572759
0.24534342258440048
0.6510477299185099
0.85011641443539
0.5628637951105937
0.7764842840512224
0.8943538998835856
0.7444703143189756
0.8134458672875436
0.6941210710128056
0.8355646100116414
0.7444703143189756
0.2217694994179278
0.6949941792782305
0.8844586728754366
0.7994761350407451
0.8210128055878929
0.7421420256111758
0.7281722933643772
0.6981955762514552
0.8111175785797439
0.7226426076833528
0.8058789289871944
0.8125727590221188
0.7590221187427241
0.6618160651920838
0.7444703143189756
0.7360302677532014
0.740104772991851
0.6612339930151339
0.7418509895227008
0.7523282887077998
0.6938300349243306
0.6641443538998836
0.7363213038416764
0.7974388824214202
0.7278812572759022
0.8326542491268918
0.729336437718277
0.7759022118742724
0.2060535506402794
0.640279394644936
0.7866705471478463
0.6591967403958091
0.7526193247962747
0.7811408614668219
0.8553550640279395
0.889697322467986
0.6685098952270081
0.719732246798603
0.8509895227008148
0.7331199068684517
0.8288707799767171
0.8277066356228172
0.709254947613504
0.30471478463329454
0.6958672875436555
0.8492433061699651
0.16734575087310827
0.9147264260768335
0.8326542491268918
0.780267753201397
0.7179860302677532
0.7872526193247963
0.719441210710128
0.7462165308498254
0.22962747380675202
0.7642607683352736
0.8681606519208381
0.7922002328288708
0.8408032596041909
0.8477881257275902
0.8166472642607684
0.69965075669383
0.8457508731082655
0.7171129220023282
0.6877182770663562
0.6926658905704307
0.8556461001164144
0.7951105937136205
0.7290454016298021
0.8087892898719441
0.6155413271245634
0.7430151338766007
0.740104772991851
0.1880093131548312
0.7753201396973225
0.8090803259604191
0.8032596041909197
0.4522700814901048
0.8844586728754366
0.6137951105937136
0.7555296856810244
0.8376018626309663
0.879802095459837
0.8768917345750873
0.8320721769499418
0.8483701979045402
0.7459254947613504
0.7866705471478463
0.7363213038416764
0.6507566938300349
0.8419674039580908
0.8044237485448196
0.7424330616996507
0.6871362048894063
0.6315483119906868
0.89988358556461
0.7246798603026775
0.7852153667054714
0.819557625145518
0.4883585564610012
0.8236321303841676
0.7951105937136205
0.9508149010477299
0.7171129220023282
0.8119906868451688
0.6984866123399301
0.8384749708963911
0.8023864959254947
0.8888242142025611
0.819557625145518
0.7505820721769499
0.8149010477299186
0.7924912689173458
0.6562863795110594
0.7933643771827706
0.8766006984866124
0.6647264260768335
0.7040162980209546
0.8911525029103609
0.7919091967403958
0.7054714784633295
0.8137369033760187
0.7104190919674039
0.7278812572759022
0.6830616996507567
0.23748544819557627
0.6993597206053551
0.6967403958090803
0.7264260768335273
0.7709545983701979
0.7540745052386496
0.7479627473806753
0.9423748544819558
0.8364377182770664
0.780558789289872
0.7502910360884749
0.8111175785797439
0.7220605355064028
0.8524447031431898
0.5634458672875436
0.7339930151338766
0.2240977881257276
0.7744470314318975
0.7022700814901047
0.6673457508731082
0.7613504074505238
0.6784051222351571
0.7438882421420256
0.8489522700814901
0.790745052386496
0.7447613504074505
0.780267753201397
0.7954016298020955
0.8591385331781141
0.16763678696158324
0.7476717112922002
0.8346915017462165
0.9313154831199069
0.7465075669383003
0.21740395809080326
0.8213038416763678
0.780558789289872
0.719441210710128
0.6766589057043073
0.23137369033760186
0.7814318975552969
0.7980209545983702
0.8867869615832363
0.7564027939464494
0.7779394644935972
0.7572759022118742
0.5410360884749709
0.7238067520372526
0.759604190919674
0.6676367869615832
0.759604190919674
0.7150756693830035
0.7051804423748544
0.8742724097788126
0.8445867287543656
0.7930733410942957
0.36641443538998836
0.779685681024447
0.8550640279394645
0.4607101280558789
0.659487776484284
0.6850989522700814
0.7662980209545984
0.8367287543655413
0.6842258440046566
0.6364959254947613
0.7558207217694994
0.7063445867287543
0.5471478463329453
0.7144935972060535
0.6501746216530849
0.8652502910360885
0.7954016298020955
0.7674621653084982
0.7555296856810244
0.15250291036088476
0.8617578579743889
0.7473806752037253
0.7625145518044237
0.910360884749709
0.7828870779976718
0.7075087310826542
0.8905704307334109
0.8774738067520372
0.22875436554132714
0.6856810244470314
0.760186263096624
0.7846332945285215
0.690628637951106
0.6853899883585565
0.7427240977881258
0.7354481955762514
0.7488358556461001
0.6661816065192084
0.7043073341094296
0.8678696158323632
0.7817229336437719
0.7561117578579744
0.7709545983701979
0.8766006984866124
0.1941210710128056
0.8527357392316647
0.79976717112922
0.7724097788125728
0.8544819557625145
0.8236321303841676
0.8736903376018627
0.7412689173457508
0.6859720605355064
0.8474970896391153
0.8853317811408614
0.630675203725262
0.8410942956926659
0.7115832363213038
0.2281722933643772
0.730209545983702
0.22759022118742725
0.19179278230500582
0.6664726426076834
0.7686263096623981
0.8041327124563445
0.7593131548311991
0.910360884749709
0.7267171129220024
0.8783469150174622
0.7779394644935972
0.729918509895227
0.7849243306169965
0.769790454016298
0.819848661233993
0.789871944121071
0.19965075669383003
0.7744470314318975
0.6073923166472642
0.7529103608847497
0.8084982537834692
0.6740395809080326
0.8323632130384168
0.7951105937136205
0.7159487776484285
0.7808498253783469
0.7147846332945286
0.21478463329452852
0.6766589057043073
0.7360302677532014
0.8052968568102444
0.7185681024447031
0.7980209545983702
0.7409778812572759
0.8477881257275902
0.8201396973224679
0.6970314318975553
0.6865541327124564
0.8052968568102444
0.7986030267753201
0.8122817229336438
0.7558207217694994
0.7820139697322468
0.7156577415599534
0.8015133876600699
0.7828870779976718
0.8332363213038417
0.7814318975552969
0.7267171129220024
0.6417345750873108
0.8306169965075669
0.7930733410942957
0.6536670547147846
0.5264842840512224
0.6976135040745053
0.7616414435389989
0.23341094295692666
0.8952270081490105
0.6615250291036089
0.9429569266589057
0.810244470314319
0.7642607683352736
0.6778230500582072
0.8661233993015134
0.6938300349243306
0.6746216530849826
0.6362048894062864
0.5259022118742724
0.829452852153667
0.8268335273573924
0.8323632130384168
0.8489522700814901
0.7773573923166472
0.5570430733410943
0.659778812572759
0.7904540162980209
0.7371944121071012
0.780267753201397
0.6481373690337602
0.8477881257275902
0.7083818393480792
0.579452852153667
0.6807334109429569
0.6542491268917345
0.680151338766007
0.6027357392316647
0.8361466821885913
0.7467986030267754
0.6536670547147846
0.7939464493597206
0.6516298020954598
0.7965657741559954
0.6947031431897556
0.8847497089639115
0.7191501746216531
0.7965657741559954
0.7217694994179278
0.8926076833527358
0.6880093131548312
0.7808498253783469
0.6626891734575088
0.5040745052386496
0.7383585564610011
0.34429569266589055
0.8963911525029103
0.7185681024447031
0.7473806752037253
0.6973224679860303
0.9286961583236322
0.7922002328288708
0.7136204889406287
0.6932479627473807
0.32508731082654246
0.7575669383003493
0.8253783469150174
0.4740977881257276
0.8256693830034925
0.7630966239813737
0.7479627473806753
0.8250873108265425
0.7991850989522701
0.7322467986030268
0.6318393480791619
0.6979045401629802
0.5148428405122235
0.7171129220023282
0.7930733410942957
0.8090803259604191
0.8306169965075669
0.6871362048894063
0.7834691501746216
0.640279394644936
0.8640861466821886
0.7980209545983702
0.6920838183934808
0.6053550640279395
0.8958090803259604
0.6752037252619325
0.7811408614668219
0.8521536670547147
0.8376018626309663
0.4371362048894063
0.6807334109429569
0.7875436554132712
0.7371944121071012
0.8940628637951106
0.7459254947613504
0.2668800931315483
0.8282887077997672
0.8067520372526193
0.7607683352735739
0.7485448195576252
0.8122817229336438
0.620197904540163
0.3521536670547148
0.7482537834691502
0.80034924330617
0.8175203725261933
0.8509895227008148
0.7150756693830035
0.8591385331781141
0.890279394644936
0.619906868451688
0.760186263096624
0.7916181606519208
0.830908032596042
0.8116996507566938
0.8134458672875436
0.6609429569266589
0.8131548311990687
0.6993597206053551
0.6781140861466822
0.6693830034924331
0.7284633294528522
0.7441792782305006
0.6749126891734575
0.6993597206053551
0.8224679860302677
0.8038416763678696
0.8230500582072177
0.7479627473806753
0.7051804423748544
0.7261350407450524
0.8629220023282888
0.7759022118742724
0.8393480791618161
0.03812572759022119
0.7846332945285215
0.639406286379511
0.6993597206053551
0.7759022118742724
0.7080908032596042
0.4610011641443539
0.8538998835855646
0.8087892898719441
0.8116996507566938
0.809371362048894
0.8282887077997672
0.2628055878928987
0.7916181606519208
0.7654249126891735
0.70023282887078
0.3870779976717113
0.8931897555296857
0.8579743888242142
0.8023864959254947
0.6126309662398137
0.8326542491268918
0.7217694994179278
0.6883003492433062
0.8364377182770664
0.8111175785797439
0.8451688009313155
0.19179278230500582
0.6650174621653085
0.8012223515715948
0.740104772991851
0.7878346915017462
0.8114086146682189
0.7066356228172294
0.8061699650756694
0.8667054714784633
0.8480791618160652
0.8981373690337602
0.8678696158323632
0.8486612339930152
0.48864959254947615
0.8055878928987195
0.8614668218859138
0.6647264260768335
0.6169965075669382
0.7494179278230501
0.7339930151338766
0.6848079161816065
0.8553550640279395
0.7860884749708964
0.8637951105937136
0.6807334109429569
0.7840512223515715
0.8614668218859138
0.6772409778812573
0.75
0.7834691501746216
0.7523282887077998
0.7922002328288708
0.6391152502910361
0.690046565774156
0.760477299185099
0.8358556461001164
0.7310826542491269
0.5742142025611175
0.7619324796274738
0.6979045401629802
0.7532013969732246
0.6309662398137369
0.7223515715948777
0.7043073341094296
0.7887077997671711
0.6842258440046566
0.7179860302677532
0.7936554132712457
0.7980209545983702
0.8210128055878929
0.8233410942956927
0.9118160651920838
0.37485448195576254
0.7051804423748544
0.6629802095459837
0.6746216530849826
0.8629220023282888
0.7677532013969732
0.8824214202561118
0.8538998835855646
0.80034924330617
0.7011059371362048
0.730209545983702
0.6653084982537835
0.7613504074505238
0.10273573923166472
0.7465075669383003
0.7497089639115251
0.7345750873108265
0.7168218859138533
0.7863795110593713
0.7648428405122235
0.7974388824214202
0.6632712456344587
0.5596623981373691
0.7584400465657741
0.7424330616996507
0.20430733410942956
0.9019208381839348
0.8079161816065192
0.4627473806752037
0.6850989522700814
0.6373690337601863
0.7761932479627474
0.7639697322467986
0.7374854481955763
0.7904540162980209
0.7185681024447031
0.80034924330617
0.6082654249126892
0.8038416763678696
0.6385331781140862
0.7240977881257276
0.7040162980209546
0.6647264260768335
0.6423166472642607
0.7575669383003493
0.7110011641443539
0.7887077997671711
0.7386495925494762
0.7942374854481956
0.69965075669383
0.47933643771827705
0.6929569266589057
0.5951688009313155
0.7735739231664727
0.22235157159487776
0.7287543655413271
0.7374854481955763
0.769208381839348
0.7182770663562281
0.7278812572759022
0.809371362048894
0.7243888242142026
0.7447613504074505
0.7185681024447031
0.6926658905704307
0.7467986030267754
0.7133294528521537
0.7764842840512224
0.8431315483119907
0.7136204889406287
0.819848661233993
0.9030849825378346
0.7613504074505238
0.8815483119906868
0.8978463329452853
0.9042491268917345
0.9249126891734575
0.8733993015133876
0.7575669383003493
0.8253783469150174
0.7270081490104773
0.7689173457508731
0.6580325960419092
0.7817229336437719
0.90046565774156
0.8946449359720605
0.8035506402793946
0.7991850989522701
0.8576833527357393
0.7229336437718277
0.8934807916181606
0.7156577415599534
0.8364377182770664
0.6673457508731082
0.780558789289872
0.7456344586728755
0.7555296856810244
0.8055878928987195
0.7467986030267754
0.8573923166472642
0.7502910360884749
0.780558789289872
0.8608847497089639
0.8029685681024447
0.18655413271245636
0.8661233993015134
0.7860884749708964
0.6644353899883586
0.9176367869615832
0.6856810244470314
0.8460419091967404
0.7095459837019791
0.5128055878928988
0.7971478463329453
0.7325378346915018
0.8253783469150174
0.8111175785797439
0.7467986030267754
0.780558789289872
0.7444703143189756
0.9231664726426076
0.6606519208381839
0.8640861466821886
0.8297438882421421
0.7220605355064028
0.8012223515715948
0.3766006984866123
0.6935389988358557
0.6845168800931315
0.21041909196740397
0.6752037252619325
0.7366123399301513
0.5535506402793946
0.8323632130384168
0.7983119906868452
0.6981955762514552
0.7517462165308498
0.8006402793946449
0.17316647264260768
0.5518044237485448
0.6708381839348079
0.8006402793946449
0.7409778812572759
0.8422584400465658
0.860593713620489
0.860302677532014
0.9062863795110594
0.8571012805587893
0.7371944121071012
0.7575669383003493
0.6830616996507567
0.869906868451688
0.4947613504074505
0.6792782305005821
0.9356810244470314
0.7171129220023282
0.769208381839348
0.7159487776484285
0.8626309662398137
0.6359138533178114
0.8562281722933643
0.659778812572759
0.6932479627473807
0.8879511059371362
0.7639697322467986
0.7613504074505238
0.6999417927823051
0.7427240977881258
0.6341676367869615
0.7392316647264261
0.8518626309662398
0.6679278230500582
0.6036088474970897
0.7290454016298021
0.9019208381839348
0.7491268917345751
0.35651920838183937
0.8469150174621654
0.7351571594877765
0.7922002328288708
0.8646682188591386
0.20750873108265425
0.6865541327124564
0.7066356228172294
0.6880093131548312
0.8498253783469151
0.8111175785797439
0.7130384167636787
0.8026775320139697
0.7121653084982538
0.7735739231664727
0.7497089639115251
0.7502910360884749
0.6073923166472642
0.7054714784633295
0.2671711292200233
0.7069266589057043
0.05616996507566938
0.6874272409778812
0.7628055878928988
0.9263678696158324
0.69965075669383
0.8661233993015134
0.7840512223515715
0.659778812572759
0.22206053550640278
0.889697322467986
0.1909196740395809
0.8940628637951106
0.43160651920838183
0.8952270081490105
0.9429569266589057
0.7144935972060535
0.6589057043073341
0.7174039580908033
0.8000582072176949
0.7441792782305006
0.1850989522700815
0.9033760186263097
0.9129802095459837
0.7683352735739232
0.4220023282887078
0.7910360884749709
0.6807334109429569
0.48253783469150174
0.7846332945285215
0.8131548311990687
0.13533178114086147
0.870197904540163
0.709254947613504
0.6749126891734575
0.2450523864959255
0.860302677532014
0.8786379511059371
0.7339930151338766
0.7185681024447031
0.7517462165308498
0.7633876600698487
0.7366123399301513
0.8920256111757858
0.7523282887077998
0.7424330616996507
0.7322467986030268
0.199941792782305
0.5023282887077998
0.229918509895227
0.669091967403958
0.8090803259604191
0.6679278230500582
0.889988358556461
0.7136204889406287
0.7075087310826542
0.002910360884749709
0.6423166472642607
0.8137369033760187
0.681024447031432
0.6562863795110594
0.759895227008149
0.8186845168800931
0.4610011641443539
0.17549476135040745
0.8384749708963911
0.7648428405122235
0.7418509895227008
0.7677532013969732
0.004365541327124563
0.8268335273573924
0.8134458672875436
0.8891152502910361
0.7206053550640279
0.7444703143189756
0.7086728754365541
0.7211874272409778
0.1120488940628638
0.7310826542491269
0.8018044237485448
0.9467403958090803
0.6947031431897556
0.8981373690337602
0.6391152502910361
0.5023282887077998
0.8084982537834692
0.21536670547147846
0.729918509895227
0.8524447031431898
0.8669965075669382
0.9243306169965075
0.4659487776484284
0.9243306169965075
0.8448777648428405
0.8090803259604191
0.7051804423748544
0.7639697322467986
0.6912107101280559
0.7316647264260768
0.8428405122235157
0.6452270081490105
0.8006402793946449
0.6720023282887078
0.7689173457508731
0.8259604190919674
0.7136204889406287
0.7069266589057043
0.789289871944121
0.7246798603026775
0.7828870779976718
0.8349825378346915
0.7441792782305006
0.8661233993015134
0.8239231664726426
0.6816065192083819
0.7182770663562281
0.6664726426076834
0.7345750873108265
0.6670547147846333
0.75
0.8867869615832363
0.7246798603026775
0.6848079161816065
0.7910360884749709
0.9252037252619325
0.6725844004656577
0.6335855646100116
0.7555296856810244
0.6501746216530849
0.48341094295692666
0.89988358556461
0.9333527357392316
0.7558207217694994
0.7630966239813737
0.7174039580908033
0.7031431897555297
0.8073341094295693
0.7133294528521537
0.8154831199068685
0.7290454016298021
0.8649592549476135
0.8844586728754366
0.7124563445867288
0.9167636786961583
0.6082654249126892
0.7252619324796274
0.7924912689173458
0.8215948777648429
0.7724097788125728
0.7817229336437719
0.709254947613504
0.7916181606519208
0.7497089639115251
0.7718277066356228
0.8963911525029103
0.8323632130384168
0.3224679860302678
0.7808498253783469
0.7831781140861467
0.7095459837019791
0.6228172293364377
0.7887077997671711
0.7520372526193247
0.7127473806752037
0.8795110593713621
0.7369033760186263
0.8637951105937136
0.7875436554132712
0.8914435389988359
0.5916763678696159
0.48370197904540163
0.7223515715948777
0.8559371362048894
0.7386495925494762
0.9292782305005821
0.819848661233993
0.8629220023282888
0.8122817229336438
0.8000582072176949
0.9409196740395809
0.8512805587892899
0.7863795110593713
0.8952270081490105
0.8221769499417928
0.7462165308498254
0.7636786961583236
0.8285797438882422
0.7639697322467986
0.8832945285215367
0.790745052386496
0.19877764842840512
0.46449359720605354
0.8547729918509895
0.5183352735739232
0.8536088474970897
0.8966821885913854
0.7942374854481956
0.8018044237485448
0.860302677532014
0.8547729918509895
0.6830616996507567
0.8297438882421421
0.9106519208381839
0.7374854481955763
0.8149010477299186
0.7660069848661234
0.7919091967403958
0.7744470314318975
0.7389406286379511
0.710128055878929
0.710128055878929
0.7738649592549476
0.7732828870779976
0.719732246798603
0.7040162980209546
0.9042491268917345
0.80034924330617
0.7508731082654249
0.5826542491268918
0.8393480791618161
0.8442956926658906
0.9254947613504074
0.7080908032596042
0.7581490104772992
0.7456344586728755
0.7654249126891735
0.8079161816065192
0.2290454016298021
0.8873690337601863
0.409778812572759
0.8015133876600699
0.5526775320139697
0.8378928987194412
0.8073341094295693
0.6850989522700814
0.7986030267753201
0.6903376018626309
0.7083818393480792
0.7581490104772992
0.7817229336437719
0.6213620488940629
0.709254947613504
0.7488358556461001
0.6865541327124564
0.8684516880093132
0.7016880093131548
0.18131548311990686
0.6772409778812573
0.8425494761350407
0.6999417927823051
0.8326542491268918
0.6865541327124564
0.7389406286379511
0.8160651920838184
0.8038416763678696
0.9022118742724098
0.8748544819557625
0.8926076833527358
0.6623981373690337
0.730209545983702
0.6967403958090803
0.869324796274738
0.21245634458672877
0.9118160651920838
0.7488358556461001
0.6513387660069848
0.7339930151338766
0.1979045401629802
0.759604190919674
0.7523282887077998
0.25349243306169966
0.8786379511059371
0.7110011641443539
0.760186263096624
0.8215948777648429
0.7825960419091967
0.6653084982537835
0.7869615832363213
0.8862048894062864
0.7176949941792782
0.7683352735739232
0.6551222351571595
0.7351571594877765
0.8268335273573924
0.7220605355064028
0.8637951105937136
0.21362048894062863
0.8090803259604191
0.7936554132712457
0.8041327124563445
0.5323050058207218
0.819848661233993
0.9298603026775321
0.7296274738067521
0.8015133876600699
0.6944121071012805
0.909487776484284
0.6926658905704307
0.6731664726426076
0.8626309662398137
0.7910360884749709
0.8931897555296857
0.8472060535506403
0.8111175785797439
0.9155995343422585
0.7677532013969732
0.7866705471478463
0.9057043073341094
0.8166472642607684
0.7357392316647264
0.5969150174621654
0.7593131548311991
0.8562281722933643
0.8131548311990687
0.8250873108265425
0.7043073341094296
0.6443538998835856
0.669674039580908
0.8736903376018627
0.6947031431897556
0.7549476135040745
0.44965075669383003
0.8725261932479628
0.8559371362048894
0.769208381839348
0.8635040745052387
0.8373108265424912
0.7811408614668219
0.809371362048894
0.7607683352735739
0.6714202561117578
0.7881257275902211
0.8317811408614668
0.7555296856810244
0.7540745052386496
0.7337019790454016
0.6722933643771828
0.6073923166472642
0.7389406286379511
0.7331199068684517
0.8038416763678696
0.770081490104773
0.7511641443538999
0.23486612339930152
0.7529103608847497
0.8818393480791619
0.6481373690337602
0.779685681024447
0.7220605355064028
0.7817229336437719
0.8050058207217695
0.9022118742724098
0.8710710128055879
0.7968568102444703
0.8035506402793946
0.729918509895227
0.6973224679860303
0.7147846332945286
0.7150756693830035
0.8076251455180442
0.7243888242142026
0.8611757857974389
0.6926658905704307
0.8489522700814901
0.7572759022118742
0.7479627473806753
0.8178114086146682
0.8690337601862631
0.7191501746216531
0.880384167636787
0.9132712456344587
0.7272991850989523
0.7334109429569267
0.6667636786961583
0.6915017462165308
0.7814318975552969
0.7156577415599534
0.8082072176949942
0.7104190919674039
0.7770663562281723
0.8242142025611175
0.8667054714784633
0.6973224679860303
0.6778230500582072
0.6484284051222352
0.6408614668218859
0.7927823050058207
0.8585564610011641
0.6044819557625145
0.7133294528521537
0.4909778812572759
0.8233410942956927
0.7924912689173458
0.7051804423748544
0.6580325960419092
0.7348661233993015
0.8387660069848661
0.8850407450523865
0.2639697322467986
0.7741559953434226
0.680442374854482
0.8547729918509895
0.35797438882421423
0.7785215366705471
0.840221187427241
0.8137369033760187
0.860011641443539
0.7435972060535506
0.6961583236321304
0.8076251455180442
0.7991850989522701
0.7386495925494762
0.8329452852153667
0.4429569266589057
0.790162980209546
0.7735739231664727
0.6405704307334109
0.7788125727590222
0.7665890570430733
0.7325378346915018
0.7121653084982538
0.7142025611175786
0.7648428405122235
0.46653084982537835
0.7505820721769499
0.1929569266589057
0.8242142025611175
0.8579743888242142
0.9444121071012805
0.6137951105937136
0.7171129220023282
0.7814318975552969
0.8247962747380675
0.8143189755529686
0.6833527357392316
0.5715948777648429
0.8751455180442375
0.8050058207217695
0.8955180442374855
0.6903376018626309
0.8178114086146682
0.7412689173457508
0.6725844004656577
0.8847497089639115
0.4610011641443539
0.860302677532014
0.8766006984866124
0.7223515715948777
0.6952852153667055
0.889988358556461
0.8029685681024447
0.7590221187427241
0.19644935972060534
0.8530267753201397
0.7552386495925495
0.6813154831199069
0.859720605355064
0.7977299185098953
0.7406868451688009
0.6609429569266589
0.8338183934807916
0.669674039580908
0.8480791618160652
0.7534924330616997
0.7264260768335273
0.7564027939464494
0.6658905704307334
0.22235157159487776
0.30587892898719443
0.5919674039580908
0.6009895227008148
0.5357974388824214
0.7272991850989523
0.7057625145518044
0.7275902211874272
0.8373108265424912
0.7994761350407451
0.8349825378346915
0.7511641443538999
0.6967403958090803
0.7488358556461001
0.8009313154831199
0.7217694994179278
0.6903376018626309
0.7497089639115251
0.8183934807916181
0.7919091967403958
0.6973224679860303
0.830908032596042
0.7383585564610011
0.1979045401629802
0.6586146682188592
0.7651338766006985
0.7424330616996507
0.7834691501746216
0.2307916181606519
0.9252037252619325
0.8259604190919674
0.27502910360884747
0.9054132712456344
0.80034924330617
0.7593131548311991
0.8116996507566938
0.810826542491269
0.7165308498253784
0.6065192083818394
0.8026775320139697
0.7671711292200233
0.9135622817229336
0.5989522700814901
0.889988358556461
0.7462165308498254
0.7185681024447031
0.7543655413271245
0.7610593713620489
0.6952852153667055
0.6798603026775321
0.7936554132712457
0.7968568102444703
0.6056461001164144
0.7465075669383003
0.75
0.8512805587892899
0.7881257275902211
0.7764842840512224
0.9121071012805588
0.8637951105937136
0.8815483119906868
0.8579743888242142
0.8256693830034925
0.8364377182770664
0.7229336437718277
0.7916181606519208
0.8000582072176949
0.7872526193247963
0.7005238649592549
0.7823050058207218
0.7837601862630966
0.8547729918509895
0.830908032596042
0.659778812572759
0.7846332945285215
0.7328288707799767
0.7188591385331781
0.7206053550640279
0.7328288707799767
0.8472060535506403
0.6850989522700814
0.2261350407450524
0.770081490104773
0.8384749708963911
0.7366123399301513
0.7508731082654249
0.8652502910360885
0.7986030267753201
0.7438882421420256
0.730209545983702
0.8346915017462165
0.2744470314318976
0.6207799767171129
0.7837601862630966
0.6868451688009313
0.7753201396973225
0.7930733410942957
0.6781140861466822
0.1970314318975553
0.6478463329452853
0.7619324796274738
0.7694994179278231
0.7089639115250291
0.8221769499417928
0.7846332945285215
0.7523282887077998
0.8635040745052387
0.9569266589057043
0.8253783469150174
0.7724097788125728
0.8262514551804424
0.6335855646100116
0.8434225844004657
0.19761350407450523
0.8207217694994179
0.13766006984866122
0.8131548311990687
0.8297438882421421
0.8745634458672875
0.8835855646100116
0.7465075669383003
0.84953434225844
0.7142025611175786
0.44732246798603026
0.7296274738067521
0.8993015133876601
0.7418509895227008
0.8905704307334109
0.7709545983701979
0.7450523864959255
0.7924912689173458
0.730791618160652
0.8885331781140862
0.7246798603026775
0.7174039580908033
0.7846332945285215
0.7962747380675204
0.19732246798603026
0.7654249126891735
0.7077997671711292
0.7936554132712457
0.7857974388824214
0.8341094295692666
0.8413853317811408
0.7369033760186263
0.7619324796274738
0.8905704307334109
0.6784051222351571
0.789871944121071
0.660069848661234
0.05529685681024447
0.8279976717112922
0.22206053550640278
0.8466239813736903
0.8181024447031432
0.6411525029103609
0.8565192083818394
0.8259604190919674
0.8469150174621654
0.7491268917345751
0.7889988358556461
0.7793946449359721
0.8105355064027939
0.8428405122235157
0.840512223515716
0.7942374854481956
0.7051804423748544
0.9016298020954598
0.21041909196740397
0.7994761350407451
0.7235157159487776
0.7043073341094296
0.2540745052386496
0.8361466821885913
0.7709545983701979
0.760186263096624
0.8096623981373691
0.6615250291036089
0.6539580908032596
0.8844586728754366
0.2680442374854482
0.7275902211874272
0.7668800931315483
0.8160651920838184
0.8376018626309663
0.8154831199068685
0.7086728754365541
0.6522118742724098
0.7008149010477299
0.6623981373690337
0.8064610011641443
0.7657159487776485
0.8961001164144354
0.520081490104773
0.7380675203725262
0.7479627473806753
0.7072176949941793
0.6848079161816065
0.7828870779976718
0.7552386495925495
0.7514551804423748
0.8131548311990687
0.8891152502910361
0.8504074505238649
0.7980209545983702
0.8928987194412107
0.6903376018626309
0.759895227008149
0.8282887077997672
0.8044237485448196
0.6644353899883586
0.25465657741559955
0.7753201396973225
0.7761932479627474
0.6667636786961583
0.8862048894062864
0.47817229336437717
0.7619324796274738
0.8221769499417928
0.7494179278230501
0.6222351571594877
0.6522118742724098
0.4467403958090803
0.8620488940628638
0.7328288707799767
0.8050058207217695
0.9062863795110594
0.21449359720605354
0.8623399301513388
0.8160651920838184
0.8157741559953434
0.7779394644935972
0.8789289871944121
0.7153667054714785
0.6434807916181606
0.9074505238649593
0.6373690337601863
0.790745052386496
0.8617578579743889
0.9068684516880093
0.7505820721769499
0.7753201396973225
0.7345750873108265
0.8352735739231665
0.7337019790454016
0.7552386495925495
0.2488358556461001
0.7124563445867288
0.889697322467986
0.7689173457508731
0.789289871944121
0.9409196740395809
0.7628055878928988
0.6082654249126892
0.6999417927823051
0.689755529685681
0.7115832363213038
0.7508731082654249
0.9380093131548312
0.7887077997671711
0.8311990686845169
0.8012223515715948
0.7761932479627474
0.7677532013969732
0.4871944121071013
0.8050058207217695
0.7505820721769499
0.6449359720605355
0.8390570430733411
0.7220605355064028
0.7735739231664727
0.9080325960419092
0.7537834691501746
0.3990104772991851
0.7508731082654249
0.8128637951105937
0.8055878928987195
0.6757857974388825
0.6967403958090803
0.8105355064027939
0.21478463329452852
0.6711292200232829
0.8000582072176949
0.7043073341094296
0.6979045401629802
0.6373690337601863
0.7243888242142026
0.6068102444703143
0.9231664726426076
0.7566938300349243
0.7724097788125728
0.47497089639115253
0.7334109429569267
0.7782305005820722
0.7785215366705471
0.7319557625145519
0.9027939464493597
0.7270081490104773
0.7537834691501746
0.6184516880093132
0.7572759022118742
0.7316647264260768
0.8466239813736903
0.7884167636786962
0.6373690337601863
0.7072176949941793
0.7354481955762514
0.8847497089639115
0.5008731082654249
0.7814318975552969
0.9109429569266589
0.6731664726426076
0.6932479627473807
0.7922002328288708
0.7540745052386496
0.779976717112922
0.6772409778812573
0.8841676367869615
0.30937136204889404
0.7715366705471478
0.889406286379511
0.7258440046565774
0.9292782305005821
0.8224679860302677
0.9083236321303841
0.909487776484284
0.7243888242142026
0.8937718277066357
0.7456344586728755
0.8413853317811408
0.8818393480791619
0.8771827706635623
0.7057625145518044
0.8931897555296857
0.6475552968568102
0.8716530849825378
0.7831781140861467
0.1350407450523865
0.8393480791618161
0.6722933643771828
0.7284633294528522
0.7191501746216531
0.23864959254947612
0.7028521536670547
0.5142607683352736
0.6661816065192084
0.7357392316647264
0.7337019790454016
0.7831781140861467
0.3410942956926659
0.7881257275902211
0.7139115250291036
0.8451688009313155
0.7517462165308498
0.6507566938300349
0.6807334109429569
0.790162980209546
0.8649592549476135
0.7369033760186263
0.85011641443539
0.2159487776484284
0.7497089639115251
0.7258440046565774
0.7008149010477299
0.7517462165308498
0.7470896391152503
0.8221769499417928
0.8777648428405123
0.7069266589057043
0.7470896391152503
0.7788125727590222
0.819848661233993
0.8119906868451688
0.7875436554132712
0.5445285215366705
0.7162398137369034
0.7456344586728755
0.8416763678696159
0.7808498253783469
0.7793946449359721
0.75
0.7881257275902211
0.8943538998835856
0.6440628637951106
0.8247962747380675
0.7735739231664727
0.8477881257275902
0.8384749708963911
0.7467986030267754
0.7753201396973225
0.6993597206053551
0.8329452852153667
0.6271827706635623
0.7345750873108265
0.6938300349243306
0.8271245634458673
0.5913853317811408
0.6260186263096624
0.6865541327124564
0.8652502910360885
0.6571594877764843
0.740395809080326
0.7497089639115251
0.7406868451688009
0.818975552968568
0.7357392316647264
0.8544819557625145
0.7025611175785798
0.8480791618160652
0.7770663562281723
0.8594295692665891
0.6938300349243306
0.7229336437718277
0.7220605355064028
0.7660069848661234
0.6990686845168801
0.9054132712456344
0.7345750873108265
0.8364377182770664
0.8477881257275902
0.7034342258440046
0.7261350407450524
0.6178696158323632
0.7418509895227008
0.18218859138533178
0.8358556461001164
0.7694994179278231
0.9013387660069848
0.8311990686845169
0.7823050058207218
0.7034342258440046
0.7354481955762514
0.26775320139697323
0.3608847497089639
0.869615832363213
0.8835855646100116
0.7549476135040745
0.8073341094295693
0.7223515715948777
0.8748544819557625
0.7773573923166472
0.7316647264260768
0.8498253783469151
0.8378928987194412
0.7238067520372526
0.7447613504074505
0.6216530849825378
0.3285797438882421
0.8571012805587893
0.6717112922002328
0.6871362048894063
0.7709545983701979
0.7270081490104773
0.7136204889406287
0.7954016298020955
0.7683352735739232
0.9048311990686845
0.9161816065192084
0.7022700814901047
0.7409778812572759
0.8285797438882422
0.7639697322467986
0.7863795110593713
0.7680442374854481
0.7954016298020955
0.770663562281723
0.7581490104772992
0.8076251455180442
0.7540745052386496
0.7729918509895227
0.7849243306169965
0.7520372526193247
0.7016880093131548
0.6714202561117578
0.8463329452852154
0.7785215366705471
0.8640861466821886
0.69965075669383
0.6385331781140862
0.7546565774155995
0.7150756693830035
0.6653084982537835
0.7532013969732246
0.6740395809080326
0.7153667054714785
0.7371944121071012
0.6641443538998836
0.809953434225844
0.7537834691501746
0.729918509895227
0.829452852153667
0.7759022118742724
0.769208381839348
0.9054132712456344
0.7788125727590222
0.7459254947613504
0.7846332945285215
0.6653084982537835
0.8052968568102444
0.8760186263096624
0.7852153667054714
0.7738649592549476
0.2139115250291036
0.8442956926658906
0.7232246798603027
0.7686263096623981
0.7104190919674039
0.7505820721769499
0.7933643771827706
0.7066356228172294
0.7305005820721769
0.8515715948777648
0.640279394644936
0.6842258440046566
0.8661233993015134
0.9129802095459837
0.7610593713620489
0.5093131548311991
0.8934807916181606
0.8169383003492433
0.7206053550640279
0.8218859138533178
0.8815483119906868
0.679569266589057
0.6455180442374855
0.440046565774156
0.23923166472642607
0.8079161816065192
0.7636786961583236
0.22788125727590222
0.6586146682188592
0.9353899883585565
0.7756111757857974
0.8550640279394645
0.7747380675203726
0.7677532013969732
0.7951105937136205
0.7587310826542492
0.8035506402793946
0.8349825378346915
0.8445867287543656
0.7662980209545984
0.6775320139697323
0.7529103608847497
0.669091967403958
0.8442956926658906
0.7785215366705471
0.8029685681024447
0.7080908032596042
0.7430151338766007
0.1979045401629802
0.6926658905704307
0.7252619324796274
0.7776484284051223
0.7750291036088475
0.8084982537834692
0.17229336437718276
0.9316065192083819
0.9185098952270081
0.7226426076833528
0.6455180442374855
0.7895809080325961
0.7558207217694994
0.12514551804423749
0.6993597206053551
0.7942374854481956
0.7904540162980209
0.7284633294528522
0.8981373690337602
0.7325378346915018
0.8140279394644936
0.7945285215366705
0.6469732246798603
0.7360302677532014
0.7639697322467986
0.810244470314319
0.7581490104772992
0.7494179278230501
0.23282887077997672
0.8076251455180442
0.7759022118742724
0.6833527357392316
0.7083818393480792
0.7549476135040745
0.8134458672875436
0.6475552968568102
0.8489522700814901
0.6766589057043073
0.7761932479627474
0.7226426076833528
0.7724097788125728
0.9089057043073341
0.8210128055878929
0.20634458672875436
0.7334109429569267
0.8413853317811408
0.7363213038416764
0.8114086146682189
0.9365541327124564
0.7630966239813737
0.7072176949941793
0.7956926658905704
0.7467986030267754
0.7383585564610011
0.8192665890570431
0.8073341094295693
0.6041909196740396
0.6708381839348079
0.9185098952270081
0.1979045401629802
0.7738649592549476
0.7363213038416764
0.8227590221187427
0.8029685681024447
0.6490104772991852
0.6909196740395809
0.7761932479627474
0.8681606519208381
0.6888824214202561
0.7904540162980209
0.6137951105937136
0.6388242142025611
0.819557625145518
0.830908032596042
0.18568102444703144
0.7427240977881258
0.689173457508731
0.8041327124563445
0.830034924330617
0.7965657741559954
0.20459837019790453
0.7045983701979045
0.17665890570430734
0.6926658905704307
0.1030267753201397
0.7217694994179278
0.7709545983701979
0.8533178114086146
0.6618160651920838
0.7453434225844005
0.4956344586728754
0.8757275902211874
0.7153667054714785
0.7770663562281723
0.7045983701979045
0.8227590221187427
0.8329452852153667
0.7246798603026775
0.7904540162980209
0.7150756693830035
0.7753201396973225
0.7066356228172294
0.7287543655413271
0.7709545983701979
0.20139697322467986
0.8058789289871944
0.7753201396973225
0.8669965075669382
0.7153667054714785
0.7936554132712457
0.6955762514551804
0.8344004656577415
0.84953434225844
0.7575669383003493
0.7296274738067521
0.6923748544819558
0.8856228172293364
0.7572759022118742
0.20750873108265425
0.7977299185098953
0.7127473806752037
0.8358556461001164
0.8381839348079162
0.5005820721769499
0.7910360884749709
0.7983119906868452
0.6533760186263097
0.7392316647264261
0.8224679860302677
0.7561117578579744
0.2240977881257276
0.7005238649592549
0.789289871944121
0.769790454016298
0.789871944121071
0.8291618160651921
0.8477881257275902
0.789289871944121
0.8178114086146682
0.8419674039580908
0.6722933643771828
0.6431897555296857
0.7150756693830035
0.7779394644935972
0.5972060535506403
0.8213038416763678
0.7482537834691502
0.9481955762514552
0.6711292200232829
0.7887077997671711
0.6818975552968568
0.7532013969732246
0.7916181606519208
0.6239813736903376
0.9048311990686845
0.8058789289871944
0.89988358556461
0.7610593713620489
0.7147846332945286
0.610011641443539
0.8690337601862631
0.8847497089639115
0.7788125727590222
0.7575669383003493
0.22322467986030267
0.7290454016298021
0.7494179278230501
0.7325378346915018
0.4243306169965076
0.7593131548311991
0.25
0.7069266589057043
0.8105355064027939
0.7881257275902211
0.7316647264260768
0.1949941792782305
0.7532013969732246
0.7887077997671711
0.6871362048894063
0.8186845168800931
0.7060535506402794
0.29220023282887075
0.9132712456344587
0.740104772991851
0.8937718277066357
0.7587310826542492
0.7392316647264261
0.80034924330617
0.7112922002328289
0.770663562281723
0.7159487776484285
0.859720605355064
0.9025029103608847
0.8716530849825378
0.7165308498253784
0.7668800931315483
0.7095459837019791
0.7817229336437719
0.7721187427240978
0.7648428405122235
0.8873690337601863
0.8023864959254947
0.8128637951105937
0.8736903376018627
0.8076251455180442
0.8128637951105937
0.7732828870779976
0.7278812572759022
0.6655995343422585
0.7619324796274738
0.8032596041909197
0.7846332945285215
0.8259604190919674
0.7072176949941793
0.7680442374854481
0.7459254947613504
0.880675203725262
0.8061699650756694
0.7986030267753201
0.7831781140861467
0.818975552968568
0.8384749708963911
0.4391734575087311
0.6885913853317811
0.6821885913853318
0.8282887077997672
0.7843422584400466
0.8993015133876601
0.9176367869615832
0.8245052386495926
0.8859138533178114
0.8346915017462165
0.4435389988358556
0.7136204889406287
0.6754947613504074
0.8955180442374855
0.7226426076833528
0.8210128055878929
0.7561117578579744
0.679569266589057
0.9042491268917345
0.7904540162980209
0.7974388824214202
0.619324796274738
0.8736903376018627
0.7994761350407451
0.8917345750873108
0.7817229336437719
0.7811408614668219
0.8576833527357393
0.470023282887078
0.8035506402793946
0.7112922002328289
0.6964493597206054
0.7354481955762514
0.8096623981373691
0.2948195576251455
0.6865541327124564
0.18771827706635622
0.8125727590221188
0.7290454016298021
0.7162398137369034
0.8285797438882422
0.6973224679860303
0.24854481955762514
0.7124563445867288
0.6862630966239813
0.8748544819557625
0.7331199068684517
0.7028521536670547
0.8311990686845169
0.7767753201396973
0.8768917345750873
0.7569848661233993
0.7988940628637952
0.8047147846332945
0.7817229336437719
0.9225844004656577
0.6623981373690337
0.7357392316647264
0.4572176949941793
0.860011641443539
0.7275902211874272
0.8862048894062864
0.7988940628637952
0.8000582072176949
0.25756693830034927
0.6915017462165308
0.7791036088474971
0.6941210710128056
0.170256111757858
0.8288707799767171
0.23341094295692666
0.7540745052386496
0.7261350407450524
0.8029685681024447
0.7735739231664727
0.7724097788125728
0.6973224679860303
0.7491268917345751
0.8527357392316647
0.9013387660069848
0.789289871944121
0.8143189755529686
0.7008149010477299
0.7328288707799767
0.8445867287543656
0.30034924330616997
0.8905704307334109
0.779976717112922
0.30238649592549477
0.7785215366705471
0.7165308498253784
0.8058789289871944
0.8675785797438882
0.7520372526193247
0.9080325960419092
0.7651338766006985
0.75
0.8297438882421421
0.7642607683352736
0.7034342258440046
0.80034924330617
0.6062281722933643
0.759895227008149
0.7793946449359721
0.7642607683352736
0.8239231664726426
0.7855064027939465
0.9234575087310827
0.8006402793946449
0.7485448195576252
0.7220605355064028
0.8181024447031432
0.8128637951105937
0.7118742724097789
0.7369033760186263
0.2048894062863795
0.8664144353899884
0.7505820721769499
0.7575669383003493
0.8116996507566938
0.7741559953434226
0.7968568102444703
0.7226426076833528
0.830034924330617
0.7270081490104773
0.7409778812572759
0.6737485448195576
0.6332945285215367
0.710710128055879
0.6688009313154831
0.8073341094295693
0.8134458672875436
0.8646682188591386
0.8181024447031432
0.6688009313154831
0.8492433061699651
0.2089639115250291
0.7031431897555297
0.740395809080326
0.6958672875436555
0.9292782305005821
0.8166472642607684
0.8378928987194412
0.7066356228172294
0.709837019790454
0.7258440046565774
0.9298603026775321
0.7328288707799767
0.9420838183934808
0.779685681024447
0.720314318975553
0.6036088474970897
0.04685681024447032
0.8684516880093132
0.89988358556461
0.7156577415599534
0.8783469150174622
0.890279394644936
0.9278230500582072
0.8364377182770664
0.7779394644935972
0.8335273573923166
0.7159487776484285
0.6824796274738067
0.7715366705471478
0.9129802095459837
0.739813736903376
0.6204889406286379
0.7421420256111758
0.6888824214202561
0.7016880093131548
0.6993597206053551
0.6248544819557625
0.7625145518044237
0.7406868451688009
0.6973224679860303
0.7773573923166472
0.7875436554132712
0.290454016298021
0.8626309662398137
0.7776484284051223
0.7587310826542492
0.2351571594877765
0.719732246798603
0.9065774155995343
0.6952852153667055
0.6018626309662398
0.8722351571594877
0.6187427240977881
0.780558789289872
0.8329452852153667
0.7808498253783469
0.6868451688009313
0.7724097788125728
0.9129802095459837
0.8576833527357393
0.7709545983701979
0.7319557625145519
0.8961001164144354
0.8236321303841676
0.5777066356228172
0.839930151338766
0.719441210710128
0.8987194412107101
0.7022700814901047
0.20867287543655413
0.8637951105937136
0.7660069848661234
0.760186263096624
0.7919091967403958
0.7325378346915018
0.8832945285215367
0.6955762514551804
0.8128637951105937
0.7086728754365541
0.6749126891734575
0.8154831199068685
0.6589057043073341
0.8425494761350407
0.6941210710128056
0.8239231664726426
0.8006402793946449
0.7465075669383003
0.7674621653084982
0.7788125727590222
0.8079161816065192
0.8568102444703143
0.7983119906868452
0.7176949941792782
0.6714202561117578
0.7331199068684517
0.8571012805587893
0.809371362048894
0.8774738067520372
0.6650174621653085
0.8288707799767171
0.830325960419092
0.8134458672875436
0.9179278230500582
0.7491268917345751
0.7360302677532014
0.6786961583236322
0.8684516880093132
0.7520372526193247
0.8533178114086146
0.7409778812572759
0.7179860302677532
0.739522700814901
0.5442374854481956
0.7386495925494762
0.449941792782305
0.7630966239813737
0.6667636786961583
0.7421420256111758
0.7412689173457508
0.7249708963911525
0.689173457508731
0.7750291036088475
0.6947031431897556
0.6423166472642607
0.7348661233993015
0.7540745052386496
0.839639115250291
0.5049476135040745
0.8020954598370198
0.6917927823050058
0.6769499417927823
0.7089639115250291
0.8733993015133876
0.818975552968568
0.6883003492433062
0.7761932479627474
0.639988358556461
0.8038416763678696
0.90046565774156
0.5564610011641443
0.7517462165308498
0.8434225844004657
0.6655995343422585
0.7863795110593713
0.22264260768335273
0.8556461001164144
0.7526193247962747
0.7849243306169965
0.7258440046565774
0.5020372526193247
0.7744470314318975
0.7919091967403958
0.889988358556461
0.7831781140861467
0.8390570430733411
0.9173457508731082
0.6527939464493597
0.6833527357392316
0.7223515715948777
0.7086728754365541
0.7959837019790454
0.8678696158323632
0.6850989522700814
0.7823050058207218
0.7051804423748544
0.7590221187427241
0.6472642607683353
0.829452852153667
0.7808498253783469
0.7788125727590222
0.5852735739231665
0.2080908032596042
0.8722351571594877
0.7529103608847497
0.7811408614668219
0.6842258440046566
0.8978463329452853
0.8230500582072177
0.7441792782305006
0.7127473806752037
0.8466239813736903
0.6850989522700814
0.8146100116414435
0.8285797438882422
0.65046565774156
0.8908614668218859
0.919091967403958
0.7671711292200233
0.7147846332945286
0.6452270081490105
0.7310826542491269
0.7435972060535506
0.22671711292200233
0.8384749708963911
0.8550640279394645
0.7965657741559954
0.9484866123399301
0.8061699650756694
0.7933643771827706
0.7069266589057043
0.7817229336437719
0.6976135040745053
0.8632130384167637
0.6999417927823051
0.7421420256111758
0.8588474970896391
0.7013969732246799
0.939755529685681
0.6114668218859138
0.8169383003492433
0.8061699650756694
0.7008149010477299
0.6871362048894063
0.7374854481955763
0.7136204889406287
0.490395809080326
0.8160651920838184
0.7211874272409778
0.6670547147846333
0.6292200232828871
0.7290454016298021
0.7878346915017462
0.818975552968568
0.6679278230500582
0.8620488940628638
0.7415599534342259
0.6754947613504074
0.8437136204889406
0.7319557625145519
0.9010477299185099
0.568975552968568
0.8311990686845169
0.6513387660069848
0.7715366705471478
0.7374854481955763
0.7721187427240978
0.4254947613504074
0.8291618160651921
0.8844586728754366
0.8527357392316647
0.7543655413271245
0.7275902211874272
0.6632712456344587
0.7037252619324796
0.8966821885913854
0.6708381839348079
0.790745052386496
0.9030849825378346
0.9033760186263097
0.7491268917345751
0.6356228172293364
0.7272991850989523
0.7584400465657741
0.4158905704307334
0.6871362048894063
0.7869615832363213
0.9286961583236322
0.8832945285215367
0.8687427240977881
0.8169383003492433
0.7572759022118742
0.8221769499417928
0.8373108265424912
0.9080325960419092
0.8410942956926659
0.7275902211874272
0.8565192083818394
0.8646682188591386
0.6763678696158324
0.24708963911525028
0.8512805587892899
0.31140861466821884
0.8661233993015134
0.8568102444703143
0.639697322467986
0.8585564610011641
0.6475552968568102
0.8329452852153667
0.7983119906868452
0.790745052386496
0.6463911525029103
0.1210710128055879
0.7703725261932479
0.8920256111757858
0.790745052386496
0.7462165308498254
0.8573923166472642
0.5084400465657741
0.5454016298020955
0.8259604190919674
0.8472060535506403
0.7817229336437719
0.9170547147846333
0.20227008149010478
0.8355646100116414
0.7840512223515715
0.89988358556461
0.7217694994179278
0.7782305005820722
0.6993597206053551
0.7537834691501746
0.6874272409778812
0.790162980209546
0.6932479627473807
0.7470896391152503
0.7217694994179278
0.4842840512223516
0.9202561117578579
0.9254947613504074
0.7054714784633295
0.6999417927823051
0.7310826542491269
0.7709545983701979
0.70023282887078
0.9074505238649593
0.7753201396973225
0.870197904540163
0.8344004656577415
0.4330616996507567
0.6926658905704307
0.8026775320139697
0.8573923166472642
0.2249708963911525
0.7776484284051223
0.8015133876600699
0.7660069848661234
0.760477299185099
0.7438882421420256
0.7252619324796274
0.7581490104772992
0.7025611175785798
0.8591385331781141
0.6725844004656577
0.7587310826542492
0.7744470314318975
0.7479627473806753
0.80034924330617
0.7532013969732246
0.6315483119906868
0.7954016298020955
0.8728172293364377
0.6880093131548312
0.740395809080326
0.8713620488940629
0.7779394644935972
0.7211874272409778
0.8864959254947613
0.779685681024447
0.8408032596041909
0.7159487776484285
0.8213038416763678
0.6408614668218859
0.7040162980209546
0.719441210710128
0.4572176949941793
0.6984866123399301
0.7744470314318975
0.7147846332945286
0.8477881257275902
0.4426658905704307
0.740395809080326
0.7703725261932479
0.15250291036088476
0.8175203725261933
0.9493597206053551
0.6952852153667055
0.8437136204889406
0.7366123399301513
0.7022700814901047
0.7770663562281723
0.8437136204889406
0.8146100116414435
0.7651338766006985
0.7462165308498254
0.7939464493597206
0.6673457508731082
0.8725261932479628
0.7619324796274738
0.8367287543655413
0.21187427240977882
0.7546565774155995
0.789871944121071
0.7852153667054714
0.7991850989522701
0.7951105937136205
0.5020372526193247
0.7083818393480792
0.8760186263096624
0.8378928987194412
0.7770663562281723
0.6789871944121071
0.8815483119906868
0.889988358556461
0.7767753201396973
0.6947031431897556
0.23457508731082655
0.8667054714784633
0.689755529685681
0.7517462165308498
0.7703725261932479
0.6848079161816065
0.7887077997671711
0.7820139697322468
0.819557625145518
0.709837019790454
0.719441210710128
0.6632712456344587
0.6952852153667055
0.7991850989522701
0.739522700814901
0.7406868451688009
0.6952852153667055
0.7013969732246799
0.6917927823050058
0.9452852153667055
0.7546565774155995
0.6944121071012805
0.2229336437718277
0.8632130384167637
0.8178114086146682
0.7983119906868452
0.29336437718277064
0.630093131548312
0.48050058207217694
0.7220605355064028
0.7470896391152503
0.6612339930151339
0.16938300349243307
0.7581490104772992
0.7240977881257276
0.7540745052386496
0.5046565774155995
0.3690337601862631
0.6472642607683353
0.6749126891734575
0.760186263096624
0.8733993015133876
0.7808498253783469
0.6519208381839348
0.7319557625145519
0.6586146682188592
0.7028521536670547
0.8504074505238649
0.9234575087310827
0.8227590221187427
0.6714202561117578
0.7887077997671711
0.8376018626309663
0.9225844004656577
0.7139115250291036
0.7424330616996507
0.7133294528521537
0.8626309662398137
0.9630384167636787
0.8058789289871944
0.568975552968568
0.8544819557625145
0.23020954598370197
0.8346915017462165
0.7639697322467986
0.7112922002328289
0.7424330616996507
0.4586728754365541
0.6958672875436555
0.8210128055878929
0.7261350407450524
0.7942374854481956
0.789871944121071
0.859720605355064
0.8838766006984866
0.7828870779976718
0.8995925494761351
0.8128637951105937
0.7825960419091967
0.7284633294528522
0.7910360884749709
0.7680442374854481
0.7168218859138533
0.6670547147846333
0.6466821885913854
0.8422584400465658
0.7820139697322468
0.9080325960419092
0.2217694994179278
0.25785797438882424
0.8320721769499418
0.7633876600698487
0.6883003492433062
0.6545401629802096
0.6883003492433062
0.860011641443539
0.18451688009313155
0.199941792782305
0.17462165308498254
0.6717112922002328
0.6527939464493597
0.9374272409778812
0.7278812572759022
0.6161233993015134
0.7272991850989523
0.7933643771827706
0.909487776484284
0.7491268917345751
0.7142025611175786
0.8338183934807916
0.35244470314318976
0.7424330616996507
0.7919091967403958
0.8317811408614668
0.7316647264260768
0.7075087310826542
0.7450523864959255
0.7374854481955763
0.7179860302677532
0.6784051222351571
0.7075087310826542
0.6341676367869615
0.8442956926658906
0.8835855646100116
0.7636786961583236
0.819848661233993
0.15541327124563445
0.1760768335273574
0.8952270081490105
0.780558789289872
0.6784051222351571
0.8050058207217695
0.8114086146682189
0.8923166472642607
0.6941210710128056
0.7075087310826542
0.6731664726426076
0.7040162980209546
0.8850407450523865
0.7080908032596042
0.7479627473806753
0.15395809080325962
0.7136204889406287
0.7252619324796274
0.8640861466821886
0.8655413271245634
0.7165308498253784
0.7619324796274738
0.6722933643771828
0.7788125727590222
0.7357392316647264
0.7811408614668219
0.8652502910360885
0.8437136204889406
0.739522700814901
0.8538998835855646
0.7272991850989523
0.6458090803259604
0.6932479627473807
0.9234575087310827
0.7453434225844005
0.7013969732246799
0.6644353899883586
0.7258440046565774
0.8268335273573924
0.9016298020954598
0.789289871944121
0.7945285215366705
0.7968568102444703
0.9074505238649593
0.3757275902211874
0.8122817229336438
0.7011059371362048
0.8137369033760187
0.8018044237485448
0.7578579743888242
0.48341094295692666
0.7450523864959255
0.8536088474970897
0.8591385331781141
0.7566938300349243
0.669674039580908
0.6778230500582072
0.6685098952270081
0.8454598370197904
0.1580325960419092
0.7616414435389989
0.6711292200232829
0.12689173457508732
0.7840512223515715
0.7281722933643772
0.8937718277066357
0.7852153667054714
0.7031431897555297
0.6586146682188592
0.8515715948777648
0.7732828870779976
0.7587310826542492
0.7505820721769499
0.7744470314318975
0.7383585564610011
0.8242142025611175
0.840221187427241
0.8486612339930152
0.818975552968568
0.8178114086146682
0.7869615832363213
0.8035506402793946
0.760477299185099
0.7895809080325961
0.1728754365541327
0.6999417927823051
0.18277066356228172
0.20343422584400467
0.7878346915017462
0.6830616996507567
0.8827124563445867
0.619906868451688
0.7319557625145519
0.7473806752037253
0.6487194412107101
0.860593713620489
0.5913853317811408
0.25785797438882424
0.7933643771827706
0.7278812572759022
0.9345168800931315
0.8652502910360885
0.8678696158323632
0.7872526193247963
0.720314318975553
0.7322467986030268
0.8809662398137369
0.7421420256111758
0.21420256111757857
0.7508731082654249
0.6842258440046566
0.8064610011641443
0.9025029103608847
0.6763678696158324
0.8320721769499418
0.6784051222351571
0.7657159487776485
0.7703725261932479
0.7572759022118742
0.7849243306169965
0.6871362048894063
0.6661816065192084
0.6123399301513388
0.8087892898719441
0.8652502910360885
0.7738649592549476
0.770081490104773
0.7517462165308498
0.7718277066356228
0.42811408614668217
0.7284633294528522
0.7724097788125728
0.7045983701979045
0.860593713620489
0.7008149010477299
0.8565192083818394
0.6880093131548312
0.6740395809080326
0.8635040745052387
0.809371362048894
0.7337019790454016
0.007275902211874272
0.569557625145518
0.7028521536670547
0.7942374854481956
0.7709545983701979
0.6827706635622818
0.7910360884749709
0.7575669383003493
0.839930151338766
0.8314901047729919
0.7424330616996507
0.7066356228172294
0.780267753201397
0.860593713620489
0.8213038416763678
0.6976135040745053
0.7872526193247963
0.9362630966239813
0.7465075669383003
0.7016880093131548
0.9062863795110594
0.7433061699650757
0.6059371362048894
0.7136204889406287
0.7377764842840512
0.7825960419091967
0.8457508731082655
0.7441792782305006
0.7214784633294529
0.8477881257275902
0.7526193247962747
0.8416763678696159
0.860011641443539
0.5552968568102444
0.8329452852153667
0.8707799767171129
0.7351571594877765
0.7552386495925495
0.8169383003492433
0.8265424912689173
0.6164144353899884
0.7636786961583236
0.8023864959254947
0.8160651920838184
0.5596623981373691
0.7986030267753201
0.7823050058207218
0.8812572759022119
0.7243888242142026
0.8032596041909197
0.6807334109429569
0.7322467986030268
0.25669383003492435
0.1958672875436554
0.6769499417927823
0.7590221187427241
0.8716530849825378
0.7913271245634459
0.7470896391152503
0.7011059371362048
0.7174039580908033
0.9383003492433062
0.760477299185099
0.7671711292200233
0.7759022118742724
0.22351571594877764
0.7127473806752037
0.8134458672875436
0.6929569266589057
0.8367287543655413
0.6839348079161816
0.7884167636786962
0.7587310826542492
0.5643189755529686
0.7660069848661234
0.17520372526193248
0.6155413271245634
0.7284633294528522
0.84953434225844
0.8035506402793946
0.8213038416763678
0.7834691501746216
0.7025611175785798
0.7939464493597206
0.7773573923166472
0.39086146682188594
0.7630966239813737
0.7729918509895227
0.7552386495925495
0.8018044237485448
0.8154831199068685
0.770663562281723
0.7223515715948777
0.7054714784633295
0.8128637951105937
0.8672875436554133
0.7543655413271245
0.6685098952270081
0.7564027939464494
0.959254947613504
0.8236321303841676
0.7110011641443539
0.18917345750873107
0.7069266589057043
0.8949359720605355
0.6618160651920838
0.8160651920838184
0.839930151338766
0.7366123399301513
0.6862630966239813
0.8460419091967404
0.7342840512223515
0.8981373690337602
0.6568684516880093
0.8274155995343423
0.8020954598370198
0.8000582072176949
0.6853899883585565
0.6385331781140862
0.9036670547147846
0.669965075669383
0.6949941792782305
0.7054714784633295
0.8611757857974389
0.719732246798603
0.8559371362048894
0.9624563445867288
0.7246798603026775
0.7648428405122235
0.8678696158323632
0.7371944121071012
0.8055878928987195
0.21303841676367868
0.7986030267753201
0.7011059371362048
0.8457508731082655
0.810244470314319
0.8792200232828871
0.7718277066356228
0.7366123399301513
0.7988940628637952
0.8870779976717112
0.7433061699650757
0.9161816065192084
0.9732246798603027
0.6964493597206054
0.8547729918509895
0.8352735739231665
0.7238067520372526
0.7188591385331781
0.7334109429569267
0.740395809080326
0.21885913853317812
0.7386495925494762
0.9476135040745053
0.2281722933643772
0.9179278230500582
0.8335273573923166
0.7852153667054714
0.8131548311990687
0.779685681024447
0.6935389988358557
0.7337019790454016
0.8905704307334109
0.7587310826542492
0.8891152502910361
0.8771827706635623
0.7342840512223515
0.8349825378346915
0.8032596041909197
0.889988358556461
0.7354481955762514
0.7584400465657741
0.7214784633294529
0.720023282887078
0.7639697322467986
0.9188009313154831
0.819848661233993
0.7188591385331781
0.4487776484284051
0.8719441210710128
0.8969732246798603
0.510477299185099
0.8504074505238649
0.8742724097788126
0.9528521536670547
0.8955180442374855
0.8448777648428405
0.22788125727590222
0.920547147846333
0.6842258440046566
0.22206053550640278
0.8146100116414435
0.6850989522700814
0.7884167636786962
0.689173457508731
0.660069848661234
0.7875436554132712
0.8227590221187427
0.6769499417927823
0.7916181606519208
0.7954016298020955
0.7651338766006985
0.869906868451688
0.6903376018626309
0.7069266589057043
0.9173457508731082
0.7453434225844005
0.8274155995343423
0.6775320139697323
0.7264260768335273
0.5034924330616997
0.790162980209546
0.9074505238649593
0.7744470314318975
0.7534924330616997
0.8463329452852154
0.8352735739231665
0.7945285215366705
0.7057625145518044
0.8082072176949942
0.8274155995343423
0.2159487776484284
0.830908032596042
0.760477299185099
0.7235157159487776
0.7328288707799767
0.7884167636786962
0.7005238649592549
0.8408032596041909
0.7139115250291036
0.7459254947613504
0.21856810244470315
0.4220023282887078
0.7860884749708964
0.6708381839348079
0.7555296856810244
0.7264260768335273
0.8218859138533178
0.20954598370197905
0.7581490104772992
0.7494179278230501
0.8469150174621654
0.7371944121071012
0.7011059371362048
0.7386495925494762
0.8029685681024447
0.7820139697322468
0.8460419091967404
0.7572759022118742
0.7884167636786962
0.719732246798603
0.6816065192083819
0.9246216530849826
0.7875436554132712
0.839930151338766
0.7555296856810244
0.6661816065192084
0.6362048894062864
0.9237485448195576
0.6493015133876601
0.7593131548311991
0.7313736903376019
0.6836437718277066
0.7712456344586729
0.7048894062863795
0.7852153667054714
0.7238067520372526
0.7339930151338766
0.770081490104773
0.7406868451688009
0.7316647264260768
0.4022118742724098
0.7077997671711292
0.8178114086146682
0.7063445867287543
0.7956926658905704
0.8690337601862631
0.6993597206053551
0.7127473806752037
0.6245634458672875
0.7584400465657741
0.8169383003492433
0.7817229336437719
0.8282887077997672
0.8716530849825378
0.6816065192083819
0.8079161816065192
0.1760768335273574
0.7683352735739232
0.6551222351571595
0.7275902211874272
0.7657159487776485
0.19615832363213037
0.7322467986030268
0.4828288707799767
0.6638533178114087
0.6568684516880093
0.7549476135040745
0.6137951105937136
0.7761932479627474
0.6367869615832363
0.740104772991851
0.7043073341094296
0.7412689173457508
0.7433061699650757
0.36233993015133875
0.7412689173457508
0.8297438882421421
0.75
0.8515715948777648
0.8061699650756694
0.709837019790454
0.8579743888242142
0.6827706635622818
0.7040162980209546
0.619324796274738
0.6979045401629802
0.23428405122235157
0.7246798603026775
0.8786379511059371
0.6038998835855646
0.7727008149010477
0.8026775320139697
0.690628637951106
0.8076251455180442
0.8931897555296857
0.8565192083818394
0.570430733410943
0.80034924330617
0.6961583236321304
0.7508731082654249
0.740395809080326
0.7887077997671711
0.7610593713620489
0.8949359720605355
0.6961583236321304
0.890279394644936
0.7791036088474971
0.6842258440046566
0.7369033760186263
0.69965075669383
0.8000582072176949
0.7619324796274738
0.810826542491269
0.6865541327124564
0.7287543655413271
0.710710128055879
0.7345750873108265
0.8623399301513388
0.8116996507566938
0.8463329452852154
0.7660069848661234
0.8274155995343423
0.6958672875436555
0.9630384167636787
0.7613504074505238
0.7654249126891735
0.720314318975553
0.7188591385331781
0.8160651920838184
0.8457508731082655
0.7171129220023282
0.7674621653084982
0.7744470314318975
0.8687427240977881
0.359720605355064
0.770081490104773
0.869906868451688
0.8076251455180442
0.6955762514551804
0.7939464493597206
0.8143189755529686
0.7156577415599534
0.7121653084982538
0.8317811408614668
0.839639115250291
0.8172293364377182
0.6629802095459837
0.8917345750873108
0.7450523864959255
0.7677532013969732
0.7095459837019791
0.8786379511059371
0.7587310826542492
0.7566938300349243
0.7334109429569267
0.7991850989522701
0.8643771827706636
0.8818393480791619
0.5360884749708964
0.5555878928987195
0.8271245634458673
0.5142607683352736
0.7610593713620489
0.9557625145518044
0.7668800931315483
0.5349243306169965
0.8937718277066357
0.7185681024447031
0.7246798603026775
0.7715366705471478
0.5989522700814901
0.6685098952270081
0.6845168800931315
0.8757275902211874
0.8690337601862631
0.8506984866123399
0.7369033760186263
0.7048894062863795
0.7453434225844005
0.6015715948777648
0.7179860302677532
0.8277066356228172
0.7502910360884749
0.19644935972060534
0.6944121071012805
0.9054132712456344
0.8952270081490105
0.7159487776484285
0.7750291036088475
0.8931897555296857
0.7223515715948777
0.818975552968568
0.7005238649592549
0.7793946449359721
0.6539580908032596
0.8378928987194412
0.5710128055878929
0.7630966239813737
0.7703725261932479
0.7258440046565774
0.7910360884749709
0.8573923166472642
0.7462165308498254
0.22264260768335273
0.6839348079161816
0.7773573923166472
0.002037252619324796
0.8090803259604191
0.7171129220023282
0.7534924330616997
0.7511641443538999
0.7374854481955763
0.8649592549476135
0.8163562281722934
0.8026775320139697
0.7884167636786962
0.7840512223515715
0.8763096623981373
0.2089639115250291
0.23137369033760186
0.48253783469150174
0.7418509895227008
0.6708381839348079
0.6961583236321304
0.69965075669383
0.6717112922002328
0.7511641443538999
0.8466239813736903
0.7424330616996507
0.6752037252619325
0.8221769499417928
0.7229336437718277
0.6932479627473807
0.7782305005820722
0.7922002328288708
0.8440046565774156
0.780558789289872
0.8230500582072177
0.9123981373690337
0.23573923166472643
0.6056461001164144
0.8210128055878929
0.7645518044237486
0.6725844004656577
0.760186263096624
0.6714202561117578
0.8096623981373691
0.7313736903376019
0.7485448195576252
0.8114086146682189
