0.6278944534194938
0.8597199784598816
0.9025309639203015
0.882875605815832
0.8322563274098007
0.8694130317716747
0.7975228863758751
0.6235864297253635
0.8069466882067852
0.8960689283791061
0.9240710823909531
0.9116855142703285
0.7283252557889068
0.7498653742595585
0.821486268174475
0.903338718362951
0.8761443187937533
0.9431879375336565
0.8559504577275175
0.8171782444803446
0.7926763597199784
0.8583737210554658
0.4779213785675821
0.6009693053311793
0.8416801292407108
0.7816370490037695
0.8134087237479806
0.9028002154011847
0.8241787829833064
0.8298330640818524
0.8322563274098007
0.6997845988152935
0.9063004846526656
0.8589122240172321
0.9019924609585352
0.7199784598815293
0.9165320409262251
0.8871836295099623
0.7948303715670436
0.9326871297792138
0.8026386645126549
0.907108239095315
0.8543349488422186
0.7975228863758751
0.767635971997846
0.8349488422186322
0.8651050080775444
0.8206785137318255
0.26386645126548197
0.8659127625201939
0.882875605815832
0.9030694668820679
0.8467959073774906
0.8360258481421647
0.8947226709746904
0.8694130317716747
0.7353257942918686
0.884760366182014
0.8782983306408185
0.8002154011847065
0.7393645665051157
0.777059773828756
0.8505654281098546
0.9359181475498115
0.8602584814216478
0.7813677975228863
0.8134087237479806
0.788099084544965
0.8352180936995154
0.8567582121701669
0.875605815831987
0.9512654819601508
0.84760366182014
0.8591814754981152
0.9302638664512655
0.8174474959612278
0.8817985998922994
0.8174474959612278
0.8435648896068928
0.9501884760366182
0.9243403338718363
0.8204092622509424
0.7684437264404954
0.9063004846526656
0.845718901453958
0.806677436725902
0.8338718362950996
0.9011847065158859
0.9474959612277868
0.823371028540657
0.8764135702746365
0.7975228863758751
0.93322563274098
0.8599892299407647
0.8508346795907378
0.8874528809908454
0.767635971997846
0.8150242326332795
0.6911685514270328
0.7915993537964459
0.8082929456112009
0.827140549273021
0.8303715670436187
0.8357565966612817
0.6935918147549811
0.83817985998923
0.9429186860527733
0.815831987075929
0.9334948842218632
0.866182014001077
0.81421647819063
0.8944534194938072
0.8559504577275175
0.9106085083467959
0.8626817447495961
0.9418416801292407
0.8624124932687129
0.9388799138395261
0.84760366182014
0.8185245018847603
0.8979536887452881
0.9364566505115778
0.773290253096392
0.7331717824448034
0.7331717824448034
0.8669897684437264
0.8327948303715671
0.7961766289714594
0.7945611200861604
0.8037156704361874
0.8406031233171782
0.6187399030694669
0.9299946149703824
0.7932148626817448
0.750942380183091
0.8855681206246634
0.7829833064081853
0.8941841680129241
0.6688206785137318
0.9658050619278407
0.7924071082390953
0.9200323101777059
0.866182014001077
0.8031771674744211
0.808562197092084
0.823371028540657
0.84760366182014
0.8432956381260097
0.92380183091007
0.7932148626817448
0.959073774905762
0.9141087775982768
0.9092622509423802
0.8581044695745826
0.7487883683360258
0.61900915455035
0.7514808831448573
0.7705977382875606
0.8586429725363489
0.8449111470113085
0.869951534733441
0.8268712977921379
0.9469574582660205
0.8920301561658589
0.8190630048465266
0.7129779213785676
0.7891760904684976
0.8187937533656435
0.8537964458804523
0.8185245018847603
0.9184168012924071
0.7121701669359182
0.8879913839526118
0.9504577275175013
0.9450726978998385
0.905223478729133
0.8567582121701669
0.8163704900376952
0.8863758750673129
0.7967151319332256
0.8548734518039849
0.8371028540656974
0.8257942918686053
0.9011847065158859
0.7668282175551966
0.7541733979536888
0.8925686591276252
0.7660204631125471
0.907108239095315
0.908992999461497
0.8788368336025848
0.6448572967151319
0.7765212708669897
0.8492191707054388
0.8336025848142165
0.7684437264404954
0.6879375336564351
0.9106085083467959
0.8653742595584276
0.7312870220786214
0.905223478729133
0.8675282714054927
0.5530425417339795
0.882875605815832
0.8182552504038773
0.8715670436187399
0.8182552504038773
0.8710285406569737
0.7964458804523424
0.7447495961227787
0.8101777059773829
0.8074851911685514
0.9248788368336026
0.9057619816908993
0.9057619816908993
0.9574582660204631
0.8379106085083468
0.2094776521270867
0.8683360258481422
0.8198707592891761
0.9232633279483037
0.9165320409262251
0.5942380183091007
0.8677975228863759
0.9706515885837372
0.7600969305331179
0.9001077005923532
0.8179859989229941
0.8887991383952611
0.9087237479806138
0.845718901453958
0.9138395261173936
0.7364028002154012
0.786214324178783
0.7019386106623586
0.9186860527732903
0.8570274636510501
0.7557889068389876
0.9122240172320948
0.8360258481421647
0.7148626817447497
0.8500269251480883
0.6790522347872914
0.8467959073774906
0.8336025848142165
0.8411416262789445
0.8430263866451265
0.6564351103931072
0.8031771674744211
0.8688745288099085
0.971997845988153
0.7425955842757135
0.8470651588583737
0.9356488960689284
0.7910608508346796
0.7697899838449112
0.8925686591276252
0.7872913301023156
0.7517501346257405
0.7320947765212709
0.8295638126009693
0.8266020463112547
0.8107162089391492
0.8077544426494345
0.815831987075929
0.8726440495422725
0.812331717824448
0.9019924609585352
0.9087237479806138
0.8826063543349488
0.8091007000538503
0.9391491653204093
0.825255788906839
0.8115239633817986
0.8928379106085084
0.8290253096392031
0.815831987075929
0.879106085083468
0.8982229402261712
0.8887991383952611
0.8473344103392568
0.719439956919763
0.630048465266559
0.8621432417878299
0.7587506731287023
0.780560043080237
0.8303715670436187
0.9291868605277329
0.9267635971997846
0.8575659666128164
0.8397953688745288
0.9176090468497576
0.843834141087776
0.7372105546580506
0.9388799138395261
0.7932148626817448
0.8524501884760366
0.8901453957996769
0.8974151857835219
0.9539579967689822
0.9289176090468497
0.7670974690360797
0.8976844372644049
0.9375336564351104
0.8292945611200861
0.7845988152934841
0.8796445880452343
0.7474421109316102
0.8801830910070005
0.8807215939687668
0.8796445880452343
0.8379106085083468
0.8174474959612278
0.7372105546580506
0.8583737210554658
0.7495961227786753
0.8885298869143781
0.7474421109316102
0.6499730748519117
0.8389876144318794
0.8204092622509424
0.8944534194938072
0.8715670436187399
0.7592891760904685
0.7331717824448034
0.7969843834141088
0.866182014001077
0.8931071620893914
0.8050619278406032
0.7339795368874529
0.7517501346257405
0.8570274636510501
0.8465266558966075
0.873721055465805
0.9421109316101238
0.8109854604200323
0.83817985998923
0.7832525578890683
0.9084544964997308
0.8357565966612817
0.8581044695745826
0.8034464189553042
0.8602584814216478
0.8427571351642434
0.8745288099084545
0.9345718901453958
0.8236402800215401
0.9531502423263328
0.9189553042541734
0.9399569197630587
0.812331717824448
0.8594507269789984
0.9518039849219171
0.9017232094776522
0.9717285945072698
0.8987614431879375
0.9437264404954228
0.8446418955304255
0.7942918686052773
0.7991383952611739
0.36187399030694667
0.7972536348949919
0.7609046849757674
0.8621432417878299
0.9208400646203554
0.8554119547657512
0.8414108777598277
0.6836295099623048
0.6424340333871836
0.7207862143241788
0.8451803984921917
0.780560043080237
0.7794830371567044
0.3710285406569736
0.940495422724825
0.8591814754981152
0.7964458804523424
0.7988691437802908
0.8349488422186322
0.5630048465266559
0.8002154011847065
0.7854065697361335
0.9515347334410339
0.8998384491114702
0.9695745826602046
0.7396338179859989
0.715670436187399
0.9084544964997308
0.708131394722671
0.8632202477113624
0.8144857296715132
0.9189553042541734
0.7132471728594507
0.8395261173936457
0.6836295099623048
0.810446957458266
0.7172859450726979
0.8537964458804523
0.9434571890145396
0.8712977921378567
0.7902530963920301
0.8651050080775444
0.8220247711362413
0.7697899838449112
0.8987614431879375
0.8023694130317717
0.8147549811523963
0.7867528271405493
0.9103392568659128
0.875336564351104
0.8963381798599892
0.8984921917070544
0.813947226709747
0.1903607969843834
0.7689822294022617
0.8885298869143781
0.8112547119009155
0.8931071620893914
0.825255788906839
0.8112547119009155
0.7711362412493269
0.8322563274098007
0.77140549273021
0.8831448572967151
0.7560581583198708
0.8683360258481422
0.7991383952611739
0.7687129779213786
0.7673667205169629
0.8150242326332795
0.8745288099084545
0.7953688745288099
0.8963381798599892
0.8004846526655897
0.8190630048465266
0.7089391491653204
0.7240172320947765
0.8702207862143242
0.7994076467420571
0.8268712977921379
0.778944534194938
0.9122240172320948
0.9383414108777598
0.7584814216478191
0.8427571351642434
0.8998384491114702
0.7350565428109854
0.873451803984922
0.8901453957996769
0.8088314485729672
0.8572967151319332
0.7802907915993538
0.9151857835218093
0.9205708131394723
0.869951534733441
0.9345718901453958
0.8056004308023694
0.817716747442111
0.8562197092084006
0.8193322563274098
0.8546042003231018
0.8788368336025848
0.15158858373721054
0.875336564351104
0.9046849757673667
0.8968766828217555
0.8572967151319332
0.9049542272482499
0.8376413570274637
0.8546042003231018
0.9081852450188476
0.7821755519655358
0.6884760366182014
0.9143780290791599
0.7856758212170167
0.7517501346257405
0.843834141087776
0.905223478729133
0.8268712977921379
0.8581044695745826
0.8850296176628971
0.8486806677436726
0.8764135702746365
0.8842218632202478
0.8704900376952073
0.6981690899299946
0.9119547657512116
0.6464728056004309
0.8319870759289176
0.9095315024232633
0.9321486268174475
0.8747980613893377
0.7614431879375336
0.8058696822832525
0.8131394722670975
0.8295638126009693
0.680398492191707
0.8901453957996769
0.8368336025848142
0.9103392568659128
0.7967151319332256
0.9316101238556812
0.8126009693053312
0.8667205169628432
0.9127625201938611
0.8209477652127086
0.8241787829833064
0.8484114162627895
0.9469574582660205
0.7910608508346796
0.8836833602584814
0.7339795368874529
0.6817447495961227
0.9100700053850296
0.8257942918686053
0.789983844911147
0.9240710823909531
0.7897145934302638
0.8704900376952073
0.9081852450188476
0.851373182552504
0.8301023155627356
0.8788368336025848
0.9216478190630049
0.8352180936995154
0.7412493268712977
0.9445341949380721
0.8984921917070544
0.6348949919224556
0.8858373721055466
0.8656435110393107
0.825255788906839
0.43134087237479807
0.732364028002154
0.7950996230479268
0.20382337102854065
0.8459881529348411
0.7221324717285945
0.8782983306408185
0.843834141087776
0.9044157242864835
0.8395261173936457
0.7417878298330641
0.9547657512116317
0.8640280021540119
0.8435648896068928
0.8575659666128164
0.7611739364566505
0.8384491114701131
0.7999461497038234
0.8610662358642972
0.9057619816908993
0.8785675821217017
0.8152934841141626
0.7143241787829833
0.8443726440495423
0.7549811523963382
0.7598276790522348
0.8656435110393107
0.8002154011847065
0.8597199784598816
0.7907915993537964
0.8406031233171782
0.7711362412493269
0.8777598276790523
0.810446957458266
0.9084544964997308
0.7522886375875067
0.7886375875067313
0.9509962304792676
0.782444803446419
0.689553042541734
0.8416801292407108
0.8317178244480344
0.7940226171243941
0.8715670436187399
0.7186322024771137
0.9054927302100162
0.8968766828217555
0.8707592891760905
0.8605277329025309
0.8319870759289176
0.7994076467420571
0.8311793214862682
0.7207862143241788
0.9111470113085622
0.8201400107700593
0.8535271943995691
0.8077544426494345
0.884760366182014
0.8990306946688207
0.9111470113085622
0.9095315024232633
0.8637587506731287
0.8467959073774906
0.8952611739364567
0.6943995691976306
0.7625201938610663
0.8454496499730748
0.8998384491114702
0.7517501346257405
0.7697899838449112
0.8535271943995691
0.7827140549273021
0.8387183629509962
0.780560043080237
0.6634356488960689
0.9046849757673667
0.8408723747980614
0.8220247711362413
0.8589122240172321
0.8731825525040388
0.7886375875067313
0.743403338718363
0.8295638126009693
0.8629509962304792
0.8677975228863759
0.8971459343026387
0.9429186860527733
0.864297253634895
0.817716747442111
0.9464189553042541
0.9227248249865374
0.7587506731287023
0.8484114162627895
0.8112547119009155
0.22644049542272482
0.8896068928379106
0.7711362412493269
0.8128702207862143
0.8279483037156704
0.6911685514270328
0.9162627894453419
0.8026386645126549
0.8505654281098546
0.9407646742057081
0.8314485729671514
0.7027463651050081
0.7724824986537426
0.8338718362950996
0.8473344103392568
0.8478729133010231
0.8206785137318255
0.9170705438879914
0.8115239633817986
0.7218632202477113
0.8971459343026387
0.9143780290791599
0.9124932687129779
0.7872913301023156
0.8987614431879375
0.7915993537964459
0.8193322563274098
0.7921378567582121
0.8193322563274098
0.8602584814216478
0.6709746903607969
0.9437264404954228
0.819601507808293
0.8949919224555735
0.8411416262789445
0.8432956381260097
0.7889068389876144
0.8325255788906839
0.8887991383952611
0.8416801292407108
0.8855681206246634
0.7320947765212709
0.81421647819063
0.7189014539579968
0.8336025848142165
0.8648357565966612
0.18874528809908456
0.1583198707592892
0.8309100700053851
0.8914916532040926
0.7996768982229402
0.7821755519655358
0.7773290253096392
0.815831987075929
0.40845449649973076
0.7237479806138933
0.8599892299407647
0.8928379106085084
0.7011308562197092
0.8782983306408185
0.8061389337641357
0.8726440495422725
0.7832525578890683
0.7835218093699515
0.7046311254711901
0.8815293484114163
0.8890683898761443
0.8387183629509962
0.8414108777598277
0.8745288099084545
0.8247172859450727
0.8780290791599353
0.8411416262789445
0.8704900376952073
0.8858373721055466
0.8467959073774906
0.5834679590737749
0.9133010231556273
0.7969843834141088
0.752827140549273
0.7312870220786214
0.8761443187937533
0.9356488960689284
0.7517501346257405
0.9679590737749058
0.9184168012924071
0.907108239095315
0.8836833602584814
0.7959073774905762
0.9133010231556273
0.8023694130317717
0.6418955304254174
0.7619816908992999
0.711900915455035
0.8072159396876682
0.9036079698438342
0.8656435110393107
0.9168012924071083
0.8424878836833603
0.6532040926225094
0.7934841141626279
0.8554119547657512
0.8745288099084545
0.8416801292407108
0.9054927302100162
0.7996768982229402
0.5904684975767367
0.7641357027463651
0.7364028002154012
0.8987614431879375
0.8031771674744211
0.7401723209477652
0.8179859989229941
0.6564351103931072
0.8812600969305331
0.8004846526655897
0.9197630586968228
0.7945611200861604
0.9130317716747443
0.6997845988152935
0.869951534733441
0.7999461497038234
0.8424878836833603
0.8739903069466882
0.8228325255788906
0.7703284868066774
0.840064620355412
0.9450726978998385
0.8201400107700593
0.6639741518578353
0.9550350026925148
0.7994076467420571
0.7969843834141088
0.8861066235864298
0.7907915993537964
0.7417878298330641
0.9211093161012386
0.8109854604200323
0.8850296176628971
0.8039849219170705
0.8957996768982229
0.8871836295099623
0.7829833064081853
0.8298330640818524
0.8314485729671514
0.559504577275175
0.8136779752288638
0.8906838987614432
0.9143780290791599
0.7530963920301562
0.8432956381260097
0.9450726978998385
0.31906300484652667
0.8944534194938072
0.8546042003231018
0.886645126548196
0.7983306408185245
0.7347872913301023
0.9246095853527194
0.819601507808293
0.8096392030156165
0.8922994076467421
0.8957996768982229
0.7439418416801292
0.8562197092084006
0.8371028540656974
0.8546042003231018
0.9437264404954228
0.8992999461497039
0.8543349488422186
0.8182552504038773
0.8675282714054927
0.8290253096392031
0.8912224017232094
0.8621432417878299
0.7813677975228863
0.8134087237479806
0.8489499192245558
0.8968766828217555
0.9378029079159935
0.7011308562197092
0.9283791060850834
0.9119547657512116
0.8947226709746904
0.6160473882606354
0.8527194399569198
0.8731825525040388
0.8694130317716747
0.8807215939687668
0.8675282714054927
0.7625201938610663
0.9063004846526656
0.8974151857835219
0.7407108239095315
0.8185245018847603
0.8319870759289176
0.8354873451803985
0.7614431879375336
0.7517501346257405
0.8645665051157781
0.8834141087775983
0.8634894991922456
0.8478729133010231
0.7969843834141088
0.9041464728056005
0.823371028540657
0.8325255788906839
0.8284868066774367
0.9054927302100162
0.8532579429186861
0.8586429725363489
0.7670974690360797
0.7854065697361335
0.9208400646203554
0.8941841680129241
0.8890683898761443
0.8906838987614432
0.8255250403877221
0.6610123855681206
0.8912224017232094
0.72859450726979
0.8459881529348411
0.8306408185245019
0.7999461497038234
0.8171782444803446
0.8389876144318794
0.925686591276252
0.8834141087775983
0.8282175551965536
0.8955304254173398
0.9079159935379645
0.8906838987614432
0.9019924609585352
0.8411416262789445
0.840064620355412
0.9068389876144318
0.8710285406569737
0.8349488422186322
0.8887991383952611
0.6351642434033388
0.8952611739364567
0.8050619278406032
0.6790522347872914
0.8694130317716747
0.8710285406569737
0.8966074313408724
0.8944534194938072
0.7991383952611739
0.9211093161012386
0.8602584814216478
0.8031771674744211
0.8645665051157781
0.8966074313408724
0.7711362412493269
0.9221863220247711
0.9017232094776522
0.9318793753365644
0.7482498653742595
0.9278406031233172
0.929456112008616
0.7956381260096931
0.8971459343026387
0.9149165320409263
0.8115239633817986
0.7872913301023156
0.80479267635972
0.7372105546580506
0.8344103392568659
0.8276790522347873
0.8834141087775983
0.93322563274098
0.7778675282714055
0.8804523424878837
0.8917609046849758
0.7005923532579429
0.8397953688745288
0.7423263327948304
0.8346795907377491
0.7883683360258481
0.8511039310716209
0.7065158858373721
0.825255788906839
0.8890683898761443
0.752827140549273
0.7603661820140011
0.9278406031233172
0.6949380721593968
0.7967151319332256
0.7942918686052773
0.680398492191707
0.7889068389876144
0.8284868066774367
0.8947226709746904
0.756596661281637
0.8368336025848142
0.8389876144318794
0.8564889606892838
0.8777598276790523
0.9060312331717825
0.9483037156704361
0.7872913301023156
0.7781367797522887
0.789983844911147
0.8669897684437264
0.7329025309639203
0.9087237479806138
0.8276790522347873
0.8416801292407108
0.9030694668820679
0.9019924609585352
0.899569197630587
0.7541733979536888
0.7022078621432418
0.7856758212170167
0.7520193861066236
0.7477113624124933
0.8548734518039849
0.905223478729133
0.8723747980613893
0.8039849219170705
0.8204092622509424
0.8677975228863759
0.8408723747980614
0.8548734518039849
0.6771674744211094
0.8952611739364567
0.9711900915455035
0.8217555196553581
0.7810985460420032
0.827140549273021
0.9081852450188476
0.9464189553042541
0.8397953688745288
0.8117932148626817
0.6047388260635433
0.7582121701669359
0.8179859989229941
0.8082929456112009
0.8155627355950458
0.8217555196553581
0.8890683898761443
0.9283791060850834
0.7151319332256327
0.8166397415185783
0.8858373721055466
0.8801830910070005
0.754711900915455
0.8497576736672051
0.8998384491114702
0.8532579429186861
0.9168012924071083
0.7969843834141088
0.8147549811523963
0.8411416262789445
0.8893376413570274
0.8091007000538503
0.8871836295099623
0.8322563274098007
0.8201400107700593
0.8338718362950996
0.8669897684437264
0.8327948303715671
0.7991383952611739
0.5549273021001615
0.7135164243403339
0.8072159396876682
0.7722132471728594
0.8231017770597738
0.813947226709747
0.8715670436187399
0.7829833064081853
0.9205708131394723
0.8931071620893914
0.8091007000538503
0.8136779752288638
0.8925686591276252
0.7563274098007539
0.8683360258481422
0.9337641357027464
0.8874528809908454
0.9178782983306408
0.936725901992461
0.9520732364028002
0.908992999461497
0.8231017770597738
0.8863758750673129
0.8449111470113085
0.8462574044157243
0.7442110931610124
0.9124932687129779
0.8992999461497039
0.9081852450188476
0.8583737210554658
0.8012924071082391
0.9512654819601508
0.7832525578890683
0.8107162089391492
0.8971459343026387
0.7802907915993538
0.907108239095315
0.8034464189553042
0.8898761443187938
0.9154550350026925
0.8901453957996769
0.8136779752288638
0.8497576736672051
0.845718901453958
0.8664512654819602
0.8613354873451804
0.884760366182014
0.9203015616585891
0.7428648357565967
0.8799138395261173
0.8591814754981152
0.9197630586968228
0.8166397415185783
0.8546042003231018
0.8920301561658589
0.9235325794291869
0.908992999461497
0.7759827679052235
0.8817985998922994
0.8998384491114702
0.7382875605815832
0.9030694668820679
0.777059773828756
0.9601507808292946
0.8193322563274098
0.8968766828217555
0.6900915455035003
0.8500269251480883
0.7959073774905762
0.8274098007539041
0.9028002154011847
0.7996768982229402
0.8209477652127086
0.8260635433494884
0.8583737210554658
0.8352180936995154
0.8053311793214862
0.7985998922994076
0.8403338718362952
0.7684437264404954
0.631933225632741
0.7878298330640818
0.7800215401184707
0.40199246095853525
0.7479806138933764
0.3072159396876683
0.8917609046849758
0.8166397415185783
0.9224555735056543
0.9205708131394723
0.903338718362951
0.8774905761981691
0.754711900915455
0.7985998922994076
0.8909531502423264
0.9399569197630587
0.8266020463112547
0.8354873451803985
0.8626817447495961
0.927571351642434
0.756596661281637
0.9060312331717825
0.7964458804523424
0.886645126548196
0.7894453419493808
0.775175013462574
0.8201400107700593
0.938610662358643
0.815831987075929
0.8309100700053851
0.791868605277329
0.7183629509962305
0.7619816908992999
0.8303715670436187
0.8451803984921917
0.7525578890683898
0.6946688206785138
0.8427571351642434
0.9176090468497576
0.7377490576198169
0.7665589660743134
0.7700592353257943
0.8093699515347335
0.8817985998922994
0.8941841680129241
0.8247172859450727
0.8470651588583737
0.8354873451803985
0.7172859450726979
0.8906838987614432
0.721324717285945
0.7334410339256866
0.8764135702746365
0.8761443187937533
0.7924071082390953
0.9025309639203015
0.7245557350565428
0.8551427032848681
0.7999461497038234
0.8376413570274637
0.7606354334948843
0.8761443187937533
0.9378029079159935
0.8152934841141626
0.8664512654819602
0.816101238556812
0.905223478729133
0.8974151857835219
0.9474959612277868
0.7781367797522887
0.9464189553042541
0.7512116316639742
0.7019386106623586
0.8058696822832525
0.8559504577275175
0.7832525578890683
0.7722132471728594
0.9197630586968228
0.8422186322024772
0.840064620355412
0.780560043080237
0.8537964458804523
0.9326871297792138
0.7687129779213786
0.7983306408185245
0.9011847065158859
0.8879913839526118
0.7606354334948843
0.8511039310716209
0.6278944534194938
0.8726440495422725
0.9138395261173936
0.7662897145934303
0.8898761443187938
0.7827140549273021
0.8731825525040388
0.8190630048465266
0.7148626817447497
0.9219170705438879
0.8764135702746365
0.944264943457189
0.7062466343564889
0.8091007000538503
0.7544426494345718
0.7937533656435111
0.8640280021540119
0.8554119547657512
0.7280560043080236
0.9178782983306408
0.7910608508346796
0.7277867528271406
0.004846526655896607
0.7773290253096392
0.6715131933225633
0.6863220247711362
0.8115239633817986
0.8387183629509962
0.5008077544426495
0.8769520732364028
0.8651050080775444
0.8890683898761443
0.9151857835218093
0.8758750673128702
0.8454496499730748
0.83817985998923
0.9141087775982768
0.8516424340333871
0.816101238556812
0.7827140549273021
0.7983306408185245
0.8801830910070005
0.8206785137318255
0.6930533117932148
0.9631125471190092
0.8169089929994615
0.9243403338718363
0.8352180936995154
0.908992999461497
0.871836295099623
0.8511039310716209
0.9038772213247173
0.8960689283791061
0.864297253634895
0.9235325794291869
0.7259019924609585
0.7347872913301023
0.9378029079159935
0.8933764135702746
0.8459881529348411
0.8766828217555197
0.7802907915993538
0.8500269251480883
0.8704900376952073
0.7950996230479268
0.8659127625201939
0.9028002154011847
0.7423263327948304
0.8284868066774367
0.8648357565966612
0.8198707592891761
0.8120624663435649
0.8987614431879375
0.8134087237479806
0.9308023694130317
0.8333333333333334
0.745288099084545
0.8362950996230479
0.7915993537964459
0.7113624124932687
0.8562197092084006
0.7792137856758212
0.8742595584275713
0.9539579967689822
0.7638664512654819
0.8080236941303177
0.7708669897684437
0.8586429725363489
0.9073774905761982
0.9571890145395799
0.6814754981152397
0.784329563812601
0.9614970382337102
0.8691437802907916
0.7460958535271944
0.9211093161012386
0.9649973074851912
0.7514808831448573
0.8015616585891222
0.8424878836833603
0.8863758750673129
0.8449111470113085
0.7347872913301023
0.9087237479806138
0.9259558427571352
0.9369951534733441
0.7447495961227787
0.7512116316639742
0.7662897145934303
0.7614431879375336
0.879106085083468
0.8839526117393646
0.8268712977921379
0.7889068389876144
0.6868605277329025
0.8839526117393646
0.8901453957996769
0.8535271943995691
0.7932148626817448
0.9224555735056543
0.9146472805600431
0.6922455573505655
0.8527194399569198
0.8686052773290253
0.8244480344641896
0.8782983306408185
0.7991383952611739
0.7530963920301562
0.9068389876144318
0.8397953688745288
0.9181475498115239
0.8659127625201939
0.9456112008616048
0.8570274636510501
0.8166397415185783
0.6849757673667205
0.8131394722670975
0.778944534194938
0.9081852450188476
0.7568659127625202
0.7590199246095853
0.962843295638126
0.9248788368336026
0.8403338718362952
0.9130317716747443
0.8782983306408185
0.970113085621971
0.9025309639203015
0.8928379106085084
0.7059773828756059
0.1890145395799677
0.959073774905762
0.9063004846526656
0.8656435110393107
0.8352180936995154
0.8957996768982229
0.8373721055465805
0.9044157242864835
0.8842218632202478
0.8373721055465805
0.8564889606892838
0.8904146472805601
0.7428648357565967
0.8844911147011308
0.9464189553042541
0.8222940226171244
0.9229940764674206
0.9065697361335487
0.8839526117393646
0.905223478729133
0.8441033925686591
0.8107162089391492
0.7784060312331718
0.9046849757673667
0.864297253634895
0.9305331179321487
0.8885298869143781
0.8489499192245558
0.8446418955304255
0.8914916532040926
0.8957996768982229
0.9496499730748519
0.8093699515347335
0.8292945611200861
0.7689822294022617
0.9044157242864835
0.9087237479806138
0.9130317716747443
0.873721055465805
0.7533656435110393
0.8831448572967151
0.8750673128702208
0.8683360258481422
0.7310177705977383
0.9614970382337102
0.8683360258481422
0.778944534194938
0.6927840603123318
0.8406031233171782
0.6553581044695745
0.7945611200861604
0.8497576736672051
0.7883683360258481
0.8338718362950996
0.7942918686052773
0.9208400646203554
0.8406031233171782
0.7183629509962305
0.8952611739364567
0.749057619816909
0.8511039310716209
0.7907915993537964
0.5988152934841141
0.8901453957996769
0.9041464728056005
0.8091007000538503
0.9068389876144318
0.8556812062466344
0.7641357027463651
0.8731825525040388
0.8925686591276252
0.9633817985998923
0.8144857296715132
0.851373182552504
0.388529886914378
0.775175013462574
0.7369413031771674
0.8559504577275175
0.8516424340333871
0.9251480883144857
0.8726440495422725
0.8758750673128702
0.8368336025848142
0.8257942918686053
0.7837910608508347
0.7964458804523424
0.777059773828756
0.8492191707054388
0.9119547657512116
0.8034464189553042
0.8091007000538503
0.7870220786214324
0.8906838987614432
0.8879913839526118
0.8572967151319332
0.8834141087775983
0.849488422186322
0.8567582121701669
0.8807215939687668
0.8747980613893377
0.8960689283791061
0.7630586968228326
0.8260635433494884
0.905223478729133
0.7520193861066236
0.6548196015078083
0.8852988691437803
0.8201400107700593
0.8672590199246096
0.936725901992461
0.8694130317716747
0.8844911147011308
0.9472267097469036
0.8373721055465805
0.8667205169628432
0.9264943457189014
0.8422186322024772
0.8443726440495423
0.7390953150242326
0.8532579429186861
0.7385568120624664
0.8984921917070544
0.8963381798599892
0.8904146472805601
0.7401723209477652
0.7226709746903608
0.7708669897684437
0.407108239095315
0.8974151857835219
0.0791599353796446
0.7797522886375875
0.6558966074313409
0.8879913839526118
0.9006462035541195
0.8971459343026387
0.8481421647819063
0.8947226709746904
0.8939149165320409
0.8346795907377491
0.6701669359181476
0.8459881529348411
0.7164781906300485
0.841949380721594
0.8319870759289176
0.8064081852450189
0.752827140549273
0.8473344103392568
0.7738287560581584
0.8807215939687668
0.8610662358642972
0.8801830910070005
0.7722132471728594
0.8939149165320409
0.9318793753365644
0.7059773828756059
0.8543349488422186
0.7563274098007539
0.868066774367259
0.7754442649434572
0.8842218632202478
0.8863758750673129
0.9036079698438342
0.927571351642434
0.827140549273021
0.873451803984922
0.8939149165320409
0.9154550350026925
0.7592891760904685
0.7953688745288099
0.7802907915993538
0.8887991383952611
0.057619816908992996
0.8500269251480883
0.7619816908992999
0.879106085083468
0.7773290253096392
0.9038772213247173
0.8729133010231557
0.8182552504038773
0.9326871297792138
0.9211093161012386
0.9176090468497576
0.8527194399569198
0.6647819063004846
0.8922994076467421
0.69520732364028
0.9593430263866451
0.8583737210554658
0.905223478729133
0.7692514808831449
0.7722132471728594
0.8031771674744211
0.7929456112008616
0.7708669897684437
0.7495961227786753
0.8696822832525579
0.756596661281637
0.8349488422186322
0.9205708131394723
0.5546580506192784
0.7654819601507808
0.8968766828217555
0.6873990306946688
0.8373721055465805
0.8731825525040388
0.8974151857835219
0.8610662358642972
0.9224555735056543
0.6882067851373183
0.1777059773828756
0.7151319332256327
0.845718901453958
0.9326871297792138
0.529617662897146
0.8384491114701131
0.9211093161012386
0.6440495422724825
0.7999461497038234
0.8311793214862682
0.8947226709746904
0.9068389876144318
0.9141087775982768
0.7539041464728056
0.806677436725902
0.8505654281098546
0.7040926225094238
0.8266020463112547
0.886645126548196
0.7113624124932687
0.7178244480344642
0.6435110393107162
0.8669897684437264
0.8640280021540119
0.8257942918686053
0.8056004308023694
0.8543349488422186
0.8640280021540119
0.7827140549273021
0.8249865374259558
0.8548734518039849
0.8645665051157781
0.7950996230479268
0.8694130317716747
0.9025309639203015
0.9480344641895531
0.9515347334410339
0.7700592353257943
0.8799138395261173
0.7377490576198169
0.8715670436187399
0.8696822832525579
0.8597199784598816
0.724824986537426
0.8091007000538503
0.8745288099084545
0.8990306946688207
0.7237479806138933
0.7652127086698977
0.8922994076467421
0.8091007000538503
0.8887991383952611
0.9084544964997308
0.8815293484114163
0.9281098546042004
0.8131394722670975
0.721324717285945
0.7145934302638665
0.00026925148088314486
0.8117932148626817
0.8516424340333871
0.7988691437802908
0.8656435110393107
0.7816370490037695
0.8979536887452881
0.9025309639203015
0.8691437802907916
0.750942380183091
0.8917609046849758
0.8371028540656974
0.8152934841141626
0.8694130317716747
0.7487883683360258
0.6316639741518578
0.8968766828217555
0.7299407646742057
0.8150242326332795
0.8174474959612278
0.8704900376952073
0.8874528809908454
0.8392568659127625
0.7991383952611739
0.8435648896068928
0.8594507269789984
0.8042541733979537
0.8120624663435649
0.80479267635972
0.9098007539041465
0.8858373721055466
0.8844911147011308
0.7994076467420571
0.9081852450188476
0.8777598276790523
0.7883683360258481
0.8941841680129241
0.780560043080237
0.7961766289714594
0.7969843834141088
0.8317178244480344
0.8745288099084545
0.8134087237479806
0.7977921378567582
0.960958535271944
0.8839526117393646
0.944264943457189
0.8992999461497039
0.9480344641895531
0.7980613893376414
0.9151857835218093
0.624394184168013
0.8931071620893914
0.8371028540656974
0.9106085083467959
0.8325255788906839
0.8360258481421647
0.8982229402261712
0.9124932687129779
0.8914916532040926
0.8352180936995154
0.7487883683360258
0.845718901453958
0.8971459343026387
0.825255788906839
0.7439418416801292
0.726709746903608
0.8826063543349488
0.873451803984922
0.61900915455035
0.8446418955304255
0.7377490576198169
0.7821755519655358
0.8912224017232094
0.8371028540656974
0.8198707592891761
0.6997845988152935
0.9509962304792676
0.8920301561658589
0.8839526117393646
0.9119547657512116
0.9186860527732903
0.7627894453419494
0.9001077005923532
0.8581044695745826
0.8249865374259558
0.8963381798599892
0.8979536887452881
0.7972536348949919
0.8187937533656435
0.7705977382875606
0.8112547119009155
0.8605277329025309
0.8279483037156704
0.8212170166935918
0.1470113085621971
0.8021001615508885
0.93322563274098
0.7897145934302638
0.8408723747980614
0.6962843295638126
0.8613354873451804
0.8292945611200861
0.8333333333333334
0.7996768982229402
0.8906838987614432
0.884760366182014
0.8007539041464729
0.927571351642434
0.8556812062466344
0.8074851911685514
0.8799138395261173
0.8284868066774367
0.8279483037156704
0.7382875605815832
0.8979536887452881
0.7151319332256327
0.8435648896068928
0.7767905223478729
0.7700592353257943
0.8691437802907916
0.8462574044157243
0.7810985460420032
0.9434571890145396
0.968228325255789
0.8901453957996769
0.9028002154011847
0.7401723209477652
0.9065697361335487
0.8952611739364567
0.6650511577813678
0.8462574044157243
0.9235325794291869
0.8966074313408724
0.9264943457189014
0.9194938072159397
0.8341410877759827
0.907108239095315
0.879106085083468
0.7907915993537964
0.6833602584814217
0.8535271943995691
0.92380183091007
0.9380721593968767
0.8263327948303716
0.8349488422186322
0.8987614431879375
0.8336025848142165
0.8804523424878837
0.7641357027463651
0.8645665051157781
0.7837910608508347
0.7670974690360797
0.8554119547657512
0.8879913839526118
0.8508346795907378
0.8341410877759827
0.8037156704361874
0.8796445880452343
0.8330640818524502
0.9507269789983845
0.9092622509423802
0.8368336025848142
0.8034464189553042
0.7913301023155628
0.24286483575659665
0.8842218632202478
0.9321486268174475
0.7592891760904685
0.823371028540657
0.710016155088853
0.9095315024232633
0.9019924609585352
0.9232633279483037
0.8535271943995691
0.8521809369951535
0.7619816908992999
0.7759827679052235
0.8379106085083468
0.9410339256865913
0.8088314485729672
0.9278406031233172
0.8395261173936457
0.8112547119009155
0.8788368336025848
0.8325255788906839
0.8855681206246634
0.899569197630587
0.8327948303715671
0.9168012924071083
0.8904146472805601
0.9240710823909531
0.8279483037156704
0.864297253634895
0.8034464189553042
0.83817985998923
0.8952611739364567
0.7897145934302638
0.8659127625201939
0.8392568659127625
0.6451265481960151
0.8309100700053851
0.8613354873451804
0.8632202477113624
0.7590199246095853
0.9143780290791599
0.8163704900376952
0.9122240172320948
0.7170166935918147
0.8774905761981691
0.8572967151319332
0.9019924609585352
0.8572967151319332
0.7221324717285945
0.6478190630048465
0.782444803446419
0.8120624663435649
0.8424878836833603
0.8446418955304255
0.8933764135702746
0.8454496499730748
0.8311793214862682
0.8624124932687129
0.8624124932687129
0.8723747980613893
0.8193322563274098
0.7571351642434033
0.8664512654819602
0.8659127625201939
0.1806677436725902
0.9254173397953689
0.002154011847065159
0.8470651588583737
0.9318793753365644
0.7937533656435111
0.8723747980613893
0.7727517501346257
0.7719439956919764
0.9133010231556273
0.8974151857835219
0.9065697361335487
0.6927840603123318
0.724824986537426
0.8704900376952073
0.8634894991922456
0.9076467420570813
0.8155627355950458
0.8782983306408185
0.8893376413570274
0.7792137856758212
0.9141087775982768
0.8931071620893914
0.8435648896068928
0.6637049003769521
0.693322563274098
0.684168012924071
0.8957996768982229
0.8268712977921379
0.9588045234248789
0.8879913839526118
0.935110393107162
0.9431879375336565
0.8941841680129241
0.8764135702746365
0.8551427032848681
0.8128702207862143
0.8788368336025848
0.7514808831448573
0.7073236402800216
0.8478729133010231
0.9073774905761982
0.8287560581583199
0.7867528271405493
0.817716747442111
0.8739903069466882
0.9009154550350027
0.8198707592891761
0.7832525578890683
0.9079159935379645
0.851373182552504
0.9474959612277868
0.8484114162627895
0.849488422186322
0.6596661281637048
0.7541733979536888
0.7493268712977922
0.8201400107700593
0.9644588045234249
0.8675282714054927
0.8669897684437264
0.886645126548196
0.8688745288099085
0.8982229402261712
0.8624124932687129
0.8766828217555197
0.8766828217555197
0.6892837910608508
0.9001077005923532
0.825255788906839
0.8801830910070005
0.821486268174475
0.9138395261173936
0.7837910608508347
0.8387183629509962
0.708131394722671
0.9232633279483037
0.8532579429186861
0.9192245557350566
0.8362950996230479
0.7630586968228326
0.6898222940226171
0.8928379106085084
0.7948303715670436
0.7662897145934303
0.884760366182014
0.7291330102315563
0.7221324717285945
0.8018309100700054
0.9483037156704361
0.868066774367259
0.845718901453958
0.8131394722670975
0.8389876144318794
0.869951534733441
0.8941841680129241
0.7891760904684976
0.8282175551965536
0.7859450726978998
0.8002154011847065
0.9100700053850296
0.8939149165320409
0.7598276790522348
0.7827140549273021
0.9103392568659128
0.6954765751211631
0.8317178244480344
0.6254711900915455
0.7552504038772213
0.7942918686052773
0.8241787829833064
0.9143780290791599
0.7730210016155089
0.4095315024232633
0.7662897145934303
0.8050619278406032
0.9553042541733979
0.8764135702746365
0.92380183091007
0.8844911147011308
0.8492191707054388
0.9178782983306408
0.7339795368874529
0.9324178782983307
0.784329563812601
0.8971459343026387
0.8931071620893914
0.8963381798599892
0.8618739903069467
0.7568659127625202
0.9445341949380721
0.7775982767905224
0.9189553042541734
0.7878298330640818
0.9025309639203015
0.6698976844372644
0.8602584814216478
0.8898761443187938
0.6995153473344103
0.8371028540656974
0.8056004308023694
0.7417878298330641
0.8171782444803446
0.8917609046849758
0.6672051696284329
0.8341410877759827
0.8459881529348411
0.7816370490037695
0.8537964458804523
0.777059773828756
0.869951534733441
0.7924071082390953
0.7945611200861604
0.8594507269789984
0.8901453957996769
0.9073774905761982
0.8303715670436187
0.9114162627894453
0.7121701669359182
0.8936456650511578
0.8384491114701131
0.8597199784598816
0.8325255788906839
0.8546042003231018
0.8694130317716747
0.8136779752288638
0.7011308562197092
0.9060312331717825
0.8249865374259558
0.9124932687129779
0.9022617124394184
0.7967151319332256
0.8715670436187399
0.6973613354873451
0.7630586968228326
0.7183629509962305
0.8333333333333334
0.8898761443187938
0.8535271943995691
0.9310716208939149
0.7889068389876144
0.9337641357027464
0.7226709746903608
0.877221324717286
0.6809369951534734
0.8949919224555735
0.899569197630587
0.8704900376952073
0.8416801292407108
0.7622509423801831
0.9124932687129779
0.8091007000538503
0.8944534194938072
0.7539041464728056
0.7854065697361335
0.7910608508346796
0.8607969843834141
0.6491653204092622
0.8992999461497039
0.6938610662358643
0.7587506731287023
0.9079159935379645
0.6825525040387722
0.817716747442111
0.8074851911685514
0.8010231556273559
0.9203015616585891
0.7778675282714055
0.8454496499730748
0.8144857296715132
0.9098007539041465
0.9273021001615509
0.8045234248788369
0.810446957458266
0.8357565966612817
0.8629509962304792
0.7915993537964459
0.9216478190630049
0.7622509423801831
0.8998384491114702
0.9095315024232633
0.8069466882067852
0.808562197092084
0.7625201938610663
0.9235325794291869
0.7571351642434033
0.7692514808831449
0.9079159935379645
0.8559504577275175
0.07512116316639741
0.9372644049542272
0.840064620355412
0.7913301023155628
0.7840603123317178
0.8128702207862143
0.849488422186322
0.7740980075390415
0.9267635971997846
0.7606354334948843
0.8694130317716747
0.7549811523963382
0.8397953688745288
0.8204092622509424
0.8667205169628432
0.8319870759289176
0.884760366182014
0.8933764135702746
0.7980613893376414
0.7224017232094776
0.9025309639203015
0.8397953688745288
0.7670974690360797
0.7948303715670436
0.8914916532040926
0.6513193322563274
0.7988691437802908
0.6435110393107162
0.9028002154011847
0.8632202477113624
0.8640280021540119
0.8465266558966075
0.8906838987614432
0.9079159935379645
0.9458804523424879
0.8537964458804523
0.968497576736672
0.791868605277329
0.8295638126009693
0.8971459343026387
0.8532579429186861
0.8519116855142703
0.8389876144318794
0.8268712977921379
0.8117932148626817
0.8591814754981152
0.8634894991922456
0.8710285406569737
0.7937533656435111
0.8416801292407108
0.8478729133010231
0.5611200861604739
0.882875605815832
0.8319870759289176
0.7657512116316639
0.8535271943995691
0.8502961766289715
0.851373182552504
0.9127625201938611
0.810446957458266
0.7455573505654282
0.5503500269251481
0.9011847065158859
0.8454496499730748
0.6418955304254174
0.7907915993537964
0.8696822832525579
0.7463651050080775
0.825255788906839
0.866182014001077
0.907108239095315
0.8478729133010231
0.7980613893376414
0.7924071082390953
0.7339795368874529
0.7649434571890146
0.8707592891760905
0.8906838987614432
0.8739903069466882
0.7870220786214324
0.8266020463112547
0.8581044695745826
0.7854065697361335
0.6865912762520194
0.782444803446419
0.9017232094776522
0.7180936995153473
0.8244480344641896
0.6351642434033388
0.875336564351104
0.7794830371567044
0.7288637587506731
0.749057619816909
0.9361873990306947
0.7687129779213786
0.7848680667743673
0.8774905761981691
0.929456112008616
0.9286483575659666
0.8236402800215401
0.6545503500269252
0.592891760904685
0.9106085083467959
0.9133010231556273
0.9041464728056005
0.8171782444803446
0.8710285406569737
0.9227248249865374
0.6768982229402262
0.7926763597199784
0.8834141087775983
0.8117932148626817
0.8228325255788906
0.7813677975228863
0.7684437264404954
0.9671513193322563
0.8443726440495423
0.9130317716747443
0.9025309639203015
0.8874528809908454
0.9143780290791599
0.8422186322024772
0.9267635971997846
0.8562197092084006
0.8497576736672051
0.7827140549273021
0.8031771674744211
0.9254173397953689
0.9246095853527194
0.8949919224555735
0.7700592353257943
0.7926763597199784
0.1903607969843834
0.786214324178783
0.8327948303715671
0.968228325255789
0.7797522886375875
0.8879913839526118
0.8521809369951535
0.9399569197630587
0.7932148626817448
0.7302100161550888
0.8392568659127625
0.8368336025848142
0.8021001615508885
0.8815293484114163
0.7792137856758212
0.8527194399569198
0.9124932687129779
0.8949919224555735
0.7705977382875606
0.9418416801292407
0.6669359181475498
0.7183629509962305
0.819601507808293
0.8209477652127086
0.9197630586968228
0.8497576736672051
0.7749057619816909
0.8801830910070005
0.8327948303715671
0.8723747980613893
0.7277867528271406
0.8120624663435649
0.7108239095315024
0.9278406031233172
0.8107162089391492
0.8279483037156704
0.9612277867528272
0.871836295099623
0.8451803984921917
0.8459881529348411
0.7891760904684976
0.8974151857835219
0.8616047388260636
0.7983306408185245
0.8292945611200861
0.8446418955304255
0.8435648896068928
0.8834141087775983
0.8726440495422725
0.5923532579429187
0.784329563812601
0.9383414108777598
0.15401184706515886
0.8169089929994615
0.910877759827679
0.8292945611200861
0.77140549273021
0.7633279483037156
0.9297253634894992
0.9049542272482499
0.7450188476036618
0.8694130317716747
0.7412493268712977
0.7202477113624125
0.8944534194938072
0.899569197630587
0.8672590199246096
0.7926763597199784
0.9060312331717825
0.6903607969843835
0.8675282714054927
0.7627894453419494
0.8914916532040926
0.9127625201938611
0.7854065697361335
0.8228325255788906
0.7819063004846527
0.8473344103392568
0.724824986537426
0.7964458804523424
0.7757135164243404
0.8314485729671514
0.8901453957996769
0.6908992999461497
0.8349488422186322
0.7692514808831449
0.8228325255788906
0.7950996230479268
0.9114162627894453
0.8096392030156165
0.8311793214862682
0.6058158319870759
0.8820678513731826
0.8850296176628971
0.8185245018847603
0.7722132471728594
0.8152934841141626
0.8368336025848142
0.8368336025848142
0.7781367797522887
0.806677436725902
0.7854065697361335
0.8478729133010231
0.8968766828217555
0.8885298869143781
0.8387183629509962
0.789983844911147
0.8675282714054927
0.7369413031771674
0.8960689283791061
0.9079159935379645
0.8222940226171244
0.9119547657512116
0.7533656435110393
0.9028002154011847
0.8815293484114163
0.8527194399569198
0.8546042003231018
0.8613354873451804
0.903338718362951
0.93322563274098
0.7894453419493808
0.8554119547657512
0.7466343564889607
0.7727517501346257
0.7794830371567044
0.7544426494345718
0.8887991383952611
0.8675282714054927
0.8344103392568659
0.8298330640818524
0.8548734518039849
0.8941841680129241
0.9267635971997846
0.6917070543887991
0.8317178244480344
0.8777598276790523
0.7568659127625202
0.8963381798599892
0.8120624663435649
0.9749596122778675
0.8015616585891222
0.7948303715670436
0.9057619816908993
0.9084544964997308
0.7609046849757674
0.8319870759289176
0.9429186860527733
0.8260635433494884
0.7856758212170167
0.9141087775982768
0.9224555735056543
0.8675282714054927
0.8128702207862143
0.8984921917070544
0.821486268174475
0.8169089929994615
0.7479806138933764
0.8007539041464729
0.8591814754981152
0.8869143780290791
0.8384491114701131
0.8134087237479806
0.8764135702746365
0.8613354873451804
0.7719439956919764
0.8839526117393646
0.7921378567582121
0.9480344641895531
0.7749057619816909
0.9054927302100162
0.8392568659127625
0.7915993537964459
0.8093699515347335
0.8467959073774906
0.78082929456112
0.9081852450188476
0.8198707592891761
0.9445341949380721
0.9291868605277329
0.8451803984921917
0.8750673128702208
0.8109854604200323
0.8634894991922456
0.8788368336025848
0.7463651050080775
0.8373721055465805
0.7574044157242865
0.9087237479806138
0.7759827679052235
0.8731825525040388
0.8729133010231557
0.8204092622509424
0.8061389337641357
0.8823371028540657
0.875605815831987
0.8150242326332795
0.88099084544965
0.8120624663435649
0.7905223478729133
0.788099084544965
0.9168012924071083
0.7495961227786753
0.8877221324717286
0.9106085083467959
0.9030694668820679
0.8441033925686591
0.9159935379644588
0.8244480344641896
0.8174474959612278
0.8912224017232094
0.8944534194938072
0.9194938072159397
0.9372644049542272
0.9343026386645127
0.9291868605277329
0.93322563274098
0.8758750673128702
0.7875605815831987
0.7654819601507808
0.9232633279483037
0.7334410339256866
0.8379106085083468
0.8163704900376952
0.8152934841141626
0.8807215939687668
0.8225632740980076
0.92380183091007
0.7924071082390953
0.7501346257404415
0.8936456650511578
0.9184168012924071
0.8904146472805601
0.936725901992461
0.8624124932687129
0.8314485729671514
0.8349488422186322
0.8702207862143242
0.8311793214862682
0.8220247711362413
0.7775982767905224
0.8042541733979537
0.8817985998922994
0.8912224017232094
0.7522886375875067
0.8131394722670975
0.9001077005923532
0.7417878298330641
0.808562197092084
0.884760366182014
0.8648357565966612
0.7582121701669359
0.8171782444803446
0.8462574044157243
0.7950996230479268
0.7757135164243404
0.8785675821217017
0.35864297253634897
0.9044157242864835
0.7477113624124933
0.9076467420570813
0.7689822294022617
0.899569197630587
0.8922994076467421
0.8583737210554658
0.9579967689822294
0.8301023155627356
0.8287560581583199
0.7673667205169629
0.8966074313408724
0.7539041464728056
0.9138395261173936
0.8941841680129241
0.9361873990306947
0.7555196553581045
0.9189553042541734
0.6039310716208939
0.8244480344641896
0.6908992999461497
0.903338718362951
0.817716747442111
0.788099084544965
0.8645665051157781
0.8284868066774367
0.7625201938610663
0.7673667205169629
0.9046849757673667
0.8295638126009693
0.83817985998923
0.8739903069466882
0.6464728056004309
0.9170705438879914
0.9283791060850834
0.8112547119009155
0.8325255788906839
0.7875605815831987
0.8605277329025309
0.886645126548196
0.6935918147549811
0.7635971997845988
0.8295638126009693
0.8640280021540119
0.8817985998922994
0.7353257942918686
0.8817985998922994
0.8947226709746904
0.7883683360258481
0.8656435110393107
0.7913301023155628
0.825255788906839
0.8920301561658589
0.849488422186322
0.9571890145395799
0.8516424340333871
0.6987075928917609
0.8174474959612278
0.8069466882067852
0.8231017770597738
0.8704900376952073
0.7956381260096931
0.7598276790522348
0.8077544426494345
0.8887991383952611
0.8414108777598277
0.8292945611200861
0.8799138395261173
0.7022078621432418
0.8971459343026387
0.7253634894991923
0.8193322563274098
0.7867528271405493
0.821486268174475
0.7668282175551966
0.8968766828217555
0.879106085083468
0.875605815831987
0.7692514808831449
0.8527194399569198
0.7493268712977922
0.8015616585891222
0.7514808831448573
0.8333333333333334
0.8939149165320409
0.936725901992461
0.8174474959612278
0.7576736672051696
0.8319870759289176
0.9445341949380721
0.9706515885837372
0.8430263866451265
0.722940226171244
0.8556812062466344
0.873451803984922
0.942380183091007
0.9181475498115239
0.6962843295638126
0.8960689283791061
0.8957996768982229
0.9577275175013462
0.9092622509423802
0.8298330640818524
0.8502961766289715
0.8336025848142165
0.7501346257404415
0.817716747442111
0.8826063543349488
0.8578352180936996
0.9157242864835756
0.7657512116316639
0.6984383414108778
0.732364028002154
0.8117932148626817
0.7980613893376414
0.7864835756596661
0.7183629509962305
0.8206785137318255
0.21217016693591814
0.7312870220786214
0.8403338718362952
0.8562197092084006
0.8599892299407647
0.7746365105008077
0.8403338718362952
0.8333333333333334
0.9456112008616048
0.7291330102315563
0.9098007539041465
0.8777598276790523
0.8352180936995154
0.8319870759289176
0.7915993537964459
0.8179859989229941
0.903338718362951
0.7652127086698977
0.7800215401184707
0.7810985460420032
0.868066774367259
0.9439956919763058
0.8677975228863759
0.7625201938610663
0.8527194399569198
0.8936456650511578
0.8424878836833603
0.8190630048465266
0.9450726978998385
0.8481421647819063
0.767635971997846
0.9001077005923532
0.8171782444803446
0.8327948303715671
0.8750673128702208
0.8511039310716209
0.8659127625201939
0.8292945611200861
0.8502961766289715
0.877221324717286
0.8535271943995691
0.7722132471728594
0.7563274098007539
0.8960689283791061
0.7541733979536888
0.7625201938610663
0.8244480344641896
0.8616047388260636
0.8414108777598277
0.7226709746903608
0.8432956381260097
0.8091007000538503
0.8406031233171782
0.8540656973613355
0.9310716208939149
0.71917070543888
0.8901453957996769
0.77140549273021
0.6750134625740442
0.7964458804523424
0.9044157242864835
0.9092622509423802
0.9098007539041465
0.7773290253096392
0.9049542272482499
0.769520732364028
0.7646742057081314
0.8026386645126549
0.7953688745288099
0.9087237479806138
0.8424878836833603
0.9168012924071083
0.7638664512654819
0.8045234248788369
0.8564889606892838
0.8707592891760905
0.8898761443187938
0.7089391491653204
0.8260635433494884
0.7816370490037695
0.8282175551965536
0.7552504038772213
0.7533656435110393
0.8287560581583199
0.851373182552504
0.7940226171243941
0.9364566505115778
0.8387183629509962
0.7259019924609585
0.8193322563274098
0.868066774367259
0.9073774905761982
0.7810985460420032
0.8799138395261173
0.7353257942918686
0.754711900915455
0.8325255788906839
0.932956381260097
0.8322563274098007
0.7495961227786753
0.8742595584275713
0.806677436725902
0.8769520732364028
0.9079159935379645
0.9141087775982768
0.8002154011847065
0.8397953688745288
0.9003769520732364
0.6962843295638126
0.9176090468497576
0.8392568659127625
0.8295638126009693
0.8898761443187938
0.8936456650511578
0.9208400646203554
0.9289176090468497
0.8613354873451804
0.9165320409262251
0.9633817985998923
0.7649434571890146
0.8686052773290253
0.88099084544965
0.9219170705438879
0.8193322563274098
0.8874528809908454
0.8454496499730748
0.8306408185245019
0.7110931610123856
0.8489499192245558
0.6884760366182014
0.8034464189553042
0.8128702207862143
0.8376413570274637
0.7924071082390953
0.7625201938610663
0.9445341949380721
0.8812600969305331
0.8607969843834141
0.6564351103931072
0.9189553042541734
0.7622509423801831
0.8839526117393646
0.882875605815832
0.7283252557889068
0.813947226709747
0.9176090468497576
0.9501884760366182
0.8228325255788906
0.7902530963920301
0.8309100700053851
0.8796445880452343
0.9054927302100162
0.8276790522347873
0.9679590737749058
0.9060312331717825
0.8712977921378567
0.7641357027463651
0.8656435110393107
0.9149165320409263
0.8292945611200861
0.9009154550350027
0.8131394722670975
0.8341410877759827
0.9116855142703285
0.780560043080237
0.9574582660204631
0.6787829833064082
0.8777598276790523
0.8879913839526118
0.7961766289714594
0.7312870220786214
0.7533656435110393
0.9019924609585352
0.8295638126009693
0.7703284868066774
0.7439418416801292
0.7759827679052235
0.8624124932687129
0.8613354873451804
0.7110931610123856
0.9208400646203554
0.8546042003231018
0.8306408185245019
0.9283791060850834
0.8080236941303177
0.8236402800215401
0.7681744749596123
0.8521809369951535
0.7627894453419494
0.877221324717286
0.672859450726979
0.7237479806138933
0.9122240172320948
0.9073774905761982
0.7848680667743673
0.7999461497038234
0.7977921378567582
0.7819063004846527
0.697092084006462
0.8686052773290253
0.9259558427571352
0.9523424878836834
0.8330640818524502
0.7840603123317178
0.1968228325255789
0.7587506731287023
0.802907915993538
0.598546042003231
0.7740980075390415
0.7412493268712977
0.8597199784598816
0.8519116855142703
0.8107162089391492
0.9383414108777598
0.8702207862143242
0.9098007539041465
0.9079159935379645
0.9278406031233172
0.875605815831987
0.8605277329025309
0.8777598276790523
0.9194938072159397
0.9359181475498115
0.8007539041464729
0.8831448572967151
0.875336564351104
0.9286483575659666
0.8532579429186861
0.778944534194938
0.8947226709746904
0.8922994076467421
0.8169089929994615
0.9114162627894453
0.8992999461497039
0.7237479806138933
0.8949919224555735
0.9001077005923532
0.806677436725902
0.8430263866451265
0.752827140549273
0.769520732364028
0.8656435110393107
0.9006462035541195
0.8984921917070544
0.8774905761981691
0.8045234248788369
0.8928379106085084
0.873451803984922
0.7049003769520732
0.8268712977921379
0.8852988691437803
0.845718901453958
0.9450726978998385
0.8909531502423264
0.8909531502423264
0.93322563274098
0.7689822294022617
0.5963920301561658
0.8564889606892838
0.8333333333333334
0.7474421109316102
0.8607969843834141
0.730479267635972
0.7407108239095315
0.8010231556273559
0.6954765751211631
0.827140549273021
0.7630586968228326
0.8729133010231557
0.9456112008616048
0.7969843834141088
0.7310177705977383
0.8467959073774906
0.8236402800215401
0.8696822832525579
0.754711900915455
0.9372644049542272
0.8376413570274637
0.8500269251480883
0.8443726440495423
0.9003769520732364
0.8702207862143242
0.7773290253096392
0.8823371028540657
0.9254173397953689
0.6758212170166936
0.7611739364566505
0.9009154550350027
0.8519116855142703
0.8750673128702208
0.8863758750673129
0.8002154011847065
0.7207862143241788
0.8739903069466882
0.815831987075929
0.7186322024771137
0.7835218093699515
0.8564889606892838
0.6717824448034464
0.8710285406569737
0.7644049542272483
0.8209477652127086
0.7466343564889607
0.8586429725363489
0.9141087775982768
0.7937533656435111
0.7689822294022617
0.9038772213247173
0.7883683360258481
0.8330640818524502
0.624663435648896
0.9079159935379645
0.8344103392568659
0.8511039310716209
0.8624124932687129
0.9079159935379645
0.7089391491653204
0.9106085083467959
0.821486268174475
0.8451803984921917
0.7186322024771137
0.8311793214862682
0.7022078621432418
0.8152934841141626
0.8171782444803446
0.8712977921378567
0.19547657512116318
0.873721055465805
0.9709208400646203
0.9176090468497576
0.9151857835218093
0.8263327948303716
0.8564889606892838
0.7482498653742595
0.8901453957996769
0.7630586968228326
0.9030694668820679
0.8607969843834141
0.8578352180936996
0.7743672590199246
0.8667205169628432
0.7043618739903069
0.8939149165320409
0.8807215939687668
0.7994076467420571
0.8007539041464729
0.8826063543349488
0.8559504577275175
0.8645665051157781
0.7797522886375875
0.8190630048465266
0.8255250403877221
0.9302638664512655
0.8904146472805601
0.884760366182014
0.7926763597199784
0.9415724286483576
0.940495422724825
0.8268712977921379
0.6655896607431341
0.7921378567582121
0.9221863220247711
0.7953688745288099
0.8325255788906839
0.8327948303715671
0.7781367797522887
0.8354873451803985
0.7851373182552503
0.6427032848680668
0.6416262789445342
0.8984921917070544
0.8424878836833603
0.9219170705438879
0.7915993537964459
0.8497576736672051
0.7840603123317178
0.7665589660743134
0.7657512116316639
0.8594507269789984
0.8327948303715671
0.7821755519655358
0.8677975228863759
0.14028002154011848
0.8064081852450189
0.7127086698976844
0.8702207862143242
0.7598276790522348
0.877221324717286
0.8979536887452881
0.83817985998923
0.726709746903608
0.8470651588583737
0.882875605815832
0.8933764135702746
0.8034464189553042
0.7011308562197092
0.6663974151857835
0.8002154011847065
0.7234787291330103
0.8723747980613893
0.5842757135164244
0.845718901453958
0.6863220247711362
0.8920301561658589
0.7886375875067313
0.6742057081313947
0.9119547657512116
0.7377490576198169
0.7625201938610663
0.1518578352180937
0.8327948303715671
0.7848680667743673
0.8971459343026387
0.7522886375875067
0.8957996768982229
0.9469574582660205
0.8688745288099085
0.8933764135702746
0.7369413031771674
0.8936456650511578
0.8739903069466882
0.7635971997845988
0.8182552504038773
0.9184168012924071
0.970113085621971
0.8861066235864298
0.9205708131394723
0.9149165320409263
0.9240710823909531
0.8497576736672051
0.6868605277329025
0.7934841141626279
0.8147549811523963
0.557619816908993
0.7687129779213786
0.9173397953688746
0.8893376413570274
0.8723747980613893
0.8228325255788906
0.8826063543349488
0.7466343564889607
0.9547657512116317
0.9297253634894992
0.8263327948303716
0.8742595584275713
0.8478729133010231
0.8686052773290253
0.8879913839526118
0.8023694130317717
0.8459881529348411
0.8788368336025848
0.7660204631125471
0.8556812062466344
0.8473344103392568
0.7996768982229402
0.9095315024232633
0.8799138395261173
0.7891760904684976
0.6908992999461497
0.683898761443188
0.9151857835218093
0.71917070543888
0.8589122240172321
0.8045234248788369
0.9569197630586969
0.8637587506731287
0.8257942918686053
0.8486806677436726
0.7240172320947765
0.802907915993538
0.8470651588583737
0.9566505115778137
0.7985998922994076
0.7921378567582121
0.8467959073774906
0.8688745288099085
0.8306408185245019
0.871836295099623
0.9079159935379645
0.8984921917070544
0.7819063004846527
0.8357565966612817
0.8411416262789445
0.8058696822832525
0.8441033925686591
0.7921378567582121
0.8225632740980076
0.9197630586968228
0.15078082929456113
0.8782983306408185
0.752827140549273
0.7086698976844372
0.9044157242864835
0.8920301561658589
0.7277867528271406
0.8715670436187399
0.8804523424878837
0.7915993537964459
0.80479267635972
0.8026386645126549
0.8039849219170705
0.9396876682821755
0.7735595045772752
0.7800215401184707
0.9283791060850834
0.8960689283791061
0.8739903069466882
0.7980613893376414
0.6112008616047389
0.8729133010231557
0.7121701669359182
0.8567582121701669
0.8675282714054927
0.9060312331717825
0.9227248249865374
0.8287560581583199
0.882875605815832
0.9106085083467959
0.7051696284329564
0.6672051696284329
0.877221324717286
0.8941841680129241
0.9453419493807216
0.7977921378567582
0.9046849757673667
0.7781367797522887
0.7038233710285406
0.8664512654819602
0.9264943457189014
0.7961766289714594
0.841949380721594
0.9566505115778137
0.6007000538502961
0.8012924071082391
0.9235325794291869
0.815831987075929
0.7703284868066774
0.8301023155627356
0.8947226709746904
0.873451803984922
0.8287560581583199
0.7579429186860528
0.7474421109316102
0.8443726440495423
0.6992460958535271
0.8435648896068928
0.8021001615508885
0.8012924071082391
0.7514808831448573
0.6989768443726441
0.5848142164781907
0.7372105546580506
0.8379106085083468
0.9324178782983307
0.8529886914378029
0.7587506731287023
0.7253634894991923
0.8739903069466882
0.7568659127625202
0.8010231556273559
0.8249865374259558
0.8896068928379106
0.8088314485729672
0.8546042003231018
0.8788368336025848
0.8220247711362413
0.8925686591276252
0.8298330640818524
0.9009154550350027
0.899569197630587
0.869951534733441
0.8120624663435649
0.8896068928379106
0.8758750673128702
0.8691437802907916
0.8467959073774906
0.80479267635972
0.7224017232094776
0.8906838987614432
0.7894453419493808
0.7425955842757135
0.944264943457189
0.9030694668820679
0.7019386106623586
0.8012924071082391
0.83817985998923
0.778675282714055
0.873721055465805
0.6653204092622509
0.8091007000538503
0.8543349488422186
0.7948303715670436
0.9251480883144857
0.9205708131394723
0.9141087775982768
0.9388799138395261
0.8209477652127086
0.8228325255788906
0.7687129779213786
0.8618739903069467
0.7003231017770598
0.9095315024232633
0.8322563274098007
0.8890683898761443
0.6917070543887991
0.8384491114701131
0.9205708131394723
0.8147549811523963
0.8403338718362952
0.8217555196553581
0.8301023155627356
0.08427571351642434
0.8021001615508885
0.8702207862143242
0.769520732364028
0.9224555735056543
0.8669897684437264
0.6553581044695745
0.8696822832525579
0.9046849757673667
0.8368336025848142
0.8112547119009155
0.8925686591276252
0.873721055465805
0.8093699515347335
0.8947226709746904
0.6884760366182014
0.8914916532040926
0.8675282714054927
0.9227248249865374
0.806677436725902
0.7595584275713516
0.6593968766828218
0.7189014539579968
0.7959073774905762
0.8548734518039849
0.9060312331717825
0.8947226709746904
0.8446418955304255
0.8284868066774367
0.8742595584275713
0.7988691437802908
0.8939149165320409
0.8222940226171244
0.942380183091007
0.9159935379644588
0.7840603123317178
0.9410339256865913
0.6273559504577275
0.13893376413570274
0.8360258481421647
0.841949380721594
0.9068389876144318
0.9044157242864835
0.8069466882067852
0.71917070543888
0.8896068928379106
0.8088314485729672
0.8917609046849758
0.7829833064081853
0.9030694668820679
0.8333333333333334
0.8696822832525579
0.7261712439418416
0.8467959073774906
0.841949380721594
0.8877221324717286
0.8651050080775444
0.8002154011847065
0.6989768443726441
0.5834679590737749
0.8990306946688207
0.7840603123317178
0.9267635971997846
0.7746365105008077
0.8290253096392031
0.8368336025848142
0.8826063543349488
0.7959073774905762
0.7932148626817448
0.8443726440495423
0.8992999461497039
0.8050619278406032
0.9184168012924071
0.8497576736672051
0.8368336025848142
0.7851373182552503
0.9431879375336565
0.8093699515347335
0.7800215401184707
0.9011847065158859
0.8187937533656435
0.7749057619816909
0.8882606354334949
0.8128702207862143
0.8869143780290791
0.8976844372644049
0.7113624124932687
0.8535271943995691
0.7819063004846527
0.7977921378567582
0.819601507808293
0.8368336025848142
0.9022617124394184
0.7681744749596123
0.8548734518039849
0.8115239633817986
0.7697899838449112
0.9135702746365105
0.8502961766289715
0.8088314485729672
0.8570274636510501
0.7889068389876144
0.8244480344641896
0.7501346257404415
0.8128702207862143
0.7765212708669897
0.9106085083467959
0.08669897684437264
0.8893376413570274
0.6367797522886376
0.8317178244480344
0.936725901992461
0.9054927302100162
0.778944534194938
0.7657512116316639
0.6733979536887453
0.7417878298330641
0.9098007539041465
0.8344103392568659
0.7810985460420032
0.9009154550350027
0.7364028002154012
0.7902530963920301
0.9001077005923532
0.9028002154011847
0.8688745288099085
0.7867528271405493
0.7592891760904685
0.9321486268174475
0.6930533117932148
0.689553042541734
0.9259558427571352
0.810446957458266
0.9246095853527194
0.9671513193322563
0.886645126548196
0.8255250403877221
0.9025309639203015
0.7070543887991384
0.8858373721055466
0.7237479806138933
0.8745288099084545
0.9100700053850296
0.8284868066774367
0.8616047388260636
0.7889068389876144
0.8863758750673129
0.7837910608508347
0.8742595584275713
0.8933764135702746
0.8516424340333871
0.8354873451803985
0.9512654819601508
0.981421647819063
0.7854065697361335
0.9251480883144857
0.8338718362950996
0.8336025848142165
0.8527194399569198
0.9159935379644588
0.7959073774905762
0.9641895530425417
0.8887991383952611
0.8648357565966612
0.9157242864835756
0.8952611739364567
0.9017232094776522
0.9060312331717825
0.6416262789445342
0.8508346795907378
0.823371028540657
0.9413031771674745
0.8152934841141626
0.8912224017232094
0.9264943457189014
0.9418416801292407
0.864297253634895
0.8096392030156165
0.8290253096392031
0.8987614431879375
0.8879913839526118
0.9197630586968228
0.722940226171244
0.864297253634895
0.8952611739364567
0.9165320409262251
0.886645126548196
0.8387183629509962
0.9544964997307486
0.938610662358643
0.6109316101238557
0.9364566505115778
0.9076467420570813
0.8922994076467421
0.9248788368336026
0.9733441033925686
0.9221863220247711
0.9391491653204093
0.8842218632202478
0.9114162627894453
0.9229940764674206
0.22482498653742597
0.8589122240172321
0.8909531502423264
0.8683360258481422
0.7673667205169629
0.8941841680129241
0.8745288099084545
0.9299946149703824
0.8255250403877221
0.8616047388260636
0.8241787829833064
0.8349488422186322
0.9203015616585891
0.8222940226171244
0.8088314485729672
0.7517501346257405
0.9528809908454496
0.8626817447495961
0.9114162627894453
0.693322563274098
0.8069466882067852
0.7819063004846527
0.9515347334410339
0.8554119547657512
0.7226709746903608
0.7816370490037695
0.9219170705438879
0.9221863220247711
0.8508346795907378
0.9283791060850834
0.8249865374259558
0.7848680667743673
0.8747980613893377
0.9133010231556273
0.8677975228863759
0.8015616585891222
0.8322563274098007
0.8645665051157781
0.7557889068389876
0.877221324717286
0.7116316639741519
0.7878298330640818
0.8002154011847065
0.8282175551965536
0.7735595045772752
0.8082929456112009
0.9063004846526656
0.8610662358642972
0.7611739364566505
0.711900915455035
0.819601507808293
0.849488422186322
0.8169089929994615
0.8325255788906839
0.7705977382875606
0.6908992999461497
0.7848680667743673
0.8788368336025848
0.8769520732364028
0.9246095853527194
0.7143241787829833
0.7180936995153473
0.882875605815832
0.7557889068389876
0.7399030694668821
0.620893914916532
0.816101238556812
0.8424878836833603
0.7956381260096931
0.8804523424878837
0.7574044157242865
0.8820678513731826
0.9499192245557351
0.7870220786214324
0.8731825525040388
0.7307485191168551
0.8947226709746904
0.7582121701669359
0.8470651588583737
0.7619816908992999
0.7889068389876144
0.8556812062466344
0.7614431879375336
0.8112547119009155
0.8209477652127086
0.7487883683360258
0.8976844372644049
0.8268712977921379
0.9100700053850296
0.8182552504038773
0.8379106085083468
0.884760366182014
0.8459881529348411
0.9030694668820679
0.8249865374259558
0.6879375336564351
0.910877759827679
0.8454496499730748
0.7867528271405493
0.8683360258481422
0.7442110931610124
0.1782444803446419
0.7886375875067313
0.8546042003231018
0.901453957996769
0.841949380721594
0.8572967151319332
0.849488422186322
0.7875605815831987
0.7148626817447497
0.8861066235864298
0.7116316639741519
0.886645126548196
0.684168012924071
0.789983844911147
0.9714593430263866
0.840064620355412
0.8082929456112009
0.84760366182014
0.8861066235864298
0.8249865374259558
0.8045234248788369
0.8976844372644049
0.8559504577275175
0.9017232094776522
0.9197630586968228
0.7242864835756596
0.9019924609585352
0.7967151319332256
0.8519116855142703
0.7972536348949919
0.9227248249865374
0.6698976844372644
0.810446957458266
0.8651050080775444
0.7587506731287023
0.8217555196553581
0.8939149165320409
0.8430263866451265
0.9394184168012925
0.9006462035541195
0.8201400107700593
0.7579429186860528
0.7961766289714594
0.905223478729133
0.7921378567582121
0.9364566505115778
0.7832525578890683
0.9396876682821755
0.7864835756596661
0.8688745288099085
0.8327948303715671
0.8896068928379106
0.8799138395261173
0.8411416262789445
0.841949380721594
0.8069466882067852
0.7635971997845988
0.6217016693591815
0.8626817447495961
0.8150242326332795
0.8166397415185783
0.8379106085083468
0.8373721055465805
0.8758750673128702
0.8519116855142703
0.7883683360258481
0.8723747980613893
0.9038772213247173
0.8274098007539041
0.5382337102854066
0.971997845988153
0.7996768982229402
0.8120624663435649
0.8960689283791061
0.7969843834141088
0.875336564351104
0.8645665051157781
0.9065697361335487
0.8107162089391492
0.9518039849219171
0.8551427032848681
0.7533656435110393
0.8346795907377491
0.9084544964997308
0.693322563274098
0.9054927302100162
0.8502961766289715
0.7493268712977922
0.9421109316101238
0.782444803446419
0.8319870759289176
0.8540656973613355
0.845718901453958
0.8968766828217555
0.841949380721594
0.8957996768982229
0.8276790522347873
0.8344103392568659
0.9388799138395261
0.9286483575659666
0.871836295099623
0.8624124932687129
0.7622509423801831
0.9725363489499192
0.869951534733441
0.767635971997846
0.9343026386645127
0.7525578890683898
0.845718901453958
0.8185245018847603
0.5403877221324718
0.9006462035541195
0.7638664512654819
0.8982229402261712
0.9028002154011847
0.9173397953688746
0.8535271943995691
0.8236402800215401
0.8443726440495423
0.8031771674744211
0.8349488422186322
0.7711362412493269
0.9001077005923532
0.9259558427571352
0.9485729671513193
0.8023694130317717
0.8675282714054927
0.9413031771674745
0.9299946149703824
0.7759827679052235
0.8422186322024772
0.8941841680129241
0.6596661281637048
0.8640280021540119
0.2730210016155089
0.7948303715670436
0.8222940226171244
0.908992999461497
0.8152934841141626
0.8319870759289176
0.7428648357565967
0.9157242864835756
0.7932148626817448
0.8761443187937533
0.7964458804523424
0.8653742595584276
0.8917609046849758
0.8314485729671514
0.8793753365643511
0.8925686591276252
0.689553042541734
0.782444803446419
0.686052773290253
0.7590199246095853
0.8338718362950996
0.8435648896068928
0.775175013462574
0.8282175551965536
0.6478190630048465
0.7781367797522887
0.7980613893376414
0.8928379106085084
0.8225632740980076
0.7512116316639742
0.8817985998922994
0.9369951534733441
0.8430263866451265
0.7108239095315024
0.7886375875067313
0.9289176090468497
0.8543349488422186
0.8928379106085084
0.9483037156704361
0.7337102854065697
0.871836295099623
0.7054388799138396
0.8952611739364567
0.8074851911685514
0.7854065697361335
0.8564889606892838
0.9028002154011847
0.7749057619816909
0.8384491114701131
0.873721055465805
