0.5619757688723206
0.8522833178005592
0.8960857409133272
0.8080149114631874
0.9119291705498602
0.8970177073625349
0.6509785647716683
0.7795899347623485
0.7954333643988817
0.8000931966449207
0.8392357875116496
0.4571295433364399
0.7539608574091333
0.679403541472507
0.7972972972972973
0.8709226467847158
0.8322460391425909
0.8005591798695247
0.8890959925442684
0.8327120223671948
0.875116495806151
0.749767008387698
0.8336439888164026
0.924044734389562
0.7241379310344828
0.7954333643988817
0.7702702702702703
0.21714818266542404
0.8676607642124884
0.8308480894687791
0.8024231127679403
0.7409133271202236
0.7861136999068034
0.8667287977632805
0.8191985088536813
0.869524697110904
0.8415657036346692
0.8732525629077353
0.7870456663560111
0.7087604846225536
0.7949673811742777
0.8839701770736254
0.7255358807082946
0.8816402609506058
0.9375582479030755
0.8410997204100652
0.8555452003727866
0.8979496738117427
0.7101584342963654
0.7576887232059646
0.7632805219012115
0.7898415657036346
0.8774464119291705
0.9263746505125815
0.8364398881640261
0.8378378378378378
0.7958993476234856
0.7958993476234856
0.8271202236719478
0.8793103448275862
0.7893755824790307
0.766076421248835
0.6854613233923579
0.825722273998136
0.6966449207828518
0.8849021435228331
0.7875116495806151
0.8900279589934762
0.831780055917987
0.8574091332712023
0.8438956197576887
0.8452935694315005
0.6644920782851818
0.8224603914259087
0.8960857409133272
0.7656104380242311
0.9151910531220876
0.6756756756756757
0.7376514445479962
0.7511649580615097
0.7735321528424977
0.7399813606710158
0.8583410997204101
0.8233923578751164
0.8816402609506058
0.6626281453867661
0.9082013047530288
0.7297297297297297
0.8462255358807083
0.9538676607642125
0.7702702702702703
0.891425908667288
0.8616029822926374
0.7493010251630942
0.7889095992544268
0.8271202236719478
0.8187325256290774
0.8555452003727866
0.9436160298229264
0.896551724137931
0.8904939422180802
0.82618825722274
0.7311276794035415
0.8038210624417521
0.8182665424044734
0.787977632805219
0.9412861136999068
0.8513513513513513
0.7218080149114632
0.842497670083877
0.771668219944082
0.7856477166821995
0.8788443616029823
0.9137931034482759
0.84762348555452
0.8653308480894688
0.8662628145386766
0.22600186393289842
0.7315936626281454
0.772134203168686
0.8056849953401678
0.8741845293569431
0.1961789375582479
0.8895619757688723
0.8704566635601119
0.7483690587138863
0.8485554520037278
0.9123951537744641
0.848089468779124
0.2530288909599254
0.8685927306616962
0.842497670083877
0.8681267474370923
0.7343895619757689
0.7646784715750233
0.8094128611369991
0.8578751164958062
0.772134203168686
0.8634669151910531
0.8974836905871388
0.8233923578751164
0.9338303821062441
0.8033550792171482
0.2022367194780988
0.7208760484622554
0.7795899347623485
0.825722273998136
0.8974836905871388
0.8010251630941286
0.8546132339235788
0.9613233923578751
0.7520969245107176
0.8457595526561044
0.8499534016775396
0.7684063373718546
0.9030754892823858
0.7558247903075489
0.8238583410997204
0.6831314072693383
0.815004659832246
0.7138863000931966
0.7781919850885368
0.7982292637465052
0.9813606710158435
0.7735321528424977
0.7739981360671015
0.7842497670083877
0.8452935694315005
0.842497670083877
0.733923578751165
0.7651444547996272
0.8108108108108109
0.7269338303821062
0.749767008387698
0.8383038210624417
0.206430568499534
0.9002795899347623
0.9268406337371855
0.8126747437092264
0.8233923578751164
0.7474370922646785
0.8518173345759553
0.8825722273998136
0.7805219012115564
0.7367194780987885
0.9123951537744641
0.8504193849021435
0.8052190121155638
0.8359739049394221
0.8434296365330848
0.7730661696178938
0.6817334575955266
0.14538676607642126
0.8518173345759553
0.9026095060577819
0.8643988816402609
0.8336439888164026
0.7982292637465052
0.8620689655172413
0.9142590866728798
0.8490214352283317
0.7791239515377446
0.8490214352283317
0.8970177073625349
0.9198508853681268
0.8182665424044734
0.9054054054054054
0.8560111835973905
0.798695246971109
0.8387698042870456
0.7833178005591799
0.8527493010251631
0.8522833178005592
0.7856477166821995
0.8047530288909599
0.8592730661696178
0.7702702702702703
0.8000931966449207
0.755358807082945
0.8233923578751164
0.7628145386766076
0.8289841565703635
0.8918918918918919
0.9412861136999068
0.9054054054054054
0.8224603914259087
0.8769804287045666
0.8028890959925443
0.787977632805219
0.7898415657036346
0.9114631873252563
0.7385834109972041
0.7273998136067101
0.9086672879776329
0.9016775396085741
0.9496738117427772
0.8080149114631874
0.831780055917987
0.9105312208760484
0.8397017707362535
0.8331780055917987
0.8783783783783784
0.912861136999068
0.8336439888164026
0.733923578751165
0.2124883504193849
0.8313140726933831
0.8564771668219944
0.8024231127679403
0.7949673811742777
0.7124883504193849
0.7050326188257223
0.7912395153774464
0.7325256290773532
0.9245107176141659
0.8094128611369991
0.776794035414725
0.8420316868592731
0.7665424044734389
0.7628145386766076
0.8434296365330848
0.9133271202236719
0.8951537744641193
0.9538676607642125
0.7395153774464119
0.8634669151910531
0.7604846225535881
0.7963653308480895
0.8438956197576887
0.8126747437092264
0.8536812674743709
0.7246039142590867
0.7465051258154707
0.8681267474370923
0.787977632805219
0.6626281453867661
0.7334575955265611
0.8779123951537745
0.8769804287045666
0.8229263746505125
0.83690587138863
0.7246039142590867
0.7945013979496738
0.7954333643988817
0.679403541472507
0.6854613233923579
0.7819198508853681
0.7907735321528425
0.8890959925442684
0.20736253494874185
0.7096924510717614
0.7068965517241379
0.7194780987884436
0.6602982292637465
0.776794035414725
0.8219944082013048
0.8830382106244176
0.8923578751164958
0.6672879776328052
0.8918918918918919
0.8881640260950606
0.7586206896551724
0.8019571295433364
0.8513513513513513
0.766076421248835
0.8406337371854613
0.8685927306616962
0.8178005591798695
0.7805219012115564
0.7968313140726934
0.7558247903075489
0.8676607642124884
0.809878844361603
0.8723205964585274
0.880708294501398
0.8275862068965517
0.7590866728797764
0.8387698042870456
0.7520969245107176
0.7218080149114632
0.8345759552656105
0.787977632805219
0.7800559179869525
0.8140726933830382
0.7800559179869525
0.8080149114631874
0.7460391425908667
0.8825722273998136
0.8723205964585274
0.8960857409133272
0.7418452935694315
0.7539608574091333
0.5517241379310345
0.7567567567567568
0.902143522833178
0.853215284249767
0.8159366262814539
0.8000931966449207
0.8956197576887233
0.880708294501398
0.8066169617893756
0.7912395153774464
0.4976700838769804
0.8550792171481827
0.7865796831314072
0.7847157502329916
0.8466915191053123
0.9016775396085741
0.7292637465051258
0.8452935694315005
0.8984156570363467
0.7842497670083877
0.7311276794035415
0.0013979496738117428
0.8737185461323392
0.7264678471575023
0.7185461323392358
0.8019571295433364
0.777260018639329
0.750232991612302
0.9263746505125815
0.84762348555452
0.8182665424044734
0.7031686859273066
0.7977632805219013
0.8406337371854613
0.7371854613233924
0.8201304753028891
0.8904939422180802
0.0009319664492078285
0.7534948741845293
0.7600186393289842
0.7353215284249767
0.8648648648648649
0.7907735321528425
0.8080149114631874
0.7413793103448276
0.8946877912395154
0.8108108108108109
0.793569431500466
0.8359739049394221
0.8620689655172413
0.8602050326188257
0.8196644920782852
0.8597390493942219
0.8154706430568499
0.7273998136067101
0.8741845293569431
0.8201304753028891
0.8280521901211556
0.8285181733457595
0.7343895619757689
0.7726001863932899
0.7082945013979497
0.7865796831314072
0.739049394221808
0.8816402609506058
0.8937558247903076
0.8392357875116496
0.8849021435228331
0.6752096924510718
0.7437092264678472
0.8084808946877913
0.8536812674743709
0.7567567567567568
0.8816402609506058
0.8849021435228331
0.8420316868592731
0.8602050326188257
0.8522833178005592
0.727865796831314
0.7684063373718546
0.8219944082013048
0.9254426840633737
0.8438956197576887
0.8881640260950606
0.9342963653308481
0.5619757688723206
0.793569431500466
0.7101584342963654
0.8420316868592731
0.7907735321528425
0.6691519105312209
0.8140726933830382
0.7087604846225536
0.8182665424044734
0.8154706430568499
0.8602050326188257
0.8187325256290774
0.8308480894687791
0.8867660764212488
0.8522833178005592
0.7162162162162162
0.7213420316868593
0.7068965517241379
0.8788443616029823
0.8844361602982292
0.7665424044734389
0.8732525629077353
0.7945013979496738
0.7963653308480895
0.8243243243243243
0.8145386766076421
0.8904939422180802
0.21714818266542404
0.8094128611369991
0.776794035414725
0.8616029822926374
0.8084808946877913
0.6593662628145387
0.8555452003727866
0.22367194780987884
0.7814538676607642
0.799161230195713
0.7977632805219013
0.7753960857409133
0.8266542404473439
0.7851817334575956
0.7889095992544268
0.8103448275862069
0.7949673811742777
0.8159366262814539
0.8168685927306617
0.7693383038210625
0.8863000931966449
0.8233923578751164
0.8266542404473439
0.8117427772600186
0.7246039142590867
0.8597390493942219
0.8219944082013048
0.7362534948741846
0.651910531220876
0.7520969245107176
0.9464119291705498
0.869524697110904
0.8657968313140727
0.8466915191053123
0.7781919850885368
0.8643988816402609
0.7562907735321528
0.7218080149114632
0.5079217148182665
0.8634669151910531
0.8844361602982292
0.8783783783783784
0.712022367194781
0.6500465983224604
0.8373718546132339
0.7940354147250699
0.6425908667287977
0.6784715750232991
0.8825722273998136
0.8490214352283317
0.6733457595526561
0.8783783783783784
0.7413793103448276
0.8788443616029823
0.7493010251630942
0.8196644920782852
0.7865796831314072
0.869524697110904
0.8620689655172413
0.8289841565703635
0.24370922646784715
0.8415657036346692
0.7465051258154707
0.7418452935694315
0.8191985088536813
0.8322460391425909
0.7525629077353215
0.8392357875116496
0.8527493010251631
0.875116495806151
0.8182665424044734
0.7376514445479962
0.8271202236719478
0.8201304753028891
0.7889095992544268
0.7926374650512582
0.712022367194781
0.7851817334575956
0.7735321528424977
0.8849021435228331
0.6593662628145387
0.9072693383038211
0.7847157502329916
0.8630009319664492
0.8345759552656105
0.8331780055917987
0.7875116495806151
0.8485554520037278
0.8397017707362535
0.8322460391425909
0.8122087604846225
0.6365330848089469
0.7739981360671015
0.8327120223671948
0.7744641192917054
0.787977632805219
0.8173345759552656
0.8387698042870456
0.8853681267474371
0.7539608574091333
0.9091332712022367
0.7982292637465052
0.7525629077353215
0.84762348555452
0.7395153774464119
0.8084808946877913
0.7851817334575956
0.8159366262814539
0.8345759552656105
0.6971109040074557
0.7488350419384903
0.744641192917055
0.821062441752097
0.8737185461323392
0.7614165890027959
0.8108108108108109
0.8890959925442684
0.825722273998136
0.8061509785647717
0.787977632805219
0.8420316868592731
0.772134203168686
0.8867660764212488
0.8951537744641193
0.8620689655172413
0.8448275862068966
0.8355079217148182
0.7726001863932899
0.8303821062441752
0.7884436160298229
0.8685927306616962
0.8802423112767941
0.8164026095060578
0.8397017707362535
0.799161230195713
0.6714818266542405
0.8518173345759553
0.7092264678471575
0.8285181733457595
0.8970177073625349
0.7972972972972973
0.8308480894687791
0.8709226467847158
0.516775396085741
0.13513513513513514
0.8252562907735321
0.8182665424044734
0.21015843429636533
0.9068033550792172
0.8704566635601119
0.9175209692451072
0.8797763280521901
0.9035414725069898
0.22646784715750232
0.8462255358807083
0.8872320596458527
0.7287977632805219
0.6486486486486487
0.772134203168686
0.831780055917987
0.8429636533084809
0.8159366262814539
0.7511649580615097
0.8937558247903076
0.6929170549860205
0.7600186393289842
0.8103448275862069
0.7814538676607642
0.8070829450139795
0.7180801491146319
0.8355079217148182
0.8662628145386766
0.7698042870456664
0.6947809878844362
0.7590866728797764
0.6761416589002796
0.5419384902143523
0.8578751164958062
0.7073625349487418
0.7884436160298229
0.8574091332712023
0.8341099720410066
0.9287045666356011
0.5465983224603914
0.7115563839701771
0.760950605778192
0.7460391425908667
0.891425908667288
0.6863932898415657
0.8089468779123952
0.8294501397949674
0.8178005591798695
0.8415657036346692
0.7474370922646785
0.7945013979496738
0.7912395153774464
0.8373718546132339
0.8397017707362535
0.7814538676607642
0.7707362534948742
0.8271202236719478
0.8010251630941286
0.7968313140726934
0.8797763280521901
0.20410065237651445
0.8331780055917987
0.8280521901211556
0.8429636533084809
0.9263746505125815
0.7143522833178005
0.8056849953401678
0.7968313140726934
0.8061509785647717
0.7311276794035415
0.7138863000931966
0.7702702702702703
0.7399813606710158
0.787977632805219
0.8322460391425909
0.7222739981360671
0.8504193849021435
0.777260018639329
0.760950605778192
0.7996272134203168
0.7073625349487418
0.7684063373718546
0.8066169617893756
0.8038210624417521
0.7614165890027959
0.8723205964585274
0.7870456663560111
0.8522833178005592
0.8816402609506058
0.9179869524697111
0.9068033550792172
0.9170549860205033
0.9142590866728798
0.869524697110904
0.799161230195713
0.8788443616029823
0.7865796831314072
0.8723205964585274
0.8285181733457595
0.8690587138863001
0.7786579683131407
0.912861136999068
0.7544268406337372
0.8229263746505125
0.896551724137931
0.9109972041006523
0.7870456663560111
0.8602050326188257
0.8876980428704566
0.798695246971109
0.8592730661696178
0.7544268406337372
0.9016775396085741
0.7847157502329916
0.8527493010251631
0.8108108108108109
0.9068033550792172
0.8103448275862069
0.8793103448275862
0.8434296365330848
0.7143522833178005
0.8243243243243243
0.8303821062441752
0.9161230195712954
0.8028890959925443
0.8783783783783784
0.8420316868592731
0.7707362534948742
0.7851817334575956
0.8401677539608574
0.7931034482758621
0.636067101584343
0.7572227399813607
0.9198508853681268
0.7954333643988817
0.7576887232059646
0.8401677539608574
0.8434296365330848
0.8923578751164958
0.18126747437092264
0.8229263746505125
0.7777260018639329
0.8508853681267474
0.8671947809878844
0.8853681267474371
0.880708294501398
0.8988816402609506
0.8014911463187325
0.9165890027958994
0.8164026095060578
0.8229263746505125
0.8238583410997204
0.8028890959925443
0.8974836905871388
0.723205964585275
0.5647716682199441
0.7618825722273999
0.9100652376514445
0.7362534948741846
0.815004659832246
0.7926374650512582
0.8159366262814539
0.7912395153774464
0.739049394221808
0.7809878844361603
0.8527493010251631
0.7618825722273999
0.8849021435228331
0.8094128611369991
0.8243243243243243
0.8415657036346692
0.8406337371854613
0.8387698042870456
0.8336439888164026
0.7413793103448276
0.7539608574091333
0.8821062441752097
0.6104380242311277
0.8103448275862069
0.7474370922646785
0.799161230195713
0.8583410997204101
0.7180801491146319
0.760950605778192
0.7050326188257223
0.8383038210624417
0.8019571295433364
0.8108108108108109
0.7604846225535881
0.9315004659832246
0.6910531220876048
0.8760484622553588
0.9701770736253494
0.8094128611369991
0.6999068033550793
0.7614165890027959
0.5139794967381174
0.8737185461323392
0.9305684995340168
0.7931034482758621
0.8117427772600186
0.8783783783783784
0.8755824790307549
0.8448275862068966
0.7511649580615097
0.8215284249767009
0.657502329916123
0.8937558247903076
0.9086672879776329
0.8033550792171482
0.8028890959925443
0.885834109972041
0.923578751164958
0.8168685927306617
0.7688723205964585
0.7637465051258154
0.8741845293569431
0.7576887232059646
0.8876980428704566
0.005125815470643057
0.7166821994408201
0.8755824790307549
0.5097856477166822
0.7548928238583411
0.8574091332712023
0.821062441752097
0.8457595526561044
0.8238583410997204
0.8923578751164958
0.9231127679403541
0.793569431500466
0.7348555452003728
0.777260018639329
0.83690587138863
0.8760484622553588
0.7273998136067101
0.8821062441752097
0.8527493010251631
0.684995340167754
0.7805219012115564
0.9426840633737186
0.8266542404473439
0.799161230195713
0.7977632805219013
0.8466915191053123
0.5228331780055918
0.8508853681267474
0.8108108108108109
0.8928238583410997
0.7758620689655172
0.8094128611369991
0.7558247903075489
0.2059645852749301
0.8606710158434296
0.8303821062441752
0.8988816402609506
0.799161230195713
0.8052190121155638
0.8136067101584343
0.8536812674743709
0.787977632805219
0.7758620689655172
0.7851817334575956
0.8685927306616962
0.6803355079217148
0.8215284249767009
0.7357875116495806
0.9035414725069898
0.9389561975768872
0.8215284249767009
0.8294501397949674
0.8033550792171482
0.8201304753028891
0.7735321528424977
0.8755824790307549
0.8928238583410997
0.891425908667288
0.7250698974836906
0.8504193849021435
0.8592730661696178
0.7702702702702703
0.766076421248835
0.7604846225535881
0.8606710158434296
0.527027027027027
0.7241379310344828
0.8508853681267474
0.8993476234855545
0.8634669151910531
0.7698042870456664
0.8685927306616962
0.7926374650512582
0.9049394221808015
0.7753960857409133
0.8657968313140727
0.8634669151910531
0.9016775396085741
0.8219944082013048
0.8052190121155638
0.869524697110904
0.8336439888164026
0.8942218080149115
0.8918918918918919
0.8643988816402609
0.9156570363466915
0.8993476234855545
0.8420316868592731
0.9082013047530288
0.8602050326188257
0.8047530288909599
0.8732525629077353
0.8550792171481827
0.7199440820130475
0.8653308480894688
0.8863000931966449
0.7749301025163094
0.4380242311276794
0.8797763280521901
0.9179869524697111
0.8574091332712023
0.8122087604846225
0.8685927306616962
0.7744641192917054
0.7875116495806151
0.8928238583410997
0.9221808014911463
0.8504193849021435
0.8178005591798695
0.7651444547996272
0.15563839701770738
0.869524697110904
0.9398881640260951
0.7851817334575956
0.8909599254426841
0.2124883504193849
0.8443616029822927
0.8704566635601119
0.8574091332712023
0.8014911463187325
0.727865796831314
0.7190121155638397
0.7940354147250699
0.8392357875116496
0.8014911463187325
0.8671947809878844
0.8410997204100652
0.6905871388630009
0.7152842497670084
0.8080149114631874
0.6770736253494875
0.7581547064305685
0.8690587138863001
0.8942218080149115
0.8434296365330848
0.9245107176141659
0.8108108108108109
0.8872320596458527
0.9165890027958994
0.8178005591798695
0.2054986020503262
0.8900279589934762
0.9198508853681268
0.815004659832246
0.7814538676607642
0.7884436160298229
0.7842497670083877
0.5563839701770736
0.7917054986020503
0.7893755824790307
0.5717614165890028
0.8783783783783784
0.8331780055917987
0.7958993476234856
0.8173345759552656
0.7814538676607642
0.8308480894687791
0.6877912395153775
0.8238583410997204
0.8956197576887233
0.8229263746505125
0.8513513513513513
0.83690587138863
0.8397017707362535
0.8550792171481827
0.842497670083877
0.7674743709226468
0.8112767940354148
0.8401677539608574
0.8196644920782852
0.8825722273998136
0.7558247903075489
0.8727865796831314
0.7777260018639329
0.8620689655172413
0.8611369990680335
0.8224603914259087
0.8550792171481827
0.8741845293569431
0.20270270270270271
0.924044734389562
0.8835041938490215
0.8653308480894688
0.8583410997204101
0.8094128611369991
0.8886300093196645
0.8443616029822927
0.8019571295433364
0.7469711090400746
0.8560111835973905
0.8271202236719478
0.7003727865796832
0.8960857409133272
0.7581547064305685
0.8140726933830382
0.8602050326188257
0.7865796831314072
0.7739981360671015
0.8070829450139795
0.7907735321528425
0.8336439888164026
0.7068965517241379
0.7707362534948742
0.23019571295433364
0.8238583410997204
0.2096924510717614
0.6705498602050326
0.820596458527493
0.7562907735321528
0.9105312208760484
0.8373718546132339
0.8821062441752097
0.7567567567567568
0.8103448275862069
0.6877912395153775
0.8303821062441752
0.8131407269338303
0.831780055917987
0.7269338303821062
0.8998136067101584
0.8438956197576887
0.8816402609506058
0.7031686859273066
0.7735321528424977
0.7926374650512582
0.6929170549860205
0.7176141658900279
0.8289841565703635
0.7250698974836906
0.8690587138863001
0.8457595526561044
0.8154706430568499
0.8881640260950606
0.7795899347623485
0.8993476234855545
0.8131407269338303
0.6672879776328052
0.9156570363466915
0.7059645852749301
0.7898415657036346
0.22693383038210624
0.9040074557315937
0.7124883504193849
0.6952469711090401
0.8122087604846225
0.821062441752097
0.7376514445479962
0.7423112767940354
0.7054986020503262
0.7907735321528425
0.8238583410997204
0.8974836905871388
0.8937558247903076
0.8024231127679403
0.799161230195713
0.7371854613233924
0.7958993476234856
0.8462255358807083
0.8662628145386766
0.8951537744641193
0.8755824790307549
0.8280521901211556
0.8252562907735321
0.7586206896551724
0.678937558247903
0.8616029822926374
0.8178005591798695
0.7371854613233924
0.8574091332712023
0.8494874184529357
0.8122087604846225
0.8084808946877913
0.7437092264678472
0.8224603914259087
0.8047530288909599
0.793569431500466
0.8597390493942219
0.8667287977632805
0.8574091332712023
0.7651444547996272
0.8443616029822927
0.9342963653308481
0.869524697110904
0.7707362534948742
0.8028890959925443
0.8336439888164026
0.8956197576887233
0.7572227399813607
0.7618825722273999
0.7642124883504194
0.8504193849021435
0.9095992544268406
0.7548928238583411
0.7110904007455732
0.9361602982292637
0.7637465051258154
0.8299161230195713
0.8136067101584343
0.869524697110904
0.809878844361603
0.8970177073625349
0.875116495806151
0.755358807082945
0.7176141658900279
0.7926374650512582
0.8378378378378378
0.722739981360671
0.8164026095060578
0.8504193849021435
0.8592730661696178
0.8359739049394221
0.8089468779123952
0.772134203168686
0.885834109972041
0.7451071761416589
0.8541472506989748
0.8928238583410997
0.8294501397949674
0.7847157502329916
0.896551724137931
0.8047530288909599
0.7847157502329916
0.527493010251631
0.7968313140726934
0.8406337371854613
0.7907735321528425
0.9408201304753029
0.9016775396085741
0.9287045666356011
0.8704566635601119
0.9086672879776329
0.7516309412861137
0.6877912395153775
0.8331780055917987
0.875116495806151
0.8685927306616962
0.8960857409133272
0.782851817334576
0.7805219012115564
0.760950605778192
0.7795899347623485
0.7437092264678472
0.8336439888164026
0.7362534948741846
0.7628145386766076
0.21109040074557317
0.8448275862068966
0.7078285181733458
0.9203168685927307
0.8522833178005592
0.8825722273998136
0.7842497670083877
0.8727865796831314
0.7865796831314072
0.8392357875116496
0.8280521901211556
0.777260018639329
0.7972972972972973
0.7218080149114632
0.7548928238583411
0.8522833178005592
0.7693383038210625
0.8643988816402609
0.8345759552656105
0.8084808946877913
0.8872320596458527
0.7949673811742777
0.8904939422180802
0.8070829450139795
0.22739981360671016
0.7945013979496738
0.7567567567567568
0.7357875116495806
0.760950605778192
0.8373718546132339
0.6817334575955266
0.7693383038210625
0.7921714818266542
0.853215284249767
0.8345759552656105
0.8937558247903076
0.9557315936626282
0.8942218080149115
0.7343895619757689
0.880708294501398
0.21947809878844363
0.7977632805219013
0.7739981360671015
0.9035414725069898
0.6929170549860205
0.9007455731593662
0.8643988816402609
0.831780055917987
0.7656104380242311
0.8979496738117427
0.7753960857409133
0.8485554520037278
0.8690587138863001
0.8056849953401678
0.2059645852749301
0.9547996272134203
0.7847157502329916
0.8685927306616962
0.8173345759552656
0.9217148182665424
0.8178005591798695
0.8080149114631874
0.8723205964585274
0.8397017707362535
0.8592730661696178
0.7306616961789375
0.9226467847157502
0.8103448275862069
0.8546132339235788
0.820596458527493
0.8229263746505125
0.8737185461323392
0.853215284249767
0.912861136999068
0.8336439888164026
0.8140726933830382
0.5209692451071761
0.831780055917987
0.8233923578751164
0.7465051258154707
0.8392357875116496
0.8075489282385834
0.7963653308480895
0.749767008387698
0.9338303821062441
0.8574091332712023
0.8378378378378378
0.8713886300093197
0.8010251630941286
0.7483690587138863
0.7451071761416589
0.7600186393289842
0.7642124883504194
0.7208760484622554
0.918452935694315
0.9091332712022367
0.7301957129543336
0.8019571295433364
0.8028890959925443
0.8387698042870456
0.7530288909599254
0.8047530288909599
0.8867660764212488
0.8336439888164026
0.8080149114631874
0.929636533084809
0.8173345759552656
0.8140726933830382
0.8094128611369991
0.8779123951537745
0.6071761416589003
0.8345759552656105
0.8229263746505125
0.678937558247903
0.6919850885368126
0.8876980428704566
0.9268406337371855
0.8397017707362535
0.8136067101584343
0.7651444547996272
0.749767008387698
0.6658900279589934
0.8956197576887233
0.8275862068965517
0.9468779123951537
0.8178005591798695
0.7656104380242311
0.8438956197576887
0.8993476234855545
0.8429636533084809
0.8229263746505125
0.7656104380242311
0.5344827586206896
0.7875116495806151
0.9100652376514445
0.815004659832246
0.8108108108108109
0.8513513513513513
0.8839701770736254
0.8788443616029823
0.7917054986020503
0.6714818266542405
0.8140726933830382
0.8341099720410066
0.7842497670083877
0.21295433364398883
0.7823858341099721
0.7190121155638397
0.7665424044734389
0.8350419384902144
0.8000931966449207
0.8890959925442684
0.8350419384902144
0.8616029822926374
0.8793103448275862
0.7581547064305685
0.8737185461323392
0.7698042870456664
0.8313140726933831
0.679403541472507
0.7632805219012115
0.880708294501398
0.8108108108108109
0.7530288909599254
0.8816402609506058
0.6416589002795899
0.8219944082013048
0.8038210624417521
0.7152842497670084
0.723205964585275
0.8960857409133272
0.8224603914259087
0.8616029822926374
0.7511649580615097
0.7758620689655172
0.7945013979496738
0.8229263746505125
0.8014911463187325
0.8723205964585274
0.875116495806151
0.7096924510717614
0.7940354147250699
0.8713886300093197
0.7315936626281454
0.8443616029822927
0.9068033550792172
0.6761416589002796
0.6183597390493942
0.8397017707362535
0.7726001863932899
0.7525629077353215
0.8797763280521901
0.7665424044734389
0.8890959925442684
0.8513513513513513
0.9035414725069898
0.7809878844361603
0.9068033550792172
0.8993476234855545
0.9417520969245107
0.8247903075489282
0.9119291705498602
0.700838769804287
0.7548928238583411
0.7614165890027959
0.8294501397949674
0.7054986020503262
0.8508853681267474
0.5517241379310345
0.7604846225535881
0.6095060577819198
0.7250698974836906
0.8215284249767009
0.7264678471575023
0.8275862068965517
0.7907735321528425
0.7861136999068034
0.2385834109972041
0.8452935694315005
0.8709226467847158
0.7795899347623485
0.8341099720410066
0.7628145386766076
0.5200372786579683
0.8154706430568499
0.8117427772600186
0.8890959925442684
0.8956197576887233
0.8741845293569431
0.8303821062441752
0.8187325256290774
0.8084808946877913
0.8909599254426841
0.7576887232059646
0.8485554520037278
0.7399813606710158
0.6943150046598322
0.8373718546132339
0.8178005591798695
0.7236719478098789
0.7651444547996272
0.8946877912395154
0.8164026095060578
0.8904939422180802
0.8802423112767941
0.8285181733457595
0.7623485554520038
0.6975768872320597
0.7749301025163094
0.8560111835973905
0.7870456663560111
0.6225535880708295
0.7567567567567568
0.8033550792171482
0.8112767940354148
0.8294501397949674
0.7791239515377446
0.700838769804287
0.8616029822926374
0.8457595526561044
0.8867660764212488
0.7851817334575956
0.8322460391425909
0.7851817334575956
0.7567567567567568
0.9058713886300093
0.7180801491146319
0.8932898415657037
0.7590866728797764
0.7381174277726001
0.8355079217148182
0.7427772600186393
0.8620689655172413
0.885834109972041
0.8219944082013048
0.7837837837837838
0.8182665424044734
0.8103448275862069
0.7110904007455732
0.8080149114631874
0.8564771668219944
0.8811742777260019
0.7474370922646785
0.6971109040074557
0.7842497670083877
0.7889095992544268
0.8923578751164958
0.7539608574091333
0.8303821062441752
0.9198508853681268
0.9082013047530288
0.5228331780055918
0.9561975768872321
0.766076421248835
0.8331780055917987
0.8536812674743709
0.842497670083877
0.6775396085740913
0.7926374650512582
0.8835041938490215
0.8014911463187325
0.8080149114631874
0.8522833178005592
0.1635601118359739
0.8485554520037278
0.8224603914259087
0.7385834109972041
0.7963653308480895
0.67381174277726
0.8937558247903076
0.8187325256290774
0.7968313140726934
0.7264678471575023
0.9049394221808015
0.7856477166821995
0.8070829450139795
0.8289841565703635
0.7273998136067101
0.8014911463187325
0.923578751164958
0.7255358807082946
0.8881640260950606
0.8131407269338303
0.8443616029822927
0.7739981360671015
0.8918918918918919
0.869990680335508
0.7562907735321528
0.7945013979496738
0.8643988816402609
0.84762348555452
0.7814538676607642
0.7465051258154707
0.7968313140726934
0.8620689655172413
0.7073625349487418
0.7506989748369058
0.8564771668219944
0.6039142590866728
0.744641192917055
0.8890959925442684
0.8019571295433364
0.6677539608574091
0.8839701770736254
0.9147250698974837
0.8737185461323392
0.8047530288909599
0.8410997204100652
0.7534948741845293
0.712022367194781
0.7632805219012115
0.9506057781919851
0.8243243243243243
0.8229263746505125
0.8863000931966449
0.8592730661696178
0.8522833178005592
0.7376514445479962
0.7865796831314072
0.6766076421248836
0.8313140726933831
0.8182665424044734
0.8420316868592731
0.7334575955265611
0.7101584342963654
0.8438956197576887
0.7157502329916123
0.9445479962721341
0.8574091332712023
0.9529356943150047
0.7791239515377446
0.7870456663560111
0.8024231127679403
0.8341099720410066
0.8233923578751164
0.6416589002795899
0.8667287977632805
0.8033550792171482
0.782851817334576
0.8988816402609506
0.7805219012115564
0.7357875116495806
0.8122087604846225
0.8108108108108109
0.8718546132339235
0.6584342963653308
0.8387698042870456
0.7479030754892824
0.8569431500465983
0.7786579683131407
0.8108108108108109
0.7525629077353215
0.7110904007455732
0.8863000931966449
0.8019571295433364
0.6570363466915191
0.7884436160298229
0.7656104380242311
0.8984156570363467
0.8140726933830382
0.7963653308480895
0.5410065237651445
0.842497670083877
0.8108108108108109
0.7469711090400746
0.8569431500465983
0.8890959925442684
0.7842497670083877
0.8028890959925443
0.9123951537744641
0.7604846225535881
0.8080149114631874
0.706430568499534
0.7572227399813607
0.8918918918918919
0.8462255358807083
0.7693383038210625
0.15843429636533085
0.885834109972041
0.8289841565703635
0.21015843429636533
0.733923578751165
0.7534948741845293
0.7241379310344828
0.7628145386766076
0.8280521901211556
0.8308480894687791
0.8038210624417521
0.9026095060577819
0.815004659832246
0.8108108108108109
0.8560111835973905
0.6943150046598322
0.7614165890027959
0.82618825722274
0.7917054986020503
0.7674743709226468
0.7581547064305685
0.798695246971109
0.8853681267474371
0.8783783783783784
0.8676607642124884
0.6514445479962722
0.9156570363466915
0.787977632805219
0.8970177073625349
0.8974836905871388
0.19757688723205966
0.8178005591798695
0.8303821062441752
0.8774464119291705
0.7329916123019571
0.8546132339235788
0.766076421248835
0.7861136999068034
0.8173345759552656
0.8760484622553588
0.8625349487418453
0.7101584342963654
0.7898415657036346
0.8075489282385834
0.29683131407269336
0.7176141658900279
0.8452935694315005
0.8187325256290774
0.8233923578751164
0.7255358807082946
0.9585274930102516
0.695712954333644
0.7926374650512582
0.8760484622553588
0.771668219944082
0.8336439888164026
0.7847157502329916
0.9198508853681268
0.8555452003727866
0.7684063373718546
0.7814538676607642
0.7744641192917054
0.8979496738117427
0.7474370922646785
0.8084808946877913
0.7632805219012115
0.820596458527493
0.8136067101584343
0.22739981360671016
0.8718546132339235
0.858807082945014
0.8126747437092264
0.6556383970177073
0.8289841565703635
0.8737185461323392
0.7264678471575023
0.848089468779124
0.7739981360671015
0.8956197576887233
0.7572227399813607
0.8979496738117427
0.7996272134203168
0.7623485554520038
0.8462255358807083
0.678937558247903
0.8993476234855545
0.9301025163094129
0.869990680335508
0.7586206896551724
0.7241379310344828
0.858807082945014
0.8625349487418453
0.8415657036346692
0.7739981360671015
0.8196644920782852
0.8266542404473439
0.7921714818266542
0.8289841565703635
0.6966449207828518
0.8084808946877913
0.8066169617893756
0.7558247903075489
0.8900279589934762
0.7968313140726934
0.9035414725069898
0.8723205964585274
0.8434296365330848
0.776794035414725
0.7693383038210625
0.8769804287045666
0.9072693383038211
0.8681267474370923
0.8783783783783784
0.6081081081081081
0.8923578751164958
0.8387698042870456
0.8089468779123952
0.82618825722274
0.7861136999068034
0.8741845293569431
0.7441752096924511
0.8867660764212488
0.8350419384902144
0.7101584342963654
0.863932898415657
0.7511649580615097
0.8159366262814539
0.9161230195712954
0.8513513513513513
0.7534948741845293
0.7656104380242311
0.8634669151910531
0.5363466915191053
0.8084808946877913
0.755358807082945
0.8373718546132339
0.8112767940354148
0.8056849953401678
0.782851817334576
0.7814538676607642
0.7255358807082946
0.8508853681267474
0.82618825722274
0.8984156570363467
0.8313140726933831
0.7977632805219013
0.8406337371854613
0.8620689655172413
0.8452935694315005
0.8005591798695247
0.8462255358807083
0.8140726933830382
0.6803355079217148
0.8452935694315005
0.19804287045666355
0.7972972972972973
0.8028890959925443
0.7954333643988817
0.842497670083877
0.7912395153774464
0.8154706430568499
0.8783783783783784
0.8378378378378378
0.8788443616029823
0.7250698974836906
0.8653308480894688
0.9091332712022367
0.787977632805219
0.7460391425908667
0.749767008387698
0.842497670083877
0.17940354147250698
0.7562907735321528
0.825722273998136
0.8499534016775396
0.7856477166821995
0.815004659832246
0.7958993476234856
0.8136067101584343
0.815004659832246
0.793569431500466
0.8853681267474371
0.793569431500466
0.5256290773532153
0.7777260018639329
0.8387698042870456
0.8429636533084809
0.8089468779123952
0.8196644920782852
0.7963653308480895
0.8126747437092264
0.7353215284249767
0.853215284249767
0.5997204100652377
0.8117427772600186
0.8224603914259087
0.6397949673811743
0.2022367194780988
0.8117427772600186
0.815004659832246
0.902143522833178
0.7455731593662628
0.8219944082013048
0.7781919850885368
0.7590866728797764
0.701304753028891
0.679403541472507
0.744641192917055
0.7474370922646785
0.8182665424044734
0.7753960857409133
0.8970177073625349
0.9012115563839702
0.7287977632805219
0.7544268406337372
0.9440820130475303
0.885834109972041
0.8704566635601119
0.7353215284249767
0.8238583410997204
0.84762348555452
0.815004659832246
0.7590866728797764
0.8164026095060578
0.7208760484622554
0.7101584342963654
0.13000931966449208
0.8327120223671948
0.8010251630941286
0.8289841565703635
0.875116495806151
0.8010251630941286
0.7595526561043803
0.7600186393289842
0.7791239515377446
0.7684063373718546
0.8741845293569431
0.8303821062441752
0.825722273998136
0.7949673811742777
0.6295433364398881
0.8630009319664492
0.7884436160298229
0.6975768872320597
0.8103448275862069
0.9095992544268406
0.7791239515377446
0.8159366262814539
0.8247903075489282
0.7917054986020503
0.8000931966449207
0.7143522833178005
0.8154706430568499
0.863932898415657
0.8513513513513513
0.7576887232059646
0.8066169617893756
0.7893755824790307
0.581081081081081
0.8070829450139795
0.8429636533084809
0.7665424044734389
0.809878844361603
0.7325256290773532
0.7511649580615097
0.744641192917055
0.8499534016775396
0.8359739049394221
0.8233923578751164
0.8410997204100652
0.907735321528425
0.8014911463187325
0.8173345759552656
0.8173345759552656
0.7409133271202236
0.7576887232059646
0.7148182665424044
0.8839701770736254
0.8499534016775396
0.7488350419384903
0.8900279589934762
0.8960857409133272
0.8122087604846225
0.6668219944082013
0.7642124883504194
0.7763280521901211
0.8070829450139795
0.8895619757688723
0.853215284249767
0.7474370922646785
0.9026095060577819
0.8126747437092264
0.8052190121155638
0.7907735321528425
0.6477166821994408
0.7320596458527493
0.7917054986020503
0.8853681267474371
0.6803355079217148
0.8657968313140727
0.8080149114631874
0.7795899347623485
0.776794035414725
0.723205964585275
0.7739981360671015
0.9459459459459459
0.8923578751164958
0.6891891891891891
0.8979496738117427
0.8285181733457595
0.8951537744641193
0.8341099720410066
0.9324324324324325
0.733923578751165
0.7791239515377446
0.8448275862068966
0.9137931034482759
0.8075489282385834
0.8392357875116496
0.7921714818266542
0.8238583410997204
0.7432432432432432
0.825722273998136
0.8387698042870456
0.9156570363466915
0.2548928238583411
0.8793103448275862
0.8075489282385834
0.8289841565703635
0.7837837837837838
0.8793103448275862
0.7651444547996272
0.8932898415657037
0.6929170549860205
0.21528424976700838
0.8797763280521901
0.9361602982292637
0.7805219012115564
0.6905871388630009
0.8112767940354148
0.8802423112767941
0.8863000931966449
0.7809878844361603
0.8289841565703635
0.8238583410997204
0.7236719478098789
0.7520969245107176
0.8643988816402609
0.8802423112767941
0.9440820130475303
0.7623485554520038
0.8145386766076421
0.7977632805219013
0.7576887232059646
0.8061509785647717
0.7842497670083877
0.8201304753028891
0.7520969245107176
0.8289841565703635
0.842497670083877
0.7087604846225536
0.7218080149114632
0.7870456663560111
0.842497670083877
0.717148182665424
0.8597390493942219
0.831780055917987
0.787977632805219
0.9109972041006523
0.7898415657036346
0.7479030754892824
0.8378378378378378
0.7604846225535881
0.7269338303821062
0.8788443616029823
0.8191985088536813
0.7618825722273999
0.7777260018639329
0.8191985088536813
0.9082013047530288
0.624883504193849
0.8853681267474371
0.9207828518173345
0.8019571295433364
0.760950605778192
0.7264678471575023
0.744641192917055
0.9198508853681268
0.891425908667288
0.8839701770736254
0.8560111835973905
0.9026095060577819
0.8849021435228331
0.8508853681267474
0.8364398881640261
0.23671947809878843
0.8504193849021435
0.8014911463187325
0.7441752096924511
0.9068033550792172
0.7590866728797764
0.760950605778192
0.8769804287045666
0.9305684995340168
0.7418452935694315
0.8434296365330848
0.809878844361603
0.8676607642124884
0.7348555452003728
0.8648648648648649
0.8112767940354148
0.8285181733457595
0.84762348555452
0.7707362534948742
0.7898415657036346
0.9026095060577819
0.7949673811742777
0.001863932898415657
0.6817334575955266
0.6896551724137931
0.8951537744641193
0.6439888164026095
0.8499534016775396
0.7856477166821995
0.9058713886300093
0.9557315936626282
0.7409133271202236
0.8191985088536813
0.7371854613233924
0.9338303821062441
0.8126747437092264
0.8849021435228331
0.8350419384902144
0.7674743709226468
0.8793103448275862
0.7096924510717614
0.8196644920782852
0.7432432432432432
0.7945013979496738
0.7968313140726934
0.6971109040074557
0.8602050326188257
0.6915191053122087
0.8578751164958062
0.7269338303821062
0.8942218080149115
0.7511649580615097
0.9100652376514445
0.8597390493942219
0.8816402609506058
0.7977632805219013
0.8942218080149115
0.8154706430568499
0.733923578751165
0.8769804287045666
0.6593662628145387
0.66309412861137
0.7749301025163094
0.821062441752097
0.7931034482758621
0.8504193849021435
0.8140726933830382
0.8397017707362535
0.9221808014911463
0.7096924510717614
0.8033550792171482
0.8378378378378378
0.8993476234855545
0.8713886300093197
0.8033550792171482
0.749767008387698
0.6719478098788444
0.8681267474370923
0.8597390493942219
0.8606710158434296
0.771668219944082
0.8392357875116496
0.7903075489282386
0.858807082945014
0.8490214352283317
0.9301025163094129
0.7506989748369058
0.7371854613233924
0.7819198508853681
0.8853681267474371
0.7325256290773532
0.8974836905871388
0.7096924510717614
0.8247903075489282
0.6919850885368126
0.7562907735321528
0.7996272134203168
0.7968313140726934
0.7693383038210625
0.7301957129543336
0.8112767940354148
0.7875116495806151
0.1477166821994408
0.7805219012115564
0.7604846225535881
0.8928238583410997
0.755358807082945
0.8602050326188257
0.7576887232059646
0.22786579683131408
0.717148182665424
0.9524697110904008
0.8224603914259087
0.8080149114631874
0.7423112767940354
0.8219944082013048
0.7534948741845293
0.7059645852749301
0.7134203168685928
0.7753960857409133
0.7618825722273999
0.8448275862068966
0.4743709226467847
0.21388630009319665
0.8191985088536813
0.8634669151910531
0.6714818266542405
0.6342031686859273
0.7730661696178938
0.8536812674743709
0.7493010251630942
0.8681267474370923
0.9156570363466915
0.7110904007455732
0.8620689655172413
0.8387698042870456
0.902143522833178
0.7735321528424977
0.7958993476234856
0.8555452003727866
0.9426840633737186
0.7949673811742777
0.7479030754892824
0.7753960857409133
0.7162162162162162
0.7628145386766076
0.7306616961789375
0.858807082945014
0.8909599254426841
0.8397017707362535
0.8676607642124884
0.8522833178005592
0.8196644920782852
0.83690587138863
0.8438956197576887
0.7940354147250699
0.7637465051258154
0.7520969245107176
0.9217148182665424
0.8499534016775396
0.755358807082945
0.7600186393289842
0.733923578751165
0.8849021435228331
0.8387698042870456
0.7325256290773532
0.8457595526561044
0.7572227399813607
0.9398881640260951
0.8229263746505125
0.7604846225535881
0.21062441752096925
0.8112767940354148
0.9054054054054054
0.7800559179869525
0.7469711090400746
0.8327120223671948
0.8904939422180802
0.8359739049394221
0.7977632805219013
0.7912395153774464
0.7590866728797764
0.8070829450139795
0.8876980428704566
0.929636533084809
0.4874184529356943
0.8937558247903076
0.7068965517241379
0.8233923578751164
0.831780055917987
0.9109972041006523
0.7451071761416589
0.8052190121155638
0.7884436160298229
0.7977632805219013
0.8849021435228331
0.7739981360671015
0.7665424044734389
0.6994408201304753
0.7847157502329916
0.8984156570363467
0.8928238583410997
0.8448275862068966
0.7903075489282386
0.7506989748369058
0.8452935694315005
0.8294501397949674
0.8154706430568499
0.8415657036346692
0.0009319664492078285
0.7833178005591799
0.22367194780987884
0.8928238583410997
0.7287977632805219
0.6933830382106244
0.7753960857409133
0.8690587138863001
0.924044734389562
0.7726001863932899
0.7287977632805219
0.8578751164958062
0.8108108108108109
0.8164026095060578
0.9361602982292637
0.7479030754892824
0.880708294501398
0.6542404473438956
0.8485554520037278
0.7600186393289842
0.8327120223671948
0.8667287977632805
0.8732525629077353
0.8648648648648649
0.4972041006523765
0.6952469711090401
0.755358807082945
0.7940354147250699
0.8415657036346692
0.744641192917055
0.7665424044734389
0.8140726933830382
0.8872320596458527
0.7385834109972041
0.8597390493942219
0.8196644920782852
0.20410065237651445
0.83690587138863
0.8168685927306617
0.9035414725069898
0.7865796831314072
0.848089468779124
0.7926374650512582
0.8364398881640261
0.22833178005591798
0.8252562907735321
0.7199440820130475
0.7381174277726001
0.7707362534948742
0.8010251630941286
0.7791239515377446
0.7572227399813607
0.8951537744641193
0.8508853681267474
0.869990680335508
0.24650512581547065
0.8126747437092264
0.9137931034482759
0.7865796831314072
0.7972972972972973
0.8397017707362535
0.9342963653308481
0.7525629077353215
0.7917054986020503
0.9030754892823858
0.8033550792171482
0.8462255358807083
0.8159366262814539
0.8196644920782852
0.7525629077353215
0.7688723205964585
0.8988816402609506
0.8373718546132339
0.7152842497670084
0.8322460391425909
0.8373718546132339
0.8634669151910531
0.7744641192917054
0.8182665424044734
0.8075489282385834
0.8951537744641193
0.7875116495806151
0.8555452003727866
0.7730661696178938
0.6952469711090401
0.8504193849021435
0.8518173345759553
0.7847157502329916
0.8159366262814539
0.8904939422180802
0.8219944082013048
0.8154706430568499
0.7670083876980429
0.7260018639328985
0.8755824790307549
0.7917054986020503
0.848089468779124
0.8839701770736254
0.8191985088536813
0.7567567567567568
0.912861136999068
0.7246039142590867
0.799161230195713
0.8094128611369991
0.8275862068965517
0.8033550792171482
0.7427772600186393
0.8918918918918919
0.8508853681267474
0.874650512581547
0.8732525629077353
0.8895619757688723
0.8122087604846225
0.8504193849021435
0.8951537744641193
0.8112767940354148
0.22833178005591798
0.8932898415657037
0.9012115563839702
0.22833178005591798
0.891425908667288
0.7404473438956197
0.8513513513513513
0.8830382106244176
0.8662628145386766
0.9133271202236719
0.8089468779123952
0.8625349487418453
0.7931034482758621
0.7809878844361603
0.9571295433364398
0.8070829450139795
0.7861136999068034
0.7604846225535881
0.7455731593662628
0.853215284249767
0.804287045666356
0.8974836905871388
0.7642124883504194
0.8648648648648649
0.7558247903075489
0.7329916123019571
0.6812674743709226
0.7656104380242311
0.8429636533084809
0.8201304753028891
0.7819198508853681
0.8541472506989748
0.804287045666356
0.8294501397949674
0.7646784715750233
0.84762348555452
0.8387698042870456
0.8993476234855545
0.8951537744641193
0.8005591798695247
0.6999068033550793
0.8830382106244176
0.8490214352283317
0.7036346691519105
0.7548928238583411
0.9007455731593662
0.6929170549860205
0.7777260018639329
0.7017707362534948
0.8196644920782852
0.8056849953401678
0.7367194780987885
0.7138863000931966
0.8345759552656105
0.8494874184529357
0.8438956197576887
0.9310344827586207
0.8555452003727866
0.7269338303821062
0.7707362534948742
0.8821062441752097
0.760950605778192
0.8704566635601119
0.9133271202236719
0.7712022367194781
0.8541472506989748
0.8247903075489282
0.820596458527493
0.8602050326188257
0.8089468779123952
0.848089468779124
0.8490214352283317
0.8131407269338303
0.8331780055917987
0.8830382106244176
0.8378378378378378
0.7907735321528425
0.8643988816402609
0.9156570363466915
0.8233923578751164
0.8946877912395154
0.96784715750233
0.6868592730661697
0.8918918918918919
0.8900279589934762
0.7325256290773532
0.8024231127679403
0.7567567567567568
0.6053122087604846
0.8052190121155638
0.8737185461323392
0.8574091332712023
0.8732525629077353
0.7194780987884436
0.8173345759552656
0.8364398881640261
0.8690587138863001
0.8266542404473439
0.7809878844361603
0.907735321528425
0.8765144454799627
0.8713886300093197
0.8648648648648649
0.8266542404473439
0.6607642124883504
0.8657968313140727
0.5927306616961789
0.7371854613233924
0.8984156570363467
0.9333643988816402
0.8690587138863001
0.8550792171481827
0.9473438956197577
0.9245107176141659
0.8890959925442684
0.8462255358807083
0.8942218080149115
0.8504193849021435
0.8555452003727866
0.8765144454799627
0.8429636533084809
0.739049394221808
0.7833178005591799
0.8835041938490215
0.7968313140726934
0.8690587138863001
0.8103448275862069
0.8364398881640261
0.7185461323392358
0.9380242311276794
0.8294501397949674
0.84762348555452
0.7474370922646785
0.7889095992544268
0.9119291705498602
0.8988816402609506
0.8327120223671948
0.739049394221808
0.7847157502329916
0.8671947809878844
0.8070829450139795
0.8126747437092264
0.8397017707362535
0.7073625349487418
0.8690587138863001
0.8075489282385834
0.5144454799627214
0.8802423112767941
0.8191985088536813
0.7292637465051258
0.7376514445479962
0.8215284249767009
0.7945013979496738
0.787977632805219
0.8285181733457595
0.7972972972972973
0.8466915191053123
0.9035414725069898
0.7954333643988817
0.8434296365330848
0.8014911463187325
0.7837837837837838
0.9259086672879776
0.8238583410997204
0.7674743709226468
0.8816402609506058
0.7115563839701771
0.8182665424044734
0.8410997204100652
0.7865796831314072
0.8187325256290774
0.787977632805219
0.7684063373718546
0.7842497670083877
0.8737185461323392
0.848089468779124
0.8229263746505125
0.7311276794035415
0.8178005591798695
0.8653308480894688
0.8438956197576887
0.8140726933830382
0.8294501397949674
0.8285181733457595
0.82618825722274
0.6589002795899348
0.8406337371854613
0.7250698974836906
0.7287977632805219
0.7809878844361603
0.7940354147250699
0.7823858341099721
0.7614165890027959
0.7730661696178938
0.7539608574091333
0.8005591798695247
0.7157502329916123
0.7837837837837838
0.7027027027027027
0.8075489282385834
0.706430568499534
0.8485554520037278
0.8397017707362535
0.8681267474370923
0.7833178005591799
0.9035414725069898
0.8872320596458527
0.809878844361603
0.7702702702702703
0.7558247903075489
0.7432432432432432
0.8145386766076421
0.7749301025163094
0.8970177073625349
0.6342031686859273
0.7730661696178938
0.7996272134203168
0.41379310344827586
0.8788443616029823
0.9040074557315937
0.8355079217148182
0.7432432432432432
0.5386766076421249
0.8667287977632805
0.7614165890027959
0.6915191053122087
0.7684063373718546
0.8876980428704566
0.8243243243243243
0.8238583410997204
0.8620689655172413
0.8392357875116496
0.8611369990680335
0.7954333643988817
0.7749301025163094
0.7963653308480895
0.9086672879776329
0.8564771668219944
0.8438956197576887
0.7455731593662628
0.8867660764212488
0.8243243243243243
0.8285181733457595
0.7367194780987885
0.8592730661696178
0.804287045666356
0.8154706430568499
0.8732525629077353
0.8494874184529357
0.9338303821062441
0.7889095992544268
0.8508853681267474
0.7273998136067101
0.7483690587138863
0.8909599254426841
0.8956197576887233
0.7399813606710158
0.7875116495806151
0.7628145386766076
0.8154706430568499
0.8802423112767941
0.8657968313140727
0.8289841565703635
0.8075489282385834
0.9142590866728798
0.8816402609506058
0.7567567567567568
0.9585274930102516
0.9040074557315937
0.7250698974836906
0.8084808946877913
0.8653308480894688
0.6808014911463187
0.7823858341099721
0.9226467847157502
0.8904939422180802
0.896551724137931
0.8998136067101584
0.820596458527493
0.65237651444548
0.19944082013047532
0.21994408201304752
0.8578751164958062
0.9105312208760484
0.8988816402609506
0.8341099720410066
0.9249767008387698
0.7427772600186393
0.8895619757688723
0.7735321528424977
0.880708294501398
0.7180801491146319
0.8578751164958062
0.8089468779123952
0.8285181733457595
0.8005591798695247
0.8998136067101584
0.7441752096924511
0.6584342963653308
0.7152842497670084
0.8429636533084809
0.00046598322460391424
0.8546132339235788
0.8187325256290774
0.809878844361603
0.9044734389561976
0.8821062441752097
0.8275862068965517
0.8383038210624417
0.869990680335508
0.891425908667288
0.7749301025163094
0.760950605778192
0.7525629077353215
0.8247903075489282
0.7730661696178938
0.8084808946877913
0.8056849953401678
0.8592730661696178
0.8154706430568499
0.7348555452003728
0.8578751164958062
0.8550792171481827
0.9380242311276794
0.787977632805219
0.7255358807082946
0.8494874184529357
0.7726001863932899
0.7707362534948742
0.8550792171481827
0.21668219944082012
0.8928238583410997
0.7865796831314072
0.8154706430568499
0.9170549860205033
0.8811742777260019
0.8802423112767941
