0.8565079365079366
0.893968253968254
0.8936507936507937
0.7885714285714286
0.8676190476190476
0.827936507936508
0.9101587301587302
0.9355555555555556
0.8831746031746032
0.7044444444444444
0.7984126984126985
0.813015873015873
0.8736507936507937
0.9422222222222222
0.5326984126984127
0.8555555555555555
0.5419047619047619
0.7749206349206349
0.8457142857142858
0.6368253968253968
0.7860317460317461
0.8326984126984127
0.953015873015873
0.786984126984127
0.9012698412698412
0.8577777777777778
0.7238095238095238
0.86
0.8073015873015873
0.8793650793650793
0.8926984126984127
0.8168253968253968
0.9076190476190477
0.7342857142857143
0.8904761904761904
0.926031746031746
0.9012698412698412
0.8596825396825397
0.9501587301587302
0.9406349206349206
0.8377777777777777
0.8273015873015873
0.807936507936508
0.626984126984127
0.6057142857142858
0.7107936507936508
0.7565079365079365
0.8650793650793651
0.906984126984127
0.8517460317460317
0.806031746031746
0.8907936507936508
0.8219047619047619
0.7492063492063492
0.8133333333333334
0.8615873015873016
0.7736507936507937
0.8771428571428571
0.8926984126984127
0.7485714285714286
0.9355555555555556
0.8682539682539683
0.8028571428571428
0.659047619047619
0.8155555555555556
0.8679365079365079
0.839047619047619
0.9206349206349206
0.7625396825396825
0.7707936507936508
0.6831746031746032
0.7758730158730158
0.819047619047619
0.9098412698412699
0.8749206349206349
0.8993650793650794
0.9326984126984127
0.8377777777777777
0.9171428571428571
0.9444444444444444
0.8447619047619047
0.827936507936508
0.8907936507936508
0.8603174603174604
0.88
0.7822222222222223
0.9361904761904762
0.8371428571428572
0.7282539682539683
0.9015873015873016
0.8273015873015873
0.7565079365079365
0.8806349206349207
0.886984126984127
0.9615873015873015
0.7333333333333333
0.8266666666666667
0.8923809523809524
0.8244444444444444
0.9285714285714286
0.6736507936507936
0.8892063492063492
0.8234920634920635
0.8790476190476191
0.6482539682539683
0.8488888888888889
0.8501587301587301
0.7282539682539683
0.773015873015873
0.6066666666666667
0.7707936507936508
0.7673015873015873
0.7946031746031746
0.8447619047619047
0.9292063492063493
0.8749206349206349
0.8968253968253969
0.699047619047619
0.8339682539682539
0.9355555555555556
0.7955555555555556
0.9406349206349206
0.8726984126984128
0.8304761904761905
0.8507936507936508
0.8628571428571429
0.799047619047619
0.905079365079365
0.8590476190476191
0.8793650793650793
0.9476190476190476
0.7774603174603174
0.8679365079365079
0.9165079365079365
0.8066666666666666
0.8212698412698413
0.8736507936507937
0.9393650793650794
0.7857142857142857
0.726984126984127
0.7371428571428571
0.7952380952380952
0.8634920634920635
0.8473015873015873
0.8606349206349206
0.9282539682539682
0.8434920634920635
0.8692063492063492
0.6419047619047619
0.9371428571428572
0.7492063492063492
0.7019047619047619
0.8539682539682539
0.7333333333333333
0.927936507936508
0.966031746031746
0.8568253968253968
0.8228571428571428
0.800952380952381
0.7596825396825397
0.9393650793650794
0.9098412698412699
0.758095238095238
0.8431746031746031
0.8019047619047619
0.833015873015873
0.8504761904761905
0.8463492063492063
0.820952380952381
0.92
0.5958730158730159
0.967936507936508
0.8987301587301587
0.9149206349206349
0.8114285714285714
0.7355555555555555
0.7936507936507936
0.8171428571428572
0.7187301587301588
0.8466666666666667
0.8990476190476191
0.8066666666666666
0.8847619047619047
0.8066666666666666
0.9580952380952381
0.7834920634920635
0.8073015873015873
0.7692063492063492
0.8796825396825397
0.8126984126984127
0.8663492063492063
0.8971428571428571
0.9257142857142857
0.6803174603174603
0.9387301587301587
0.7644444444444445
0.8990476190476191
0.8641269841269841
0.9701587301587301
0.8228571428571428
0.8688888888888889
0.5507936507936508
0.5565079365079365
0.746984126984127
0.8546031746031746
0.7958730158730158
0.819047619047619
0.793968253968254
0.8682539682539683
0.9044444444444445
0.8415873015873016
0.8047619047619048
0.31936507936507935
0.8853968253968254
0.7901587301587302
0.7679365079365079
0.9101587301587302
0.9155555555555556
0.8742857142857143
0.7863492063492064
0.8361904761904762
0.8
0.8673015873015874
0.6882539682539682
0.8866666666666667
0.9377777777777778
0.7307936507936508
0.5717460317460318
0.8485714285714285
0.8888888888888888
0.7977777777777778
0.9196825396825397
0.7717460317460317
0.8622222222222222
0.6730158730158731
0.7888888888888889
0.7980952380952381
0.8606349206349206
0.9088888888888889
0.5939682539682539
0.8003174603174603
0.6771428571428572
0.7603174603174603
0.813015873015873
0.9288888888888889
0.7911111111111111
0.7311111111111112
0.9546031746031746
0.7793650793650794
0.6876190476190476
0.7517460317460317
0.7101587301587302
0.8685714285714285
0.7926984126984127
0.9317460317460318
0.9520634920634921
0.7495238095238095
0.9006349206349207
0.9565079365079365
0.8882539682539683
0.8066666666666666
0.9041269841269841
0.9076190476190477
0.8266666666666667
0.8971428571428571
0.7803174603174603
0.7698412698412699
0.8603174603174604
0.9314285714285714
0.7577777777777778
0.8031746031746032
0.7019047619047619
0.8698412698412699
0.7933333333333333
0.8419047619047619
0.6066666666666667
0.9130158730158731
0.8333333333333334
0.7866666666666666
0.5768253968253968
0.7707936507936508
0.8523809523809524
0.9863492063492063
0.8276190476190476
0.8057142857142857
0.9155555555555556
0.7238095238095238
0.7961904761904762
0.7276190476190476
0.8834920634920634
0.8152380952380952
0.7692063492063492
0.82
0.7847619047619048
0.806984126984127
0.8253968253968254
0.812063492063492
0.9041269841269841
0.8184126984126984
0.939047619047619
0.9063492063492063
0.8434920634920635
0.7377777777777778
0.9619047619047619
0.9253968253968254
0.8225396825396826
0.8787301587301587
0.626031746031746
0.8892063492063492
0.6549206349206349
0.9076190476190477
0.7444444444444445
0.819047619047619
0.8873015873015873
0.9041269841269841
0.9019047619047619
0.8336507936507936
0.7634920634920634
0.8146031746031746
0.6911111111111111
0.9533333333333334
0.8374603174603175
0.8663492063492063
0.7901587301587302
0.6066666666666667
0.6444444444444445
0.7238095238095238
0.8431746031746031
0.8053968253968254
0.8555555555555555
0.8352380952380952
0.8955555555555555
0.9247619047619048
0.8663492063492063
0.8933333333333333
0.8276190476190476
0.8984126984126984
0.8914285714285715
0.9355555555555556
0.7917460317460318
0.8828571428571429
0.8536507936507937
0.9012698412698412
0.8977777777777778
0.9387301587301587
0.9212698412698412
0.8993650793650794
0.9444444444444444
0.7838095238095238
0.6209523809523809
0.905079365079365
0.8968253968253969
0.8526984126984127
0.6117460317460317
0.9034920634920635
0.8219047619047619
0.8342857142857143
0.7571428571428571
0.8746031746031746
0.7914285714285715
0.893015873015873
0.7038095238095238
0.5514285714285714
0.8250793650793651
0.7339682539682539
0.8863492063492063
0.9304761904761905
0.8714285714285714
0.7892063492063492
0.8066666666666666
0.8498412698412698
0.813015873015873
0.8053968253968254
0.8860317460317461
0.7866666666666666
0.960952380952381
0.8425396825396826
0.64
0.8028571428571428
0.8403174603174604
0.8996825396825396
0.9498412698412698
0.7882539682539682
0.8317460317460318
0.9641269841269842
0.7873015873015873
0.7831746031746032
0.8384126984126984
0.621904761904762
0.8701587301587301
0.8336507936507936
0.8793650793650793
0.8771428571428571
0.9492063492063492
0.7780952380952381
0.8365079365079365
0.9476190476190476
0.9130158730158731
0.953968253968254
0.773015873015873
0.8326984126984127
0.8431746031746031
0.966031746031746
0.8809523809523809
0.9803174603174604
0.8533333333333334
0.913968253968254
0.8803174603174603
0.5336507936507936
0.7333333333333333
0.7885714285714286
0.7507936507936508
0.8879365079365079
0.9006349206349207
0.7571428571428571
0.819047619047619
0.7361904761904762
0.5942857142857143
0.9146031746031746
0.7676190476190476
0.8803174603174603
0.8523809523809524
0.8025396825396826
0.9584126984126984
0.9295238095238095
0.8650793650793651
0.7584126984126984
0.700952380952381
0.839047619047619
0.8463492063492063
0.8212698412698413
0.7860317460317461
0.7961904761904762
0.9447619047619048
0.9041269841269841
0.9720634920634921
0.7257142857142858
0.7450793650793651
0.7790476190476191
0.8342857142857143
0.7933333333333333
0.7933333333333333
0.8936507936507937
0.8434920634920635
0.9228571428571428
0.7177777777777777
0.7844444444444445
0.8679365079365079
0.5980952380952381
0.7857142857142857
0.7031746031746032
0.6047619047619047
0.8238095238095238
0.8219047619047619
0.8644444444444445
0.7498412698412699
0.813015873015873
0.8012698412698412
0.8663492063492063
0.6907936507936508
0.7638095238095238
0.766984126984127
0.8984126984126984
0.8320634920634921
0.7577777777777778
0.7907936507936508
0.9285714285714286
0.8653968253968254
0.8838095238095238
0.9012698412698412
0.7895238095238095
0.7584126984126984
0.8625396825396825
0.84
0.8841269841269841
0.8358730158730159
0.8453968253968254
0.5803174603174603
0.8336507936507936
0.7584126984126984
0.8625396825396825
0.7507936507936508
0.6987301587301588
0.8666666666666667
0.8266666666666667
0.8692063492063492
0.48
0.7546031746031746
0.693015873015873
0.7834920634920635
0.853015873015873
0.7584126984126984
0.8758730158730159
0.7895238095238095
0.6346031746031746
0.6907936507936508
0.8663492063492063
0.813015873015873
0.8377777777777777
0.8285714285714286
0.9453968253968253
0.7787301587301587
0.7158730158730159
0.8736507936507937
0.7003174603174603
0.9314285714285714
0.7568253968253968
0.8628571428571429
0.8876190476190476
0.7936507936507936
0.7526984126984126
0.7796825396825396
0.8812698412698413
0.9082539682539682
0.6431746031746032
0.9098412698412699
0.8063492063492064
0.7933333333333333
0.8571428571428571
0.7476190476190476
0.9111111111111111
0.8647619047619047
0.806984126984127
0.76
0.900952380952381
0.9155555555555556
0.8809523809523809
0.8653968253968254
0.9180952380952381
0.9066666666666666
0.8307936507936508
0.919047619047619
0.7371428571428571
0.6961904761904761
0.799047619047619
0.726031746031746
0.8558730158730159
0.8993650793650794
0.8336507936507936
0.7561904761904762
0.7923809523809524
0.7980952380952381
0.7888888888888889
0.5933333333333334
0.8707936507936508
0.8593650793650793
0.6333333333333333
0.8438095238095238
0.7517460317460317
0.9241269841269841
0.6682539682539682
0.8650793650793651
0.8853968253968254
0.933968253968254
0.9146031746031746
0.933015873015873
0.9238095238095239
0.8815873015873016
0.7987301587301587
0.7996825396825397
0.7822222222222223
0.7495238095238095
0.8831746031746032
0.8561904761904762
0.8552380952380952
0.8692063492063492
0.6971428571428572
0.9346031746031747
0.9111111111111111
0.7825396825396825
0.8717460317460317
0.8892063492063492
0.8758730158730159
0.8631746031746032
0.974920634920635
0.7180952380952381
0.5184126984126984
0.8434920634920635
0.9034920634920635
0.8666666666666667
0.9149206349206349
0.8714285714285714
0.906984126984127
0.8758730158730159
0.878095238095238
0.8898412698412699
0.7003174603174603
0.8717460317460317
0.8377777777777777
0.7558730158730159
0.9085714285714286
0.9012698412698412
0.680952380952381
0.8771428571428571
0.8476190476190476
0.7450793650793651
0.6641269841269841
0.6393650793650794
0.7638095238095238
0.9574603174603175
0.758095238095238
0.7711111111111111
0.8558730158730159
0.8650793650793651
0.84
0.7425396825396825
0.9571428571428572
0.8711111111111111
0.8657142857142858
0.8774603174603175
0.8555555555555555
0.8206349206349206
0.7736507936507937
0.8546031746031746
0.8266666666666667
0.7574603174603175
0.7631746031746032
0.8453968253968254
0.9346031746031747
0.6377777777777778
0.7473015873015874
0.7361904761904762
0.86
0.8212698412698413
0.7457142857142857
0.7428571428571429
0.8092063492063492
0.8038095238095239
0.7933333333333333
0.7707936507936508
0.886984126984127
0.8555555555555555
0.8815873015873016
0.8615873015873016
0.8853968253968254
0.9022222222222223
0.6974603174603174
0.6453968253968254
0.8377777777777777
0.9720634920634921
0.7679365079365079
0.8142857142857143
0.8523809523809524
0.9349206349206349
0.82
0.8679365079365079
0.706031746031746
0.8320634920634921
0.8412698412698413
0.9123809523809524
0.9206349206349206
0.8657142857142858
0.8631746031746032
0.8193650793650794
0.7565079365079365
0.8
0.8003174603174603
0.806031746031746
0.7374603174603175
0.806984126984127
0.8092063492063492
0.9492063492063492
0.8796825396825397
0.9073015873015873
0.8514285714285714
0.8622222222222222
0.8634920634920635
0.8336507936507936
0.9158730158730158
0.8561904761904762
0.6158730158730159
0.7253968253968254
0.806984126984127
0.8892063492063492
0.7631746031746032
0.7895238095238095
0.8853968253968254
0.7749206349206349
0.7095238095238096
0.9028571428571428
0.8403174603174604
0.5946031746031746
0.8463492063492063
0.8206349206349206
0.7358730158730159
0.812063492063492
0.9142857142857143
0.8777777777777778
0.866984126984127
0.9161904761904762
0.9304761904761905
0.8212698412698413
0.8749206349206349
0.9380952380952381
0.9184126984126985
0.6523809523809524
0.8438095238095238
0.8542857142857143
0.8688888888888889
0.8819047619047619
0.7819047619047619
0.72
0.746984126984127
0.8161904761904762
0.6942857142857143
0.7688888888888888
0.9117460317460317
0.7866666666666666
0.7923809523809524
0.960952380952381
0.8117460317460318
0.9596825396825397
0.8907936507936508
0.7222222222222222
0.8609523809523809
0.8333333333333334
0.8241269841269842
0.846984126984127
0.8228571428571428
0.7482539682539683
0.8844444444444445
0.8717460317460317
0.9485714285714286
0.6434920634920634
0.8860317460317461
0.5812698412698413
0.9492063492063492
0.8765079365079365
0.7473015873015874
0.9187301587301587
0.8314285714285714
0.8085714285714286
0.8498412698412698
0.8298412698412698
0.7450793650793651
0.7876190476190477
0.7634920634920634
0.8161904761904762
0.8593650793650793
0.741904761904762
0.9434920634920635
0.7828571428571428
0.9415873015873016
0.8473015873015873
0.7819047619047619
0.6257142857142857
0.9053968253968254
0.8901587301587301
0.8368253968253968
0.6044444444444445
0.8311111111111111
0.893015873015873
0.7415873015873016
0.6282539682539683
0.8701587301587301
0.8146031746031746
0.8536507936507937
0.8453968253968254
0.6390476190476191
0.7752380952380953
0.8676190476190476
0.7447619047619047
0.7555555555555555
0.8320634920634921
0.7876190476190477
0.7701587301587302
0.9088888888888889
0.84
0.8704761904761905
0.758095238095238
0.8984126984126984
0.9152380952380952
0.7673015873015873
0.7892063492063492
0.7136507936507936
0.8809523809523809
0.8907936507936508
0.9
0.8038095238095239
0.7603174603174603
0.8695238095238095
0.8533333333333334
0.8952380952380953
0.866984126984127
0.8949206349206349
0.8257142857142857
0.7311111111111112
0.8952380952380953
0.8425396825396826
0.7879365079365079
0.7552380952380953
0.9428571428571428
0.7971428571428572
0.8803174603174603
0.8803174603174603
0.5117460317460317
0.8180952380952381
0.9765079365079365
0.927936507936508
0.9225396825396825
0.8498412698412698
0.8657142857142858
0.7752380952380953
0.9152380952380952
0.7609523809523809
0.7523809523809524
0.7482539682539683
0.686984126984127
0.893968253968254
0.9003174603174603
0.8634920634920635
0.9228571428571428
0.8136507936507936
0.5514285714285714
0.7511111111111111
0.8012698412698412
0.6419047619047619
0.8253968253968254
0.8533333333333334
0.7847619047619048
0.8990476190476191
0.8269841269841269
0.5257142857142857
0.7346031746031746
0.7593650793650794
0.8571428571428571
0.6907936507936508
0.7396825396825397
0.8946031746031746
0.8187301587301588
0.7714285714285715
0.820952380952381
0.7111111111111111
0.9295238095238095
0.8685714285714285
0.786984126984127
0.8028571428571428
0.9374603174603174
0.7755555555555556
0.8625396825396825
0.8238095238095238
0.8482539682539683
0.9130158730158731
0.5736507936507936
0.8790476190476191
0.7523809523809524
0.8193650793650794
0.8473015873015873
0.6555555555555556
0.8412698412698413
0.7746031746031746
0.8841269841269841
0.6403174603174603
0.9006349206349207
0.8371428571428572
0.7898412698412698
0.833015873015873
0.6346031746031746
0.9492063492063492
0.7812698412698412
0.6009523809523809
0.8146031746031746
0.7320634920634921
0.9003174603174603
0.6777777777777778
0.8965079365079365
0.8371428571428572
0.9193650793650794
0.933968253968254
0.9326984126984127
0.799047619047619
0.7139682539682539
0.8038095238095239
0.8622222222222222
0.7520634920634921
0.506031746031746
0.8771428571428571
0.8028571428571428
0.9123809523809524
0.9222222222222223
0.7663492063492063
0.8565079365079366
0.9441269841269841
0.7120634920634921
0.8507936507936508
0.8095238095238095
0.8863492063492063
0.7155555555555555
0.6365079365079365
0.8844444444444445
0.933015873015873
0.7958730158730158
0.8606349206349206
0.8911111111111111
0.8285714285714286
0.6758730158730158
0.8149206349206349
0.7612698412698413
0.8073015873015873
0.7771428571428571
0.9355555555555556
0.8895238095238095
0.806984126984127
0.9384126984126984
0.8873015873015873
0.8857142857142857
0.8038095238095239
0.8295238095238096
0.8387301587301588
0.8501587301587301
0.792063492063492
0.8844444444444445
0.8523809523809524
0.8276190476190476
0.573968253968254
0.8101587301587302
0.7866666666666666
0.8993650793650794
0.9419047619047619
0.7593650793650794
0.8993650793650794
0.8977777777777778
0.9342857142857143
0.8844444444444445
0.692063492063492
0.834920634920635
0.8949206349206349
0.9117460317460317
0.800952380952381
0.8488888888888889
0.8717460317460317
0.733015873015873
0.6225396825396825
0.8165079365079365
0.7911111111111111
0.7701587301587302
0.8701587301587301
0.8336507936507936
0.7879365079365079
0.7342857142857143
0.8631746031746032
0.8276190476190476
0.8961904761904762
0.8822222222222222
0.7507936507936508
0.813968253968254
0.9311111111111111
0.8193650793650794
0.9273015873015873
0.8860317460317461
0.8063492063492064
0.8879365079365079
0.9142857142857143
0.7222222222222222
0.8717460317460317
0.8580952380952381
0.8987301587301587
0.873968253968254
0.9222222222222223
0.8765079365079365
0.8765079365079365
0.8926984126984127
0.834920634920635
0.8723809523809524
0.6463492063492063
0.873015873015873
0.3146031746031746
0.873968253968254
0.8520634920634921
0.7971428571428572
0.8580952380952381
0.8847619047619047
0.820952380952381
0.813968253968254
0.9314285714285714
0.78
0.8406349206349206
0.8212698412698413
0.8898412698412699
0.9482539682539682
0.8511111111111112
0.8787301587301587
0.8466666666666667
0.8098412698412698
0.6120634920634921
0.8749206349206349
0.7542857142857143
0.8568253968253968
0.6968253968253968
0.7955555555555556
0.8034920634920635
0.7139682539682539
0.8831746031746032
0.9273015873015873
0.873968253968254
0.8847619047619047
0.8892063492063492
0.7447619047619047
0.6228571428571429
0.8615873015873016
0.8536507936507937
0.8825396825396825
0.8641269841269841
0.5965079365079365
0.886984126984127
0.9244444444444444
0.8609523809523809
0.9368253968253968
0.9514285714285714
0.9384126984126984
0.6434920634920634
0.9476190476190476
0.7365079365079366
0.9
0.8949206349206349
0.7790476190476191
0.7590476190476191
0.8
0.8285714285714286
0.853015873015873
0.8342857142857143
0.8717460317460317
0.861904761904762
0.906984126984127
0.7492063492063492
0.86
0.9028571428571428
0.7520634920634921
0.8507936507936508
0.72
0.8434920634920635
0.7949206349206349
0.8193650793650794
0.6549206349206349
0.6311111111111111
0.8771428571428571
0.792063492063492
0.926984126984127
0.5488888888888889
0.7619047619047619
0.7698412698412699
0.7682539682539683
0.7726984126984127
0.8501587301587301
0.8949206349206349
0.7098412698412698
0.8282539682539682
0.8803174603174603
0.8777777777777778
0.7625396825396825
0.8977777777777778
0.7234920634920635
0.9384126984126984
0.7368253968253968
0.6993650793650794
0.76
0.893968253968254
0.733015873015873
0.7295238095238096
0.9082539682539682
0.8368253968253968
0.9238095238095239
0.9130158730158731
0.8831746031746032
0.7365079365079366
0.7482539682539683
0.6971428571428572
0.5993650793650793
0.7911111111111111
0.834920634920635
0.9155555555555556
0.7819047619047619
0.8336507936507936
0.9314285714285714
0.9073015873015873
0.8793650793650793
0.82
0.8822222222222222
0.8298412698412698
0.8352380952380952
0.5142857142857142
0.846984126984127
0.8250793650793651
0.8066666666666666
0.833015873015873
0.7596825396825397
0.9253968253968254
0.8653968253968254
0.7946031746031746
0.5304761904761904
0.8984126984126984
0.8352380952380952
0.7828571428571428
0.7965079365079365
0.7955555555555556
0.8682539682539683
0.9450793650793651
0.8269841269841269
0.8914285714285715
0.5923809523809523
0.6628571428571428
0.7895238095238095
0.7095238095238096
0.8873015873015873
0.8101587301587302
0.8984126984126984
0.8222222222222222
0.8898412698412699
0.72
0.8053968253968254
0.7942857142857143
0.8377777777777777
0.786984126984127
0.9117460317460317
0.8428571428571429
0.7612698412698413
0.7765079365079365
0.7793650793650794
0.8793650793650793
0.7717460317460317
0.7838095238095238
0.8396825396825397
0.7720634920634921
0.7736507936507937
0.8111111111111111
0.8393650793650793
0.5955555555555555
0.933015873015873
0.905079365079365
0.7977777777777778
0.9079365079365079
0.8793650793650793
0.8920634920634921
0.8634920634920635
0.946984126984127
0.8450793650793651
0.9234920634920635
0.9466666666666667
0.9349206349206349
0.8288888888888889
0.8752380952380953
0.7847619047619048
0.8355555555555556
0.7996825396825397
0.8552380952380952
0.9085714285714286
0.7152380952380952
0.9263492063492064
0.9
0.3142857142857143
0.8492063492063492
0.926031746031746
0.7796825396825396
0.7984126984126985
0.9450793650793651
0.7733333333333333
0.766984126984127
0.8844444444444445
0.7288888888888889
0.6
0.840952380952381
0.906984126984127
0.8273015873015873
0.8825396825396825
0.9365079365079365
0.8180952380952381
0.873968253968254
0.8523809523809524
0.8136507936507936
0.8647619047619047
0.9387301587301587
0.7371428571428571
0.9098412698412699
0.8812698412698413
0.9104761904761904
0.8476190476190476
0.8698412698412699
0.8425396825396826
0.9158730158730158
0.9361904761904762
0.7466666666666667
0.9114285714285715
0.8234920634920635
0.8158730158730159
0.9031746031746032
0.8996825396825396
0.7326984126984127
0.8768253968253968
0.7914285714285715
0.7558730158730159
0.8631746031746032
0.7812698412698412
0.9809523809523809
0.7946031746031746
0.8863492063492063
0.8295238095238096
0.7146031746031746
0.8453968253968254
0.7892063492063492
0.8695238095238095
0.8368253968253968
0.7492063492063492
0.8269841269841269
0.8098412698412698
0.8285714285714286
0.687936507936508
0.7523809523809524
0.8526984126984127
0.8873015873015873
0.9488888888888889
0.8517460317460317
0.8136507936507936
0.8520634920634921
0.8485714285714285
0.8428571428571429
0.5288888888888889
0.9161904761904762
0.6047619047619047
0.8533333333333334
0.8374603174603175
0.7634920634920634
0.8536507936507937
0.7631746031746032
0.6901587301587302
0.8419047619047619
0.8898412698412699
0.9085714285714286
0.9098412698412699
0.9047619047619048
0.9165079365079365
0.8104761904761905
0.9047619047619048
0.7768253968253969
0.9114285714285715
0.7231746031746031
0.8203174603174603
0.8558730158730159
0.893968253968254
0.8917460317460317
0.7825396825396825
0.8958730158730158
0.9177777777777778
0.813015873015873
0.8298412698412698
0.7682539682539683
0.873015873015873
0.926984126984127
0.7803174603174603
0.8142857142857143
0.8082539682539682
0.8387301587301588
0.8146031746031746
0.7231746031746031
0.8298412698412698
0.9126984126984127
0.7638095238095238
0.8396825396825397
0.5977777777777777
0.7673015873015873
0.7876190476190477
0.8676190476190476
0.840952380952381
0.8526984126984127
0.7965079365079365
0.5653968253968253
0.9358730158730159
0.8323809523809523
0.9222222222222223
0.5926984126984127
0.8749206349206349
0.7774603174603174
0.7384126984126984
0.7971428571428572
0.8555555555555555
0.6476190476190476
0.8955555555555555
0.839047619047619
0.826031746031746
0.7387301587301587
0.9241269841269841
0.7841269841269841
0.8841269841269841
0.7876190476190477
0.7838095238095238
0.8044444444444444
0.7974603174603174
0.6619047619047619
0.7587301587301587
0.9133333333333333
0.9555555555555556
0.8028571428571428
0.8825396825396825
0.8685714285714285
0.7980952380952381
0.7755555555555556
0.6819047619047619
0.9453968253968253
0.8733333333333333
0.9365079365079365
0.9561904761904761
0.8777777777777778
0.7590476190476191
0.8593650793650793
0.6873015873015873
0.8180952380952381
0.8114285714285714
0.7565079365079365
0.5742857142857143
0.9177777777777778
0.9422222222222222
0.8723809523809524
0.9114285714285715
0.8012698412698412
0.9203174603174603
0.7612698412698413
0.8298412698412698
0.8863492063492063
0.8803174603174603
0.9336507936507936
0.8533333333333334
0.665079365079365
0.673968253968254
0.9546031746031746
0.8717460317460317
0.9187301587301587
0.8841269841269841
0.8266666666666667
0.6107936507936508
0.7825396825396825
0.8177777777777778
0.813968253968254
0.5387301587301587
0.873015873015873
0.9336507936507936
0.8698412698412699
0.8212698412698413
0.633968253968254
0.733015873015873
0.7450793650793651
0.9098412698412699
0.8765079365079365
0.734920634920635
0.9053968253968254
0.793968253968254
0.8184126984126984
0.7615873015873016
0.0038095238095238095
0.7568253968253968
0.7723809523809524
0.6892063492063492
0.9225396825396825
0.7977777777777778
0.861904761904762
0.7012698412698413
0.4895238095238095
0.7777777777777778
0.8866666666666667
0.8333333333333334
0.8974603174603175
0.8853968253968254
0.8873015873015873
0.8488888888888889
0.8492063492063492
0.9304761904761905
0.8495238095238096
0.7450793650793651
0.834920634920635
0.7898412698412698
0.8520634920634921
0.8431746031746031
0.7663492063492063
0.7701587301587302
0.9555555555555556
0.8228571428571428
0.9501587301587302
0.8034920634920635
0.8888888888888888
0.8625396825396825
0.8422222222222222
0.8841269841269841
0.9038095238095238
0.8558730158730159
0.8473015873015873
0.8685714285714285
0.8517460317460317
0.9092063492063492
0.960952380952381
0.9155555555555556
0.6025396825396825
0.933968253968254
0.8968253968253969
0.8685714285714285
0.8273015873015873
0.827936507936508
0.906984126984127
0.8165079365079365
0.8501587301587301
0.8133333333333334
0.8380952380952381
0.9053968253968254
0.8031746031746032
0.799047619047619
0.8212698412698413
0.633015873015873
0.8358730158730159
0.9225396825396825
0.8536507936507937
0.9533333333333334
0.8453968253968254
0.7006349206349206
0.8603174603174604
0.799047619047619
0.6574603174603174
0.8374603174603175
0.5288888888888889
0.8196825396825397
0.853015873015873
0.9628571428571429
0.7390476190476191
0.8146031746031746
0.8641269841269841
0.827936507936508
0.8695238095238095
0.9485714285714286
0.6526984126984127
0.9288888888888889
0.741904761904762
0.8336507936507936
0.7720634920634921
0.7971428571428572
0.926031746031746
0.9638095238095238
0.8295238095238096
0.6644444444444444
0.8152380952380952
0.7936507936507936
0.9104761904761904
0.7860317460317461
0.9053968253968254
0.9346031746031747
0.9273015873015873
0.741904761904762
0.8511111111111112
0.8812698412698413
0.8107936507936508
0.819047619047619
0.7314285714285714
0.7504761904761905
0.9025396825396825
0.8879365079365079
0.7812698412698412
0.7542857142857143
0.9326984126984127
0.9015873015873016
0.6406349206349207
0.8641269841269841
0.8425396825396826
0.8834920634920634
0.8638095238095238
0.8066666666666666
0.9095238095238095
0.8434920634920635
0.9561904761904761
0.8923809523809524
0.94
0.8933333333333333
0.7793650793650794
0.7063492063492064
0.8717460317460317
0.8193650793650794
0.7838095238095238
0.8958730158730158
0.7974603174603174
0.9555555555555556
0.8965079365079365
0.9184126984126985
0.8301587301587302
0.9136507936507936
0.8923809523809524
0.9676190476190476
0.9015873015873016
0.8647619047619047
0.873968253968254
0.7841269841269841
0.8336507936507936
0.9536507936507936
0.8761904761904762
0.9015873015873016
0.8571428571428571
0.8501587301587301
0.819047619047619
0.8860317460317461
0.5612698412698413
0.8441269841269842
0.7396825396825397
0.8961904761904762
0.8485714285714285
0.920952380952381
0.8603174603174604
0.8517460317460317
0.9241269841269841
0.9038095238095238
0.8733333333333333
0.9574603174603175
0.82
0.9276190476190476
0.9047619047619048
0.8946031746031746
0.8911111111111111
0.8466666666666667
0.8177777777777778
0.7711111111111111
0.9346031746031747
0.8758730158730159
0.9301587301587302
0.766984126984127
0.7615873015873016
0.8177777777777778
0.8942857142857142
0.8117460317460318
0.8774603174603175
0.8247619047619048
0.8269841269841269
0.8853968253968254
0.9533333333333334
0.5958730158730159
0.7790476190476191
0.7841269841269841
0.9174603174603174
0.8892063492063492
0.9317460317460318
0.8111111111111111
0.7596825396825397
0.6311111111111111
0.8596825396825397
0.7358730158730159
0.8777777777777778
0.8774603174603175
0.8565079365079366
0.42063492063492064
0.9774603174603175
0.8514285714285714
0.7276190476190476
0.7361904761904762
0.8434920634920635
0.8485714285714285
0.2073015873015873
0.8276190476190476
0.8301587301587302
0.8047619047619048
0.5974603174603175
0.9231746031746032
0.8777777777777778
0.8657142857142858
0.7441269841269841
0.9003174603174603
0.7641269841269841
0.8485714285714285
0.9034920634920635
0.7812698412698412
0.7593650793650794
0.9295238095238095
0.9238095238095239
0.8546031746031746
0.947936507936508
0.8993650793650794
0.8422222222222222
0.7504761904761905
0.792063492063492
0.8895238095238095
0.9380952380952381
0.7765079365079365
0.9015873015873016
0.9711111111111111
0.820952380952381
0.82
0.8203174603174603
0.786984126984127
0.8015873015873016
0.7095238095238096
0.8368253968253968
0.792063492063492
0.8028571428571428
0.8387301587301588
0.9276190476190476
0.8374603174603175
0.8647619047619047
0.8882539682539683
0.8095238095238095
0.8263492063492064
0.7352380952380952
0.8263492063492064
0.8276190476190476
0.6831746031746032
0.840952380952381
0.9301587301587302
0.813015873015873
0.813968253968254
0.8104761904761905
0.8974603174603175
0.8949206349206349
0.8415873015873016
0.8520634920634921
0.8501587301587301
0.8628571428571429
0.8492063492063492
0.8498412698412698
0.9076190476190477
0.8952380952380953
0.7479365079365079
0.9533333333333334
0.8609523809523809
0.9225396825396825
0.6228571428571429
0.7838095238095238
0.9422222222222222
0.6828571428571428
0.8028571428571428
0.8984126984126984
0.959047619047619
0.8803174603174603
0.8488888888888889
0.8838095238095238
0.8292063492063492
0.8584126984126984
0.827936507936508
0.9504761904761905
0.8892063492063492
0.9028571428571428
0.9536507936507936
0.8447619047619047
0.8838095238095238
0.9352380952380952
0.8726984126984128
0.8844444444444445
0.765079365079365
0.8266666666666667
0.7517460317460317
0.8412698412698413
0.7958730158730158
0.9301587301587302
0.6320634920634921
0.7984126984126985
0.8558730158730159
0.8514285714285714
0.7244444444444444
0.6888888888888889
0.9301587301587302
0.7514285714285714
0.7504761904761905
0.8784126984126984
0.8450793650793651
0.9234920634920635
0.9019047619047619
0.8161904761904762
0.8679365079365079
0.7361904761904762
0.9165079365079365
0.8768253968253968
0.8403174603174604
0.8857142857142857
0.8657142857142858
0.8393650793650793
0.7612698412698413
0.8533333333333334
0.8126984126984127
0.8098412698412698
0.8155555555555556
0.8425396825396826
0.8307936507936508
0.8174603174603174
0.8673015873015874
0.7790476190476191
0.9107936507936508
0.9168253968253969
0.7355555555555555
0.8984126984126984
0.9165079365079365
0.8323809523809523
0.7244444444444444
0.8787301587301587
0.8076190476190476
0.6323809523809524
0.8765079365079365
0.8006349206349206
0.7885714285714286
0.8526984126984127
0.7495238095238095
0.8834920634920634
0.940952380952381
0.8361904761904762
0.8809523809523809
0.9266666666666666
0.7873015873015873
0.8019047619047619
0.7587301587301587
0.7501587301587301
0.8352380952380952
0.7282539682539683
0.8285714285714286
0.8412698412698413
0.7914285714285715
0.8742857142857143
0.700952380952381
0.9003174603174603
0.8720634920634921
0.8088888888888889
0.8841269841269841
0.7606349206349207
0.9152380952380952
0.8492063492063492
0.9168253968253969
0.8339682539682539
0.706031746031746
0.9095238095238095
0.6984126984126984
0.9641269841269842
0.8933333333333333
0.8609523809523809
0.9133333333333333
0.6958730158730159
0.7787301587301587
0.7790476190476191
0.8422222222222222
0.7631746031746032
0.7085714285714285
0.8850793650793651
0.8063492063492064
0.9273015873015873
0.7911111111111111
0.8682539682539683
0.7244444444444444
0.8882539682539683
0.6644444444444444
0.6603174603174603
0.9301587301587302
0.9006349206349207
0.8374603174603175
0.8831746031746032
0.8323809523809523
0.706031746031746
0.7244444444444444
0.8206349206349206
0.7165079365079365
0.8653968253968254
0.9133333333333333
0.638095238095238
0.9038095238095238
0.7571428571428571
0.7806349206349207
0.9088888888888889
0.6688888888888889
0.8228571428571428
0.9044444444444445
0.9098412698412699
0.8765079365079365
0.7844444444444445
0.8803174603174603
0.7603174603174603
0.8914285714285715
0.7723809523809524
0.8406349206349206
0.7968253968253968
0.8796825396825397
0.6873015873015873
0.8755555555555555
0.8457142857142858
0.7444444444444445
0.8288888888888889
0.9063492063492063
0.7555555555555555
0.6971428571428572
0.8428571428571429
0.7685714285714286
0.8679365079365079
0.8346031746031746
0.839047619047619
0.8577777777777778
0.7993650793650794
0.8844444444444445
0.8168253968253968
0.8692063492063492
0.9695238095238096
0.8082539682539682
0.7631746031746032
0.8955555555555555
0.7161904761904762
0.8514285714285714
0.88
0.8622222222222222
0.8101587301587302
0.7352380952380952
0.8815873015873016
0.8768253968253968
0.9377777777777778
0.8161904761904762
0.8796825396825397
0.8987301587301587
0.753968253968254
0.785079365079365
0.793968253968254
0.7317460317460317
0.9047619047619048
0.820952380952381
0.926984126984127
0.8650793650793651
0.7574603174603175
0.7
0.9431746031746032
0.746984126984127
0.8149206349206349
0.7980952380952381
0.6152380952380953
0.826031746031746
0.9298412698412698
0.8526984126984127
0.9047619047619048
0.8555555555555555
0.8907936507936508
0.7279365079365079
0.7368253968253968
0.8761904761904762
0.7212698412698413
0.9079365079365079
0.846031746031746
0.8276190476190476
0.9466666666666667
0.8380952380952381
0.7930158730158731
0.86
0.8860317460317461
0.7647619047619048
0.2326984126984127
0.9349206349206349
0.7657142857142857
0.8380952380952381
0.7993650793650794
0.7984126984126985
0.8476190476190476
0.8898412698412699
0.9171428571428571
0.8415873015873016
0.7025396825396826
0.6104761904761905
0.8231746031746032
0.8653968253968254
0.7041269841269842
0.7485714285714286
0.9295238095238095
0.7615873015873016
0.927936507936508
0.8965079365079365
0.8777777777777778
0.8177777777777778
0.9165079365079365
0.9215873015873016
0.8161904761904762
0.9152380952380952
0.7863492063492064
0.8231746031746032
0.593015873015873
0.7311111111111112
0.5885714285714285
0.8536507936507937
0.8076190476190476
0.8253968253968254
0.9685714285714285
0.8761904761904762
0.9025396825396825
0.9133333333333333
0.9552380952380952
0.9034920634920635
0.8717460317460317
0.9482539682539682
0.8996825396825396
0.6968253968253968
0.8917460317460317
0.8917460317460317
0.9104761904761904
0.8444444444444444
0.8066666666666666
0.9387301587301587
0.8066666666666666
0.5507936507936508
0.9295238095238095
0.8228571428571428
0.7295238095238096
0.659047619047619
0.8526984126984127
0.679047619047619
0.8107936507936508
0.6174603174603175
0.8317460317460318
0.8574603174603175
0.8507936507936508
0.8215873015873015
0.6885714285714286
0.9428571428571428
0.8447619047619047
0.9088888888888889
0.9247619047619048
0.9012698412698412
0.8022222222222222
0.8901587301587301
0.7917460317460318
0.5663492063492064
0.8923809523809524
0.8101587301587302
0.8628571428571429
0.9012698412698412
0.8555555555555555
0.8215873015873015
0.6577777777777778
0.812063492063492
0.7863492063492064
0.7542857142857143
0.8301587301587302
0.7907936507936508
0.8301587301587302
0.6615873015873016
0.6977777777777778
0.9333333333333333
0.7866666666666666
0.8073015873015873
0.8228571428571428
0.8228571428571428
0.8339682539682539
0.8123809523809524
0.840952380952381
0.7558730158730159
0.8926984126984127
0.8898412698412699
0.7736507936507937
0.8006349206349206
0.9165079365079365
0.7450793650793651
0.7860317460317461
0.9085714285714286
0.799047619047619
0.753015873015873
0.7901587301587302
0.7425396825396825
0.7006349206349206
0.5517460317460318
0.6765079365079365
0.8657142857142858
0.7761904761904762
0.7415873015873016
0.8650793650793651
0.7958730158730158
0.8285714285714286
0.9295238095238095
0.9752380952380952
0.78
0.8860317460317461
0.866031746031746
0.9107936507936508
0.6904761904761905
0.9428571428571428
0.9088888888888889
0.7295238095238096
0.8873015873015873
0.6571428571428571
0.9073015873015873
0.8698412698412699
0.9028571428571428
0.9092063492063492
0.8222222222222222
0.9193650793650794
0.92
0.780952380952381
0.7930158730158731
0.6625396825396825
0.7942857142857143
0.9161904761904762
0.8384126984126984
0.9603174603174603
0.8111111111111111
0.8901587301587301
0.7777777777777778
0.8596825396825397
0.7501587301587301
0.8587301587301587
0.9371428571428572
0.7612698412698413
0.7482539682539683
0.8577777777777778
0.8609523809523809
0.8625396825396825
0.8565079365079366
0.6580952380952381
0.773015873015873
0.8577777777777778
0.8692063492063492
0.8082539682539682
0.9733333333333334
0.8971428571428571
0.8463492063492063
0.8803174603174603
0.8466666666666667
0.8850793650793651
0.9136507936507936
0.9273015873015873
0.813015873015873
0.8606349206349206
0.7952380952380952
0.8920634920634921
0.6704761904761904
0.9142857142857143
0.9193650793650794
0.7974603174603174
0.878095238095238
0.5920634920634921
0.9514285714285714
0.9073015873015873
0.9349206349206349
0.7533333333333333
0.8298412698412698
0.893968253968254
0.8517460317460317
0.833015873015873
0.8758730158730159
0.9206349206349206
0.9196825396825397
0.9219047619047619
0.9028571428571428
0.6933333333333334
0.9149206349206349
0.6625396825396825
0.7558730158730159
0.861904761904762
0.8193650793650794
0.8511111111111112
0.9034920634920635
0.7993650793650794
0.8704761904761905
0.8165079365079365
0.7209523809523809
0.8431746031746031
0.8323809523809523
0.7707936507936508
0.7492063492063492
0.7292063492063492
0.9276190476190476
0.7749206349206349
0.5939682539682539
0.8523809523809524
0.8368253968253968
0.8819047619047619
0.8634920634920635
0.8546031746031746
0.9380952380952381
0.8301587301587302
0.7574603174603175
0.6447619047619048
0.7482539682539683
0.7533333333333333
0.8901587301587301
0.7441269841269841
0.9203174603174603
0.900952380952381
0.8958730158730158
0.7914285714285715
0.8365079365079365
0.8295238095238096
0.905079365079365
0.7622222222222222
0.7466666666666667
0.854920634920635
0.878095238095238
0.6873015873015873
0.7171428571428572
0.8765079365079365
0.8380952380952381
0.8006349206349206
0.9247619047619048
0.8653968253968254
0.8482539682539683
0.9301587301587302
0.33936507936507937
0.7006349206349206
0.8688888888888889
0.7936507936507936
0.513968253968254
0.8123809523809524
0.9060317460317461
0.8295238095238096
0.6304761904761905
0.9079365079365079
0.8231746031746032
0.7234920634920635
0.7765079365079365
0.8574603174603175
0.9073015873015873
0.7679365079365079
0.7352380952380952
0.9336507936507936
0.8682539682539683
0.7577777777777778
0.9377777777777778
0.8177777777777778
0.912063492063492
0.7873015873015873
0.7520634920634921
0.6752380952380952
0.5558730158730159
0.7911111111111111
0.9053968253968254
0.8593650793650793
0.9571428571428572
0.8307936507936508
0.8590476190476191
0.86
0.9444444444444444
0.8593650793650793
0.8698412698412699
0.9349206349206349
0.873968253968254
0.807936507936508
0.7942857142857143
0.9365079365079365
0.8415873015873016
0.7336507936507937
0.8926984126984127
0.7203174603174604
0.854920634920635
0.9003174603174603
0.9317460317460318
0.7133333333333334
0.7793650793650794
0.7898412698412698
0.873015873015873
0.7317460317460317
0.9031746031746032
0.7707936507936508
0.8720634920634921
0.9406349206349206
0.8006349206349206
0.9457142857142857
0.660952380952381
0.861904761904762
0.9657142857142857
0.8574603174603175
0.8250793650793651
0.7450793650793651
0.7142857142857143
0.8012698412698412
0.5352380952380953
0.7114285714285714
0.8231746031746032
0.9466666666666667
0.8453968253968254
0.8946031746031746
0.8704761904761905
0.6104761904761905
0.8707936507936508
0.8457142857142858
0.9
0.8692063492063492
0.7041269841269842
0.8914285714285715
0.793968253968254
0.8777777777777778
0.8590476190476191
0.9520634920634921
0.5707936507936507
0.807936507936508
0.7152380952380952
0.9463492063492064
0.7101587301587302
0.8898412698412699
0.6755555555555556
0.8911111111111111
0.6819047619047619
0.8574603174603175
0.7298412698412698
0.7380952380952381
0.8050793650793651
0.7231746031746031
0.9282539682539682
0.8673015873015874
0.8898412698412699
0.8936507936507937
0.8612698412698413
0.8974603174603175
0.8015873015873016
0.5917460317460318
0.946031746031746
0.7758730158730158
0.8269841269841269
0.7777777777777778
0.806984126984127
0.9019047619047619
0.8441269841269842
0.766984126984127
0.7006349206349206
0.6692063492063492
0.7898412698412698
0.8720634920634921
0.7517460317460317
0.8650793650793651
0.9463492063492064
0.7028571428571428
0.7498412698412699
0.6514285714285715
0.5993650793650793
0.8520634920634921
0.854920634920635
0.912063492063492
0.6326984126984126
0.8698412698412699
0.8768253968253968
0.9428571428571428
0.8368253968253968
0.9577777777777777
0.8590476190476191
0.8006349206349206
0.846031746031746
0.793968253968254
0.9250793650793651
0.8063492063492064
0.9307936507936508
0.9085714285714286
0.8958730158730158
0.9114285714285715
0.9285714285714286
0.8038095238095239
0.9580952380952381
0.8022222222222222
0.9295238095238095
0.726984126984127
0.7095238095238096
0.9295238095238095
0.8092063492063492
0.8311111111111111
0.8365079365079365
0.9073015873015873
0.7653968253968254
0.8082539682539682
0.8482539682539683
0.6314285714285715
0.7603174603174603
0.878095238095238
0.7492063492063492
0.7450793650793651
0.6914285714285714
0.7038095238095238
0.8444444444444444
0.8253968253968254
0.8263492063492064
0.7231746031746031
0.7339682539682539
0.8647619047619047
0.7930158730158731
0.878095238095238
0.7955555555555556
0.8936507936507937
0.9165079365079365
0.713015873015873
0.7666666666666667
0.8634920634920635
0.9101587301587302
0.7901587301587302
0.9057142857142857
0.8796825396825397
0.7676190476190476
0.8206349206349206
0.8888888888888888
0.8606349206349206
0.7596825396825397
0.86
0.8022222222222222
0.6104761904761905
0.8695238095238095
0.893968253968254
0.7593650793650794
0.8793650793650793
0.8949206349206349
0.9292063492063493
0.7298412698412698
0.8717460317460317
0.7504761904761905
0.7682539682539683
0.7317460317460317
0.9019047619047619
0.9238095238095239
0.6288888888888889
0.8853968253968254
0.861904761904762
0.8990476190476191
0.7828571428571428
0.8095238095238095
0.9311111111111111
0.5393650793650794
0.9063492063492063
0.8771428571428571
0.9034920634920635
0.9092063492063492
0.7930158730158731
0.8555555555555555
0.799047619047619
0.9323809523809524
0.8133333333333334
0.8892063492063492
0.8187301587301588
0.7066666666666667
0.7593650793650794
0.5663492063492064
0.8895238095238095
0.5704761904761905
0.7892063492063492
0.8047619047619048
0.7571428571428571
0.9231746031746032
0.8974603174603175
0.7092063492063492
0.7996825396825397
0.8288888888888889
0.8238095238095238
0.8533333333333334
0.7733333333333333
0.9003174603174603
0.6660317460317461
0.7390476190476191
0.8819047619047619
0.8625396825396825
0.6615873015873016
0.9
0.5552380952380952
0.7473015873015874
0.799047619047619
0.8187301587301588
0.8171428571428572
0.7717460317460317
0.9307936507936508
0.8352380952380952
0.7717460317460317
0.8339682539682539
0.8980952380952381
0.9374603174603174
0.7971428571428572
0.8476190476190476
0.893968253968254
0.820952380952381
0.8323809523809523
0.726984126984127
0.9126984126984127
0.8015873015873016
0.893968253968254
0.7003174603174603
0.8714285714285714
0.9615873015873015
0.9307936507936508
0.873968253968254
0.7765079365079365
0.8526984126984127
0.6082539682539683
0.9463492063492064
0.8638095238095238
0.846984126984127
0.8990476190476191
0.8161904761904762
0.847936507936508
0.7390476190476191
0.8666666666666667
0.7180952380952381
0.8241269841269842
0.8749206349206349
0.8161904761904762
0.8707936507936508
0.9022222222222223
0.8012698412698412
0.7980952380952381
0.8955555555555555
0.7834920634920635
0.819047619047619
0.6780952380952381
0.8295238095238096
0.7403174603174603
0.9285714285714286
0.8704761904761905
0.6958730158730159
0.8412698412698413
0.8511111111111112
0.8352380952380952
0.8473015873015873
0.861904761904762
0.8647619047619047
0.9285714285714286
0.9720634920634921
0.7558730158730159
0.8958730158730158
0.8384126984126984
0.854920634920635
0.7965079365079365
0.812063492063492
0.8142857142857143
0.8361904761904762
0.8904761904761904
0.7876190476190477
0.8590476190476191
0.8342857142857143
0.8888888888888888
0.714920634920635
0.7311111111111112
0.8758730158730159
0.8365079365079365
0.853015873015873
0.9053968253968254
0.813015873015873
0.82
0.7917460317460318
0.940952380952381
0.806984126984127
0.7831746031746032
0.7117460317460318
0.8977777777777778
0.8222222222222222
0.7123809523809523
0.840952380952381
0.626031746031746
0.8771428571428571
0.8212698412698413
0.8647619047619047
0.8206349206349206
0.8441269841269842
0.9038095238095238
0.8374603174603175
0.807936507936508
0.9476190476190476
0.7853968253968254
0.8650793650793651
0.7822222222222223
0.8885714285714286
0.8958730158730158
0.8682539682539683
0.7974603174603174
0.8987301587301587
0.8507936507936508
0.826031746031746
0.7653968253968254
0.7326984126984127
0.8504761904761905
0.8717460317460317
0.8806349206349207
0.7571428571428571
0.8057142857142857
0.546984126984127
0.866984126984127
0.9019047619047619
0.7276190476190476
0.8215873015873015
0.773968253968254
0.9196825396825397
0.693015873015873
0.7587301587301587
0.8879365079365079
0.8901587301587301
0.9412698412698413
0.7866666666666666
0.6212698412698413
0.9263492063492064
0.9349206349206349
0.8901587301587301
0.7952380952380952
0.8746031746031746
0.9142857142857143
0.72
0.6974603174603174
0.8380952380952381
0.853015873015873
0.8711111111111111
0.9355555555555556
0.686984126984127
0.9622222222222222
0.8295238095238096
0.8222222222222222
0.8850793650793651
0.8946031746031746
0.861904761904762
0.7634920634920634
0.8301587301587302
0.9006349206349207
0.8768253968253968
0.866984126984127
0.8298412698412698
0.7958730158730158
0.8003174603174603
0.839047619047619
0.7123809523809523
0.9450793650793651
0.9107936507936508
0.8892063492063492
0.8466666666666667
0.6898412698412698
0.7606349206349207
0.7342857142857143
0.7898412698412698
0.8403174603174604
0.9717460317460317
0.8565079365079366
0.8
0.9584126984126984
0.9142857142857143
0.912063492063492
0.8774603174603175
0.9634920634920635
0.9403174603174603
0.7825396825396825
0.8984126984126984
0.8463492063492063
0.8726984126984128
0.7822222222222223
0.9180952380952381
0.8511111111111112
0.7761904761904762
0.7793650793650794
0.8326984126984127
0.8853968253968254
0.8396825396825397
0.8746031746031746
0.7853968253968254
0.9441269841269841
0.8193650793650794
0.9123809523809524
0.8942857142857142
0.8774603174603175
0.7326984126984127
0.8498412698412698
0.8546031746031746
0.8285714285714286
0.7955555555555556
0.9003174603174603
0.7082539682539682
0.9012698412698412
0.8485714285714285
0.8746031746031746
0.7720634920634921
0.8984126984126984
0.866984126984127
0.8679365079365079
0.7396825396825397
0.8041269841269841
0.7933333333333333
0.9123809523809524
0.7123809523809523
0.8980952380952381
0.7873015873015873
0.8
0.9688888888888889
0.8904761904761904
0.8247619047619048
0.853015873015873
0.8361904761904762
0.792063492063492
0.7558730158730159
0.8965079365079365
0.8336507936507936
0.8044444444444444
0.8266666666666667
0.8742857142857143
0.8853968253968254
0.626984126984127
0.8923809523809524
0.7206349206349206
0.9441269841269841
0.8688888888888889
0.9219047619047619
0.8555555555555555
0.807936507936508
0.9158730158730158
0.8444444444444444
0.6041269841269842
0.7977777777777778
0.9247619047619048
0.9076190476190477
0.7523809523809524
0.8736507936507937
0.7346031746031746
0.7574603174603175
0.8714285714285714
0.9
0.8431746031746031
0.8615873015873016
0.9098412698412699
0.8936507936507937
0.7558730158730159
0.7888888888888889
0.753968253968254
0.8977777777777778
0.9234920634920635
0.866031746031746
0.7968253968253968
0.606031746031746
0.8434920634920635
0.6415873015873016
0.8355555555555556
0.9057142857142857
0.9793650793650793
0.7171428571428572
0.8155555555555556
0.8533333333333334
0.8225396825396826
0.8888888888888888
0.8323809523809523
0.8215873015873015
0.9028571428571428
0.8650793650793651
0.6238095238095238
0.839047619047619
0.7892063492063492
0.806031746031746
0.8482539682539683
0.7888888888888889
0.846031746031746
0.8257142857142857
0.9
0.7793650793650794
0.8612698412698413
0.919047619047619
0.8695238095238095
0.873015873015873
0.847936507936508
0.792063492063492
0.8517460317460317
0.786984126984127
0.8942857142857142
0.9212698412698412
0.7860317460317461
0.7936507936507936
0.9031746031746032
0.7177777777777777
0.9085714285714286
0.8828571428571429
0.6196825396825397
0.8346031746031746
0.8504761904761905
0.8911111111111111
0.826031746031746
0.766984126984127
0.7171428571428572
0.8034920634920635
0.8726984126984128
0.8806349206349207
0.746984126984127
0.7749206349206349
0.8098412698412698
0.7733333333333333
0.8803174603174603
0.8533333333333334
0.5914285714285714
0.873968253968254
0.8250793650793651
0.9053968253968254
0.9146031746031746
0.9196825396825397
0.6431746031746032
0.6815873015873016
0.8346031746031746
0.8641269841269841
0.827936507936508
0.86
0.7488888888888889
0.9885714285714285
0.8282539682539682
0.7812698412698412
0.319047619047619
0.826031746031746
0.9231746031746032
0.8698412698412699
0.7631746031746032
0.8171428571428572
0.8339682539682539
0.773015873015873
0.9584126984126984
0.8425396825396826
0.9111111111111111
0.7273015873015873
0.8346031746031746
0.8034920634920635
0.8266666666666667
0.9053968253968254
0.9295238095238095
0.8384126984126984
0.8336507936507936
0.8885714285714286
0.7326984126984127
0.7507936507936508
0.8339682539682539
0.8831746031746032
0.8015873015873016
0.9123809523809524
0.8571428571428571
0.5688888888888889
0.5673015873015873
0.8539682539682539
0.9241269841269841
0.8555555555555555
0.7168253968253968
0.905079365079365
0.6796825396825397
0.8622222222222222
0.9498412698412698
0.7907936507936508
0.9425396825396826
0.8219047619047619
0.8028571428571428
0.8314285714285714
0.7895238095238095
0.8342857142857143
0.7984126984126985
0.9161904761904762
0.8263492063492064
0.9333333333333333
0.9171428571428571
0.5980952380952381
0.8434920634920635
0.6107936507936508
0.873968253968254
0.9222222222222223
0.8250793650793651
0.7831746031746032
0.8946031746031746
0.906984126984127
0.8873015873015873
0.8704761904761905
0.76
0.8488888888888889
0.8895238095238095
0.834920634920635
0.8676190476190476
0.8523809523809524
0.9038095238095238
0.8307936507936508
0.7977777777777778
0.9142857142857143
0.8533333333333334
0.7593650793650794
0.8704761904761905
0.9507936507936507
0.9104761904761904
0.7904761904761904
0.8450793650793651
0.8393650793650793
0.8158730158730159
0.7917460317460318
0.8860317460317461
0.7904761904761904
0.8961904761904762
0.9101587301587302
0.9438095238095238
0.9438095238095238
0.9117460317460317
0.926031746031746
0.866031746031746
0.7247619047619047
0.7612698412698413
0.9206349206349206
0.7034920634920635
0.8396825396825397
0.8444444444444444
0.8380952380952381
0.8650793650793651
0.9295238095238095
0.8774603174603175
0.9317460317460318
0.8136507936507936
0.8644444444444445
0.6542857142857142
0.893968253968254
0.8961904761904762
0.9117460317460317
0.866984126984127
0.9079365079365079
0.8244444444444444
0.8206349206349206
0.9241269841269841
0.8092063492063492
0.8539682539682539
0.7923809523809524
0.42984126984126986
0.7603174603174603
0.7866666666666666
0.8107936507936508
0.8419047619047619
0.8920634920634921
0.753968253968254
0.5955555555555555
0.8006349206349206
0.7682539682539683
0.7431746031746032
0.8828571428571429
0.8047619047619048
0.8174603174603174
0.5850793650793651
0.813968253968254
0.6653968253968254
0.7593650793650794
0.8431746031746031
0.7019047619047619
0.7533333333333333
0.9149206349206349
0.7673015873015873
0.9073015873015873
0.8285714285714286
0.9215873015873016
0.8898412698412699
0.86
0.9546031746031746
0.9161904761904762
0.7879365079365079
0.8942857142857142
0.8431746031746031
0.8987301587301587
0.8374603174603175
0.9393650793650794
0.854920634920635
0.9177777777777778
0.7406349206349206
0.7320634920634921
0.8288888888888889
0.8333333333333334
0.7558730158730159
0.9028571428571428
0.8285714285714286
0.9180952380952381
0.813968253968254
0.7784126984126984
0.9095238095238095
0.806031746031746
0.8266666666666667
0.8901587301587301
0.8492063492063492
0.7736507936507937
0.8358730158730159
0.8977777777777778
0.8441269841269842
0.8965079365079365
0.5387301587301587
0.7965079365079365
0.8825396825396825
0.8793650793650793
0.9180952380952381
0.8438095238095238
0.8253968253968254
0.8212698412698413
0.8920634920634921
0.8158730158730159
0.8615873015873016
0.9187301587301587
0.8047619047619048
0.9511111111111111
0.7523809523809524
0.8307936507936508
0.8336507936507936
0.8895238095238095
0.807936507936508
0.773015873015873
0.8641269841269841
0.9114285714285715
0.8015873015873016
0.8450793650793651
0.8273015873015873
0.8555555555555555
0.9057142857142857
0.8819047619047619
0.8193650793650794
0.939047619047619
0.8466666666666667
0.8228571428571428
0.8387301587301588
0.8133333333333334
0.8666666666666667
0.8955555555555555
0.8466666666666667
0.7533333333333333
0.8806349206349207
0.8025396825396826
0.8088888888888889
0.8885714285714286
0.8612698412698413
0.8501587301587301
0.7806349206349207
0.7526984126984126
0.8425396825396826
0.873968253968254
0.7441269841269841
0.8596825396825397
0.82
0.7917460317460318
0.74
0.8876190476190476
0.9060317460317461
0.9098412698412699
0.9282539682539682
0.8546031746031746
0.746984126984127
0.8368253968253968
0.6126984126984127
0.7577777777777778
0.8142857142857143
0.7974603174603174
0.8377777777777777
0.10984126984126984
0.9593650793650793
0.813015873015873
0.8879365079365079
0.933015873015873
0.7914285714285715
0.7698412698412699
0.7965079365079365
0.9587301587301588
0.7946031746031746
0.9746031746031746
0.8815873015873016
0.7241269841269842
0.5561904761904762
0.8463492063492063
0.8892063492063492
0.7847619047619048
0.9450793650793651
0.9295238095238095
0.7107936507936508
0.9215873015873016
0.8726984126984128
0.9676190476190476
0.8879365079365079
0.8234920634920635
0.8815873015873016
0.8936507936507937
0.7536507936507937
0.7590476190476191
0.8815873015873016
0.8914285714285715
0.8263492063492064
0.9314285714285714
0.8311111111111111
0.6625396825396825
0.7958730158730158
0.819047619047619
0.8885714285714286
0.7552380952380953
0.7653968253968254
0.6850793650793651
0.8034920634920635
0.7453968253968254
0.7355555555555555
0.5688888888888889
0.8361904761904762
0.8546031746031746
0.8396825396825397
0.8495238095238096
0.9015873015873016
0.9025396825396825
0.806031746031746
0.8326984126984127
0.7844444444444445
0.9593650793650793
0.8066666666666666
0.8282539682539682
0.9244444444444444
0.8241269841269842
0.8980952380952381
0.834920634920635
0.7339682539682539
0.8326984126984127
0.9574603174603175
0.8857142857142857
0.753968253968254
0.8066666666666666
0.88
0.9501587301587302
0.8895238095238095
0.8517460317460317
0.973015873015873
0.8342857142857143
0.7958730158730158
0.8533333333333334
0.9447619047619048
0.7663492063492063
0.9171428571428571
0.840952380952381
0.8219047619047619
0.8536507936507937
0.8634920634920635
0.8565079365079366
0.7876190476190477
0.8688888888888889
0.939047619047619
0.8152380952380952
0.846031746031746
0.8222222222222222
0.7057142857142857
0.8028571428571428
0.8765079365079365
0.7028571428571428
0.9114285714285715
0.7053968253968254
0.8552380952380952
0.7714285714285715
0.8473015873015873
0.7996825396825397
0.8368253968253968
0.8171428571428572
0.8673015873015874
0.9552380952380952
0.7473015873015874
0.8238095238095238
0.8888888888888888
0.8288888888888889
0.7396825396825397
0.7542857142857143
0.7565079365079365
0.9180952380952381
0.8860317460317461
0.7606349206349207
0.939047619047619
0.9393650793650794
0.8704761904761905
0.9431746031746032
0.765079365079365
0.819047619047619
0.8511111111111112
0.9085714285714286
0.8263492063492064
0.9104761904761904
0.9349206349206349
0.7774603174603174
0.9155555555555556
0.7977777777777778
0.833015873015873
0.7980952380952381
0.7253968253968254
0.8225396825396826
0.7660317460317461
0.7701587301587302
0.7044444444444444
0.8447619047619047
0.820952380952381
0.7895238095238095
0.7047619047619048
0.8158730158730159
0.8177777777777778
0.7603174603174603
0.9146031746031746
0.8285714285714286
0.8053968253968254
0.7117460317460318
0.7825396825396825
0.8098412698412698
0.9088888888888889
0.7996825396825397
0.8749206349206349
0.7431746031746032
0.8492063492063492
0.8019047619047619
0.7698412698412699
0.9114285714285715
0.7755555555555556
0.8558730158730159
0.9171428571428571
0.8501587301587301
0.7514285714285714
0.8441269841269842
0.9711111111111111
0.6114285714285714
0.84
0.9361904761904762
0.7622222222222222
0.8314285714285714
0.76
0.9222222222222223
0.8095238095238095
0.9085714285714286
0.9031746031746032
0.9285714285714286
0.7885714285714286
0.8790476190476191
0.8692063492063492
0.9177777777777778
0.9215873015873016
0.7174603174603175
0.920952380952381
0.8917460317460317
0.9641269841269842
0.7346031746031746
0.86
0.7822222222222223
0.9177777777777778
0.8536507936507937
0.8561904761904762
0.8996825396825396
0.7634920634920634
0.8638095238095238
0.8368253968253968
0.6641269841269841
0.8552380952380952
0.812063492063492
0.5301587301587302
0.9073015873015873
0.8031746031746032
0.9215873015873016
0.7657142857142857
0.8161904761904762
0.8155555555555556
0.8606349206349206
0.7603174603174603
0.920952380952381
0.853015873015873
0.8977777777777778
0.7368253968253968
0.9368253968253968
0.7898412698412698
0.8911111111111111
0.9031746031746032
0.9222222222222223
0.7444444444444445
0.7987301587301587
0.9501587301587302
0.9526984126984127
0.8387301587301588
0.9057142857142857
0.7707936507936508
0.7006349206349206
0.8358730158730159
0.6104761904761905
0.8898412698412699
0.933015873015873
0.919047619047619
0.8707936507936508
0.9711111111111111
0.905079365079365
0.8698412698412699
0.8819047619047619
0.7787301587301587
0.8857142857142857
0.687936507936508
0.9136507936507936
0.7895238095238095
0.6717460317460318
0.9041269841269841
0.8406349206349206
0.8790476190476191
0.953015873015873
0.686984126984127
0.7771428571428571
0.8736507936507937
0.8942857142857142
0.9253968253968254
0.7717460317460317
0.6136507936507937
0.773015873015873
0.793968253968254
0.8415873015873016
0.8736507936507937
0.8222222222222222
0.7761904761904762
0.8406349206349206
0.5666666666666667
0.6111111111111112
0.706031746031746
0.8946031746031746
0.7653968253968254
0.8253968253968254
0.8698412698412699
0.8552380952380952
0.7222222222222222
0.9292063492063493
0.8977777777777778
0.8114285714285714
0.8917460317460317
0.8292063492063492
0.8692063492063492
0.8028571428571428
0.8342857142857143
0.8631746031746032
0.886984126984127
0.7368253968253968
0.8295238095238096
0.9123809523809524
0.9012698412698412
0.8034920634920635
0.7946031746031746
0.8085714285714286
0.8050793650793651
0.9126984126984127
0.7374603174603175
0.8657142857142858
0.8682539682539683
0.9301587301587302
0.9365079365079365
0.7479365079365079
0.8526984126984127
0.5996825396825397
0.8457142857142858
0.653015873015873
0.7961904761904762
0.7380952380952381
0.8904761904761904
0.7685714285714286
0.9365079365079365
0.8723809523809524
0.9184126984126985
0.9228571428571428
0.8955555555555555
0.6933333333333334
0.9158730158730158
0.906984126984127
0.6231746031746032
0.9215873015873016
0.8961904761904762
0.8234920634920635
0.8926984126984127
0.8387301587301588
0.8577777777777778
0.9444444444444444
0.8304761904761905
0.7761904761904762
0.9342857142857143
0.9031746031746032
0.88
0.9282539682539682
0.8892063492063492
0.6371428571428571
0.8244444444444444
0.8834920634920634
0.8463492063492063
0.8933333333333333
0.8095238095238095
0.68
0.8473015873015873
0.9019047619047619
0.9034920634920635
0.7584126984126984
0.9092063492063492
0.8568253968253968
0.8463492063492063
0.8076190476190476
0.8203174603174603
0.947936507936508
0.6149206349206349
0.9047619047619048
0.8536507936507937
0.8098412698412698
0.9453968253968253
0.7828571428571428
0.8177777777777778
0.7565079365079365
0.7495238095238095
0.8901587301587301
0.7336507936507937
0.9288888888888889
0.7831746031746032
0.8196825396825397
0.7930158730158731
0.8346031746031746
0.9488888888888889
0.933015873015873
0.7384126984126984
0.773015873015873
0.8428571428571429
0.8498412698412698
0.7993650793650794
0.7726984126984127
0.9371428571428572
0.8653968253968254
0.8765079365079365
0.8492063492063492
0.7847619047619048
0.8726984126984128
0.9336507936507936
0.7295238095238096
0.7625396825396825
0.8238095238095238
0.7926984126984127
0.758095238095238
0.7980952380952381
0.8638095238095238
0.7968253968253968
0.8215873015873015
0.9349206349206349
0.7888888888888889
0.6707936507936508
0.8380952380952381
0.8107936507936508
0.7771428571428571
0.8463492063492063
0.8431746031746031
0.587936507936508
0.8876190476190476
0.7777777777777778
0.7977777777777778
0.7466666666666667
0.9019047619047619
0.9079365079365079
0.8225396825396826
0.7828571428571428
0.7482539682539683
0.9266666666666666
0.812063492063492
0.9015873015873016
0.9063492063492063
0.8511111111111112
0.7926984126984127
0.9073015873015873
0.8793650793650793
0.7285714285714285
0.9193650793650794
0.7714285714285715
0.7765079365079365
0.7526984126984126
0.7406349206349206
0.8361904761904762
0.8412698412698413
0.9146031746031746
0.9098412698412699
0.6634920634920635
0.7803174603174603
0.8473015873015873
0.8612698412698413
0.8380952380952381
0.8247619047619048
0.9596825396825397
0.9292063492063493
0.8784126984126984
0.7326984126984127
0.9019047619047619
0.6707936507936508
0.8374603174603175
0.8263492063492064
0.78
0.9022222222222223
0.9253968253968254
0.86
0.8657142857142858
0.8022222222222222
0.8215873015873015
0.6507936507936508
0.9307936507936508
0.846031746031746
0.8882539682539683
0.8825396825396825
0.793968253968254
0.5663492063492064
0.30063492063492064
0.8241269841269842
0.8638095238095238
0.8580952380952381
0.9501587301587302
0.5536507936507936
0.8098412698412698
0.785079365079365
0.7771428571428571
0.9212698412698412
0.8907936507936508
0.8990476190476191
0.926031746031746
0.7803174603174603
0.9238095238095239
0.9514285714285714
0.9387301587301587
0.9228571428571428
0.8796825396825397
0.686031746031746
0.7714285714285715
0.9323809523809524
0.7682539682539683
0.8126984126984127
0.8412698412698413
0.7577777777777778
0.827936507936508
0.7965079365079365
0.6603174603174603
0.7501587301587301
0.9006349206349207
0.8555555555555555
0.886984126984127
0.7628571428571429
0.8184126984126984
0.793968253968254
0.7193650793650793
0.5333333333333333
0.6403174603174603
0.7431746031746032
0.7901587301587302
0.8726984126984128
0.6625396825396825
0.813015873015873
0.7622222222222222
0.5907936507936508
0.9685714285714285
0.8053968253968254
0.8844444444444445
0.8746031746031746
0.8749206349206349
0.7746031746031746
0.8057142857142857
0.8320634920634921
0.8523809523809524
0.8387301587301588
0.7285714285714285
0.7082539682539682
0.813968253968254
0.7914285714285715
0.8206349206349206
0.7431746031746032
0.39746031746031746
0.54
0.773015873015873
0.6853968253968254
0.8107936507936508
0.8936507936507937
0.7066666666666667
0.7323809523809524
0.8419047619047619
0.8149206349206349
0.8933333333333333
0.7819047619047619
0.9028571428571428
0.9476190476190476
0.7723809523809524
0.7965079365079365
0.8685714285714285
0.9063492063492063
0.8777777777777778
0.953015873015873
0.78
0.7841269841269841
0.7365079365079366
0.9073015873015873
0.9809523809523809
0.8336507936507936
0.9352380952380952
0.9276190476190476
0.9174603174603174
0.8838095238095238
0.746031746031746
0.7949206349206349
0.8790476190476191
0.7415873015873016
0.9168253968253969
0.8771428571428571
0.8758730158730159
0.847936507936508
0.913968253968254
0.9038095238095238
0.9450793650793651
0.8336507936507936
0.7536507936507937
0.7733333333333333
0.8885714285714286
0.8942857142857142
0.8923809523809524
0.8507936507936508
0.8301587301587302
0.905079365079365
0.7320634920634921
0.839047619047619
0.9257142857142857
0.8707936507936508
0.9374603174603174
0.7346031746031746
0.8498412698412698
0.8926984126984127
0.8688888888888889
0.7428571428571429
0.7276190476190476
0.8095238095238095
0.9187301587301587
0.7006349206349206
0.8244444444444444
0.8606349206349206
0.7133333333333334
0.8171428571428572
0.9628571428571429
0.6768253968253968
0.7907936507936508
0.7901587301587302
0.8419047619047619
0.8028571428571428
0.7390476190476191
0.8311111111111111
0.9711111111111111
0.7904761904761904
0.7638095238095238
0.8165079365079365
0.8787301587301587
0.8044444444444444
0.7949206349206349
0.8641269841269841
0.9012698412698412
0.8917460317460317
0.8606349206349206
0.8323809523809523
0.7933333333333333
0.8269841269841269
0.8539682539682539
0.8514285714285714
0.8355555555555556
0.7641269841269841
0.8482539682539683
0.9333333333333333
0.9101587301587302
0.9342857142857143
0.7758730158730158
0.6777777777777778
0.9063492063492063
0.7025396825396826
0.9311111111111111
0.8974603174603175
0.6676190476190477
0.8571428571428571
0.8720634920634921
0.953015873015873
0.7895238095238095
0.7701587301587302
0.8726984126984128
0.7971428571428572
0.8158730158730159
0.9498412698412698
0.800952380952381
0.8146031746031746
0.7346031746031746
0.7692063492063492
0.9228571428571428
0.886984126984127
0.973015873015873
0.8952380952380953
0.7641269841269841
0.6231746031746032
0.800952380952381
0.7161904761904762
0.8920634920634921
0.8765079365079365
0.8803174603174603
0.8609523809523809
0.0031746031746031746
0.9361904761904762
0.8206349206349206
0.8231746031746032
0.8771428571428571
0.9257142857142857
0.7063492063492064
0.6847619047619048
0.8723809523809524
0.7549206349206349
0.8285714285714286
0.8850793650793651
0.9561904761904761
0.9047619047619048
0.94
0.7482539682539683
0.660952380952381
0.9082539682539682
0.9444444444444444
0.8295238095238096
0.8196825396825397
0.8257142857142857
0.9650793650793651
0.6326984126984126
0.9047619047619048
0.7568253968253968
0.806984126984127
0.8996825396825396
0.8517460317460317
0.6774603174603174
0.7422222222222222
0.8371428571428572
0.8142857142857143
0.9307936507936508
0.88
0.8425396825396826
0.7326984126984127
0.6901587301587302
0.8012698412698412
0.7822222222222223
0.8746031746031746
0.6003174603174604
0.8015873015873016
0.6961904761904761
0.7587301587301587
0.799047619047619
0.8501587301587301
0.6806349206349206
0.8622222222222222
0.799047619047619
0.8961904761904762
0.7771428571428571
0.8723809523809524
0.9111111111111111
0.7117460317460318
0.8942857142857142
0.7946031746031746
0.8092063492063492
0.6542857142857142
0.7622222222222222
0.6171428571428571
0.8777777777777778
0.8123809523809524
0.8984126984126984
0.9266666666666666
0.9333333333333333
0.9047619047619048
0.8714285714285714
0.84
0.8123809523809524
0.8952380952380953
0.8577777777777778
0.840952380952381
0.826031746031746
0.7942857142857143
0.813015873015873
0.5904761904761905
0.8834920634920634
0.8428571428571429
0.8463492063492063
0.7761904761904762
0.913968253968254
0.9012698412698412
0.7603174603174603
0.7936507936507936
0.8212698412698413
0.7647619047619048
0.8873015873015873
0.6707936507936508
0.6196825396825397
0.8873015873015873
0.9352380952380952
0.9222222222222223
0.9184126984126985
0.9285714285714286
0.792063492063492
0.6098412698412699
0.7825396825396825
0.8406349206349206
0.9307936507936508
0.8253968253968254
0.7942857142857143
0.82
0.8774603174603175
0.8333333333333334
0.9565079365079365
0.758095238095238
0.693968253968254
0.9066666666666666
0.8012698412698412
0.6250793650793651
0.8406349206349206
0.6317460317460317
0.773968253968254
0.820952380952381
0.866984126984127
0.8085714285714286
0.9076190476190477
0.7326984126984127
0.6704761904761904
0.8641269841269841
0.9034920634920635
0.8977777777777778
0.7549206349206349
0.9174603174603174
0.8276190476190476
0.8555555555555555
0.8250793650793651
0.7882539682539682
0.8415873015873016
0.8111111111111111
0.893968253968254
0.8219047619047619
0.7314285714285714
0.9273015873015873
0.687936507936508
0.8301587301587302
0.9380952380952381
0.8647619047619047
0.6152380952380953
0.6326984126984126
0.6704761904761904
0.8425396825396826
0.8622222222222222
0.5098412698412699
0.7257142857142858
0.8168253968253968
0.8819047619047619
0.8419047619047619
0.9349206349206349
0.8301587301587302
0.7428571428571429
0.8012698412698412
0.8707936507936508
0.7923809523809524
0.9025396825396825
0.546031746031746
0.8955555555555555
0.773968253968254
0.8666666666666667
0.8365079365079365
0.9422222222222222
0.9273015873015873
0.9015873015873016
0.7819047619047619
0.6974603174603174
0.933015873015873
0.813968253968254
0.8123809523809524
0.8225396825396826
0.8485714285714285
0.9073015873015873
0.8034920634920635
0.7682539682539683
0.8958730158730158
0.7860317460317461
0.8920634920634921
0.8574603174603175
0.8415873015873016
0.9101587301587302
0.8019047619047619
0.8517460317460317
0.8955555555555555
0.8885714285714286
0.7926984126984127
0.7165079365079365
0.8647619047619047
0.8873015873015873
0.8923809523809524
0.9117460317460317
0.812063492063492
0.9177777777777778
0.6774603174603174
0.84
0.7892063492063492
0.7428571428571429
0.7774603174603174
0.8711111111111111
0.8673015873015874
0.7533333333333333
0.8463492063492063
0.9136507936507936
0.7888888888888889
0.9288888888888889
0.8879365079365079
0.7273015873015873
0.9593650793650793
0.8419047619047619
0.7726984126984127
0.7409523809523809
0.953015873015873
0.8257142857142857
0.8155555555555556
0.8333333333333334
0.626984126984127
0.786984126984127
0.7542857142857143
0.9047619047619048
0.7695238095238095
0.9326984126984127
0.8882539682539683
0.7473015873015874
0.8968253968253969
0.7526984126984126
0.8393650793650793
0.8453968253968254
0.7057142857142857
0.7596825396825397
0.6079365079365079
0.8142857142857143
0.8971428571428571
0.8603174603174604
0.8371428571428572
0.8666666666666667
0.833015873015873
0.7977777777777778
0.9253968253968254
0.9028571428571428
0.8063492063492064
0.853015873015873
0.807936507936508
0.7622222222222222
0.8031746031746032
0.8673015873015874
0.8911111111111111
0.7333333333333333
0.7790476190476191
0.7438095238095238
0.913968253968254
0.9187301587301587
0.8511111111111112
0.8888888888888888
0.8590476190476191
0.7352380952380952
0.806984126984127
0.9247619047619048
0.9771428571428571
0.8438095238095238
0.926031746031746
0.692063492063492
0.7866666666666666
0.9555555555555556
0.6596825396825396
0.8177777777777778
0.8812698412698413
0.8434920634920635
0.7663492063492063
0.8879365079365079
0.9165079365079365
0.7819047619047619
0.9476190476190476
0.7339682539682539
0.8917460317460317
0.8453968253968254
0.8809523809523809
0.7879365079365079
0.466984126984127
0.9511111111111111
0.8612698412698413
0.7044444444444444
0.699047619047619
0.7301587301587301
0.9266666666666666
0.812063492063492
0.9196825396825397
0.974920634920635
0.8907936507936508
0.8044444444444444
0.905079365079365
0.7771428571428571
0.8752380952380953
0.593015873015873
0.8901587301587301
0.8444444444444444
0.9253968253968254
0.8590476190476191
0.8958730158730158
0.9250793650793651
0.8504761904761905
0.7644444444444445
0.8996825396825396
0.9155555555555556
0.7517460317460317
0.8022222222222222
0.9514285714285714
0.981904761904762
0.7317460317460317
0.8965079365079365
0.9403174603174603
0.8057142857142857
0.7634920634920634
0.7895238095238095
0.8076190476190476
0.9726984126984127
0.8736507936507937
0.8396825396825397
0.946031746031746
0.9047619047619048
0.6688888888888889
0.866031746031746
0.905079365079365
0.7095238095238096
0.8133333333333334
0.8958730158730158
0.8539682539682539
0.9019047619047619
0.8146031746031746
0.8771428571428571
0.9098412698412699
0.9412698412698413
0.8206349206349206
0.7819047619047619
0.8361904761904762
0.8803174603174603
0.8726984126984128
0.9079365079365079
0.9142857142857143
0.8111111111111111
0.7561904761904762
0.7787301587301587
0.9111111111111111
0.8974603174603175
0.9266666666666666
0.8841269841269841
0.8546031746031746
0.9619047619047619
0.6901587301587302
0.8701587301587301
0.5444444444444444
0.6063492063492063
0.9371428571428572
0.9314285714285714
0.9257142857142857
0.8907936507936508
0.8066666666666666
0.9358730158730159
0.9863492063492063
0.9136507936507936
0.9355555555555556
0.8666666666666667
0.8841269841269841
0.9114285714285715
0.8857142857142857
0.9441269841269841
0.8123809523809524
0.8625396825396825
0.7615873015873016
0.8733333333333333
0.8517460317460317
0.9384126984126984
0.8050793650793651
0.8117460317460318
0.8580952380952381
0.8952380952380953
0.847936507936508
0.9476190476190476
0.8304761904761905
0.8860317460317461
0.8266666666666667
0.8365079365079365
0.7561904761904762
0.8184126984126984
0.9631746031746031
0.8193650793650794
0.8965079365079365
0.7314285714285714
0.786984126984127
0.4695238095238095
0.8136507936507936
0.6431746031746032
0.9466666666666667
0.8711111111111111
0.9076190476190477
0.7698412698412699
0.8955555555555555
0.9231746031746032
0.8565079365079366
0.9622222222222222
0.866984126984127
0.8180952380952381
0.8720634920634921
0.8860317460317461
0.8714285714285714
0.8711111111111111
0.893015873015873
0.8171428571428572
0.8526984126984127
0.7317460317460317
0.8860317460317461
0.7717460317460317
0.9282539682539682
0.7606349206349207
0.8126984126984127
0.8638095238095238
0.8495238095238096
0.8787301587301587
0.8282539682539682
0.7222222222222222
0.9060317460317461
0.8288888888888889
0.7238095238095238
0.7380952380952381
0.7647619047619048
0.8742857142857143
0.8165079365079365
0.785079365079365
0.8323809523809523
0.8365079365079365
0.8815873015873016
0.7561904761904762
0.8701587301587301
0.9241269841269841
0.8174603174603174
0.8634920634920635
0.8152380952380952
0.886984126984127
0.8028571428571428
0.9622222222222222
0.7698412698412699
0.8371428571428572
0.8158730158730159
0.7765079365079365
0.9358730158730159
0.7517460317460317
0.9104761904761904
0.6996825396825397
0.8701587301587301
0.7968253968253968
0.7307936507936508
0.8317460317460318
0.5393650793650794
0.8612698412698413
0.7019047619047619
0.8885714285714286
0.7701587301587302
0.8980952380952381
0.9088888888888889
0.8406349206349206
0.793968253968254
0.7314285714285714
0.8676190476190476
0.8885714285714286
0.7755555555555556
0.8790476190476191
0.8857142857142857
0.8368253968253968
0.6673015873015873
0.7339682539682539
0.9031746031746032
0.7679365079365079
0.8685714285714285
0.7593650793650794
0.9396825396825397
0.8292063492063492
0.8895238095238095
0.82
0.84
0.8860317460317461
0.7917460317460318
0.8936507936507937
0.7044444444444444
0.7257142857142858
0.5482539682539682
0.8723809523809524
0.7698412698412699
0.7863492063492064
0.7492063492063492
0.8501587301587301
0.8412698412698413
0.8422222222222222
0.9212698412698412
0.8933333333333333
0.8793650793650793
0.8114285714285714
0.9244444444444444
0.8888888888888888
0.905079365079365
0.7980952380952381
0.5549206349206349
0.7120634920634921
0.7907936507936508
0.8774603174603175
0.8212698412698413
0.8247619047619048
0.9174603174603174
0.8523809523809524
0.7377777777777778
0.8111111111111111
0.8987301587301587
0.8450793650793651
0.9393650793650794
0.6434920634920634
0.8377777777777777
0.6193650793650793
0.8
0.8057142857142857
0.7536507936507937
0.7679365079365079
0.9041269841269841
0.7895238095238095
0.9117460317460317
0.8123809523809524
0.9501587301587302
0.893968253968254
0.8057142857142857
0.6984126984126984
0.6311111111111111
0.8031746031746032
0.7307936507936508
0.8615873015873016
0.8266666666666667
0.8406349206349206
0.8323809523809523
0.84
0.7723809523809524
0.7780952380952381
0.866984126984127
0.8025396825396826
0.7355555555555555
0.7368253968253968
0.88
0.8520634920634921
0.8003174603174603
0.9034920634920635
0.8123809523809524
0.785079365079365
0.9130158730158731
0.8542857142857143
0.8146031746031746
0.7158730158730159
0.9631746031746031
0.8526984126984127
0.7777777777777778
0.7958730158730158
0.8463492063492063
0.8895238095238095
0.8596825396825397
0.9019047619047619
0.9041269841269841
0.86
0.9031746031746032
0.833015873015873
0.9619047619047619
0.6146031746031746
0.8066666666666666
0.8228571428571428
0.8946031746031746
0.7234920634920635
0.9384126984126984
0.8615873015873016
0.9568253968253968
0.8863492063492063
0.7561904761904762
0.9447619047619048
0.7723809523809524
0.6679365079365079
0.8269841269841269
0.7771428571428571
0.7876190476190477
0.9130158730158731
0.827936507936508
0.8422222222222222
0.7761904761904762
0.7901587301587302
0.6425396825396825
0.8492063492063492
0.9380952380952381
0.9346031746031747
0.8850793650793651
0.84
0.8307936507936508
0.9742857142857143
0.580952380952381
0.7844444444444445
0.7984126984126985
0.9517460317460318
0.7774603174603174
0.8314285714285714
0.8174603174603174
0.741904761904762
0.6384126984126984
0.8003174603174603
0.9580952380952381
0.8987301587301587
0.9152380952380952
0.8996825396825396
0.8622222222222222
0.8085714285714286
0.8517460317460317
0.6022222222222222
0.7307936507936508
0.8977777777777778
0.9136507936507936
0.758095238095238
0.7622222222222222
0.8580952380952381
0.9377777777777778
0.9177777777777778
0.9568253968253968
0.9177777777777778
0.7958730158730158
0.8577777777777778
0.9457142857142857
0.9184126984126985
0.8085714285714286
0.9187301587301587
0.7819047619047619
0.8714285714285714
0.8571428571428571
0.8546031746031746
0.7993650793650794
0.6847619047619048
0.878095238095238
0.8269841269841269
0.8165079365079365
0.8812698412698413
0.9111111111111111
0.7841269841269841
0.6542857142857142
0.9346031746031747
0.8666666666666667
0.567936507936508
0.8790476190476191
0.8276190476190476
0.8644444444444445
0.7844444444444445
0.9473015873015873
0.9133333333333333
0.8726984126984128
0.8952380952380953
0.8387301587301588
0.8422222222222222
0.8733333333333333
0.8355555555555556
0.8701587301587301
0.7482539682539683
0.7438095238095238
0.8707936507936508
0.5034920634920635
0.7987301587301587
0.8250793650793651
0.8247619047619048
0.8155555555555556
0.7936507936507936
0.7853968253968254
0.6476190476190476
0.7619047619047619
0.9025396825396825
0.8146031746031746
0.7888888888888889
0.8707936507936508
0.9244444444444444
0.8228571428571428
0.6660317460317461
0.773015873015873
0.8571428571428571
0.7866666666666666
0.9212698412698412
0.8803174603174603
0.6866666666666666
0.873968253968254
0.9419047619047619
0.7396825396825397
0.8904761904761904
0.693968253968254
0.8831746031746032
0.9060317460317461
0.7428571428571429
0.7787301587301587
0.846031746031746
0.785079365079365
0.9215873015873016
0.8050793650793651
0.9809523809523809
0.8311111111111111
0.9168253968253969
0.9092063492063492
0.8736507936507937
0.8812698412698413
