0.865499008592201
0.9180436219431592
0.8853271645736946
0.8212161269001983
0.8919365499008592
0.8466622604097819
0.8446794448116325
0.9094514210178454
0.9553866490416392
0.9315928618638467
0.807666886979511
0.891606080634501
0.8955717118307998
0.8777263714474554
0.9395241242564442
0.8820224719101124
0.6787838730998017
0.8512888301387971
0.8780568407138136
0.7157964309319234
0.8278255122273629
0.900198281559815
0.9471249173826835
0.8440185062789161
0.9325842696629213
0.8327825512227363
0.8717779246530073
0.8304692663582287
0.3152676801057502
0.8995373430270985
0.8972240581625909
0.8859881031064111
0.9282881692002644
0.7395902181097158
0.9124256444150693
0.7994051553205552
0.8486450760079313
0.9573694646397884
0.9041639127561136
0.8539325842696629
0.8350958360872439
0.8532716457369465
0.849636483807006
0.8466622604097819
0.7937871777924653
0.8529411764705882
0.907468605419696
0.8919365499008592
0.937871777924653
0.8549239920687376
0.778916060806345
0.8258426966292135
0.8919365499008592
0.8899537343027099
0.9299405155320555
0.9289491077329808
0.9015201586252478
0.7855254461335096
0.8397224058162591
0.8466622604097819
0.9077990746860541
0.9223397224058163
0.8027098479841375
0.8228684732319894
0.2756113681427627
0.8053536021150033
0.9613350958360872
0.9058162590879049
0.8876404494382022
0.9623265036351619
0.8608724388631858
0.8512888301387971
0.9388631857237277
0.9339061467283543
0.8697951090548579
0.9008592200925314
0.8446794448116325
0.2937871777924653
0.9428288169200264
0.8840052875082617
0.6986120290812955
0.9385327164573695
0.8334434897554528
0.8426966292134831
0.8767349636483807
0.9071381361533377
0.9497686715135493
0.8886318572372769
0.9087904824851288
0.8426966292134831
0.9431592861863847
0.8602115003304692
0.8955717118307998
0.8691341705221415
0.7617316589557172
0.8417052214144085
0.8413747521480502
0.7623925974884336
0.838070059484468
0.7865168539325843
0.7756113681427628
0.8000660938532717
0.8086582947785856
0.8648380700594844
0.9104428288169201
0.7316589557171183
0.8572372769332453
0.9596827495042961
0.8575677461996034
0.8942498347653668
0.8387309980171844
0.9249834765366821
0.8869795109054858
0.9253139458030403
0.8618638466622605
0.958030403172505
0.8853271645736946
0.8816920026437541
0.9441506939854594
0.813615333773959
0.8542630535360212
0.8942498347653668
0.8225380039656311
0.8377395902181097
0.7650363516192994
0.7845340383344349
0.8578982154659617
0.8360872438863186
0.6288830138797092
0.8942498347653668
0.8493060145406477
0.8975545274289491
0.7128222075346993
0.9586913417052214
0.8370786516853933
0.7376074025115664
0.8737607402511567
0.7647058823529411
0.981163251817581
0.8965631196298744
0.8588896232650364
0.9467944481163252
0.9160608063450099
0.8909451421017845
0.8711169861202908
0.8688037012557832
0.8717779246530073
0.8374091209517515
0.8830138797091871
0.9454725710508922
0.8198942498347653
0.9748843357567746
0.929279576999339
0.9077990746860541
0.8935888962326504
0.7918043621943159
0.7749504296100462
0.8450099140779908
0.8631857237276933
0.9015201586252478
0.8027098479841375
0.9025115664243225
0.8456708526107072
0.9666226040978189
0.8985459352280238
0.8417052214144085
0.8400528750826173
0.7561136814276272
0.8836748182419035
0.9365499008592201
0.728354263053536
0.9616655651024455
0.8892927957699934
0.9018506278916061
0.7934567085261071
0.9239920687376074
0.79477858559154
0.856906807666887
0.8202247191011236
0.8608724388631858
0.8155981493721084
0.8823529411764706
0.9365499008592201
0.8040317250495704
0.9325842696629213
0.7055518836748182
0.8460013218770654
0.9319233311302049
0.9035029742233972
0.8466622604097819
0.8142762723066754
0.6787838730998017
0.9418374091209517
0.9434897554527429
0.8370786516853933
0.8883013879709187
0.9193654990085922
0.907468605419696
0.8291473892927957
0.9180436219431592
0.771645736946464
0.8737607402511567
0.2868473231989425
0.8327825512227363
0.8849966953073364
0.862855254461335
0.9018506278916061
0.8403833443489755
0.7822207534699273
0.8522802379378718
0.8886318572372769
0.8493060145406477
0.9358889623265036
0.9325842696629213
0.926305353602115
0.9438202247191011
0.3777263714474554
0.8334434897554528
0.7521480502313285
0.85261070720423
0.9504296100462657
0.9666226040978189
0.3998678122934567
0.9084600132187707
0.9871116986120291
0.9187045604758758
0.8896232650363516
0.9015201586252478
0.9193654990085922
0.8773959021810972
0.9210178453403833
0.7822207534699273
0.8003965631196299
0.9514210178453404
0.8707865168539326
0.9395241242564442
0.7812293456708526
0.8542630535360212
0.7851949768671513
0.8783873099801719
0.8089887640449438
0.838070059484468
0.4137475214805023
0.8440185062789161
0.8849966953073364
0.8707865168539326
0.7524785194976867
0.8968935888962326
0.9844679444811633
0.8549239920687376
0.8423661599471249
0.8721083939193655
0.9514210178453404
0.770323859881031
0.9018506278916061
0.8532716457369465
0.8218770654329147
0.8113020489094515
0.872769332452082
0.8678122934567085
0.8542630535360212
0.8400528750826173
0.9035029742233972
0.8502974223397224
0.9424983476536682
0.9025115664243225
0.9560475875743556
0.949438202247191
0.8522802379378718
0.907468605419696
0.8198942498347653
0.8592200925313945
0.9491077329808327
0.7128222075346993
0.8258426966292135
0.9130865829477859
0.8899537343027099
0.9352280237937872
0.8797091870456047
0.692333113020489
0.8440185062789161
0.44646397884996697
0.7736285525446134
0.8826834104428288
0.8770654329147389
0.8631857237276933
0.7614011896893589
0.8258426966292135
0.814937210839392
0.760079312623926
0.8502974223397224
0.9448116325181758
0.9216787838730998
0.8886318572372769
0.9395241242564442
0.8767349636483807
0.9395241242564442
0.8354263053536021
0.922009253139458
0.9382022471910112
0.9672835426305354
0.9028420356906808
0.9682749504296101
0.8783873099801719
0.8073364177131527
0.8959021810971579
0.8612029081295439
0.37409120951751484
0.8836748182419035
0.8413747521480502
0.8212161269001983
0.9048248512888302
0.8740912095175148
0.2848645076007931
0.9130865829477859
0.7914738929279577
0.8027098479841375
0.8374091209517515
0.913417052214144
0.9382022471910112
0.9230006609385327
0.8443489755452743
0.7762723066754792
0.8218770654329147
0.8863185723727693
0.8668208856576338
0.39127561136814276
0.8664904163912757
0.8724388631857237
0.9193654990085922
0.9781890284203569
0.8813615333773959
0.7865168539325843
0.8998678122934567
0.8760740251156642
0.6877065432914738
0.8466622604097819
0.8423661599471249
0.9018506278916061
0.7941176470588235
0.9514210178453404
0.8522802379378718
0.9712491738268341
0.9180436219431592
0.9659616655651024
0.8413747521480502
0.8737607402511567
0.8760740251156642
0.9821546596166556
0.9385327164573695
0.9266358228684732
0.787508261731659
0.8426966292134831
0.926305353602115
0.8777263714474554
0.7359550561797753
0.9054857898215466
0.802048909451421
0.8658294778585591
0.7032385988103106
0.8360872438863186
0.7313284864507601
0.8522802379378718
0.7617316589557172
0.7766027759418375
0.8489755452742895
0.8902842035690681
0.666226040978189
0.8384005287508262
0.9715796430931923
0.9153998678122934
0.9765366820885658
0.7541308658294779
0.9081295439524124
0.7974223397224058
0.8423661599471249
0.934897554527429
0.8536021150033047
0.9018506278916061
0.7987442167878387
0.7409120951751487
0.8707865168539326
0.9464639788499669
0.9091209517514871
0.8284864507600793
0.8103106411103768
0.8707865168539326
0.926305353602115
0.8360872438863186
0.8773959021810972
0.8225380039656311
0.7101784534038335
0.9137475214805023
0.8645076007931263
0.8202247191011236
0.828155981493721
0.934897554527429
0.9114342366159948
0.9322538003965631
0.9097818902842035
0.8268341044282882
0.9180436219431592
0.856906807666887
0.8972240581625909
0.8724388631857237
0.8334434897554528
0.9018506278916061
0.828155981493721
0.8876404494382022
0.7951090548578982
0.8502974223397224
0.8469927296761401
0.6192994051553206
0.8403833443489755
0.8935888962326504
0.845340383344349
0.8955717118307998
0.8939193654990086
0.8433575677461996
0.7871777924653007
0.7395902181097158
0.8833443489755453
0.7779246530072703
0.8648380700594844
0.8922670191672174
0.9322538003965631
0.787508261731659
0.9398545935228024
0.8251817580964971
0.9111037673496365
0.9097818902842035
0.8463317911434236
0.8793787177792465
0.872769332452082
0.9018506278916061
0.9256444150693985
0.9213483146067416
0.8602115003304692
0.8519497686715135
0.806345009914078
0.9183740912095175
0.8469927296761401
0.8671513549239921
0.9011896893588897
0.8347653668208856
0.8688037012557832
0.937871777924653
0.8925974884335757
0.9415069398545935
0.8810310641110377
0.9236615994712492
0.8298083278255123
0.8853271645736946
0.786186384666226
0.8192333113020489
0.7511566424322538
0.9282881692002644
0.8740912095175148
0.887309980171844
0.8922670191672174
0.8271645736946464
0.8159286186384667
0.8450099140779908
0.8982154659616656
0.9309319233311302
0.8925974884335757
0.8331130204890945
0.7918043621943159
0.25049570389953735
0.8919365499008592
0.9223397224058163
0.9362194315928619
0.8486450760079313
0.8651685393258427
0.8476536682088566
0.8426966292134831
0.7617316589557172
0.9044943820224719
0.85261070720423
0.8939193654990086
0.8251817580964971
0.9530733641771315
0.8274950429610046
0.9276272306675479
0.9339061467283543
0.8717779246530073
0.9008592200925314
0.8139458030403173
0.7620621282220753
0.9256444150693985
0.787508261731659
0.8760740251156642
0.9530733641771315
0.9206873760740251
0.907468605419696
0.8962326503635162
0.9058162590879049
0.7455386649041639
0.933575677461996
0.9296100462656973
0.8341044282881692
0.7894910773298083
0.9563780568407139
0.9117647058823529
0.7339722405816259
0.8056840713813616
0.9064771976206213
0.8707865168539326
0.8446794448116325
0.716787838730998
0.8241903502974224
0.9342366159947125
0.7828816920026438
0.3195637805684071
0.8704560475875743
0.8697951090548579
0.9038334434897555
0.8545935228023793
0.7214144084600133
0.9732319894249835
0.9028420356906808
0.8152676801057501
0.8942498347653668
0.8740912095175148
0.771645736946464
0.8959021810971579
0.7508261731658956
0.8023793787177792
0.9137475214805023
0.9418374091209517
0.8532716457369465
0.862855254461335
0.786186384666226
0.767349636483807
0.8909451421017845
0.011566424322538004
0.8595505617977528
0.8797091870456047
0.797752808988764
0.8876404494382022
0.9107732980832782
0.8780568407138136
0.8833443489755453
0.8734302709847984
0.8959021810971579
0.9253139458030403
0.8314606741573034
0.9682749504296101
0.7941176470588235
0.8942498347653668
0.88433575677462
0.9428288169200264
0.8258426966292135
0.7111698612029081
0.9286186384666226
0.9451421017845341
0.8773959021810972
0.8925974884335757
0.8592200925313945
0.7987442167878387
0.8393919365499009
0.8473231989424983
0.7554527428949108
0.845340383344349
0.7845340383344349
0.9269662921348315
0.8509583608724388
0.7723066754791804
0.9249834765366821
0.9401850627891606
0.9028420356906808
0.8578982154659617
0.3096497025776603
0.933575677461996
0.6708526107072043
0.7782551222736286
0.8678122934567085
0.9018506278916061
0.8238598810310641
0.8522802379378718
0.7911434236615995
0.8982154659616656
0.8635161929940516
0.713813615333774
0.9038334434897555
0.8681427627230668
0.8516192994051553
0.8992068737607403
0.8807005948446794
0.8701255783212162
0.8317911434236616
0.9091209517514871
0.8949107732980833
0.9560475875743556
0.8261731658955717
0.9603436880370125
0.9451421017845341
0.8509583608724388
0.8724388631857237
0.8304692663582287
0.9041639127561136
0.8972240581625909
0.8268341044282882
0.8347653668208856
0.8344348975545274
0.7633840052875083
0.9008592200925314
0.8621943159286186
0.848314606741573
0.7445472571050892
0.8549239920687376
0.836748182419035
0.8509583608724388
0.8846662260409782
0.8770654329147389
0.9487772637144746
0.9282881692002644
0.8040317250495704
0.7062128222075347
0.9216787838730998
0.7098479841374752
0.9289491077329808
0.9401850627891606
0.7795769993390614
0.9259748843357568
0.8245208195637805
0.8899537343027099
0.813615333773959
0.864177131526768
0.8565763384005287
0.7567746199603437
0.9094514210178454
0.9206873760740251
0.8486450760079313
0.9461335095836088
0.8132848645076008
0.9434897554527429
0.3175809649702578
0.8866490416391276
0.8152676801057501
0.8942498347653668
0.8172504957038995
0.9101123595505618
0.8783873099801719
0.9051553205551883
0.855584930601454
0.7656972901520158
0.8106411103767349
0.900198281559815
0.3717779246530073
0.9196959682749505
0.8945803040317251
0.8198942498347653
0.7792465300727033
0.841044282881692
0.8711169861202908
0.700925313945803
0.8612029081295439
0.8278255122273629
0.8598810310641111
0.9170522141440846
0.7970918704560476
0.8066754791804363
0.9170522141440846
0.9008592200925314
0.8043621943159286
0.8284864507600793
0.8919365499008592
0.9299405155320555
0.9239920687376074
0.8853271645736946
0.7957699933906147
0.8919365499008592
0.8760740251156642
0.9107732980832782
0.8179114342366159
0.9124256444150693
0.9114342366159948
0.864177131526768
0.8417052214144085
0.8668208856576338
0.6900198281559815
0.8165895571711831
0.9025115664243225
0.8502974223397224
0.913417052214144
0.9272967614011897
0.8050231328486451
0.9755452742894911
0.9444811632518176
0.9028420356906808
0.8545935228023793
0.8572372769332453
0.9329147389292796
0.7772637144745539
0.6986120290812955
0.7640449438202247
0.7081956378056841
0.8542630535360212
0.9058162590879049
0.9048248512888302
0.8079973562458691
0.7194315928618639
0.8621943159286186
0.9193654990085922
0.8896232650363516
0.771645736946464
0.7918043621943159
0.8050231328486451
0.6384666226040978
0.8450099140779908
0.9276272306675479
0.8182419035029742
0.9081295439524124
0.7088565763384005
0.9068076668869796
0.8578982154659617
0.8945803040317251
0.8360872438863186
0.838070059484468
0.9362194315928619
0.6748182419035029
0.8364177131526768
0.9299405155320555
0.8205551883674819
0.8912756113681428
0.85822868473232
0.807666886979511
0.8185723727693325
0.64177131526768
0.9722405816259088
0.7739590218109715
0.7799074686054197
0.8189028420356906
0.8717779246530073
0.8585591539986781
0.9243225380039656
0.8539325842696629
0.9077990746860541
0.9226701916721745
0.9282881692002644
0.9163912756113681
0.7851949768671513
0.8724388631857237
0.8536021150033047
0.8089887640449438
0.8922670191672174
0.9484467944481163
0.6804362194315928
0.875743555849306
0.900198281559815
0.8932584269662921
0.900198281559815
0.7944481163251818
0.9537343027098479
0.8291473892927957
0.9296100462656973
0.9203569068076669
0.7504957038995373
0.8522802379378718
0.9015201586252478
0.8816920026437541
0.9623265036351619
0.9094514210178454
0.845340383344349
0.9058162590879049
0.8694646397884996
0.8588896232650364
0.9352280237937872
0.7898215465961665
0.8288169200264376
0.8595505617977528
0.8912756113681428
0.8701255783212162
0.9593522802379378
0.8473231989424983
0.9540647719762062
0.937871777924653
0.6784534038334434
0.8919365499008592
0.8965631196298744
0.914738929279577
0.6916721744877726
0.8866490416391276
0.8317911434236616
0.760079312623926
0.787508261731659
0.8668208856576338
0.8364177131526768
0.6728354263053536
0.8050231328486451
0.8532716457369465
0.8896232650363516
0.865499008592201
0.7795769993390614
0.8912756113681428
0.9593522802379378
0.8631857237276933
0.8089887640449438
0.9124256444150693
0.3549239920687376
0.8681427627230668
0.8770654329147389
0.7452081956378057
0.8430270984798414
0.9444811632518176
0.9167217448777264
0.9299405155320555
0.8578982154659617
0.9084600132187707
0.6804362194315928
0.9117647058823529
0.8344348975545274
0.9054857898215466
0.8502974223397224
0.8711169861202908
0.9087904824851288
0.85822868473232
0.848314606741573
0.8324520819563781
0.8968935888962326
0.9557171183079973
0.8995373430270985
0.8598810310641111
0.9230006609385327
0.8750826173165895
0.6989424983476537
0.7247191011235955
0.9140779907468606
0.8912756113681428
0.923331130204891
0.833773959021811
0.1384666226040978
0.829477858559154
0.8992068737607403
0.7884996695307337
0.898876404494382
0.9068076668869796
0.780237937871778
0.8671513549239921
0.9662921348314607
0.9077990746860541
0.9547257105089226
0.8155981493721084
0.9415069398545935
0.8129543952412426
0.9015201586252478
0.9358889623265036
0.8598810310641111
0.8175809649702578
0.813615333773959
0.9127561136814276
0.8516192994051553
0.8949107732980833
0.8288169200264376
0.9035029742233972
0.7633840052875083
0.9005287508261731
0.797752808988764
0.88433575677462
0.8360872438863186
0.845340383344349
0.8648380700594844
0.7471910112359551
0.8397224058162591
0.8998678122934567
0.7921348314606742
0.8146067415730337
0.9454725710508922
0.7785855915399867
0.7713152676801057
0.8625247851949769
0.8083278255122274
0.8909451421017845
0.7683410442828817
0.8327825512227363
0.8565763384005287
0.9177131526768011
0.7666886979510905
0.8615333773959022
0.8995373430270985
0.9183740912095175
0.8962326503635162
0.3661599471249174
0.9094514210178454
0.9633179114342366
0.8033707865168539
0.7911434236615995
0.8879709187045605
0.9424983476536682
0.88433575677462
0.8175809649702578
0.9243225380039656
0.930601454064772
0.8922670191672174
0.7927957699933906
0.799074686054197
0.7217448777263714
0.807666886979511
0.8146067415730337
0.8892927957699934
0.8807005948446794
0.9375413086582948
0.8512888301387971
0.8896232650363516
0.856906807666887
0.8939193654990086
0.7914738929279577
0.8324520819563781
0.8536021150033047
0.8516192994051553
0.8674818241903502
0.9015201586252478
0.845340383344349
0.7319894249834765
0.9570389953734303
0.8826834104428288
0.8578982154659617
0.8912756113681428
0.9329147389292796
0.8116325181758096
0.8985459352280238
0.7554527428949108
0.8605419695968275
0.8241903502974224
0.8331130204890945
0.8192333113020489
0.9183740912095175
0.8393919365499009
0.9005287508261731
0.8648380700594844
0.806345009914078
0.887309980171844
0.7458691341705221
0.8261731658955717
0.8896232650363516
0.8668208856576338
0.8836748182419035
0.8982154659616656
0.8797091870456047
0.8202247191011236
0.8701255783212162
0.2623925974884336
0.7967614011896894
0.8519497686715135
0.8780568407138136
0.8595505617977528
0.802048909451421
0.872769332452082
0.9137475214805023
0.6368142762723067
0.922009253139458
0.8982154659616656
0.8856576338400529
0.9540647719762062
0.848314606741573
0.9745538664904164
0.949438202247191
0.8499669530733642
0.9249834765366821
0.8664904163912757
0.8730998017184401
0.8231989424983477
0.9540647719762062
0.9418374091209517
0.9319233311302049
0.9087904824851288
0.9111037673496365
0.8559153998678123
0.7914738929279577
0.8003965631196299
0.9180436219431592
0.24917382683410444
0.8869795109054858
0.9385327164573695
0.9444811632518176
0.9005287508261731
0.8750826173165895
0.887309980171844
0.8595505617977528
0.914738929279577
0.8985459352280238
0.9177131526768011
0.930601454064772
0.907468605419696
0.9319233311302049
0.8886318572372769
0.8532716457369465
0.9692663582286847
0.8274950429610046
0.9477858559153999
0.7475214805023133
0.9091209517514871
0.7927957699933906
0.9153998678122934
0.7551222736285526
0.8106411103767349
0.9702577660277594
0.8443489755452743
0.914738929279577
0.8519497686715135
0.7650363516192994
0.8651685393258427
0.8777263714474554
0.806345009914078
0.864177131526768
0.8493060145406477
0.8717779246530073
0.864177131526768
0.8060145406477197
0.8711169861202908
0.8998678122934567
0.8734302709847984
0.8509583608724388
0.9153998678122934
0.7828816920026438
0.7382683410442828
0.8473231989424983
0.8998678122934567
0.802048909451421
0.9124256444150693
0.4054857898215466
0.9315928618638467
0.9339061467283543
0.9434897554527429
0.8876404494382022
0.8635161929940516
0.760079312623926
0.9375413086582948
0.7888301387970919
0.9345670852610707
0.9762062128222075
0.7723066754791804
0.8129543952412426
0.9193654990085922
0.8998678122934567
0.7653668208856577
0.9395241242564442
0.8202247191011236
0.8463317911434236
0.8017184401850628
0.958030403172505
0.8314606741573034
0.8846662260409782
0.8479841374752148
0.8152676801057501
0.8083278255122274
0.8397224058162591
0.8426966292134831
0.8833443489755453
0.7141440846001322
0.2617316589557171
0.887309980171844
0.9312623925974884
0.8192333113020489
0.8284864507600793
0.7719762062128223
0.7343027098479842
0.9068076668869796
0.9415069398545935
0.8403833443489755
0.9345670852610707
0.33575677461996034
0.8231989424983477
0.9163912756113681
0.6318572372769332
0.8803701255783212
0.8542630535360212
0.8198942498347653
0.8664904163912757
0.8565763384005287
0.856906807666887
0.7898215465961665
0.8962326503635162
0.8532716457369465
0.8056840713813616
0.523132848645076
0.8175809649702578
0.8919365499008592
0.9629874421678783
0.8195637805684072
0.9044943820224719
0.906146728354263
0.7531394580304032
0.8516192994051553
0.9325842696629213
0.9114342366159948
0.9434897554527429
0.8086582947785856
0.9573694646397884
0.9775280898876404
0.9484467944481163
0.7171183079973562
0.8327825512227363
0.8539325842696629
0.7851949768671513
0.9358889623265036
0.9438202247191011
0.8704560475875743
0.9011896893588897
0.838070059484468
0.8433575677461996
0.9428288169200264
0.8079973562458691
0.7894910773298083
0.9230006609385327
0.8826834104428288
0.34467944481163254
0.9428288169200264
0.8499669530733642
0.6890284203569068
0.9448116325181758
0.8770654329147389
0.9276272306675479
0.8083278255122274
0.8532716457369465
0.7924653007270324
0.8271645736946464
0.8251817580964971
0.8013879709187045
0.9444811632518176
0.8198942498347653
0.8407138136153338
0.7656972901520158
0.7676801057501652
0.3522802379378718
0.875743555849306
0.7723066754791804
0.9448116325181758
0.8473231989424983
0.8103106411103768
0.721083939193655
0.8132848645076008
0.7607402511566425
0.693654990085922
0.8304692663582287
0.7343027098479842
0.8856576338400529
0.7792465300727033
0.527428949107733
0.8942498347653668
0.9041639127561136
0.9035029742233972
0.8859881031064111
0.9018506278916061
0.8863185723727693
0.8849966953073364
0.9557171183079973
0.6906807666886979
0.8536021150033047
0.8248512888301388
0.8241903502974224
0.9282881692002644
0.8436880370125578
0.9821546596166556
0.8803701255783212
0.9686054196959683
0.8420356906807667
0.900198281559815
0.9286186384666226
0.9021810971579644
0.9342366159947125
0.9137475214805023
0.8830138797091871
0.9401850627891606
0.7987442167878387
0.963978849966953
0.930601454064772
0.9071381361533377
0.8909451421017845
0.8922670191672174
0.8899537343027099
0.9415069398545935
0.7871777924653007
0.8245208195637805
0.8780568407138136
0.9272967614011897
0.8595505617977528
0.8446794448116325
0.9051553205551883
0.8856576338400529
0.8935888962326504
0.755783212161269
0.8760740251156642
0.9454725710508922
0.8945803040317251
0.8307997356245869
0.8489755452742895
0.3711169861202908
0.9666226040978189
0.7908129543952412
0.8565763384005287
0.8889623265036352
0.9547257105089226
0.7455386649041639
0.8691341705221415
0.8456708526107072
0.7894910773298083
0.807666886979511
0.9487772637144746
0.780237937871778
0.8565763384005287
0.8585591539986781
0.8397224058162591
0.7818902842035691
0.9395241242564442
0.9464639788499669
0.9586913417052214
0.7762723066754792
0.7808988764044944
0.7878387309980172
0.8030403172504957
0.8922670191672174
0.8585591539986781
0.9035029742233972
0.8106411103767349
0.8241903502974224
0.8952412425644415
0.8113020489094515
0.8463317911434236
0.9471249173826835
0.9206873760740251
0.35062789160608065
0.8793787177792465
0.8899537343027099
0.8995373430270985
0.8972240581625909
0.9411764705882353
0.8456708526107072
0.930601454064772
0.9520819563780568
0.8899537343027099
0.8228684732319894
0.8083278255122274
0.8238598810310641
0.9259748843357568
0.9686054196959683
0.8833443489755453
0.8972240581625909
0.9011896893588897
0.9187045604758758
0.9795109054857898
0.9246530072703238
0.898876404494382
0.9543952412425645
0.9028420356906808
0.8347653668208856
0.9054857898215466
0.8393919365499009
0.9236615994712492
0.8651685393258427
0.9431592861863847
0.8384005287508262
0.8985459352280238
0.9187045604758758
0.8664904163912757
0.9190350297422339
0.7696629213483146
0.9216787838730998
0.969596827495043
0.9236615994712492
0.9286186384666226
0.8925974884335757
0.9163912756113681
0.87871777924653
0.8506278916060807
0.7779246530072703
0.9467944481163252
0.8473231989424983
0.9517514871116987
0.8159286186384667
0.9362194315928619
0.8912756113681428
0.8740912095175148
0.8238598810310641
0.9114342366159948
0.9183740912095175
0.9643093192333113
0.7799074686054197
0.855584930601454
0.8578982154659617
0.9223397224058163
0.9239920687376074
0.4871116986120291
0.9187045604758758
0.862855254461335
0.8968935888962326
0.9246530072703238
0.8929279576999339
0.8516192994051553
0.7524785194976867
0.907468605419696
0.7881692002643754
0.7461996034368804
0.8407138136153338
0.6840713813615333
0.8658294778585591
0.7808988764044944
0.8010575016523463
0.9259748843357568
0.7531394580304032
0.8142762723066754
0.9091209517514871
0.8605419695968275
0.9345670852610707
0.8165895571711831
0.8050231328486451
0.6074025115664243
0.9583608724388631
0.9781890284203569
0.8146067415730337
0.8430270984798414
0.8750826173165895
0.7848645076007931
0.8846662260409782
0.8668208856576338
0.9441506939854594
0.8906146728354263
0.8585591539986781
0.855584930601454
0.787508261731659
0.8896232650363516
0.8631857237276933
0.751487111698612
0.8866490416391276
0.9464639788499669
0.8681427627230668
0.797752808988764
0.8512888301387971
0.8998678122934567
0.9223397224058163
0.8489755452742895
0.9071381361533377
0.8793787177792465
0.8925974884335757
0.8982154659616656
0.8935888962326504
0.9239920687376074
0.7848645076007931
0.2799074686054197
0.8179114342366159
0.9570389953734303
0.7772637144745539
0.845340383344349
0.8965631196298744
0.8929279576999339
0.865499008592201
0.9709187045604759
0.9173826834104428
0.9008592200925314
0.9729015201586253
0.8684732319894249
0.9613350958360872
0.8995373430270985
0.8909451421017845
0.7742894910773298
0.8364177131526768
0.8859881031064111
0.8443489755452743
0.9068076668869796
0.778916060806345
0.7795769993390614
0.6097157964309319
0.9540647719762062
0.7415730337078652
0.8238598810310641
0.8922670191672174
0.9345670852610707
0.923331130204891
0.8463317911434236
0.7891606080634501
0.9137475214805023
0.9329147389292796
0.9157303370786517
0.7894910773298083
0.8777263714474554
0.8704560475875743
0.8892927957699934
0.7640449438202247
0.865499008592201
0.8195637805684072
0.898876404494382
0.8539325842696629
0.8929279576999339
0.8892927957699934
0.813615333773959
0.9048248512888302
0.9048248512888302
0.8354263053536021
0.956708526107072
0.7858559153998678
0.8992068737607403
0.8390614672835426
0.9127561136814276
0.8050231328486451
0.9038334434897555
0.7974223397224058
0.9048248512888302
0.7544613350958361
0.9540647719762062
0.9375413086582948
0.8592200925313945
0.856906807666887
0.8400528750826173
0.8268341044282882
0.8357567746199603
0.8803701255783212
0.7980832782551223
0.8965631196298744
0.7719762062128223
0.8767349636483807
0.7379378717779247
0.9140779907468606
0.8853271645736946
0.8925974884335757
0.9282881692002644
0.8886318572372769
0.949438202247191
0.9117647058823529
0.9550561797752809
0.8902842035690681
0.7217448777263714
0.7194315928618639
0.976867151354924
0.8010575016523463
0.7607402511566425
0.7855254461335096
0.848314606741573
0.9068076668869796
0.9104428288169201
0.9448116325181758
0.799074686054197
0.8767349636483807
0.721083939193655
0.9107732980832782
0.7779246530072703
0.7663582286847324
0.9223397224058163
0.8499669530733642
0.9177131526768011
0.813615333773959
0.7822207534699273
0.8182419035029742
0.8618638466622605
0.8740912095175148
0.8562458691341706
0.7587574355584931
0.8588896232650364
0.8099801718440185
0.8651685393258427
0.9196959682749505
0.8615333773959022
0.9206873760740251
0.9140779907468606
0.8892927957699934
0.8651685393258427
0.7637144745538665
0.8932584269662921
0.8056840713813616
0.9015201586252478
0.7640449438202247
0.7590879048248513
0.9187045604758758
0.864177131526768
0.8155981493721084
0.906146728354263
0.9068076668869796
0.8896232650363516
0.8621943159286186
0.8189028420356906
0.8331130204890945
0.8635161929940516
0.9111037673496365
0.8512888301387971
0.9170522141440846
0.9365499008592201
0.9752148050231328
0.8301387970918704
0.8780568407138136
0.813615333773959
0.87871777924653
0.85822868473232
0.8892927957699934
0.7392597488433575
0.9418374091209517
0.828155981493721
0.9021810971579644
0.9458030403172505
0.7785855915399867
0.8116325181758096
0.8499669530733642
0.9342366159947125
0.8912756113681428
0.9596827495042961
0.8476536682088566
0.0006609385327164573
0.828155981493721
0.9038334434897555
0.8189028420356906
0.8493060145406477
0.9444811632518176
0.7855254461335096
0.9339061467283543
0.914738929279577
0.9150693985459353
0.8231989424983477
0.3701255783212161
0.930601454064772
0.9230006609385327
0.8631857237276933
0.8350958360872439
0.9025115664243225
0.3572372769332452
0.864177131526768
0.2260409781890284
0.9319233311302049
0.7980832782551223
0.802048909451421
0.8430270984798414
0.8317911434236616
0.8962326503635162
0.8146067415730337
0.8886318572372769
0.9044943820224719
0.8892927957699934
0.778916060806345
0.906146728354263
0.8995373430270985
0.8423661599471249
0.8499669530733642
0.8658294778585591
0.9302709847984137
0.913417052214144
0.9127561136814276
0.8307997356245869
0.9114342366159948
0.9035029742233972
0.8228684732319894
0.8420356906807667
0.9021810971579644
0.8592200925313945
0.8770654329147389
0.8189028420356906
0.8836748182419035
0.8803701255783212
0.8255122273628552
0.8476536682088566
0.9808327825512227
0.9144084600132187
0.914738929279577
0.9540647719762062
0.8509583608724388
0.9120951751487112
0.7187706543291474
0.9124256444150693
0.8578982154659617
0.9514210178453404
0.8539325842696629
0.8618638466622605
0.9041639127561136
0.8502974223397224
0.940846001321877
0.8450099140779908
0.8658294778585591
0.8265036351619299
0.8767349636483807
0.8694646397884996
0.7680105750165235
0.7587574355584931
0.8912756113681428
0.8592200925313945
0.8050231328486451
0.8912756113681428
0.8932584269662921
0.9114342366159948
0.8823529411764706
0.8093192333113021
0.8886318572372769
0.9752148050231328
0.8978849966953073
0.926305353602115
0.9064771976206213
0.9071381361533377
0.8274950429610046
0.9196959682749505
0.8909451421017845
0.8952412425644415
0.8691341705221415
0.929279576999339
0.9127561136814276
0.8093192333113021
0.799074686054197
0.8846662260409782
0.8744216787838731
0.891606080634501
0.8172504957038995
0.8450099140779908
0.841044282881692
0.8205551883674819
0.9418374091209517
0.778916060806345
0.9117647058823529
0.8813615333773959
0.8747521480502314
0.802048909451421
0.9203569068076669
0.891606080634501
0.8562458691341706
0.8816920026437541
0.7772637144745539
0.8443489755452743
0.8218770654329147
0.7693324520819563
0.36814276272306673
0.8701255783212162
0.7785855915399867
0.8602115003304692
0.8212161269001983
0.8354263053536021
0.8906146728354263
0.8684732319894249
0.8288169200264376
0.8750826173165895
0.9560475875743556
0.9844679444811633
0.7848645076007931
0.8869795109054858
0.9434897554527429
0.7924653007270324
0.9458030403172505
0.9246530072703238
0.871447455386649
0.9087904824851288
0.9411764705882353
0.9315928618638467
0.8608724388631858
0.9230006609385327
0.8671513549239921
0.6771315267680106
0.9101123595505618
0.9467944481163252
0.9514210178453404
0.8291473892927957
0.8952412425644415
0.8354263053536021
0.8780568407138136
0.9438202247191011
0.7961004626569729
0.8202247191011236
0.8730998017184401
0.8968935888962326
0.9064771976206213
0.7574355584930601
0.891606080634501
0.8598810310641111
0.9738929279576999
0.9289491077329808
0.8721083939193655
0.8942498347653668
0.8883013879709187
0.9431592861863847
0.7957699933906147
0.9524124256444151
0.8070059484467944
0.7934567085261071
0.8043621943159286
0.9253139458030403
0.9302709847984137
0.9104428288169201
0.862855254461335
0.9028420356906808
0.7597488433575678
0.8575677461996034
0.8407138136153338
0.9629874421678783
0.8192333113020489
0.9600132187706544
0.8906146728354263
0.8218770654329147
0.9269662921348315
0.9385327164573695
0.9477858559153999
0.9025115664243225
0.778916060806345
0.9345670852610707
0.8744216787838731
0.8331130204890945
0.8968935888962326
0.8612029081295439
0.9114342366159948
0.7253800396563119
0.8618638466622605
0.7931262392597488
0.9524124256444151
0.37409120951751484
0.9464639788499669
0.9150693985459353
0.828155981493721
0.7488433575677462
0.8357567746199603
0.7723066754791804
0.8446794448116325
0.9434897554527429
0.9054857898215466
0.8932584269662921
0.8559153998678123
0.898876404494382
0.9107732980832782
0.8393919365499009
0.8925974884335757
0.9015201586252478
0.887309980171844
0.8545935228023793
0.8017184401850628
0.9130865829477859
0.906146728354263
0.933575677461996
0.9160608063450099
0.9005287508261731
0.9398545935228024
0.29312623925974884
0.9243225380039656
0.8463317911434236
0.7425644415069399
0.9358889623265036
0.9286186384666226
0.7128222075346993
0.7676801057501652
0.8740912095175148
0.8615333773959022
0.9527428949107734
0.8360872438863186
0.7448777263714474
0.9081295439524124
0.9269662921348315
0.8638466622604097
0.9322538003965631
0.8840052875082617
0.771645736946464
0.7260409781890285
0.8182419035029742
0.9124256444150693
0.8664904163912757
0.9805023132848645
0.9038334434897555
0.965300727032386
0.8562458691341706
0.9415069398545935
0.9153998678122934
0.9253139458030403
0.8935888962326504
0.8390614672835426
0.923331130204891
0.9249834765366821
0.8859881031064111
0.7871777924653007
0.8658294778585591
0.7713152676801057
0.8724388631857237
0.9200264375413086
0.8909451421017845
0.864177131526768
0.8539325842696629
0.8942498347653668
0.9256444150693985
0.841044282881692
0.8307997356245869
0.9458030403172505
0.8949107732980833
0.9732319894249835
0.887309980171844
0.7828816920026438
0.7805684071381361
0.732650363516193
0.8354263053536021
0.7805684071381361
0.8651685393258427
0.9801718440185063
0.8935888962326504
0.838070059484468
0.8820224719101124
0.9160608063450099
0.9183740912095175
0.8770654329147389
0.9048248512888302
0.891606080634501
0.8070059484467944
0.891606080634501
0.8565763384005287
0.9101123595505618
0.8536021150033047
0.7280237937871777
0.9593522802379378
0.8417052214144085
0.9276272306675479
0.7937871777924653
0.8331130204890945
0.8955717118307998
0.8661599471249174
0.7448777263714474
0.8896232650363516
0.7742894910773298
0.7309980171844018
0.7785855915399867
0.8400528750826173
0.9097818902842035
0.8651685393258427
0.8840052875082617
0.8909451421017845
0.8939193654990086
0.8129543952412426
0.8344348975545274
0.8073364177131527
0.8423661599471249
0.8317911434236616
0.8704560475875743
0.9190350297422339
0.9279576999339062
0.5489094514210179
0.8043621943159286
0.9358889623265036
0.7538003965631196
0.8876404494382022
0.7379378717779247
0.9035029742233972
0.8575677461996034
0.8668208856576338
0.8324520819563781
0.9243225380039656
0.7316589557171183
0.7171183079973562
0.8906146728354263
0.9719101123595506
0.8849966953073364
0.6939854593522803
0.9705882352941176
0.9160608063450099
0.8463317911434236
0.940846001321877
0.7980832782551223
0.9411764705882353
0.8562458691341706
0.7683410442828817
0.8711169861202908
0.923331130204891
0.9497686715135493
0.930601454064772
0.9530733641771315
0.7908129543952412
0.9448116325181758
0.7842035690680766
0.9497686715135493
0.865499008592201
0.8883013879709187
0.79477858559154
0.8010575016523463
0.8972240581625909
0.903172504957039
0.8311302048909451
0.8357567746199603
0.8228684732319894
0.8770654329147389
0.7749504296100462
0.8298083278255123
0.9038334434897555
0.7461996034368804
0.8598810310641111
0.3030403172504957
0.8992068737607403
0.6384666226040978
0.8810310641110377
0.849636483807006
0.8797091870456047
0.8387309980171844
0.8935888962326504
0.8397224058162591
0.9157303370786517
0.8621943159286186
0.8331130204890945
0.9124256444150693
0.6797752808988764
0.9091209517514871
0.8251817580964971
0.8499669530733642
0.8912756113681428
0.8608724388631858
0.9153998678122934
0.7964309319233311
0.7048909451421018
0.9464639788499669
0.9144084600132187
0.8668208856576338
0.9173826834104428
0.9398545935228024
0.8836748182419035
0.8793787177792465
0.8195637805684072
0.8476536682088566
0.7323198942498348
0.9077990746860541
0.748512888301388
0.8265036351619299
0.913417052214144
0.8017184401850628
0.8403833443489755
0.9527428949107734
0.7762723066754792
0.9173826834104428
0.8612029081295439
0.9210178453403833
0.9514210178453404
0.8982154659616656
0.8347653668208856
0.760079312623926
0.9514210178453404
0.4933906146728354
0.9299405155320555
0.8347653668208856
0.8754130865829478
0.7961004626569729
0.8096497025776602
0.8942498347653668
0.7376074025115664
0.8007270323859881
0.9183740912095175
0.6602775941837409
0.8089887640449438
0.940846001321877
0.8863185723727693
0.8420356906807667
0.9015201586252478
0.8998678122934567
0.9246530072703238
0.3717779246530073
0.8906146728354263
0.8826834104428288
0.9405155320555189
0.8198942498347653
0.7881692002643754
0.8331130204890945
0.8588896232650364
0.9011896893588897
0.799074686054197
0.9540647719762062
0.8324520819563781
0.8086582947785856
0.9243225380039656
0.9282881692002644
0.8615333773959022
0.829477858559154
0.8552544613350959
0.7432253800396563
0.9606741573033708
0.8056840713813616
0.9368803701255783
0.8724388631857237
0.891606080634501
0.9438202247191011
0.9144084600132187
0.8896232650363516
0.8473231989424983
0.7481824190350297
0.9514210178453404
0.8159286186384667
0.8965631196298744
0.8215465961665566
0.9137475214805023
0.8678122934567085
0.8945803040317251
0.8992068737607403
0.9431592861863847
0.7838730998017185
0.9137475214805023
0.8456708526107072
0.8304692663582287
0.8265036351619299
0.8142762723066754
0.9097818902842035
0.940846001321877
0.8040317250495704
0.7270323859881032
0.8985459352280238
0.9018506278916061
0.856906807666887
0.9190350297422339
0.9286186384666226
0.8906146728354263
0.9619960343688037
0.7597488433575678
0.7980832782551223
0.9200264375413086
0.8341044282881692
0.865499008592201
0.8347653668208856
0.8621943159286186
0.8575677461996034
0.85822868473232
0.8912756113681428
0.9230006609385327
0.8089887640449438
0.8866490416391276
0.9196959682749505
0.7372769332452082
0.7951090548578982
0.9170522141440846
0.8962326503635162
0.16556510244547257
0.845340383344349
0.8602115003304692
0.887309980171844
0.8420356906807667
0.838070059484468
0.3139458030403173
0.9150693985459353
0.8512888301387971
0.398876404494382
0.8777263714474554
0.8572372769332453
0.8823529411764706
0.7931262392597488
0.9068076668869796
0.8413747521480502
0.8532716457369465
0.9643093192333113
0.8010575016523463
0.8595505617977528
0.8859881031064111
0.9041639127561136
0.9051553205551883
0.8083278255122274
0.8902842035690681
0.9021810971579644
0.9051553205551883
0.7551222736285526
0.8707865168539326
0.8506278916060807
0.8777263714474554
0.8248512888301388
0.8793787177792465
0.783212161269002
0.8638466622604097
0.8324520819563781
0.8959021810971579
0.7957699933906147
0.7756113681427628
0.9167217448777264
0.709517514871117
0.790482485128883
0.9183740912095175
0.9365499008592201
0.9299405155320555
0.9315928618638467
0.8658294778585591
0.6305353602115004
0.6972901520158625
0.9299405155320555
0.9527428949107734
0.9332452081956378
0.8479841374752148
0.8962326503635162
0.940846001321877
0.7293456708526107
0.8982154659616656
0.88433575677462
0.8155981493721084
0.8096497025776602
0.9709187045604759
0.8929279576999339
0.8678122934567085
0.8959021810971579
0.9021810971579644
0.8992068737607403
0.8436880370125578
0.8777263714474554
0.8912756113681428
0.8780568407138136
0.8754130865829478
0.3615333773959022
0.8489755452742895
0.7911434236615995
0.9276272306675479
0.9153998678122934
0.7174487772637145
0.8053536021150033
0.4534038334434898
0.8400528750826173
0.9838070059484468
0.8760740251156642
0.865499008592201
0.9272967614011897
0.8823529411764706
0.969596827495043
0.8813615333773959
0.8790482485128883
0.8721083939193655
0.8856576338400529
0.8235294117647058
0.9015201586252478
0.880039656311963
0.833773959021811
0.8846662260409782
0.9094514210178454
0.8992068737607403
0.903172504957039
0.8552544613350959
0.9619960343688037
0.8083278255122274
0.6543291473892928
0.8364177131526768
0.8668208856576338
0.9527428949107734
0.8681427627230668
0.7974223397224058
0.9183740912095175
0.8083278255122274
0.8298083278255123
0.929279576999339
0.7468605419695968
0.9461335095836088
0.7194315928618639
0.8469927296761401
0.8393919365499009
0.8823529411764706
0.9762062128222075
0.8740912095175148
0.9497686715135493
0.5376734963648381
0.9160608063450099
0.9824851288830139
0.8307997356245869
0.8506278916060807
0.8314606741573034
0.8952412425644415
0.8833443489755453
0.9170522141440846
0.7970918704560476
0.9613350958360872
0.9345670852610707
0.8711169861202908
0.8896232650363516
0.9365499008592201
0.898876404494382
0.8384005287508262
0.6906807666886979
0.8228684732319894
0.9484467944481163
0.7918043621943159
0.8902842035690681
0.7604097818902842
0.8833443489755453
0.8985459352280238
0.828155981493721
0.9286186384666226
0.8096497025776602
0.8730998017184401
0.9210178453403833
0.9236615994712492
0.8925974884335757
0.8793787177792465
0.8311302048909451
0.8651685393258427
0.8357567746199603
0.797752808988764
0.813615333773959
0.85822868473232
0.906146728354263
0.7812293456708526
0.8393919365499009
0.8274950429610046
0.9358889623265036
0.8539325842696629
0.8899537343027099
0.8436880370125578
0.8777263714474554
0.8155981493721084
0.8661599471249174
0.8608724388631858
0.8407138136153338
0.8542630535360212
0.8013879709187045
0.8476536682088566
0.9276272306675479
0.8678122934567085
0.8321216126900198
0.8572372769332453
0.9405155320555189
0.8975545274289491
0.8816920026437541
0.8430270984798414
0.8925974884335757
0.8089887640449438
0.937871777924653
0.771645736946464
0.9282881692002644
0.2749504296100463
0.8780568407138136
0.9266358228684732
0.7884996695307337
0.9173826834104428
0.29279576999339063
0.833773959021811
0.9183740912095175
0.8668208856576338
0.7785855915399867
0.8638466622604097
0.8935888962326504
0.8671513549239921
0.8790482485128883
0.838070059484468
0.8942498347653668
0.9028420356906808
0.9117647058823529
0.8767349636483807
0.9415069398545935
0.7115003304692663
0.7379378717779247
0.8354263053536021
0.8972240581625909
0.8939193654990086
0.9246530072703238
0.8443489755452743
0.981163251817581
0.7263714474553866
0.8846662260409782
0.8393919365499009
0.9035029742233972
0.7974223397224058
0.8400528750826173
0.8813615333773959
0.9679444811632518
0.8826834104428288
0.9477858559153999
0.786186384666226
0.8502974223397224
0.8721083939193655
0.7957699933906147
0.9391936549900859
0.8836748182419035
0.8684732319894249
0.9332452081956378
0.8086582947785856
0.8430270984798414
0.8417052214144085
0.12756113681427628
0.8341044282881692
0.1384666226040978
0.9137475214805023
0.8810310641110377
0.9021810971579644
0.5109054857898215
0.9005287508261731
0.833773959021811
0.7756113681427628
0.8370786516853933
0.8066754791804363
0.7366159947124917
0.9560475875743556
0.8350958360872439
0.929279576999339
0.85822868473232
0.85822868473232
0.8099801718440185
0.8083278255122274
0.8883013879709187
0.8086582947785856
0.930601454064772
0.8473231989424983
0.9415069398545935
0.7134831460674157
0.9008592200925314
0.7580964970257766
0.7961004626569729
0.9296100462656973
0.9388631857237277
0.8909451421017845
0.958030403172505
0.8519497686715135
0.9097818902842035
0.9395241242564442
0.8245208195637805
0.8935888962326504
0.9111037673496365
0.807666886979511
0.855584930601454
0.9183740912095175
0.8747521480502314
0.8764044943820225
0.8298083278255123
0.9054857898215466
0.8324520819563781
0.8099801718440185
0.9339061467283543
0.7878387309980172
0.9087904824851288
0.9619960343688037
0.9203569068076669
0.8317911434236616
0.8631857237276933
0.9130865829477859
0.790482485128883
0.8846662260409782
0.9299405155320555
0.9243225380039656
0.9606741573033708
0.9666226040978189
0.9196959682749505
0.9391936549900859
0.8079973562458691
0.9504296100462657
0.7835426305353602
0.8995373430270985
0.7617316589557172
0.8925974884335757
0.8588896232650364
0.9481163251817581
0.8608724388631858
0.898876404494382
0.9200264375413086
0.7217448777263714
0.9563780568407139
0.9107732980832782
0.9454725710508922
0.8830138797091871
0.8631857237276933
0.9150693985459353
0.906146728354263
0.8175809649702578
0.7395902181097158
0.7455386649041639
0.9094514210178454
0.9239920687376074
0.7633840052875083
0.8780568407138136
0.8116325181758096
0.797752808988764
0.8423661599471249
0.9107732980832782
0.845340383344349
0.8198942498347653
0.8251817580964971
0.814937210839392
0.8093192333113021
0.8321216126900198
0.771645736946464
0.9286186384666226
0.7607402511566425
0.9203569068076669
0.85261070720423
0.9312623925974884
0.9153998678122934
0.9269662921348315
0.8737607402511567
0.7739590218109715
0.8879709187045605
0.7884996695307337
0.9160608063450099
0.79477858559154
0.9461335095836088
0.9008592200925314
0.9467944481163252
0.8615333773959022
0.9183740912095175
0.735624586913417
0.8324520819563781
0.7349636483807006
0.887309980171844
0.8899537343027099
0.7944481163251818
0.9111037673496365
0.8962326503635162
0.8407138136153338
0.8899537343027099
0.8347653668208856
0.933575677461996
0.9547257105089226
0.8764044943820225
0.9140779907468606
0.6381361533377395
0.7732980832782551
0.9200264375413086
0.9583608724388631
0.9021810971579644
0.8955717118307998
0.8866490416391276
0.926305353602115
0.8463317911434236
0.9117647058823529
0.9246530072703238
0.35426305353602117
0.9682749504296101
0.8797091870456047
0.8846662260409782
0.82088565763384
0.9077990746860541
0.9150693985459353
0.8925974884335757
0.8413747521480502
0.9272967614011897
0.9068076668869796
0.9636483807005949
0.8932584269662921
0.751487111698612
0.8469927296761401
0.8783873099801719
0.8595505617977528
0.8132848645076008
0.898876404494382
0.6992729676140119
0.8284864507600793
0.9196959682749505
0.8390614672835426
0.8945803040317251
0.8390614672835426
0.9160608063450099
0.900198281559815
0.9025115664243225
0.7792465300727033
0.9230006609385327
0.8360872438863186
0.8152676801057501
0.7987442167878387
0.8585591539986781
0.8261731658955717
0.929279576999339
0.9210178453403833
0.9173826834104428
0.7273628552544613
0.913417052214144
0.7848645076007931
0.8922670191672174
0.8228684732319894
0.8182419035029742
0.7865168539325843
0.364177131526768
0.29709187045604757
0.8509583608724388
0.848314606741573
0.8493060145406477
0.9828155981493721
0.8522802379378718
0.991407799074686
0.3929279576999339
0.7574355584930601
0.8942498347653668
0.8027098479841375
0.956708526107072
0.8942498347653668
0.7752808988764045
0.9114342366159948
0.9411764705882353
0.9788499669530734
0.9091209517514871
0.8278255122273629
0.9153998678122934
0.8955717118307998
0.7534699272967614
0.841044282881692
0.8066754791804363
0.9256444150693985
0.8417052214144085
0.8998678122934567
0.9315928618638467
0.8198942498347653
0.7650363516192994
0.8245208195637805
0.8218770654329147
0.7921348314606742
0.7554527428949108
0.8198942498347653
0.33773959021810973
0.7656972901520158
0.856906807666887
0.9008592200925314
0.8423661599471249
0.9329147389292796
0.8992068737607403
0.8301387970918704
0.8304692663582287
0.9573694646397884
0.787508261731659
0.933575677461996
0.3618638466622604
0.9084600132187707
0.9120951751487112
0.9196959682749505
0.7696629213483146
0.8413747521480502
0.9715796430931923
0.9223397224058163
0.8291473892927957
0.8793787177792465
0.9669530733641771
0.9312623925974884
0.7851949768671513
0.8896232650363516
0.8502974223397224
0.8853271645736946
0.9051553205551883
0.9424983476536682
0.856906807666887
0.7726371447455387
0.9342366159947125
0.8509583608724388
0.8549239920687376
0.8863185723727693
0.8807005948446794
0.871447455386649
0.8995373430270985
0.8552544613350959
0.8493060145406477
0.7528089887640449
0.8793787177792465
0.7858559153998678
0.8311302048909451
0.8364177131526768
0.9352280237937872
0.8648380700594844
0.8433575677461996
0.8671513549239921
0.8767349636483807
0.906146728354263
0.9342366159947125
0.9213483146067416
0.8311302048909451
0.8050231328486451
0.7376074025115664
0.9266358228684732
0.9038334434897555
0.9196959682749505
0.8347653668208856
0.8347653668208856
0.949438202247191
0.9144084600132187
0.8704560475875743
0.8265036351619299
0.806345009914078
0.865499008592201
0.9127561136814276
0.8331130204890945
0.9355584930601454
0.9312623925974884
0.7584269662921348
0.949438202247191
0.9077990746860541
0.8797091870456047
0.7957699933906147
0.8086582947785856
0.8070059484467944
0.8476536682088566
0.7752808988764045
0.8588896232650364
0.8889623265036352
0.24388631857237278
0.8033707865168539
0.7303370786516854
0.8919365499008592
0.9441506939854594
0.8228684732319894
0.906146728354263
0.8165895571711831
0.8311302048909451
0.7547918043621943
0.8588896232650364
0.9213483146067416
0.8314606741573034
0.8225380039656311
0.8271645736946464
0.8909451421017845
0.5409781890284203
0.900198281559815
0.963978849966953
0.8935888962326504
0.7663582286847324
0.9438202247191011
0.7901520158625248
0.9005287508261731
0.9071381361533377
0.9170522141440846
0.836748182419035
0.8608724388631858
0.9064771976206213
0.8922670191672174
0.9127561136814276
0.9266358228684732
0.8849966953073364
0.9041639127561136
0.9339061467283543
0.9643093192333113
0.755783212161269
0.8846662260409782
0.9025115664243225
0.8909451421017845
0.9216787838730998
0.6649041639127561
0.8830138797091871
0.85261070720423
0.9391936549900859
0.7316589557171183
0.8764044943820225
0.8314606741573034
0.871447455386649
0.9025115664243225
0.7894910773298083
0.8724388631857237
0.9210178453403833
0.8998678122934567
0.8721083939193655
0.3364177131526768
0.7855254461335096
0.9633179114342366
0.8949107732980833
0.7541308658294779
0.9296100462656973
0.7686715135492399
0.9077990746860541
0.9048248512888302
0.7349636483807006
0.7759418374091209
0.8331130204890945
0.9391936549900859
0.8674818241903502
0.8892927957699934
0.8291473892927957
0.7177792465300727
0.8486450760079313
0.871447455386649
0.8889623265036352
0.9481163251817581
0.9163912756113681
0.8902842035690681
0.8912756113681428
0.7894910773298083
0.9008592200925314
0.8836748182419035
0.5793126239259749
0.9028420356906808
0.8179114342366159
0.8585591539986781
0.9216787838730998
0.7637144745538665
0.9762062128222075
0.7319894249834765
0.8238598810310641
0.9058162590879049
0.9127561136814276
0.8390614672835426
0.8420356906807667
0.7984137475214805
0.8413747521480502
0.702247191011236
0.855584930601454
0.9491077329808327
0.82088565763384
0.8003965631196299
0.787508261731659
0.8595505617977528
0.40152015862524787
0.887309980171844
0.8635161929940516
0.7653668208856577
0.9190350297422339
0.903172504957039
0.8109715796430932
0.933575677461996
0.7633840052875083
0.8070059484467944
0.9458030403172505
0.8684732319894249
0.7924653007270324
0.8585591539986781
0.9091209517514871
0.82088565763384
0.9048248512888302
0.692333113020489
0.24058162590879048
0.9210178453403833
0.7670191672174488
0.8433575677461996
0.8027098479841375
0.8466622604097819
0.7115003304692663
0.913417052214144
0.898876404494382
0.9368803701255783
0.9676140118968936
0.8833443489755453
0.8347653668208856
0.8955717118307998
0.8155981493721084
0.8919365499008592
0.8106411103767349
0.9454725710508922
0.922009253139458
0.9342366159947125
0.9302709847984137
0.9253139458030403
0.9084600132187707
0.94216787838731
0.8314606741573034
0.9091209517514871
0.7709847984137476
0.8830138797091871
0.8783873099801719
0.8000660938532717
0.9312623925974884
0.7346331791143423
0.9068076668869796
0.9259748843357568
0.9064771976206213
0.7620621282220753
0.9028420356906808
0.8902842035690681
0.7686715135492399
0.8721083939193655
0.9339061467283543
0.8400528750826173
0.8258426966292135
0.7961004626569729
0.2293456708526107
0.8975545274289491
0.9044943820224719
0.7941176470588235
0.848314606741573
0.9213483146067416
0.87871777924653
0.7726371447455387
0.8697951090548579
0.8985459352280238
0.8096497025776602
0.8645076007931263
0.9705882352941176
0.9286186384666226
0.9015201586252478
0.969596827495043
0.8446794448116325
0.8721083939193655
0.8982154659616656
0.7822207534699273
0.8162590879048248
0.6929940515532056
0.712491738268341
0.8585591539986781
0.9319233311302049
0.8182419035029742
0.8364177131526768
0.8456708526107072
0.9666226040978189
0.9636483807005949
0.8030403172504957
0.7574355584930601
0.8631857237276933
0.7749504296100462
0.9543952412425645
0.8995373430270985
0.8529411764705882
0.9021810971579644
0.8595505617977528
0.8089887640449438
0.9018506278916061
0.7405816259087905
0.8129543952412426
0.8975545274289491
0.8955717118307998
0.9091209517514871
0.855584930601454
0.8241903502974224
0.8836748182419035
0.7851949768671513
0.8255122273628552
0.713813615333774
0.8840052875082617
0.8046926635822869
0.9137475214805023
0.8671513549239921
0.8083278255122274
0.7865168539325843
0.9226701916721745
0.9163912756113681
0.7541308658294779
0.8327825512227363
0.9322538003965631
0.838070059484468
0.9467944481163252
0.8126239259748843
0.9041639127561136
0.8347653668208856
0.9332452081956378
0.8189028420356906
0.841044282881692
0.7346331791143423
0.8195637805684072
0.8387309980171844
0.7564441506939854
0.8066754791804363
0.8532716457369465
0.8995373430270985
0.898876404494382
0.9821546596166556
0.9160608063450099
0.8512888301387971
0.7746199603436881
0.8572372769332453
0.8764044943820225
0.903172504957039
0.9312623925974884
0.8621943159286186
0.7921348314606742
0.8704560475875743
0.8070059484467944
0.8823529411764706
0.9226701916721745
0.8876404494382022
0.8037012557832122
0.38995373430270985
0.8522802379378718
0.8949107732980833
0.8896232650363516
0.7521480502313285
0.6744877726371448
0.9094514210178454
0.9111037673496365
0.8037012557832122
0.9669530733641771
0.9388631857237277
0.9520819563780568
0.7478519497686715
0.8849966953073364
0.6463978849966953
0.8238598810310641
0.9309319233311302
0.2709847984137475
0.8767349636483807
0.8185723727693325
0.8823529411764706
0.880039656311963
0.716787838730998
0.797752808988764
0.9296100462656973
0.9153998678122934
0.9312623925974884
0.828155981493721
0.9038334434897555
0.8245208195637805
0.7257105089226702
0.8532716457369465
0.7610707204230006
0.8003965631196299
0.8658294778585591
0.8013879709187045
0.8274950429610046
0.8073364177131527
0.783212161269002
0.8750826173165895
0.8430270984798414
0.8883013879709187
0.900198281559815
0.8271645736946464
0.8390614672835426
0.814937210839392
0.930601454064772
0.8423661599471249
0.7891606080634501
0.7746199603436881
0.8271645736946464
0.7706543291473893
0.8707865168539326
0.8307997356245869
0.8588896232650364
0.8212161269001983
0.2775941837409121
0.8777263714474554
0.8189028420356906
0.7762723066754792
0.693654990085922
0.8833443489755453
0.8007270323859881
0.9256444150693985
0.7838730998017185
0.922009253139458
0.9603436880370125
0.8952412425644415
0.9111037673496365
0.7448777263714474
0.9114342366159948
0.9276272306675479
0.972571050892267
0.8003965631196299
0.8400528750826173
0.9477858559153999
0.907468605419696
0.9937210839391937
0.9008592200925314
0.9500991407799074
0.9464639788499669
0.7898215465961665
0.8258426966292135
0.8225380039656311
0.7970918704560476
0.7214144084600133
0.7858559153998678
0.9481163251817581
0.9044943820224719
0.9276272306675479
0.8892927957699934
0.9011896893588897
0.9781890284203569
0.845340383344349
0.9656311962987442
0.872769332452082
0.9153998678122934
0.9309319233311302
0.9021810971579644
0.8681427627230668
0.8417052214144085
0.9064771976206213
0.9593522802379378
0.8268341044282882
0.9173826834104428
0.8773959021810972
0.829477858559154
0.7709847984137476
0.7726371447455387
0.8248512888301388
0.35294117647058826
0.848314606741573
0.2812293456708526
0.7604097818902842
0.8043621943159286
0.9705882352941176
0.9077990746860541
0.8493060145406477
0.8536021150033047
0.7428949107732981
0.8473231989424983
0.9018506278916061
0.9636483807005949
0.8215465961665566
0.8122934567085262
0.8906146728354263
0.8648380700594844
0.8621943159286186
0.8952412425644415
0.907468605419696
0.8730998017184401
0.8529411764705882
0.8559153998678123
0.7815598149372108
0.8645076007931263
0.8919365499008592
0.9345670852610707
0.8972240581625909
0.7799074686054197
0.7749504296100462
0.937871777924653
0.7637144745538665
0.8816920026437541
0.8889623265036352
0.7574355584930601
0.8060145406477197
0.7921348314606742
0.9649702577660277
0.8172504957038995
0.838070059484468
0.7713152676801057
0.8245208195637805
0.744216787838731
0.9467944481163252
0.8909451421017845
0.9087904824851288
0.8231989424983477
0.8307997356245869
0.8615333773959022
0.7564441506939854
0.8985459352280238
0.8816920026437541
0.940846001321877
0.8684732319894249
0.7891606080634501
0.9196959682749505
0.7343027098479842
0.8906146728354263
0.8212161269001983
0.900198281559815
0.9150693985459353
0.9765366820885658
0.8935888962326504
0.7752808988764045
0.7435558493060146
0.9137475214805023
0.9474553866490416
0.8274950429610046
0.8615333773959022
0.94216787838731
0.8129543952412426
0.8668208856576338
0.833773959021811
0.8298083278255123
0.8562458691341706
0.9107732980832782
0.87871777924653
0.7835426305353602
0.7752808988764045
0.8440185062789161
0.8502974223397224
0.8189028420356906
0.822207534699273
0.9130865829477859
0.8813615333773959
0.9415069398545935
0.8783873099801719
0.8165895571711831
0.9127561136814276
0.7653668208856577
0.9091209517514871
0.8588896232650364
0.8298083278255123
0.8780568407138136
0.8575677461996034
0.9101123595505618
0.8476536682088566
0.9048248512888302
0.9266358228684732
0.9144084600132187
0.9319233311302049
0.8896232650363516
0.8876404494382022
0.8985459352280238
0.9038334434897555
0.8955717118307998
0.9011896893588897
0.8301387970918704
0.8476536682088566
0.29444811632518175
0.9094514210178454
0.38499669530733643
0.8126239259748843
0.8304692663582287
0.9596827495042961
0.8783873099801719
0.7402511566424322
0.8384005287508262
0.8780568407138136
0.807666886979511
0.8992068737607403
0.9167217448777264
0.7663582286847324
0.8083278255122274
0.8747521480502314
0.8185723727693325
0.9223397224058163
0.9385327164573695
0.958030403172505
0.8793787177792465
0.8519497686715135
0.9385327164573695
0.8426966292134831
0.8079973562458691
0.8390614672835426
0.9296100462656973
0.7888301387970919
0.8704560475875743
0.7650363516192994
0.8684732319894249
0.7914738929279577
0.8093192333113021
0.9375413086582948
0.8816920026437541
0.6592861863846662
0.8886318572372769
0.9094514210178454
0.8575677461996034
0.907468605419696
0.8856576338400529
0.8271645736946464
0.8423661599471249
0.8972240581625909
0.9259748843357568
0.8238598810310641
0.864177131526768
0.9560475875743556
0.8889623265036352
0.8109715796430932
0.7029081295439524
0.8536021150033047
0.9048248512888302
0.8919365499008592
0.838070059484468
0.29048248512888303
0.8612029081295439
0.8932584269662921
0.8701255783212162
0.9315928618638467
0.8959021810971579
0.8965631196298744
0.8274950429610046
0.8939193654990086
0.9021810971579644
0.3747521480502313
0.9054857898215466
0.8552544613350959
0.9692663582286847
0.9193654990085922
0.9200264375413086
0.8754130865829478
0.8106411103767349
0.9610046265697291
0.7927957699933906
0.7951090548578982
0.8053536021150033
0.8945803040317251
0.898876404494382
0.9190350297422339
0.7984137475214805
0.9130865829477859
0.8238598810310641
0.9124256444150693
0.9236615994712492
0.8876404494382022
0.9226701916721745
0.8793787177792465
0.937871777924653
0.8542630535360212
0.7974223397224058
0.8747521480502314
0.3549239920687376
0.9107732980832782
0.8486450760079313
0.9329147389292796
0.7524785194976867
0.41639127561136813
0.8248512888301388
0.8304692663582287
0.8231989424983477
0.7468605419695968
0.864177131526768
0.8651685393258427
0.94216787838731
0.8896232650363516
0.8764044943820225
0.8179114342366159
0.9616655651024455
0.8311302048909451
0.8671513549239921
0.8648380700594844
0.8403833443489755
0.9272967614011897
0.8198942498347653
0.9157303370786517
0.7617316589557172
0.9276272306675479
0.833773959021811
0.8879709187045605
0.8440185062789161
0.7815598149372108
0.8658294778585591
0.47752808988764045
0.85261070720423
0.9117647058823529
0.8595505617977528
0.8539325842696629
0.8119629874421679
0.9342366159947125
0.848314606741573
0.8764044943820225
0.8797091870456047
0.8469927296761401
0.9213483146067416
0.8869795109054858
0.8017184401850628
0.7640449438202247
0.9391936549900859
0.8489755452742895
0.79477858559154
0.8902842035690681
0.976867151354924
0.8671513549239921
0.9372108393919365
0.8165895571711831
0.8608724388631858
0.23595505617977527
0.9117647058823529
0.9223397224058163
0.7772637144745539
0.7842035690680766
0.8073364177131527
0.9253139458030403
0.9140779907468606
0.9051553205551883
0.7799074686054197
0.9643093192333113
0.8169200264375414
0.7640449438202247
0.814937210839392
0.7376074025115664
0.922009253139458
0.8479841374752148
0.9068076668869796
0.9805023132848645
0.9239920687376074
0.8886318572372769
0.9504296100462657
0.8688037012557832
0.9084600132187707
0.9087904824851288
0.8717779246530073
0.8354263053536021
0.9339061467283543
0.9005287508261731
0.8846662260409782
0.9246530072703238
0.8165895571711831
0.9448116325181758
0.898876404494382
0.9246530072703238
0.9144084600132187
0.8106411103767349
0.7951090548578982
0.9547257105089226
0.9890945142101785
0.8195637805684072
0.9249834765366821
0.9289491077329808
0.8773959021810972
0.8912756113681428
0.8466622604097819
0.8578982154659617
0.9785194976867151
0.8793787177792465
0.8929279576999339
0.518836748182419
0.9596827495042961
0.9018506278916061
0.9236615994712492
0.7134831460674157
0.8998678122934567
0.8509583608724388
0.8734302709847984
0.950760079312624
0.9058162590879049
0.9266358228684732
0.9388631857237277
0.887309980171844
0.8185723727693325
0.778916060806345
0.9253139458030403
0.8962326503635162
0.9537343027098479
0.8522802379378718
0.9302709847984137
0.933575677461996
0.9289491077329808
0.8747521480502314
0.9382022471910112
0.8886318572372769
0.8443489755452743
0.9153998678122934
0.9180436219431592
0.923331130204891
0.9286186384666226
0.9514210178453404
0.9867812293456708
0.9352280237937872
0.9583608724388631
0.9114342366159948
0.9391936549900859
0.9117647058823529
0.8810310641110377
0.9563780568407139
0.813615333773959
0.7660277594183741
0.9259748843357568
0.9018506278916061
0.9011896893588897
0.8542630535360212
0.9187045604758758
0.9553866490416392
0.8972240581625909
0.9068076668869796
0.8691341705221415
0.8836748182419035
0.9309319233311302
0.8651685393258427
0.7891606080634501
0.7260409781890285
0.7865168539325843
0.9259748843357568
0.7547918043621943
0.8241903502974224
0.7967614011896894
0.8324520819563781
0.9689358889623265
0.887309980171844
0.8456708526107072
0.9487772637144746
0.963978849966953
0.9187045604758758
0.802048909451421
0.8912756113681428
0.8175809649702578
0.8688037012557832
0.8949107732980833
0.7376074025115664
0.8972240581625909
0.8023793787177792
0.9477858559153999
0.8417052214144085
0.3836748182419035
0.8562458691341706
0.8995373430270985
0.8678122934567085
0.8050231328486451
0.8456708526107072
0.8846662260409782
0.7491738268341044
0.748512888301388
0.9071381361533377
0.9210178453403833
0.8360872438863186
0.887309980171844
0.8972240581625909
0.855584930601454
0.7385988103106411
0.8231989424983477
0.9005287508261731
0.9153998678122934
0.950760079312624
0.8585591539986781
0.7878387309980172
0.9015201586252478
0.8344348975545274
0.799074686054197
0.7617316589557172
0.8532716457369465
0.9015201586252478
0.891606080634501
0.8400528750826173
0.9144084600132187
0.8436880370125578
0.9021810971579644
0.8212161269001983
0.9672835426305354
0.8840052875082617
0.9071381361533377
0.7808988764044944
0.7927957699933906
0.8770654329147389
0.8027098479841375
0.85822868473232
0.8311302048909451
0.8572372769332453
0.7944481163251818
0.7838730998017185
0.8588896232650364
0.7937871777924653
0.9015201586252478
0.7762723066754792
0.8886318572372769
0.9127561136814276
0.85822868473232
0.8612029081295439
0.9160608063450099
0.8978849966953073
0.9282881692002644
0.7713152676801057
0.6853932584269663
0.8952412425644415
0.849636483807006
0.8152676801057501
0.8932584269662921
0.7756113681427628
0.8932584269662921
0.9230006609385327
0.8155981493721084
0.898876404494382
0.9398545935228024
0.8998678122934567
0.907468605419696
0.8575677461996034
0.7822207534699273
0.8803701255783212
0.7521480502313285
0.8549239920687376
0.8598810310641111
0.8978849966953073
0.8479841374752148
0.862855254461335
0.8965631196298744
0.8691341705221415
0.9213483146067416
0.8935888962326504
0.9011896893588897
0.9187045604758758
0.7924653007270324
0.9091209517514871
0.8559153998678123
0.8139458030403173
0.822207534699273
0.7881692002643754
0.9157303370786517
0.9173826834104428
0.7134831460674157
0.8215465961665566
0.8896232650363516
0.7131526768010575
0.8959021810971579
0.9259748843357568
0.9084600132187707
0.9534038334434898
0.9342366159947125
0.7759418374091209
0.7663582286847324
0.85261070720423
0.8083278255122274
0.8955717118307998
0.8519497686715135
0.9441506939854594
0.7448777263714474
0.9339061467283543
0.8777263714474554
0.7531394580304032
0.8793787177792465
0.8651685393258427
0.9144084600132187
0.8975545274289491
0.9097818902842035
0.39358889623265036
0.7604097818902842
0.8433575677461996
0.7693324520819563
0.82088565763384
0.9091209517514871
0.8724388631857237
0.8691341705221415
0.9345670852610707
0.8423661599471249
0.9216787838730998
0.9041639127561136
0.8883013879709187
0.739920687376074
0.9844679444811633
0.8189028420356906
0.8859881031064111
0.9104428288169201
0.8998678122934567
0.8764044943820225
0.8658294778585591
0.8608724388631858
0.9041639127561136
0.9051553205551883
0.9666226040978189
0.8426966292134831
0.7818902842035691
0.8000660938532717
0.8982154659616656
0.9015201586252478
0.8684732319894249
0.7243886318572372
0.9272967614011897
0.8810310641110377
0.9616655651024455
0.5456047587574355
0.8007270323859881
0.9606741573033708
0.8430270984798414
0.7937871777924653
0.37871777924653005
0.8397224058162591
0.9441506939854594
0.8539325842696629
0.87871777924653
0.8694646397884996
0.9461335095836088
0.9520819563780568
0.9008592200925314
0.8645076007931263
0.9801718440185063
0.8314606741573034
0.8935888962326504
0.6870456047587574
0.9656311962987442
0.8704560475875743
0.8899537343027099
0.8618638466622605
0.7035690680766689
0.7941176470588235
0.9289491077329808
0.9289491077329808
0.9424983476536682
0.8797091870456047
0.82088565763384
0.8909451421017845
0.677792465300727
0.8278255122273629
0.887309980171844
0.9325842696629213
0.7468605419695968
0.8159286186384667
0.9124256444150693
0.9534038334434898
0.8027098479841375
0.9041639127561136
0.9530733641771315
0.8013879709187045
0.8909451421017845
0.9636483807005949
0.8162590879048248
0.9206873760740251
0.29411764705882354
0.9153998678122934
0.9249834765366821
0.6754791804362195
0.8730998017184401
0.7766027759418375
0.8390614672835426
0.8935888962326504
0.9355584930601454
0.8486450760079313
0.8572372769332453
0.6295439524124257
0.9068076668869796
0.003304692663582287
0.8968935888962326
0.8248512888301388
0.8360872438863186
0.9038334434897555
0.8182419035029742
0.9150693985459353
0.8697951090548579
0.8770654329147389
0.922009253139458
0.7541308658294779
0.8060145406477197
0.933575677461996
0.8807005948446794
0.8853271645736946
0.8189028420356906
0.7984137475214805
0.8288169200264376
0.8519497686715135
0.838070059484468
0.9362194315928619
0.8499669530733642
0.8212161269001983
0.7878387309980172
0.9230006609385327
0.8532716457369465
0.8003965631196299
0.9391936549900859
0.9163912756113681
0.9560475875743556
0.8836748182419035
0.7670191672174488
0.9230006609385327
0.8443489755452743
0.8922670191672174
0.8304692663582287
0.9140779907468606
0.8073364177131527
0.8747521480502314
0.9355584930601454
0.9130865829477859
