0.820079522862823
0.856858846918489
0.92909211398277
0.8697813121272365
0.8628230616302187
0.9208084824387012
0.8522200132538105
0.9555997349237906
0.9035785288270378
0.8667992047713717
0.8946322067594433
0.952286282306163
0.7210072895957588
0.8131212723658051
0.6640159045725647
0.8041749502982107
0.8737574552683897
0.8595096090125911
0.840622929092114
0.9443339960238568
0.8452617627567925
0.8714380384360504
0.8571901921802518
0.9208084824387012
0.8485752153744202
0.9138502319416832
0.7647448641484427
0.9029158383035123
0.9403578528827038
0.8863485752153745
0.9337309476474487
0.856858846918489
0.8800530152418821
0.8830351225977469
0.8777335984095428
0.8485752153744202
0.8369781312127237
0.8108018555334658
0.8952948972829688
0.9300861497680584
0.8366467859509609
0.7249834327369119
0.8545394300861497
0.899271040424122
0.8525513585155732
0.9247846255798542
0.8916500994035785
0.901921802518224
0.7501656726308814
0.7856196156394963
0.8591782637508284
0.8508946322067594
0.9410205434062293
0.8144466534128562
0.807819748177601
0.9029158383035123
0.903247183565275
0.9575878064943671
0.8936381709741551
0.9423459244532804
0.9562624254473161
0.8293571901921802
0.9161696487740225
0.9297548045062956
0.9002650762094102
0.8949635520212061
0.9406891981444665
0.8863485752153745
0.8068257123923128
0.9145129224652088
0.885685884691849
0.743870112657389
0.9403578528827038
0.93870112657389
0.8966202783300199
0.8936381709741551
0.8823724320742213
0.927766732935719
0.8943008614976806
0.8376408217362492
0.8346587143803844
0.8220675944333996
0.854208084824387
0.8313452617627568
0.8850231941683234
0.904572564612326
0.7415506958250497
0.8598409542743539
0.94831013916501
0.8764082173624917
0.8790589794565937
0.8747514910536779
0.8767395626242545
0.8813783962889331
0.9340622929092114
0.889662027833002
0.19118621603711067
0.878727634194831
0.9148442677269715
0.8532140490390987
0.9201457919151756
0.8151093439363817
0.7571239231278992
0.7998674618952949
0.9039098740888005
0.8863485752153745
0.852882703777336
0.7988734261100067
0.8906560636182903
0.8571901921802518
0.914181577203446
0.7905897945659377
0.940026507620941
0.8823724320742213
0.7803180914512923
0.7335984095427436
0.8124585818422797
0.9831013916500994
0.9029158383035123
0.7740225314777999
0.9340622929092114
0.9231278992710404
0.8634857521537442
0.840622929092114
0.8591782637508284
0.8939695162359178
0.8525513585155732
0.9406891981444665
0.9748177601060305
0.9287607687210073
0.925115970841617
0.8724320742213386
0.8313452617627568
0.8535453943008615
0.7647448641484427
0.8674618952948973
0.8220675944333996
0.8893306825712393
0.8605036447978794
0.9479787939032471
0.9549370444002651
0.8376408217362492
0.7992047713717694
0.7813121272365805
0.8767395626242545
0.9423459244532804
0.7017892644135189
0.9171636845593109
0.9635520212060967
0.9058979456593771
0.7229953611663353
0.8658051689860835
0.8608349900596421
0.8389662027833003
0.8671305500331346
0.9138502319416832
0.854208084824387
0.9320742213386348
0.8373094764744864
0.9476474486414844
0.904572564612326
0.8522200132538105
0.8601722995361166
0.9234592445328031
0.8959575878064944
0.7952286282306164
0.9261100066269052
0.802518223989397
0.8578528827037774
0.8578528827037774
0.8916500994035785
0.927766732935719
0.7372432074221339
0.81610337972167
0.7982107355864811
0.8545394300861497
0.8581842279655401
0.9221338634857521
0.9244532803180915
0.8727634194831014
0.9781312127236581
0.1597084161696488
0.1610337972166998
0.8889993373094764
0.8220675944333996
0.9029158383035123
0.9476474486414844
0.8863485752153745
0.7160371106693174
0.9171636845593109
0.8750828363154407
0.9138502319416832
0.9254473161033797
0.8578528827037774
0.8535453943008615
0.9284294234592445
0.8986083499005965
0.9324055666003976
0.8117958913187542
0.8926441351888668
0.8840291583830351
0.7690523525513585
0.07190192180251823
0.8359840954274353
0.8151093439363817
0.803843605036448
0.8903247183565275
0.9887342611000662
0.7919151756129887
0.8899933730947648
0.8316766070245195
0.9599072233267064
0.7746852220013254
0.8167660702451955
0.8558648111332008
0.8194168323392975
0.7670642809807819
0.889662027833002
0.8999337309476475
0.8730947647448641
0.8330019880715706
0.8969516235917826
0.829688535453943
0.8681245858184228
0.9314115308151093
0.9125248508946322
0.8280318091451292
0.9589131875414182
0.9353876739562624
0.9009277667329357
0.20278330019880716
0.8962889330682571
0.7972166998011928
0.9469847581179589
0.9449966865473823
0.9337309476474487
0.8906560636182903
0.9214711729622267
0.7836315440689198
0.8830351225977469
0.8412856196156395
0.6401590457256461
0.8754141815772034
0.8644797879390325
0.925115970841617
0.9327369118621603
0.9204771371769384
0.9075546719681908
0.9075546719681908
0.963220675944334
0.8949635520212061
0.9158383035122598
0.9165009940357853
0.9499668654738237
0.9532803180914513
0.9161696487740225
0.9542743538767395
0.8717693836978131
0.9718356527501657
0.743870112657389
0.9284294234592445
0.8750828363154407
0.8436050364479788
0.9005964214711729
0.6365142478462558
0.8018555334658715
0.9138502319416832
0.6438038436050364
0.9310801855533466
0.8777335984095428
0.7723658051689861
0.8280318091451292
0.8949635520212061
0.81610337972167
0.8836978131212724
0.8273691186216037
0.8436050364479788
0.8803843605036448
0.7726971504307488
0.8170974155069582
0.8628230616302187
0.865142478462558
0.9194831013916501
0.9638833664678595
0.8449304174950298
0.7723658051689861
0.9158383035122598
0.7998674618952949
0.8800530152418821
0.6424784625579855
0.8793903247183565
0.9204771371769384
0.9519549370444003
0.9701789264413518
0.9274353876739563
0.9662027833001988
0.8545394300861497
0.899271040424122
0.8952948972829688
0.9860834990059643
0.9350563286944996
0.9261100066269052
0.9082173624917164
0.851557322730285
0.8170974155069582
0.9224652087475149
0.8850231941683234
0.7534791252485089
0.7836315440689198
0.9095427435387674
0.8005301524188204
0.7760106030483764
0.8939695162359178
0.8933068257123923
0.9068919814446653
0.8436050364479788
0.9615639496355202
0.9436713055003313
0.9801192842942346
0.7968853545394301
0.8373094764744864
0.9297548045062956
0.8293571901921802
0.839297548045063
0.827037773359841
0.8999337309476475
0.8886679920477137
0.8989396951623592
0.7839628893306826
0.8982770046388336
0.807819748177601
0.9264413518886679
0.8532140490390987
0.8495692511597084
0.8141153081510935
0.9320742213386348
0.9042412193505633
0.81610337972167
0.8386348575215374
0.8926441351888668
0.9068919814446653
0.8866799204771372
0.8770709078860173
0.8124585818422797
0.8979456593770709
0.7786613651424784
0.8903247183565275
0.851557322730285
0.8449304174950298
0.7700463883366467
0.9317428760768721
0.8180914512922465
0.8903247183565275
0.8624917163684559
0.8011928429423459
0.9025844930417495
0.6875414181577203
0.8396288933068257
0.7915838303512259
0.5911199469847581
0.8363154406891982
0.8750828363154407
0.8969516235917826
0.9625579854208085
0.7720344599072233
0.8840291583830351
0.9337309476474487
0.8326706428098078
0.827037773359841
0.8989396951623592
0.8339960238568589
0.9247846255798542
0.8853545394300861
0.8754141815772034
0.8631544068919814
0.9055666003976143
0.829688535453943
0.892312789927104
0.9125248508946322
0.13750828363154408
0.8979456593770709
0.8687872763419483
0.9297548045062956
0.8114645460569914
0.9271040424121935
0.7468522200132538
0.828363154406892
0.7630881378396289
0.9178263750828363
0.8667992047713717
0.8747514910536779
0.8966202783300199
0.8081510934393639
0.8197481776010603
0.9284294234592445
0.8850231941683234
0.6981444665341285
0.8982770046388336
0.8641484426772698
0.7789927104042412
0.911530815109344
0.7833001988071571
0.903247183565275
0.9284294234592445
0.904572564612326
0.7886017229953611
0.8555334658714381
0.8721007289595759
0.820079522862823
0.7879390324718356
0.9443339960238568
0.8933068257123923
0.8876739562624254
0.7445328031809145
0.9459907223326707
0.8959575878064944
0.9254473161033797
0.8880053015241882
0.8190854870775348
0.9284294234592445
0.9005964214711729
0.9420145791915175
0.9065606361829026
0.9261100066269052
0.9151756129887343
0.889662027833002
0.9049039098740888
0.8936381709741551
0.8628230616302187
0.8098078197481776
0.9595758780649437
0.9327369118621603
0.8018555334658715
0.81610337972167
0.912856196156395
0.8608349900596421
0.8293571901921802
0.8462557985420809
0.705765407554672
0.8071570576540755
0.8608349900596421
0.9055666003976143
0.8823724320742213
0.911530815109344
0.9092113982770046
0.7375745526838966
0.9609012591119946
0.8903247183565275
0.8674618952948973
0.8750828363154407
0.8671305500331346
0.8260437375745527
0.8628230616302187
0.8346587143803844
0.8290258449304175
0.9015904572564613
0.9552683896620279
0.8962889330682571
0.8883366467859509
0.7123923127899271
0.7799867461895295
0.8886679920477137
0.6998011928429424
0.8744201457919152
0.8697813121272365
0.9005964214711729
0.818754141815772
0.7972166998011928
0.8505632869449967
0.9158383035122598
0.8929754804506296
0.8396288933068257
0.7968853545394301
0.709741550695825
0.9436713055003313
0.7634194831013916
0.9191517561298873
0.911530815109344
0.9029158383035123
0.8913187541418157
0.8697813121272365
0.851557322730285
0.8588469184890656
0.8744201457919152
0.7312789927104042
0.9078860172299537
0.8412856196156395
0.8518886679920478
0.9092113982770046
0.9191517561298873
0.8691186216037111
0.8860172299536117
0.9287607687210073
0.6842279655400928
0.7958913187541418
0.8349900596421471
0.8306825712392313
0.9367130550033135
0.7703777335984096
0.8681245858184228
0.7856196156394963
0.8943008614976806
0.8518886679920478
0.7481776010603048
0.9108681245858185
0.9181577203445991
0.8595096090125911
0.8889993373094764
0.8956262425447317
0.854208084824387
0.8081510934393639
0.832339297548045
0.8926441351888668
0.9628893306825712
0.8959575878064944
0.9333996023856859
0.9489728296885355
0.8571901921802518
0.8595096090125911
0.8333333333333334
0.9307488402915838
0.776673293571902
0.7809807819748178
0.7965540092776673
0.7833001988071571
0.8164347249834327
0.9247846255798542
0.8104705102717031
0.9695162359178264
0.8618290258449304
0.7223326706428098
0.8889993373094764
0.8661365142478462
0.8976143141153081
0.8807157057654076
0.8648111332007953
0.9506295559973492
0.9015904572564613
0.901921802518224
0.8167660702451955
0.9111994698475812
0.9320742213386348
0.911530815109344
0.8379721669980119
0.7925778661365143
0.8641484426772698
0.841948310139165
0.8273691186216037
0.865142478462558
0.9098740888005301
0.7680583167660703
0.9264413518886679
0.8253810470510272
0.8949635520212061
0.8883366467859509
0.7932405566600398
0.856858846918489
0.841948310139165
0.9102054340622929
0.8687872763419483
0.8929754804506296
0.9012591119946984
0.892312789927104
0.7876076872100729
0.8952948972829688
0.8989396951623592
0.8071570576540755
0.7743538767395626
0.9035785288270378
0.5888005301524188
0.9039098740888005
0.8717693836978131
0.7034459907223327
0.9092113982770046
0.7382372432074221
0.7905897945659377
0.8903247183565275
0.9009277667329357
0.889662027833002
0.8797216699801192
0.8402915838303512
0.8959575878064944
0.8764082173624917
0.9307488402915838
0.8836978131212724
0.8618290258449304
0.8585155732273029
0.9191517561298873
0.9171636845593109
0.6540755467196819
0.8170974155069582
0.9377070907886017
0.9221338634857521
0.941351888667992
0.8180914512922465
0.9516235917826376
0.9330682571239232
0.8850231941683234
0.8469184890656064
0.9145129224652088
0.8124585818422797
0.705765407554672
0.8379721669980119
0.9098740888005301
0.9231278992710404
0.8972829688535454
0.937375745526839
0.7501656726308814
0.8740888005301524
0.8674618952948973
0.7577866136514247
0.7746852220013254
0.8926441351888668
0.8306825712392313
0.5278330019880716
0.9294234592445328
0.8190854870775348
0.8836978131212724
0.9145129224652088
0.8286944996686547
0.9499668654738237
0.7932405566600398
0.8962889330682571
0.81610337972167
0.9171636845593109
0.8194168323392975
0.8591782637508284
0.9068919814446653
0.8555334658714381
0.8041749502982107
0.9645460569913851
0.8230616302186878
0.807819748177601
0.818754141815772
0.8803843605036448
0.8969516235917826
0.9039098740888005
0.8989396951623592
0.9572564612326043
0.9416832339297548
0.904572564612326
0.8618290258449304
0.8330019880715706
0.8495692511597084
0.8836978131212724
0.9058979456593771
0.8972829688535454
0.9367130550033135
0.8190854870775348
0.878727634194831
0.7700463883366467
0.9092113982770046
0.9125248508946322
0.9221338634857521
0.854208084824387
0.7786613651424784
0.7978793903247183
0.8946322067594433
0.9151756129887343
0.8843605036447979
0.8717693836978131
0.8402915838303512
0.9449966865473823
0.8959575878064944
0.8412856196156395
0.8605036447978794
0.7915838303512259
0.8316766070245195
0.9244532803180915
0.781974817760106
0.839297548045063
0.8810470510271703
0.9029158383035123
0.8949635520212061
0.9565937707090788
0.8455931080185554
0.9307488402915838
0.9088800530152419
0.6898608349900597
0.9161696487740225
0.9347249834327369
0.8654738237243207
0.7978793903247183
0.5917826375082836
0.8320079522862823
0.8330019880715706
0.882703777335984
0.781974817760106
0.8217362491716369
0.8621603711066932
0.8976143141153081
0.8197481776010603
0.8538767395626242
0.9125248508946322
0.8803843605036448
0.8525513585155732
0.8204108681245859
0.9005964214711729
0.8552021206096753
0.9565937707090788
0.8956262425447317
0.8936381709741551
0.87740225314778
0.8982770046388336
0.7372432074221339
0.9058979456593771
0.7627567925778661
0.6288933068257124
0.8893306825712393
0.05036447978793903
0.8916500994035785
0.6464546056991385
0.9317428760768721
0.6988071570576541
0.9453280318091452
0.8346587143803844
0.7829688535453942
0.9098740888005301
0.882703777335984
0.936050364479788
0.9347249834327369
0.7786613651424784
0.8356527501656726
0.8601722995361166
0.8214049039098741
0.9078860172299537
0.8436050364479788
0.818754141815772
0.8565275016567263
0.9327369118621603
0.925115970841617
0.9569251159708416
0.950960901259112
0.9446653412856196
0.9131875414181577
0.8727634194831014
0.9098740888005301
0.9363817097415507
0.8263750828363154
0.8499005964214712
0.8999337309476475
0.8996023856858847
0.9420145791915175
0.7677269715043075
0.8969516235917826
0.7405566600397614
0.8979456593770709
0.8860172299536117
0.8697813121272365
0.9135188866799204
0.6414844267726971
0.7876076872100729
0.8422796554009278
0.8996023856858847
0.776673293571902
0.7123923127899271
0.8353214049039098
0.8555334658714381
0.7786613651424784
0.8074884029158383
0.8724320742213386
0.8233929754804507
0.8764082173624917
0.8817097415506958
0.9161696487740225
0.9751491053677932
0.829688535453943
0.7080848243870113
0.8011928429423459
0.9088800530152419
0.8608349900596421
0.9370444002650762
0.9396951623591783
0.8207422133863486
0.7113982770046389
0.7922465208747514
0.8412856196156395
0.8442677269715043
0.0033134526176275677
0.8757455268389662
0.9058979456593771
0.8836978131212724
0.8532140490390987
0.885685884691849
0.8820410868124586
0.8747514910536779
0.7740225314777999
0.854208084824387
0.9821073558648111
0.8552021206096753
0.8525513585155732
0.8320079522862823
0.9005964214711729
0.8399602385685885
0.8459244532803181
0.7461895294897283
0.6835652750165673
0.9353876739562624
0.8631544068919814
0.911530815109344
0.8687872763419483
0.890987408880053
0.914181577203446
0.940026507620941
0.8442677269715043
0.901921802518224
0.8797216699801192
0.8333333333333334
0.8880053015241882
0.8227302849569251
0.9184890656063618
0.8711066931742876
0.9244532803180915
0.1815772034459907
0.8489065606361829
0.8793903247183565
0.916832339297548
0.820079522862823
0.8648111332007953
0.8134526176275679
0.8578528827037774
0.8906560636182903
0.882703777335984
0.8989396951623592
0.8634857521537442
0.9446653412856196
0.9294234592445328
0.8634857521537442
0.8820410868124586
0.9088800530152419
0.8048376408217363
0.9333996023856859
0.856858846918489
0.8982770046388336
0.9559310801855534
0.9562624254473161
0.9396951623591783
0.8936381709741551
0.8412856196156395
0.8939695162359178
0.851557322730285
0.8929754804506296
0.9410205434062293
0.9287607687210073
0.8591782637508284
0.901921802518224
0.8267064280980781
0.8873426110006627
0.7846255798542081
0.915506958250497
0.8876739562624254
0.9261100066269052
0.8976143141153081
0.892312789927104
0.8969516235917826
0.8601722995361166
0.8903247183565275
0.9218025182239894
0.8386348575215374
0.941351888667992
0.8906560636182903
0.9367130550033135
0.8886679920477137
0.8906560636182903
0.9655400927766733
0.8472498343273691
0.9473161033797217
0.8492379058979457
0.9201457919151756
0.9065606361829026
0.8449304174950298
0.9227965540092776
0.8300198807157058
0.9811133200795229
0.8667992047713717
0.9125248508946322
0.8379721669980119
0.866467859509609
0.8724320742213386
0.8144466534128562
0.8399602385685885
0.8737574552683897
0.8482438701126573
0.9274353876739563
0.7090788601722995
0.8863485752153745
0.8409542743538767
0.8624917163684559
0.8830351225977469
0.6895294897282969
0.9214711729622267
0.890987408880053
0.8091451292246521
0.8780649436713055
0.9135188866799204
0.904572564612326
0.9383697813121272
0.8084824387011266
0.9294234592445328
0.9095427435387674
0.13916500994035785
0.9559310801855534
0.8634857521537442
0.8383035122597747
0.8747514910536779
0.8906560636182903
0.914181577203446
0.9443339960238568
0.7514910536779325
0.8217362491716369
0.9058979456593771
0.93870112657389
0.8717693836978131
0.8144466534128562
0.8482438701126573
0.882703777335984
0.8585155732273029
0.9198144466534128
0.8714380384360504
0.81610337972167
0.9227965540092776
0.7978793903247183
0.9320742213386348
0.8747514910536779
0.8144466534128562
0.7796554009277668
0.9158383035122598
0.8979456593770709
0.8681245858184228
0.8455931080185554
0.9257786613651425
0.8989396951623592
0.723326706428098
0.8379721669980119
0.8326706428098078
0.8638170974155069
0.8164347249834327
0.9708416169648774
0.9092113982770046
0.1418157720344599
0.8929754804506296
0.26474486414844267
0.9546056991385024
0.8750828363154407
0.7538104705102717
0.975480450629556
0.7707090788601723
0.7471835652750166
0.8807157057654076
0.8512259774685222
0.9088800530152419
0.8972829688535454
0.8863485752153745
0.9002650762094102
0.8220675944333996
0.9310801855533466
0.17726971504307487
0.9363817097415507
0.9241219350563287
0.9062292909211398
0.7995361166335322
0.9353876739562624
0.8886679920477137
0.8277004638833665
0.8277004638833665
0.8658051689860835
0.8820410868124586
0.8972829688535454
0.8144466534128562
0.9333996023856859
0.831013916500994
0.8131212723658051
0.8416169648774022
0.8154406891981445
0.8803843605036448
0.8707753479125249
0.9512922465208747
0.8479125248508946
0.8535453943008615
0.889662027833002
0.8701126573889993
0.9029158383035123
0.9198144466534128
0.903247183565275
0.9380384360503645
0.8707753479125249
0.8131212723658051
0.844599072233267
0.9738237243207423
0.7753479125248509
0.9347249834327369
0.8356527501656726
0.8866799204771372
0.8986083499005965
0.904572564612326
0.8807157057654076
0.9675281643472499
0.6958250497017893
0.9357190192180251
0.8913187541418157
0.8933068257123923
0.8545394300861497
0.8422796554009278
0.8694499668654738
0.8581842279655401
0.8061630218687873
0.8697813121272365
0.9420145791915175
0.892312789927104
0.8253810470510272
0.9105367793240556
0.8780649436713055
0.9486414844267727
0.8518886679920478
0.87740225314778
0.8598409542743539
0.8273691186216037
0.9582504970178927
0.7975480450629556
0.8614976805831677
0.8793903247183565
0.8469184890656064
0.8956262425447317
0.963220675944334
0.7246520874751491
0.8797216699801192
0.8379721669980119
0.803843605036448
0.94831013916501
0.8886679920477137
0.8018555334658715
0.8555334658714381
0.9135188866799204
0.8724320742213386
0.8744201457919152
0.9539430086149768
0.8190854870775348
0.8121272365805169
0.9078860172299537
0.8611663353214049
0.9092113982770046
0.9174950298210736
0.9165009940357853
0.8439363817097415
0.8465871438038436
0.937375745526839
0.7650762094102055
0.8807157057654076
0.882703777335984
0.8740888005301524
0.028164347249834326
0.8926441351888668
0.9357190192180251
0.8919814446653412
0.8611663353214049
0.9072233267064281
0.8959575878064944
0.9131875414181577
0.7299536116633533
0.8313452617627568
0.8555334658714381
0.9333996023856859
0.8489065606361829
0.9638833664678595
0.9012591119946984
0.8889993373094764
0.899271040424122
0.9078860172299537
0.8946322067594433
0.9145129224652088
0.8131212723658051
0.9287607687210073
0.8555334658714381
0.9092113982770046
0.8134526176275679
0.9221338634857521
0.9320742213386348
0.8913187541418157
0.8767395626242545
0.8684559310801856
0.9002650762094102
0.8081510934393639
0.9628893306825712
0.8661365142478462
0.9161696487740225
0.9062292909211398
0.8949635520212061
0.8711066931742876
0.8469184890656064
0.8986083499005965
0.9380384360503645
0.903247183565275
0.8986083499005965
0.8545394300861497
0.8962889330682571
0.9095427435387674
0.9728296885354539
0.8426110006626906
0.8770709078860173
0.8508946322067594
0.9145129224652088
0.923790589794566
0.053015241882041084
0.8293571901921802
0.8952948972829688
0.9194831013916501
0.8949635520212061
0.8740888005301524
0.8217362491716369
0.8916500994035785
0.7690523525513585
0.8167660702451955
0.8648111332007953
0.6696487740225314
0.8754141815772034
0.8624917163684559
0.7852882703777336
0.8230616302186878
0.9271040424121935
0.8946322067594433
0.8055003313452618
0.9211398277004639
0.7876076872100729
0.7978793903247183
0.8204108681245859
0.940026507620941
0.8588469184890656
0.9343936381709742
0.8058316766070245
0.8744201457919152
0.9469847581179589
0.9668654738237243
0.8677932405566601
0.7382372432074221
0.8800530152418821
0.8094764744864148
0.8492379058979457
0.8807157057654076
0.9502982107355865
0.8982770046388336
0.8674618952948973
0.8697813121272365
0.790258449304175
0.8959575878064944
0.8273691186216037
0.8770709078860173
0.937375745526839
0.87740225314778
0.8830351225977469
0.9078860172299537
0.8250497017892644
0.9247846255798542
0.9118621603711067
0.8976143141153081
0.9108681245858185
0.7849569251159708
0.9098740888005301
0.8495692511597084
0.9585818422796554
0.8157720344599072
0.8754141815772034
0.9062292909211398
0.9665341285619615
0.9244532803180915
0.9095427435387674
0.8976143141153081
0.8916500994035785
0.9512922465208747
0.8962889330682571
0.8929754804506296
0.8194168323392975
0.9052352551358516
0.5006626905235255
0.8943008614976806
0.7829688535453942
0.7442014579191517
0.8482438701126573
0.9062292909211398
0.9131875414181577
0.777998674618953
0.7263088137839628
0.9085487077534792
0.914181577203446
0.903247183565275
0.8777335984095428
0.8134526176275679
0.8701126573889993
0.7919151756129887
0.8893306825712393
0.7773359840954275
0.8744201457919152
0.8926441351888668
0.8628230616302187
0.8863485752153745
0.9317428760768721
0.9330682571239232
0.7958913187541418
0.9088800530152419
0.8273691186216037
0.5811795891318754
0.8412856196156395
0.8913187541418157
0.752153744201458
0.9562624254473161
0.9042412193505633
0.7882703777335984
0.7279655400927767
0.7869449966865474
0.8681245858184228
0.7869449966865474
0.8217362491716369
0.8157720344599072
0.9546056991385024
0.9009277667329357
0.8117958913187542
0.9065606361829026
0.8764082173624917
0.9111994698475812
0.9466534128561962
0.9049039098740888
0.9191517561298873
0.7925778661365143
0.8074884029158383
0.8300198807157058
0.8233929754804507
0.8790589794565937
0.8489065606361829
0.9340622929092114
0.817428760768721
0.8933068257123923
0.9218025182239894
0.8810470510271703
0.8903247183565275
0.7905897945659377
0.7935719019218025
0.8330019880715706
0.92909211398277
0.8114645460569914
0.7905897945659377
0.7634194831013916
0.9231278992710404
0.7982107355864811
0.768389662027833
0.8472498343273691
0.9108681245858185
0.9049039098740888
0.9211398277004639
0.8677932405566601
0.8803843605036448
0.9324055666003976
0.8880053015241882
0.8966202783300199
0.8996023856858847
0.8853545394300861
0.8499005964214712
0.9062292909211398
0.9198144466534128
0.8939695162359178
0.8810470510271703
0.8061630218687873
0.8976143141153081
0.8578528827037774
0.8634857521537442
0.8843605036447979
0.9145129224652088
0.974155069582505
0.8041749502982107
0.9125248508946322
0.7624254473161034
0.8986083499005965
0.7730284956925116
0.07422133863485753
0.9635520212060967
0.805168986083499
0.9035785288270378
0.9506295559973492
0.8101391650099403
0.8306825712392313
0.8316766070245195
0.9184890656063618
0.9015904572564613
0.9486414844267727
0.8343273691186216
0.46355202120609673
0.9231278992710404
0.8535453943008615
0.8906560636182903
0.7630881378396289
0.8836978131212724
0.8545394300861497
0.9274353876739563
0.9098740888005301
0.9035785288270378
0.7925778661365143
0.7856196156394963
0.8227302849569251
0.8475811795891319
0.8913187541418157
0.9565937707090788
0.8330019880715706
0.8949635520212061
0.8996023856858847
0.904572564612326
0.8303512259774686
0.8628230616302187
0.9002650762094102
0.8422796554009278
0.8581842279655401
0.828363154406892
0.9396951623591783
0.9002650762094102
0.8952948972829688
0.8346587143803844
0.9473161033797217
0.8303512259774686
0.8386348575215374
0.866467859509609
0.8711066931742876
0.8144466534128562
0.8595096090125911
0.8326706428098078
0.9840954274353877
0.9025844930417495
0.9602385685884692
0.9224652087475149
0.8724320742213386
0.8876739562624254
0.9506295559973492
0.9198144466534128
0.6915175612988734
0.9479787939032471
0.8929754804506296
0.9271040424121935
0.8555334658714381
0.8800530152418821
0.9294234592445328
0.8674618952948973
0.8754141815772034
0.81610337972167
0.8611663353214049
0.8339960238568589
0.8141153081510935
0.7660702451954937
0.8936381709741551
0.7279655400927767
0.8800530152418821
0.8300198807157058
0.8744201457919152
0.9102054340622929
0.899271040424122
0.8601722995361166
0.8873426110006627
0.9721669980119284
0.925115970841617
0.9055666003976143
0.9466534128561962
0.7335984095427436
0.9058979456593771
0.8469184890656064
0.9042412193505633
0.8492379058979457
0.916832339297548
0.8976143141153081
0.8412856196156395
0.8926441351888668
0.7978793903247183
0.8306825712392313
0.9221338634857521
0.7027833001988072
0.05467196819085487
0.8843605036447979
0.9300861497680584
0.8740888005301524
0.854208084824387
0.7783300198807157
0.8959575878064944
0.8525513585155732
0.940026507620941
0.8518886679920478
0.7760106030483764
0.8383035122597747
0.8021868787276342
0.7703777335984096
0.8644797879390325
0.7418820410868124
0.8485752153744202
0.8966202783300199
0.8326706428098078
0.8343273691186216
0.9565937707090788
0.9837640821736249
0.7833001988071571
0.8807157057654076
0.8141153081510935
0.9131875414181577
0.7677269715043075
0.9058979456593771
0.8823724320742213
0.941351888667992
0.9423459244532804
0.8684559310801856
0.9324055666003976
0.9280980781974818
0.7239893969516236
0.9125248508946322
0.8555334658714381
0.9585818422796554
0.8624917163684559
0.9612326043737575
0.9088800530152419
0.8293571901921802
0.8949635520212061
0.8499005964214712
0.8913187541418157
0.9453280318091452
0.8303512259774686
0.8565275016567263
0.8783962889330682
0.8952948972829688
0.8591782637508284
0.7468522200132538
0.9088800530152419
0.8677932405566601
0.9396951623591783
0.8969516235917826
0.9049039098740888
0.9049039098740888
0.9267726971504308
0.8535453943008615
0.8843605036447979
0.8280318091451292
0.9125248508946322
0.9111994698475812
0.6891981444665342
0.8485752153744202
0.9728296885354539
0.7813121272365805
0.940026507620941
0.8946322067594433
0.8475811795891319
0.8996023856858847
0.9065606361829026
0.9035785288270378
0.8114645460569914
0.9393638170974155
0.8237243207422134
0.8674618952948973
0.8648111332007953
0.9022531477799868
0.7948972829688535
0.9075546719681908
0.832339297548045
0.9549370444002651
0.8585155732273029
0.8936381709741551
0.8836978131212724
0.9231278992710404
0.8336646785950961
0.7962226640159046
0.8422796554009278
0.8919814446653412
0.9410205434062293
0.9025844930417495
0.8969516235917826
0.8962889330682571
0.8628230616302187
0.8661365142478462
0.8595096090125911
0.8936381709741551
0.8691186216037111
0.8595096090125911
0.9357190192180251
0.9111994698475812
0.8919814446653412
0.9420145791915175
0.8293571901921802
0.8532140490390987
0.9138502319416832
0.8618290258449304
0.8489065606361829
0.9396951623591783
0.9165009940357853
0.7402253147779987
0.8986083499005965
0.854208084824387
0.8618290258449304
0.8184227965540093
0.9357190192180251
0.831013916500994
0.8356527501656726
0.8164347249834327
0.7289595758780649
0.9264413518886679
0.8886679920477137
0.9072233267064281
0.8999337309476475
0.952286282306163
0.9098740888005301
0.8866799204771372
0.9165009940357853
0.9158383035122598
0.7630881378396289
0.8492379058979457
0.8817097415506958
0.8591782637508284
0.8336646785950961
0.9396951623591783
0.8429423459244533
0.9489728296885355
0.8691186216037111
0.9254473161033797
0.9022531477799868
0.8946322067594433
0.9678595096090126
0.8677932405566601
0.7611000662690524
0.7329357190192181
0.7932405566600398
0.8157720344599072
0.7958913187541418
0.8694499668654738
0.8899933730947648
0.9025844930417495
0.8472498343273691
0.903247183565275
0.914181577203446
0.7630881378396289
0.9297548045062956
0.8866799204771372
0.8906560636182903
0.8436050364479788
0.9559310801855534
0.8823724320742213
0.9347249834327369
0.7836315440689198
0.7813121272365805
0.8903247183565275
0.7816434724983433
0.7216699801192843
0.8876739562624254
0.9297548045062956
0.8926441351888668
0.9158383035122598
0.8943008614976806
0.7859509609012592
0.8267064280980781
0.8565275016567263
0.8807157057654076
0.9015904572564613
0.915506958250497
0.7614314115308151
0.8721007289595759
0.9403578528827038
0.6848906560636183
0.9102054340622929
0.9546056991385024
0.8101391650099403
0.844599072233267
0.916832339297548
0.9628893306825712
0.7793240556660039
0.8850231941683234
0.9678595096090126
0.9178263750828363
0.9297548045062956
0.8326706428098078
0.9493041749502982
0.8979456593770709
0.9436713055003313
0.949635520212061
0.8058316766070245
0.9572564612326043
0.8048376408217363
0.802518223989397
0.7962226640159046
0.8919814446653412
0.9039098740888005
0.9337309476474487
0.7687210072895958
0.9105367793240556
0.8598409542743539
0.8313452617627568
0.8124585818422797
0.7395626242544732
0.8661365142478462
0.8880053015241882
0.8518886679920478
0.8545394300861497
0.914181577203446
0.8508946322067594
0.8959575878064944
0.9145129224652088
0.7783300198807157
0.8691186216037111
0.9009277667329357
0.9459907223326707
0.7514910536779325
0.5841616964877402
0.8502319416832339
0.803843605036448
0.8926441351888668
0.7770046388336647
0.8744201457919152
0.8760768721007289
0.9072233267064281
0.9095427435387674
0.8638170974155069
0.8962889330682571
0.8101391650099403
0.788933068257124
0.9131875414181577
0.6534128561961564
0.9052352551358516
0.9111994698475812
0.93870112657389
0.8575215374420145
0.949635520212061
0.9108681245858185
0.9218025182239894
0.9380384360503645
0.832339297548045
0.8180914512922465
0.8721007289595759
0.8621603711066932
0.9241219350563287
0.8088137839628893
0.831013916500994
0.8243870112657389
0.9062292909211398
0.7909211398277005
0.7846255798542081
0.805168986083499
0.9423459244532804
0.8230616302186878
0.9247846255798542
0.8618290258449304
0.8906560636182903
0.9158383035122598
0.828363154406892
0.8687872763419483
0.8455931080185554
0.856858846918489
0.7859509609012592
0.953611663353214
0.8677932405566601
0.6819085487077535
0.9294234592445328
0.829688535453943
0.8489065606361829
0.8429423459244533
0.7809807819748178
0.7922465208747514
0.8982770046388336
0.9512922465208747
0.8883366467859509
0.8373094764744864
0.892312789927104
0.803843605036448
0.9691848906560636
0.8449304174950298
0.8972829688535454
0.8916500994035785
0.8240556660039762
0.9184890656063618
0.8754141815772034
0.9005964214711729
0.8409542743538767
0.9267726971504308
0.8389662027833003
0.8667992047713717
0.8227302849569251
0.9443339960238568
0.7597746852220013
0.8412856196156395
0.8518886679920478
0.8764082173624917
0.8727634194831014
0.9042412193505633
0.9532803180914513
0.8552021206096753
0.8979456593770709
0.7932405566600398
0.8929754804506296
0.8943008614976806
0.8667992047713717
0.8538767395626242
0.8535453943008615
0.8518886679920478
0.8989396951623592
0.9125248508946322
0.9198144466534128
0.8058316766070245
0.9035785288270378
0.9022531477799868
0.7972166998011928
0.7866136514247847
0.889662027833002
0.870444002650762
0.8611663353214049
0.7382372432074221
0.8694499668654738
0.5934393638170974
0.8641484426772698
0.776673293571902
0.8326706428098078
0.8916500994035785
0.9118621603711067
0.8618290258449304
0.8240556660039762
0.9708416169648774
0.7965540092776673
0.8979456593770709
0.8982770046388336
0.9174950298210736
0.9082173624917164
0.8190854870775348
0.9085487077534792
0.5603048376408217
0.8989396951623592
0.7866136514247847
0.8429423459244533
0.866467859509609
0.904572564612326
0.7630881378396289
0.7524850894632207
0.9138502319416832
0.8223989396951623
0.8114645460569914
0.9380384360503645
0.8303512259774686
0.9420145791915175
0.8532140490390987
0.6487740225314778
0.9532803180914513
0.9565937707090788
0.9135188866799204
0.8518886679920478
0.8979456593770709
0.9426772697150431
0.7876076872100729
0.8545394300861497
0.854208084824387
0.8760768721007289
0.7246520874751491
0.9711729622266402
0.899271040424122
0.8976143141153081
0.9088800530152419
0.9148442677269715
0.9131875414181577
0.9294234592445328
0.32007952286282304
0.9039098740888005
0.892312789927104
0.892312789927104
0.8134526176275679
0.8223989396951623
0.7849569251159708
0.8240556660039762
0.9758117958913187
0.8750828363154407
0.8502319416832339
0.8936381709741551
0.9519549370444003
0.8141153081510935
0.6196156394963552
0.915506958250497
0.9092113982770046
0.10901259111994699
0.9350563286944996
0.8936381709741551
0.8535453943008615
0.8260437375745527
0.8760768721007289
0.9082173624917164
0.7922465208747514
0.9396951623591783
0.7710404241219351
0.8522200132538105
0.8840291583830351
0.9443339960238568
0.840622929092114
0.882703777335984
0.8217362491716369
0.8962889330682571
0.8671305500331346
0.9092113982770046
0.788933068257124
0.7816434724983433
0.8624917163684559
0.7200132538104705
0.9469847581179589
0.780649436713055
0.8399602385685885
0.8906560636182903
0.9701789264413518
0.9012591119946984
0.8711066931742876
0.9585818422796554
0.8810470510271703
0.8469184890656064
0.9552683896620279
0.8598409542743539
0.8253810470510272
0.8257123923127899
0.9039098740888005
0.8919814446653412
0.9198144466534128
0.8552021206096753
0.9615639496355202
0.9194831013916501
0.7468522200132538
0.794234592445328
0.8518886679920478
0.9300861497680584
0.9135188866799204
0.8267064280980781
0.6746189529489728
0.9068919814446653
0.9092113982770046
0.8376408217362492
0.8833664678595096
0.7856196156394963
0.7958913187541418
0.9095427435387674
0.8996023856858847
0.8316766070245195
0.8889993373094764
0.7829688535453942
0.914181577203446
0.7620941020543406
0.94831013916501
0.8783962889330682
0.8108018555334658
0.781974817760106
0.8552021206096753
0.7408880053015242
0.8204108681245859
0.7985420808482439
0.8300198807157058
0.9098740888005301
0.7872763419483101
0.8671305500331346
0.7736911862160372
0.9340622929092114
0.8714380384360504
0.8823724320742213
0.7498343273691186
0.9118621603711067
0.8432736911862161
0.870444002650762
0.8512259774685222
0.8326706428098078
0.8220675944333996
0.8565275016567263
0.8667992047713717
0.8986083499005965
0.9118621603711067
0.9221338634857521
0.8601722995361166
0.7909211398277005
0.889662027833002
0.9002650762094102
0.9257786613651425
0.9367130550033135
0.8803843605036448
0.8402915838303512
0.8846918489065606
0.9082173624917164
0.831013916500994
0.8661365142478462
0.9227965540092776
0.9025844930417495
0.8889993373094764
0.9042412193505633
0.9353876739562624
0.9261100066269052
0.9466534128561962
0.6722995361166335
0.8611663353214049
0.840622929092114
0.914181577203446
0.8286944996686547
0.9824387011265739
0.7833001988071571
0.807819748177601
0.9377070907886017
0.8535453943008615
0.8141153081510935
0.8462557985420809
0.9764744864148442
0.8581842279655401
0.9390324718356527
0.885685884691849
0.8800530152418821
0.9062292909211398
0.8545394300861497
0.5394300861497681
0.8807157057654076
0.9095427435387674
0.8316766070245195
0.8916500994035785
0.9065606361829026
0.7912524850894632
0.8853545394300861
0.7852882703777336
0.87740225314778
0.9675281643472499
0.8555334658714381
0.9446653412856196
0.914181577203446
0.8167660702451955
0.8800530152418821
0.7859509609012592
0.9532803180914513
0.854208084824387
0.757455268389662
0.7372432074221339
0.8489065606361829
0.8359840954274353
0.9012591119946984
0.87740225314778
0.9244532803180915
0.9529489728296885
0.7339297548045063
0.8903247183565275
0.8989396951623592
0.8455931080185554
0.8760768721007289
0.9158383035122598
0.8783962889330682
0.8277004638833665
0.8982770046388336
0.8154406891981445
0.8204108681245859
0.9314115308151093
0.9211398277004639
0.9572564612326043
0.9287607687210073
0.8684559310801856
0.901921802518224
0.8581842279655401
0.8485752153744202
0.9254473161033797
0.9145129224652088
0.9204771371769384
0.9609012591119946
0.9466534128561962
0.8853545394300861
0.8522200132538105
0.9542743538767395
0.9005964214711729
0.8740888005301524
0.9015904572564613
0.9333996023856859
0.8956262425447317
0.8369781312127237
0.9105367793240556
0.9304174950298211
0.9469847581179589
0.9357190192180251
0.87740225314778
0.8545394300861497
0.9426772697150431
0.8386348575215374
0.8903247183565275
0.8366467859509609
0.9102054340622929
0.8472498343273691
0.8485752153744202
0.8124585818422797
0.8926441351888668
0.9131875414181577
0.7773359840954275
0.8800530152418821
0.8469184890656064
0.9267726971504308
0.8724320742213386
0.8561961563949636
0.8525513585155732
0.8214049039098741
0.9370444002650762
0.9049039098740888
0.9165009940357853
0.9105367793240556
0.9628893306825712
0.8807157057654076
0.8601722995361166
0.7382372432074221
0.9072233267064281
0.9072233267064281
0.9267726971504308
0.8936381709741551
0.7554671968190855
0.8707753479125249
0.8611663353214049
0.8555334658714381
0.8353214049039098
0.8525513585155732
0.8339960238568589
0.8949635520212061
0.8253810470510272
0.9330682571239232
0.8803843605036448
0.5732273028495692
0.9227965540092776
0.9201457919151756
0.9516235917826376
0.8552021206096753
0.8552021206096753
0.9390324718356527
0.7667329357190192
0.8876739562624254
0.9058979456593771
0.7750165672630881
0.8462557985420809
0.9035785288270378
0.8339960238568589
0.8277004638833665
0.8939695162359178
0.9121935056328695
0.8744201457919152
0.8793903247183565
0.7140490390987408
0.8475811795891319
0.9353876739562624
0.8790589794565937
0.9761431411530815
0.8638170974155069
0.8747514910536779
0.7992047713717694
0.878727634194831
0.9181577203445991
0.8008614976805831
0.8721007289595759
0.9085487077534792
0.9261100066269052
0.9039098740888005
0.8873426110006627
0.7793240556660039
0.914181577203446
0.8432736911862161
0.890987408880053
0.8545394300861497
0.7770046388336647
0.912856196156395
0.9320742213386348
0.9317428760768721
0.8976143141153081
0.7862823061630219
0.8170974155069582
0.7650762094102055
0.9734923790589795
0.940026507620941
0.8157720344599072
0.8074884029158383
0.8333333333333334
0.9731610337972167
0.8479125248508946
0.8204108681245859
0.87740225314778
0.9645460569913851
0.7084161696487741
0.9072233267064281
0.9695162359178264
0.9234592445328031
0.9088800530152419
0.8356527501656726
0.8475811795891319
0.9095427435387674
0.8956262425447317
0.9241219350563287
0.803843605036448
0.7508283631544069
0.8575215374420145
0.8426110006626906
0.829688535453943
0.8339960238568589
0.7743538767395626
0.8518886679920478
0.8346587143803844
0.9012591119946984
0.927766732935719
0.9015904572564613
0.8575215374420145
0.8588469184890656
0.8386348575215374
0.8061630218687873
0.8091451292246521
0.9271040424121935
0.9297548045062956
0.9025844930417495
0.8674618952948973
0.8306825712392313
0.8933068257123923
0.9738237243207423
0.912856196156395
0.8111332007952287
0.9005964214711729
0.9532803180914513
0.9241219350563287
0.9052352551358516
0.7905897945659377
0.8737574552683897
0.851557322730285
0.6504307488402916
0.8889993373094764
0.9194831013916501
0.8290258449304175
0.889662027833002
0.8906560636182903
0.9347249834327369
0.8595096090125911
0.9078860172299537
0.9542743538767395
0.8972829688535454
0.8098078197481776
0.7886017229953611
0.8982770046388336
0.7306163021868787
0.8088137839628893
0.8740888005301524
0.866467859509609
0.8760768721007289
0.8976143141153081
0.94831013916501
0.8939695162359178
0.8518886679920478
0.8462557985420809
0.780649436713055
0.27501656726308815
0.9585818422796554
0.9254473161033797
0.953611663353214
0.7905897945659377
0.9453280318091452
0.7720344599072233
0.9363817097415507
0.8880053015241882
0.9340622929092114
0.9304174950298211
0.7998674618952949
0.885685884691849
0.8929754804506296
0.827037773359841
0.8714380384360504
0.8538767395626242
0.8455931080185554
0.7647448641484427
0.8233929754804507
0.7422133863485753
0.8565275016567263
0.5470510271703115
0.8605036447978794
0.7786613651424784
0.9320742213386348
0.776673293571902
0.8757455268389662
0.9489728296885355
0.9211398277004639
0.8432736911862161
0.8465871438038436
0.92909211398277
0.852882703777336
0.9158383035122598
0.8677932405566601
0.818754141815772
0.7856196156394963
0.8233929754804507
0.9609012591119946
0.9423459244532804
0.8475811795891319
0.8999337309476475
0.936050364479788
0.8691186216037111
0.9204771371769384
0.9002650762094102
0.9085487077534792
0.9005964214711729
0.8969516235917826
0.8376408217362492
0.9771371769383698
0.8522200132538105
0.9499668654738237
0.8525513585155732
0.9446653412856196
0.8257123923127899
0.8853545394300861
0.7243207422133864
0.8694499668654738
0.9015904572564613
0.8933068257123923
0.8687872763419483
0.873426110006627
0.7634194831013916
0.8880053015241882
0.8184227965540093
0.8817097415506958
0.8194168323392975
0.9068919814446653
0.9257786613651425
0.7534791252485089
0.7372432074221339
0.9377070907886017
0.8552021206096753
0.7982107355864811
0.15705765407554673
0.8399602385685885
0.8956262425447317
0.8154406891981445
0.8015241882041086
0.8687872763419483
0.936050364479788
0.9758117958913187
0.742544731610338
0.7634194831013916
0.911530815109344
0.9211398277004639
0.8210735586481114
0.8320079522862823
0.8263750828363154
0.8598409542743539
0.820079522862823
0.8757455268389662
0.8286944996686547
0.9151756129887343
0.8949635520212061
0.8277004638833665
0.9353876739562624
0.8936381709741551
0.780649436713055
0.916832339297548
0.8634857521537442
0.9542743538767395
0.8267064280980781
0.73558648111332
0.7770046388336647
0.8863485752153745
0.7985420808482439
0.890987408880053
0.27634194831013914
0.8359840954274353
0.820079522862823
0.8840291583830351
0.7809807819748178
0.9271040424121935
0.9058979456593771
0.9294234592445328
0.949635520212061
0.8866799204771372
0.7895957587806495
0.8969516235917826
0.6550695825049702
0.9569251159708416
0.9072233267064281
0.9380384360503645
0.9456593770709079
0.9377070907886017
0.9297548045062956
0.916832339297548
0.9337309476474487
0.9108681245858185
0.8757455268389662
0.8552021206096753
0.9582504970178927
0.8982770046388336
0.8257123923127899
0.9310801855533466
0.9333996023856859
0.9105367793240556
0.9602385685884692
0.7945659377070908
0.9241219350563287
0.9330682571239232
0.8883366467859509
0.7756792577866136
0.9294234592445328
0.8836978131212724
0.7922465208747514
0.9052352551358516
0.7982107355864811
0.8860172299536117
0.8860172299536117
0.8366467859509609
0.8750828363154407
0.9622266401590457
0.9204771371769384
0.9068919814446653
0.8356527501656726
0.949635520212061
0.8084824387011266
0.8313452617627568
0.8018555334658715
0.780649436713055
0.756129887342611
0.6858846918489065
0.8996023856858847
0.7620941020543406
0.8409542743538767
0.8253810470510272
0.8714380384360504
0.9609012591119946
0.8111332007952287
0.8326706428098078
0.8883366467859509
0.8840291583830351
0.8422796554009278
0.9367130550033135
0.9098740888005301
0.9218025182239894
0.856858846918489
0.7886017229953611
0.9214711729622267
0.7866136514247847
0.8303512259774686
0.9002650762094102
0.873426110006627
0.9211398277004639
0.8999337309476475
0.8634857521537442
0.8363154406891982
0.9377070907886017
0.7895957587806495
0.9145129224652088
0.8578528827037774
0.912856196156395
0.8137839628893306
0.7922465208747514
0.9350563286944996
0.7594433399602386
0.9440026507620941
0.8399602385685885
0.8422796554009278
0.9324055666003976
0.8760768721007289
0.9108681245858185
0.8210735586481114
0.7166998011928429
0.048707753479125246
0.8760768721007289
0.899271040424122
0.8585155732273029
0.9330682571239232
0.8926441351888668
0.05168986083499006
0.885685884691849
0.8240556660039762
0.9324055666003976
0.8939695162359178
0.8223989396951623
0.8764082173624917
0.7412193505632869
0.9111994698475812
0.9072233267064281
0.8469184890656064
0.8671305500331346
0.8624917163684559
0.9029158383035123
0.8949635520212061
0.8180914512922465
0.8243870112657389
0.9469847581179589
0.914181577203446
0.8436050364479788
0.9642147117296223
0.9602385685884692
0.9330682571239232
0.7557985420808483
0.8956262425447317
0.7213386348575216
0.5957587806494367
0.8860172299536117
0.87740225314778
0.8429423459244533
0.7760106030483764
0.9294234592445328
0.8876739562624254
0.8031809145129225
0.882703777335984
0.8455931080185554
0.7664015904572564
0.9224652087475149
0.8018555334658715
0.8770709078860173
0.8439363817097415
0.7157057654075547
0.8154406891981445
0.7657388999337309
0.8028495692511597
0.841948310139165
0.8850231941683234
0.8823724320742213
0.8595096090125911
0.8714380384360504
0.777998674618953
0.8545394300861497
0.8853545394300861
0.8770709078860173
0.7332670642809808
0.8286944996686547
0.7680583167660703
0.8701126573889993
0.8614976805831677
0.9005964214711729
0.7518223989396952
0.8611663353214049
0.8691186216037111
0.8754141815772034
0.777998674618953
0.8058316766070245
0.8512259774685222
0.8055003313452618
0.8088137839628893
0.9158383035122598
0.9532803180914513
0.8780649436713055
0.8873426110006627
0.7846255798542081
0.916832339297548
0.730284956925116
0.8021868787276342
0.9287607687210073
0.8936381709741551
0.9562624254473161
0.9297548045062956
0.792909211398277
0.8489065606361829
0.7597746852220013
0.8949635520212061
0.9267726971504308
0.9062292909211398
0.9506295559973492
0.7107355864811133
0.949635520212061
0.8797216699801192
0.9025844930417495
0.8962889330682571
0.9294234592445328
0.9062292909211398
0.8558648111332008
0.8552021206096753
0.9310801855533466
0.9526176275679258
0.9446653412856196
0.8760768721007289
0.8144466534128562
0.8035122597746852
0.7620941020543406
0.8326706428098078
0.8591782637508284
0.7789927104042412
0.7813121272365805
0.940026507620941
0.856858846918489
0.7720344599072233
0.8595096090125911
0.9744864148442677
0.8459244532803181
0.8730947647448641
0.8571901921802518
0.9178263750828363
0.9257786613651425
0.9148442677269715
0.870444002650762
0.8836978131212724
0.7034459907223327
0.8313452617627568
0.9231278992710404
0.9307488402915838
0.963220675944334
0.7756792577866136
0.9039098740888005
0.9178263750828363
0.9605699138502319
0.8442677269715043
0.8207422133863486
0.92909211398277
0.8001988071570576
0.8578528827037774
0.8326706428098078
0.9440026507620941
0.9165009940357853
0.9493041749502982
0.8916500994035785
0.7852882703777336
0.9092113982770046
0.93870112657389
0.8800530152418821
0.8677932405566601
0.9317428760768721
0.8131212723658051
0.8001988071570576
0.730284956925116
0.9151756129887343
0.9158383035122598
0.9565937707090788
0.8926441351888668
0.626573889993373
0.9184890656063618
0.9542743538767395
0.904572564612326
0.8790589794565937
0.8986083499005965
0.8220675944333996
0.9758117958913187
0.7813121272365805
0.927766732935719
0.844599072233267
0.9267726971504308
0.9042412193505633
0.8409542743538767
0.936050364479788
0.9072233267064281
0.8306825712392313
0.8134526176275679
0.7123923127899271
0.8654738237243207
0.828363154406892
0.8028495692511597
0.8021868787276342
0.8485752153744202
0.8860172299536117
0.8850231941683234
0.8694499668654738
0.9512922465208747
0.8740888005301524
0.8197481776010603
0.7736911862160372
0.9118621603711067
0.7882703777335984
0.8770709078860173
0.7952286282306164
0.7620941020543406
0.9029158383035123
0.8545394300861497
0.9254473161033797
0.8631544068919814
0.9058979456593771
0.9009277667329357
0.9274353876739563
0.8694499668654738
0.8919814446653412
0.9049039098740888
0.9062292909211398
0.8658051689860835
0.8306825712392313
0.9078860172299537
0.8681245858184228
0.820079522862823
0.912856196156395
0.7945659377070908
0.8694499668654738
0.878727634194831
0.8363154406891982
0.8982770046388336
0.903247183565275
0.8180914512922465
0.9274353876739563
0.9367130550033135
0.8134526176275679
0.8694499668654738
0.8770709078860173
0.8081510934393639
0.8306825712392313
0.9539430086149768
0.8462557985420809
0.8767395626242545
0.8538767395626242
0.854208084824387
0.742544731610338
0.852882703777336
0.8843605036447979
0.9271040424121935
0.8154406891981445
0.9075546719681908
0.052352551358515576
0.8021868787276342
0.9118621603711067
0.8008614976805831
0.8479125248508946
0.9058979456593771
0.8863485752153745
0.9406891981444665
0.8336646785950961
0.74519549370444
0.8489065606361829
0.8976143141153081
0.903247183565275
0.8724320742213386
0.9015904572564613
0.8614976805831677
0.8114645460569914
0.925115970841617
0.817428760768721
0.9102054340622929
0.8820410868124586
0.9708416169648774
0.9088800530152419
0.827037773359841
0.9615639496355202
0.8571901921802518
0.7988734261100067
0.8727634194831014
0.8976143141153081
0.8996023856858847
0.8913187541418157
0.7882703777335984
0.9254473161033797
0.8555334658714381
0.9088800530152419
0.6454605699138503
0.8956262425447317
0.9201457919151756
0.8850231941683234
0.8469184890656064
0.9145129224652088
0.9105367793240556
0.9055666003976143
0.9208084824387012
0.8966202783300199
0.9406891981444665
0.768389662027833
0.8783962889330682
0.8432736911862161
0.8227302849569251
0.8860172299536117
0.9357190192180251
0.856858846918489
0.8439363817097415
0.8379721669980119
0.7886017229953611
0.9648774022531478
0.8290258449304175
0.9092113982770046
0.8479125248508946
0.8730947647448641
0.8462557985420809
0.889662027833002
0.9221338634857521
0.7793240556660039
0.912856196156395
0.7611000662690524
0.9012591119946984
0.882703777335984
0.8552021206096753
0.8916500994035785
0.9370444002650762
0.8214049039098741
0.8913187541418157
0.8817097415506958
0.8227302849569251
0.9353876739562624
0.8800530152418821
0.8452617627567925
0.8545394300861497
0.7723658051689861
0.8280318091451292
0.8989396951623592
0.9121935056328695
0.8277004638833665
0.8267064280980781
0.9343936381709742
0.8518886679920478
0.8151093439363817
0.8780649436713055
0.9254473161033797
0.8121272365805169
0.8565275016567263
0.5238568588469185
0.8893306825712393
0.8575215374420145
0.8379721669980119
0.8518886679920478
0.8376408217362492
0.8333333333333334
0.892312789927104
0.8767395626242545
0.9665341285619615
0.7677269715043075
0.8416169648774022
0.8028495692511597
0.9711729622266402
0.9181577203445991
0.8144466534128562
0.9058979456593771
0.9012591119946984
0.7982107355864811
0.8780649436713055
0.9314115308151093
0.8760768721007289
0.9105367793240556
0.828363154406892
0.953611663353214
0.7770046388336647
0.8134526176275679
0.788933068257124
0.941351888667992
0.9261100066269052
0.8532140490390987
0.8598409542743539
0.9691848906560636
0.989065606361829
0.8243870112657389
0.9284294234592445
0.914181577203446
0.8177601060304838
0.8962889330682571
0.8121272365805169
0.8402915838303512
0.747846255798542
0.8578528827037774
0.9801192842942346
0.8850231941683234
0.8561961563949636
0.9284294234592445
0.8939695162359178
0.9546056991385024
0.7090788601722995
0.7919151756129887
0.8740888005301524
0.9420145791915175
0.899271040424122
0.941351888667992
0.9582504970178927
0.9247846255798542
0.8661365142478462
0.7650762094102055
0.9257786613651425
0.8956262425447317
0.9493041749502982
0.9363817097415507
0.9181577203445991
0.7998674618952949
0.9039098740888005
0.9125248508946322
0.8962889330682571
0.916832339297548
0.9145129224652088
0.9459907223326707
0.9479787939032471
0.9082173624917164
0.9247846255798542
0.8972829688535454
0.9542743538767395
0.9221338634857521
0.9198144466534128
0.6666666666666666
0.9102054340622929
0.9668654738237243
0.8293571901921802
0.7279655400927767
0.8800530152418821
0.9125248508946322
0.8757455268389662
0.8598409542743539
0.9131875414181577
0.9214711729622267
0.9009277667329357
0.911530815109344
0.8833664678595096
0.9333996023856859
0.8641484426772698
0.8555334658714381
0.9668654738237243
0.8449304174950298
0.9271040424121935
0.8164347249834327
0.7849569251159708
0.8873426110006627
0.967196819085487
0.9015904572564613
0.9320742213386348
0.790258449304175
0.9204771371769384
0.9264413518886679
0.9072233267064281
0.8730947647448641
0.8711066931742876
0.8684559310801856
0.873426110006627
0.8691186216037111
0.7388999337309476
0.9102054340622929
0.8114645460569914
0.8644797879390325
0.8356527501656726
0.7667329357190192
0.9274353876739563
0.8721007289595759
0.7667329357190192
0.8101391650099403
0.916832339297548
0.9055666003976143
0.8286944996686547
0.890987408880053
0.8611663353214049
0.807819748177601
0.9208084824387012
0.9022531477799868
0.925115970841617
0.7041086812458582
0.9227965540092776
0.8840291583830351
0.9151756129887343
0.8316766070245195
0.9748177601060305
0.8048376408217363
0.8770709078860173
0.8260437375745527
0.9297548045062956
0.9426772697150431
0.8949635520212061
0.8810470510271703
0.8303512259774686
0.9333996023856859
0.8273691186216037
0.9062292909211398
0.7895957587806495
0.7113982770046389
0.8644797879390325
0.831013916500994
0.9025844930417495
0.8674618952948973
0.8326706428098078
0.9224652087475149
0.8952948972829688
0.8976143141153081
0.8482438701126573
0.8976143141153081
0.8492379058979457
0.9453280318091452
0.9055666003976143
0.9078860172299537
0.8687872763419483
0.7720344599072233
0.8939695162359178
0.8124585818422797
0.912856196156395
0.8220675944333996
0.8946322067594433
0.912856196156395
0.8999337309476475
0.8180914512922465
0.7945659377070908
0.7405566600397614
0.9108681245858185
0.7594433399602386
0.8068257123923128
0.8916500994035785
0.8545394300861497
0.8790589794565937
0.9075546719681908
0.9327369118621603
0.8754141815772034
0.8962889330682571
0.8108018555334658
0.9247846255798542
0.9148442677269715
0.7707090788601723
0.9320742213386348
0.7998674618952949
0.11862160371106693
0.7594433399602386
0.8230616302186878
0.9145129224652088
0.6414844267726971
0.8595096090125911
0.8903247183565275
0.8061630218687873
0.803843605036448
0.9440026507620941
0.8972829688535454
0.9516235917826376
0.8074884029158383
0.7776673293571902
0.8840291583830351
0.839297548045063
0.952286282306163
0.7673956262425448
0.937375745526839
0.18091451292246521
0.7948972829688535
0.885685884691849
0.8449304174950298
0.8383035122597747
0.8687872763419483
0.9105367793240556
0.8813783962889331
0.9092113982770046
0.8803843605036448
0.81610337972167
0.8780649436713055
0.8485752153744202
0.7958913187541418
0.8671305500331346
0.9227965540092776
0.890987408880053
0.8956262425447317
0.9125248508946322
0.892312789927104
0.8184227965540093
0.8495692511597084
0.7660702451954937
0.9015904572564613
0.8797216699801192
0.8966202783300199
0.9234592445328031
0.8777335984095428
0.8694499668654738
0.9310801855533466
0.8724320742213386
0.9473161033797217
0.8028495692511597
0.8538767395626242
0.8764082173624917
0.9095427435387674
0.8691186216037111
0.7915838303512259
0.8667992047713717
0.9218025182239894
0.768389662027833
0.9489728296885355
0.8707753479125249
0.856858846918489
0.8462557985420809
0.8578528827037774
0.8684559310801856
0.9098740888005301
0.8502319416832339
0.961895294897283
0.9433399602385686
0.8810470510271703
0.8843605036447979
0.9850894632206759
0.9012591119946984
0.4569251159708416
0.961895294897283
0.8462557985420809
0.8412856196156395
0.8585155732273029
0.6275679257786614
0.8167660702451955
0.9393638170974155
0.9320742213386348
0.9420145791915175
0.9194831013916501
0.8320079522862823
0.8750828363154407
0.7508283631544069
0.8280318091451292
0.8962889330682571
0.8730947647448641
0.8141153081510935
0.9181577203445991
0.8830351225977469
0.9665341285619615
0.8383035122597747
0.903247183565275
0.9559310801855534
0.9363817097415507
0.8220675944333996
0.8966202783300199
0.7680583167660703
0.8581842279655401
0.9145129224652088
0.9221338634857521
0.8810470510271703
0.8499005964214712
0.7670642809807819
0.003976143141153081
0.8840291583830351
0.890987408880053
0.7915838303512259
0.9552683896620279
0.9224652087475149
0.8919814446653412
0.8846918489065606
0.8959575878064944
0.8389662027833003
0.6110006626905236
0.8707753479125249
0.8505632869449967
0.8780649436713055
0.7909211398277005
0.8356527501656726
0.8081510934393639
0.9347249834327369
0.9049039098740888
0.9125248508946322
0.8429423459244533
0.7726971504307488
0.882703777335984
0.9377070907886017
0.8919814446653412
0.7750165672630881
0.851557322730285
0.7488402915838304
0.904572564612326
0.8127899271040424
0.8916500994035785
0.870444002650762
0.9327369118621603
0.8233929754804507
0.8969516235917826
