0.4808724832214765
0.5966442953020135
0.8406040268456376
0.7704697986577181
0.7671140939597315
0.7536912751677852
0.775503355704698
0.8073825503355705
0.9104026845637584
0.8788590604026846
0.10335570469798658
0.7171140939597316
0.7520134228187919
0.7332214765100671
0.8261744966442953
0.8832214765100671
0.7493288590604027
0.8184563758389262
0.6523489932885906
0.8057046979865772
0.6651006711409396
0.7768456375838926
0.6845637583892618
0.7781879194630873
0.864765100671141
0.7721476510067115
0.7976510067114094
0.761744966442953
0.7338926174496644
0.9043624161073825
0.7604026845637584
0.7983221476510067
0.8402684563758389
0.6983221476510068
0.8456375838926175
0.7791946308724832
0.8100671140939597
0.7040268456375839
0.8298657718120805
0.8909395973154363
0.859731543624161
0.7885906040268457
0.7573825503355704
0.7906040268456376
0.7812080536912752
0.797986577181208
0.7583892617449665
0.7543624161073825
0.6953020134228188
0.6815436241610738
0.7701342281879194
0.8402684563758389
0.8144295302013422
0.7201342281879195
0.8496644295302014
0.7557046979865771
0.5909395973154362
0.7335570469798658
0.8338926174496645
0.8446308724832214
0.7651006711409396
0.7503355704697987
0.837248322147651
0.7288590604026846
0.85
0.7318791946308725
0.6805369127516778
0.7479865771812081
0.7741610738255034
0.8174496644295302
0.8899328859060402
0.7214765100671141
0.763758389261745
0.6942953020134228
0.7305369127516779
0.8419463087248322
0.9197986577181209
0.8177852348993289
0.8053691275167785
0.9060402684563759
0.7842281879194631
0.6989932885906041
0.862751677852349
0.7429530201342281
0.7620805369127517
0.8080536912751678
0.7838926174496644
0.7506711409395973
0.7546979865771812
0.9231543624161074
0.8805369127516779
0.6919463087248322
0.824496644295302
0.7553691275167785
0.7604026845637584
0.8550335570469799
0.9140939597315436
0.8067114093959732
0.8342281879194631
0.7604026845637584
0.8728187919463087
0.8144295302013422
0.7899328859060403
0.7751677852348994
0.8456375838926175
0.6818791946308724
0.7567114093959731
0.8124161073825503
0.7348993288590604
0.7281879194630873
0.7385906040268456
0.08892617449664429
0.7697986577181208
0.7701342281879194
0.7818791946308725
0.7936241610738255
0.815771812080537
0.7298657718120806
0.6791946308724832
0.7815436241610738
0.9110738255033557
0.6194630872483221
0.7822147651006711
0.8996644295302013
0.8147651006711409
0.7922818791946309
0.7738255033557047
0.7969798657718121
0.8503355704697987
0.8312080536912752
0.8100671140939597
0.8328859060402685
0.9087248322147651
0.7795302013422819
0.8573825503355704
0.8073825503355705
0.7691275167785235
0.8097315436241611
0.6379194630872483
0.6778523489932886
0.7050335570469799
0.7151006711409396
0.8046979865771812
0.7916107382550336
0.724496644295302
0.7781879194630873
0.8137583892617449
0.7838926174496644
0.6332214765100671
0.8949664429530201
0.8375838926174497
0.5906040268456376
0.8348993288590604
0.7114093959731543
0.8194630872483222
0.8325503355704698
0.9328859060402684
0.7795302013422819
0.7875838926174497
0.7654362416107383
0.8379194630872483
0.8181208053691276
0.7942953020134228
0.7530201342281879
0.7526845637583892
0.6869127516778524
0.7855704697986577
0.7392617449664429
0.8681208053691275
0.934228187919463
0.8932885906040269
0.8479865771812081
0.8201342281879195
0.7214765100671141
0.7661073825503356
0.7409395973154362
0.7647651006711409
0.738255033557047
0.7483221476510067
0.7909395973154363
0.9053691275167786
0.824496644295302
0.7466442953020134
0.7684563758389261
0.7127516778523489
0.7825503355704698
0.751006711409396
0.8711409395973154
0.887248322147651
0.6959731543624161
0.9157718120805369
0.8100671140939597
0.8865771812080537
0.7520134228187919
0.8016778523489932
0.8489932885906041
0.8473154362416108
0.7828859060402684
0.8402684563758389
0.6144295302013423
0.6909395973154362
0.7406040268456375
0.7513422818791946
0.7533557046979866
0.8184563758389262
0.8583892617449664
0.8083892617449664
0.7080536912751678
0.7345637583892617
0.7912751677852349
0.7486577181208054
0.7661073825503356
0.8513422818791946
0.8369127516778524
0.8275167785234899
0.7546979865771812
0.7959731543624161
0.8070469798657718
0.75
0.6439597315436242
0.8194630872483222
0.6694630872483222
0.8033557046979866
0.7533557046979866
0.8526845637583893
0.7875838926174497
0.6734899328859061
0.8298657718120805
0.6389261744966444
0.7691275167785235
0.7483221476510067
0.7771812080536913
0.8060402684563759
0.6879194630872483
0.8439597315436241
0.7476510067114094
0.6711409395973155
0.7540268456375839
0.802013422818792
0.7771812080536913
0.9006711409395973
0.8825503355704698
0.8721476510067114
0.7610738255033557
0.9177852348993288
0.7016778523489933
0.7667785234899329
0.728523489932886
0.7865771812080536
0.812751677852349
0.860738255033557
0.7832214765100671
0.8406040268456376
0.9456375838926174
0.7167785234899329
0.8090604026845638
0.7684563758389261
0.8171140939597316
0.851006711409396
0.7536912751677852
0.8697986577181208
0.72751677852349
0.8728187919463087
0.7345637583892617
0.8674496644295302
0.7003355704697987
0.7758389261744967
0.7043624161073826
0.7768456375838926
0.7073825503355705
0.7077181208053691
0.7748322147651007
0.7912751677852349
0.7895973154362416
0.7570469798657719
0.7845637583892617
0.6724832214765101
0.8003355704697986
0.8191275167785235
0.9721476510067114
0.7842281879194631
0.7644295302013423
0.789261744966443
0.8949664429530201
0.6721476510067114
0.7604026845637584
0.6654362416107382
0.7416107382550335
0.7577181208053692
0.7124161073825503
0.788255033557047
0.788255033557047
0.736241610738255
0.7483221476510067
0.741275167785235
0.8013422818791947
0.7651006711409396
0.8942953020134228
0.8557046979865772
0.7996644295302013
0.9164429530201342
0.7345637583892617
0.885234899328859
0.8050335570469799
0.8406040268456376
0.7298657718120806
0.776510067114094
0.6661073825503355
0.8949664429530201
0.7248322147651006
0.6859060402684564
0.7177852348993289
0.8681208053691275
0.8285234899328859
0.8114093959731543
0.7426174496644296
0.6523489932885906
0.7506711409395973
0.48959731543624163
0.8899328859060402
0.7523489932885906
0.8197986577181208
0.7466442953020134
0.7265100671140939
0.7473154362416108
0.8070469798657718
0.810738255033557
0.7167785234899329
0.8308724832214766
0.7429530201342281
0.6674496644295302
0.8963087248322148
0.8798657718120806
0.812751677852349
0.8130872483221476
0.797986577181208
0.7815436241610738
0.9251677852348993
0.7580536912751678
0.8469798657718121
0.7976510067114094
0.8130872483221476
0.6416107382550336
0.8187919463087249
0.9197986577181209
0.8516778523489933
0.9046979865771813
0.7798657718120805
0.6587248322147651
0.7251677852348993
0.8624161073825504
0.7540268456375839
0.8144295302013422
0.7171140939597316
0.710738255033557
0.8218120805369128
0.6647651006711409
0.8590604026845637
0.8412751677852349
0.728523489932886
0.7466442953020134
0.6926174496644295
0.7983221476510067
0.8942953020134228
0.7513422818791946
0.8191275167785235
0.8714765100671141
0.8818791946308725
0.7956375838926174
0.7657718120805369
0.7409395973154362
0.7288590604026846
0.761744966442953
0.6426174496644296
0.8530201342281879
0.7657718120805369
0.7473154362416108
0.741275167785235
0.7546979865771812
0.8365771812080537
0.7442953020134229
0.8278523489932886
0.9026845637583892
0.7114093959731543
0.7577181208053692
0.7607382550335571
0.8654362416107383
0.8879194630872483
0.6895973154362416
0.7644295302013423
0.8281879194630872
0.7731543624161074
0.7379194630872483
0.9107382550335571
0.6798657718120805
0.7486577181208054
0.913758389261745
0.8466442953020135
0.9218120805369128
0.17248322147651007
0.7848993288590604
0.762751677852349
0.8365771812080537
0.9053691275167786
0.8459731543624162
0.8161073825503355
0.8469798657718121
0.7845637583892617
0.46140939597315433
0.7057046979865772
0.7640939597315436
0.7832214765100671
0.8151006711409396
0.6828859060402684
0.788255033557047
0.8906040268456376
0.751006711409396
0.7791946308724832
0.6828859060402684
0.7513422818791946
0.8177852348993289
0.775503355704698
0.723489932885906
0.6812080536912751
0.725503355704698
0.8926174496644296
0.8211409395973155
0.8140939597315436
0.8067114093959732
0.713758389261745
0.8147651006711409
0.7875838926174497
0.7996644295302013
0.7600671140939598
0.7644295302013423
0.9429530201342282
0.8268456375838926
0.9426174496644295
0.7016778523489933
0.7325503355704698
0.8567114093959731
0.7704697986577181
0.7291946308724833
0.7607382550335571
0.8848993288590604
0.7926174496644295
0.6721476510067114
0.6855704697986578
0.714765100671141
0.6677852348993288
0.7157718120805369
0.6691275167785234
0.7845637583892617
0.7278523489932885
0.6859060402684564
0.7734899328859061
0.8983221476510067
0.7825503355704698
0.7140939597315437
0.7201342281879195
0.7140939597315437
0.786241610738255
0.758724832214765
0.9026845637583892
0.7570469798657719
0.7577181208053692
0.7919463087248322
0.7348993288590604
0.863758389261745
0.7026845637583893
0.7030201342281879
0.9090604026845638
0.751006711409396
0.8791946308724832
0.8436241610738255
0.8332214765100671
0.8221476510067114
0.8053691275167785
0.7855704697986577
0.7305369127516779
0.8184563758389262
0.7909395973154363
0.7620805369127517
0.7557046979865771
0.7838926174496644
0.7338926174496644
0.7697986577181208
0.7640939597315436
0.6134228187919463
0.8114093959731543
0.7604026845637584
0.7395973154362416
0.7140939597315437
0.714765100671141
0.875503355704698
0.6929530201342282
0.7781879194630873
0.8214765100671141
0.7620805369127517
0.7419463087248322
0.8557046979865772
0.7204697986577181
0.7674496644295302
0.6593959731543624
0.689261744966443
0.675503355704698
0.8137583892617449
0.7553691275167785
0.7063758389261745
0.7781879194630873
0.8791946308724832
0.8838926174496644
0.7845637583892617
0.7083892617449664
0.8557046979865772
0.7536912751677852
0.8526845637583893
0.7375838926174496
0.8419463087248322
0.8389261744966443
0.7812080536912752
0.8050335570469799
0.7016778523489933
0.8523489932885906
0.8748322147651006
0.8644295302013423
0.7
0.8046979865771812
0.7808724832214765
0.8067114093959732
0.8050335570469799
0.7761744966442953
0.8456375838926175
0.684228187919463
0.7704697986577181
0.8701342281879194
0.7781879194630873
0.838255033557047
0.8023489932885906
0.7875838926174497
0.8546979865771812
0.7369127516778523
0.8161073825503355
0.5976510067114094
0.8124161073825503
0.6694630872483222
0.6879194630872483
0.7248322147651006
0.7855704697986577
0.7335570469798658
0.7248322147651006
0.7963087248322148
0.7691275167785235
0.6771812080536913
0.7483221476510067
0.7466442953020134
0.7536912751677852
0.8322147651006712
0.6580536912751678
0.8090604026845638
0.6845637583892618
0.8167785234899329
0.5758389261744966
0.7983221476510067
0.9006711409395973
0.8590604026845637
0.8671140939597315
0.8795302013422819
0.7130872483221476
0.798993288590604
0.775503355704698
0.7536912751677852
0.6664429530201342
0.8661073825503356
0.8778523489932886
0.7983221476510067
0.8442953020134228
0.7543624161073825
0.8479865771812081
0.24966442953020135
0.889261744966443
0.8489932885906041
0.815771812080537
0.7969798657718121
0.7775167785234899
0.8050335570469799
0.8634228187919463
0.9593959731543624
0.7348993288590604
0.8412751677852349
0.6768456375838926
0.7013422818791947
0.7546979865771812
0.7983221476510067
0.8610738255033556
0.8389261744966443
0.8456375838926175
0.6077181208053691
0.7805369127516778
0.8379194630872483
0.689261744966443
0.7057046979865772
0.8661073825503356
0.7590604026845638
0.724496644295302
0.9023489932885906
0.7963087248322148
0.6936241610738255
0.7261744966442953
0.8003355704697986
0.8275167785234899
0.8164429530201343
0.7486577181208054
0.6835570469798657
0.7496644295302013
0.8073825503355705
0.6946308724832215
0.9442953020134228
0.7087248322147651
0.7664429530201342
0.8338926174496645
0.8070469798657718
0.802013422818792
0.7815436241610738
0.7157718120805369
0.9412751677852349
0.7654362416107383
0.7808724832214765
0.8352348993288591
0.5157718120805369
0.7848993288590604
0.812751677852349
0.7211409395973154
0.751006711409396
0.8073825503355705
0.8325503355704698
0.7942953020134228
0.8130872483221476
0.815771812080537
0.7543624161073825
0.7083892617449664
0.8067114093959732
0.7392617449664429
0.7832214765100671
0.8328859060402685
0.6932885906040268
0.8006711409395973
0.885234899328859
0.786241610738255
0.7691275167785235
0.7906040268456376
0.7889261744966443
0.7248322147651006
0.8385906040268456
0.6667785234899329
0.7338926174496644
0.8308724832214766
0.7785234899328859
0.663758389261745
0.6852348993288591
0.8275167785234899
0.8335570469798658
0.5869127516778524
0.8738255033557047
0.713758389261745
0.8224832214765101
0.7560402684563758
0.6580536912751678
0.7795302013422819
0.8889261744966444
0.8006711409395973
0.8137583892617449
0.7785234899328859
0.7563758389261745
0.7395973154362416
0.7533557046979866
0.802013422818792
0.7402684563758389
0.6922818791946309
0.790268456375839
0.7516778523489933
0.812751677852349
0.7661073825503356
0.8419463087248322
0.8674496644295302
0.8939597315436242
0.8130872483221476
0.8453020134228187
0.7620805369127517
0.8077181208053691
0.8419463087248322
0.7738255033557047
0.6590604026845638
0.6889261744966443
0.6966442953020134
0.8043624161073826
0.8258389261744966
0.7006711409395974
0.6989932885906041
0.7889261744966443
0.7261744966442953
0.7865771812080536
0.7644295302013423
0.5711409395973155
0.8889261744966444
0.8536912751677852
0.8057046979865772
0.7291946308724833
0.7741610738255034
0.7845637583892617
0.8161073825503355
0.7446308724832215
0.7748322147651007
0.7681208053691275
0.7832214765100671
0.8795302013422819
0.8486577181208054
0.8211409395973155
0.7963087248322148
0.8973154362416107
0.8023489932885906
0.8912751677852349
0.8916107382550336
0.7664429530201342
0.7929530201342282
0.6879194630872483
0.776510067114094
0.6942953020134228
0.7258389261744966
0.6959731543624161
0.8620805369127517
0.7006711409395974
0.702013422818792
0.824496644295302
0.9197986577181209
0.7560402684563758
0.8409395973154362
0.7694630872483221
0.7087248322147651
0.797986577181208
0.7446308724832215
0.8140939597315436
0.7697986577181208
0.696979865771812
0.7449664429530202
0.8889261744966444
0.8365771812080537
0.9147651006711409
0.7453020134228188
0.6932885906040268
0.8328859060402685
0.7734899328859061
0.8634228187919463
0.8942953020134228
0.7593959731543625
0.8651006711409396
0.7791946308724832
0.8308724832214766
0.7684563758389261
0.8134228187919463
0.7600671140939598
0.7201342281879195
0.838255033557047
0.736241610738255
0.8130872483221476
0.8151006711409396
0.6963087248322147
0.9046979865771813
0.8124161073825503
0.8563758389261745
0.7895973154362416
0.7953020134228188
0.6446308724832215
0.8040268456375839
0.7506711409395973
0.8674496644295302
0.8070469798657718
0.741275167785235
0.8080536912751678
0.8352348993288591
0.5107382550335571
0.7385906040268456
0.6620805369127517
0.7268456375838926
0.7959731543624161
0.7379194630872483
0.7402684563758389
0.6375838926174496
0.8352348993288591
0.8070469798657718
0.8104026845637584
0.7308724832214765
0.8046979865771812
0.8137583892617449
0.6899328859060403
0.7697986577181208
0.7308724832214765
0.7426174496644296
0.7879194630872484
0.7916107382550336
0.7969798657718121
0.7775167785234899
0.8087248322147651
0.6781879194630872
0.8523489932885906
0.7996644295302013
0.762751677852349
0.8053691275167785
0.8181208053691276
0.8067114093959732
0.790268456375839
0.8305369127516778
0.7761744966442953
0.8174496644295302
0.725503355704698
0.7932885906040269
0.7174496644295302
0.7966442953020134
0.7976510067114094
0.7828859060402684
0.8040268456375839
0.8580536912751678
0.7879194630872484
0.8308724832214766
0.7060402684563758
0.7067114093959731
0.6657718120805369
0.802013422818792
0.7667785234899329
0.8899328859060402
0.7154362416107383
0.9610738255033557
0.8697986577181208
0.8463087248322148
0.8067114093959732
0.7654362416107383
0.860738255033557
0.7513422818791946
0.6399328859060402
0.7375838926174496
0.7473154362416108
0.7312080536912752
0.7620805369127517
0.6855704697986578
0.8197986577181208
0.8701342281879194
0.7848993288590604
0.601006711409396
0.6959731543624161
0.7808724832214765
0.8526845637583893
0.7053691275167785
0.6775167785234899
0.6751677852348993
0.8201342281879195
0.7379194630872483
0.6228187919463087
0.776510067114094
0.6869127516778524
0.8486577181208054
0.786241610738255
0.6395973154362417
0.7815436241610738
0.6828859060402684
0.8909395973154363
0.5100671140939598
0.8093959731543624
0.7818791946308725
0.687248322147651
0.8812080536912752
0.7593959731543625
0.8174496644295302
0.7738255033557047
0.8661073825503356
0.7067114093959731
0.8305369127516778
0.7030201342281879
0.7251677852348993
0.8496644295302014
0.8268456375838926
0.2540268456375839
0.7708053691275167
0.7197986577181208
0.736241610738255
0.8748322147651006
0.762751677852349
0.7791946308724832
0.7697986577181208
0.6416107382550336
0.9395973154362416
0.7174496644295302
0.7533557046979866
0.6067114093959731
0.7634228187919463
0.7251677852348993
0.7963087248322148
0.8379194630872483
0.7379194630872483
0.8191275167785235
0.7406040268456375
0.8875838926174496
0.8395973154362416
0.7479865771812081
0.790268456375839
0.7288590604026846
0.8010067114093959
0.7808724832214765
0.8265100671140939
0.8791946308724832
0.6483221476510067
0.7936241610738255
0.8493288590604027
0.6885906040268457
0.8342281879194631
0.7332214765100671
0.8406040268456376
0.8006711409395973
0.6835570469798657
0.7607382550335571
0.8664429530201342
0.7359060402684564
0.7671140939597315
0.8389261744966443
0.8332214765100671
0.7456375838926175
0.6711409395973155
0.7953020134228188
0.7912751677852349
0.8885906040268456
0.7822147651006711
0.8768456375838927
0.7969798657718121
0.7711409395973154
0.7838926174496644
0.8305369127516778
0.8104026845637584
0.7875838926174497
0.7869127516778524
0.789261744966443
0.8016778523489932
0.7644295302013423
0.7845637583892617
0.8016778523489932
0.7838926174496644
0.7993288590604026
0.8848993288590604
0.7151006711409396
0.87751677852349
0.8697986577181208
0.8355704697986577
0.6714765100671141
0.7540268456375839
0.7832214765100671
0.8335570469798658
0.8406040268456376
0.8305369127516778
0.8063758389261745
0.6889261744966443
0.8214765100671141
0.8218120805369128
0.7218120805369127
0.7781879194630873
0.7057046979865772
0.7110738255033557
0.6885906040268457
0.6144295302013423
0.7939597315436242
0.7520134228187919
0.7365771812080537
0.824496644295302
0.8104026845637584
0.7476510067114094
0.7258389261744966
0.8399328859060403
0.7687919463087248
0.9228187919463087
0.825503355704698
0.7456375838926175
0.8288590604026845
0.8640939597315436
0.7087248322147651
0.7778523489932886
0.7100671140939597
0.7845637583892617
0.7684563758389261
0.7083892617449664
0.7959731543624161
0.8815436241610738
0.8197986577181208
0.748993288590604
0.8087248322147651
0.7738255033557047
0.6580536912751678
0.7812080536912752
0.8553691275167785
0.6043624161073825
0.8228187919463087
0.6795302013422819
0.815771812080537
0.7885906040268457
0.7946308724832215
0.8097315436241611
0.7295302013422819
0.8865771812080537
0.6231543624161073
0.7674496644295302
0.7261744966442953
0.7573825503355704
0.8288590604026845
0.9020134228187919
0.7708053691275167
0.8624161073825504
0.8083892617449664
0.8624161073825504
0.7953020134228188
0.762751677852349
0.7654362416107383
0.6590604026845638
0.8704697986577181
0.748993288590604
0.6708053691275168
0.8218120805369128
0.802013422818792
0.7697986577181208
0.8385906040268456
0.7476510067114094
0.803020134228188
0.7479865771812081
0.7674496644295302
0.7855704697986577
0.8167785234899329
0.8097315436241611
0.7164429530201343
0.8110738255033557
0.8798657718120806
0.8419463087248322
0.9134228187919463
0.7590604026845638
0.886241610738255
0.8654362416107383
0.7805369127516778
0.8288590604026845
0.7268456375838926
0.8392617449664429
0.8580536912751678
0.7302013422818792
0.7550335570469798
0.7258389261744966
0.8812080536912752
0.7922818791946309
0.8671140939597315
0.6932885906040268
0.8348993288590604
0.8432885906040268
0.7130872483221476
0.790268456375839
0.6795302013422819
0.8171140939597316
0.7442953020134229
0.7409395973154362
0.7630872483221477
0.6530201342281879
0.6889261744966443
0.7583892617449665
0.8130872483221476
0.7453020134228188
0.7214765100671141
0.8822147651006711
0.7093959731543624
0.7318791946308725
0.7053691275167785
0.7426174496644296
0.8003355704697986
0.6788590604026845
0.7315436241610739
0.7046979865771812
0.825503355704698
0.7318791946308725
0.7634228187919463
0.8120805369127517
0.8211409395973155
0.8191275167785235
0.6929530201342282
0.8218120805369128
0.9224832214765101
0.7124161073825503
0.6859060402684564
0.7033557046979866
0.7124161073825503
0.713758389261745
0.8214765100671141
0.9
0.790268456375839
0.8439597315436241
0.8479865771812081
0.8718120805369127
0.7184563758389262
0.7379194630872483
0.736241610738255
0.7305369127516779
0.8268456375838926
0.763758389261745
0.8070469798657718
0.8100671140939597
0.8181208053691276
0.85
0.8013422818791947
0.8050335570469799
0.8010067114093959
0.8201342281879195
0.7869127516778524
0.6067114093959731
0.7963087248322148
0.926510067114094
0.7429530201342281
0.7453020134228188
0.7731543624161074
0.864765100671141
0.7281879194630873
0.9057046979865772
0.7432885906040269
0.7748322147651007
0.8241610738255034
0.46308724832214765
0.7597315436241611
0.7446308724832215
0.6442953020134228
0.8741610738255033
0.7872483221476511
0.7932885906040269
0.8120805369127517
0.8060402684563759
0.8130872483221476
0.889261744966443
0.7916107382550336
0.7281879194630873
0.41006711409395974
0.7201342281879195
0.7640939597315436
0.7365771812080537
0.7909395973154363
0.7063758389261745
0.748993288590604
0.8691275167785235
0.7879194630872484
0.8218120805369128
0.8291946308724832
0.7946308724832215
0.7033557046979866
0.6667785234899329
0.7687919463087248
0.8026845637583893
0.7748322147651007
0.7265100671140939
0.8134228187919463
0.7298657718120806
0.710738255033557
0.7748322147651007
0.8016778523489932
0.7328859060402685
0.7929530201342282
0.6953020134228188
0.7224832214765101
0.7302013422818792
0.7238255033557047
0.77248322147651
0.8224832214765101
0.6593959731543624
0.8912751677852349
0.7728187919463088
0.7526845637583892
0.8486577181208054
0.7959731543624161
0.7651006711409396
0.8174496644295302
0.9020134228187919
0.8097315436241611
0.8798657718120806
0.8922818791946309
0.9100671140939597
0.7241610738255033
0.873489932885906
0.7681208053691275
0.8359060402684564
0.7503355704697987
0.6895973154362416
0.7211409395973154
0.6328859060402685
0.7630872483221477
0.8953020134228188
0.8359060402684564
0.8674496644295302
0.8442953020134228
0.8204697986577181
0.8661073825503356
0.725503355704698
0.47114093959731546
0.9151006711409396
0.5604026845637584
0.728523489932886
0.7402684563758389
0.838255033557047
0.6862416107382551
0.7104026845637584
0.762751677852349
0.8718120805369127
0.8466442953020135
0.7929530201342282
0.8194630872483222
0.7624161073825504
0.8640939597315436
0.7520134228187919
0.7697986577181208
0.8812080536912752
0.6798657718120805
0.8352348993288591
0.8191275167785235
0.8828859060402685
0.8100671140939597
0.8956375838926175
0.6909395973154362
0.8610738255033556
0.7241610738255033
0.8426174496644295
0.8429530201342282
0.6949664429530201
0.8187919463087249
0.8312080536912752
0.7885906040268457
0.7838926174496644
0.7369127516778523
0.9177852348993288
0.7734899328859061
0.8318791946308725
0.8322147651006712
0.7194630872483222
0.7885906040268457
0.8228187919463087
0.7550335570469798
0.836241610738255
0.7402684563758389
0.7124161073825503
0.815771812080537
0.8674496644295302
0.7570469798657719
0.7560402684563758
0.8513422818791946
0.810738255033557
0.7033557046979866
0.77248322147651
0.823489932885906
0.6345637583892617
0.8681208053691275
0.7063758389261745
0.8291946308724832
0.7463087248322148
0.8392617449664429
0.8104026845637584
0.8590604026845637
0.8634228187919463
0.8929530201342282
0.8560402684563758
0.8352348993288591
0.7181208053691275
0.8453020134228187
0.7342281879194631
0.8838926174496644
0.9402684563758389
0.7191275167785235
0.7322147651006712
0.7768456375838926
0.736241610738255
0.864765100671141
0.6946308724832215
0.8624161073825504
0.5953020134228187
0.812751677852349
0.697986577181208
0.7718120805369127
0.8976510067114094
0.7577181208053692
0.8151006711409396
0.6557046979865772
0.6526845637583892
0.7197986577181208
0.7859060402684563
0.7419463087248322
0.6322147651006711
0.758724832214765
0.8338926174496645
0.6778523489932886
0.8013422818791947
0.7483221476510067
0.8043624161073826
0.7379194630872483
0.6691275167785234
0.8224832214765101
0.6815436241610738
0.7775167785234899
0.7614093959731544
0.7563758389261745
0.8459731543624162
0.7973154362416107
0.8600671140939598
0.7768456375838926
0.7802013422818792
0.7419463087248322
0.7486577181208054
0.7003355704697987
0.48322147651006714
0.8919463087248322
0.8124161073825503
0.8563758389261745
0.6721476510067114
0.7395973154362416
0.8426174496644295
0.6956375838926174
0.7335570469798658
0.7442953020134229
0.748993288590604
0.5828859060402685
0.711744966442953
0.9221476510067114
0.7456375838926175
0.5442953020134228
0.8036912751677853
0.7963087248322148
0.6453020134228188
0.8422818791946308
0.8771812080536913
0.32651006711409397
0.7818791946308725
0.9130872483221476
0.713758389261745
0.9050335570469799
0.9406040268456376
0.7063758389261745
0.8402684563758389
0.7906040268456376
0.7567114093959731
0.7520134228187919
0.8214765100671141
0.7563758389261745
0.6862416107382551
0.8204697986577181
0.8922818791946309
0.7761744966442953
0.7728187919463088
0.7654362416107383
0.9077181208053692
0.7087248322147651
0.701006711409396
0.8432885906040268
0.7845637583892617
0.8177852348993289
0.5298657718120805
0.8741610738255033
0.7449664429530202
0.7241610738255033
0.6734899328859061
0.7872483221476511
0.8895973154362417
0.7667785234899329
0.7691275167785235
0.7124161073825503
0.6432885906040269
0.697986577181208
0.7684563758389261
0.8899328859060402
0.9026845637583892
0.7033557046979866
0.7369127516778523
0.7446308724832215
0.7208053691275168
0.7442953020134229
0.7355704697986577
0.8003355704697986
0.8154362416107382
0.6865771812080537
0.8885906040268456
0.7600671140939598
0.8208053691275168
0.6922818791946309
0.10201342281879194
0.7154362416107383
0.7469798657718121
0.7879194630872484
0.6684563758389261
0.7778523489932886
0.8026845637583893
0.7513422818791946
0.8359060402684564
0.7151006711409396
0.7869127516778524
0.8130872483221476
0.8124161073825503
0.8201342281879195
0.815771812080537
0.7845637583892617
0.6818791946308724
0.8577181208053691
0.5778523489932886
0.7691275167785235
0.7802013422818792
0.8919463087248322
0.7734899328859061
0.7761744966442953
0.6885906040268457
0.7731543624161074
0.6912751677852349
0.8318791946308725
0.7516778523489933
0.9191275167785234
0.7701342281879194
0.786241610738255
0.9003355704697986
0.7751677852348994
0.8697986577181208
0.7848993288590604
0.3681208053691275
0.8046979865771812
0.8308724832214766
0.7506711409395973
0.8677852348993289
0.7513422818791946
0.8785234899328859
0.9187919463087248
0.6798657718120805
0.7409395973154362
0.9164429530201342
0.8489932885906041
0.8043624161073826
0.8208053691275168
0.7795302013422819
0.789261744966443
0.7644295302013423
0.8560402684563758
0.737248322147651
0.7818791946308725
0.7291946308724833
0.815771812080537
0.85
0.751006711409396
0.7838926174496644
0.7600671140939598
0.7687919463087248
0.8375838926174497
0.8322147651006712
0.7748322147651007
0.8909395973154363
0.7640939597315436
0.7070469798657718
0.7624161073825504
0.7550335570469798
0.6486577181208054
0.7429530201342281
0.7728187919463088
0.8164429530201343
0.8976510067114094
0.7526845637583892
0.7953020134228188
0.797986577181208
0.8097315436241611
0.8057046979865772
0.8305369127516778
0.9204697986577182
0.6647651006711409
0.7248322147651006
0.7322147651006712
0.7325503355704698
0.7070469798657718
0.7318791946308725
0.8969798657718121
0.738255033557047
0.7221476510067114
0.7345637583892617
0.7808724832214765
0.7600671140939598
0.8835570469798658
0.7845637583892617
0.8771812080536913
0.8573825503355704
0.5546979865771812
0.9006711409395973
0.661744966442953
0.7033557046979866
0.7416107382550335
0.689261744966443
0.7909395973154363
0.8265100671140939
0.7758389261744967
0.8181208053691276
0.697986577181208
0.7859060402684563
0.7748322147651007
0.825503355704698
0.7593959731543625
0.7080536912751678
0.8939597315436242
0.8543624161073825
0.6630872483221476
0.7778523489932886
0.8063758389261745
0.7543624161073825
0.8151006711409396
0.7976510067114094
0.898993288590604
0.7583892617449665
0.8221476510067114
0.8738255033557047
0.836241610738255
0.7798657718120805
0.9124161073825503
0.8033557046979866
0.7926174496644295
0.6832214765100671
0.6523489932885906
0.7328859060402685
0.7741610738255034
0.7557046979865771
0.8691275167785235
0.7060402684563758
0.5540268456375839
0.9395973154362416
0.7845637583892617
0.8654362416107383
0.7385906040268456
0.8436241610738255
0.87248322147651
0.9442953020134228
0.8224832214765101
0.8208053691275168
0.7966442953020134
0.7335570469798658
0.8248322147651007
0.7751677852348994
0.8060402684563759
0.8214765100671141
0.6144295302013423
0.8369127516778524
0.8221476510067114
0.7550335570469798
0.6308724832214765
0.8667785234899329
0.7308724832214765
0.8174496644295302
0.7540268456375839
0.8986577181208054
0.6563758389261745
0.7738255033557047
0.8929530201342282
0.7869127516778524
0.6644295302013423
0.5936241610738255
0.9107382550335571
0.8140939597315436
0.6674496644295302
0.798993288590604
0.8110738255033557
0.815771812080537
0.7583892617449665
0.7432885906040269
0.7369127516778523
0.8986577181208054
0.7728187919463088
0.7231543624161074
0.736241610738255
0.8936241610738255
0.7942953020134228
0.6201342281879194
0.8238255033557047
0.7624161073825504
0.8530201342281879
0.8402684563758389
0.9201342281879195
0.7496644295302013
0.7983221476510067
0.6795302013422819
0.8097315436241611
0.8463087248322148
0.8610738255033556
0.49899328859060404
0.762751677852349
0.8110738255033557
0.6738255033557047
0.8409395973154362
0.7949664429530201
0.7963087248322148
0.723489932885906
0.9439597315436241
0.8218120805369128
0.7442953020134229
0.7208053691275168
0.7278523489932885
0.6053691275167785
0.7630872483221477
0.7815436241610738
0.7996644295302013
0.7543624161073825
0.7402684563758389
0.8466442953020135
0.8771812080536913
0.8080536912751678
0.7644295302013423
0.7409395973154362
0.7214765100671141
0.8191275167785235
0.7734899328859061
0.6899328859060403
0.8785234899328859
0.7080536912751678
0.7865771812080536
0.7848993288590604
0.8617449664429531
0.8053691275167785
0.7281879194630873
0.7848993288590604
0.7171140939597316
0.8879194630872483
0.9134228187919463
0.7657718120805369
0.7325503355704698
0.7365771812080537
0.8147651006711409
0.8023489932885906
0.7486577181208054
0.7406040268456375
0.8758389261744967
0.8040268456375839
0.7738255033557047
0.7711409395973154
0.6724832214765101
0.8352348993288591
0.7399328859060402
0.7060402684563758
0.7936241610738255
0.8895973154362417
0.788255033557047
0.776510067114094
0.7550335570469798
0.8144295302013422
0.8375838926174497
0.85
0.776510067114094
0.7741610738255034
0.8026845637583893
0.8446308724832214
0.8080536912751678
0.7721476510067115
0.8617449664429531
0.937248322147651
0.7620805369127517
0.7573825503355704
0.7781879194630873
0.7530201342281879
0.8966442953020134
0.7033557046979866
0.573489932885906
0.85
0.8614093959731544
0.7775167785234899
0.8144295302013422
0.7848993288590604
0.8704697986577181
0.7916107382550336
0.8426174496644295
0.9124161073825503
0.788255033557047
0.7969798657718121
0.890268456375839
0.8046979865771812
0.8399328859060403
0.6805369127516778
0.7677852348993288
0.7268456375838926
0.7550335570469798
0.8057046979865772
0.838255033557047
0.6932885906040268
0.8392617449664429
0.736241610738255
0.6875838926174497
0.7040268456375839
0.8848993288590604
0.7194630872483222
0.803020134228188
0.8077181208053691
0.7953020134228188
0.7775167785234899
0.7057046979865772
0.6855704697986578
0.8040268456375839
0.7211409395973154
0.8701342281879194
0.8513422818791946
0.8395973154362416
0.7872483221476511
0.8365771812080537
0.8208053691275168
0.8063758389261745
0.6835570469798657
0.7936241610738255
0.6714765100671141
0.8164429530201343
0.7557046979865771
0.7375838926174496
0.7392617449664429
0.7540268456375839
0.7973154362416107
0.7577181208053692
0.7379194630872483
0.8489932885906041
0.7614093959731544
0.8161073825503355
0.738255033557047
0.7040268456375839
0.7161073825503356
0.886241610738255
0.751006711409396
0.6530201342281879
0.7124161073825503
0.7644295302013423
0.761744966442953
0.8093959731543624
0.7043624161073826
0.7875838926174497
0.8285234899328859
0.7271812080536912
0.8060402684563759
0.8983221476510067
0.8063758389261745
0.7956375838926174
0.7580536912751678
0.748993288590604
0.7419463087248322
0.8046979865771812
0.6748322147651007
0.7916107382550336
0.7651006711409396
0.6906040268456376
0.8530201342281879
0.7493288590604027
0.8473154362416108
0.8070469798657718
0.7775167785234899
0.8580536912751678
0.761744966442953
0.8956375838926175
0.8090604026845638
0.875503355704698
0.8348993288590604
0.6473154362416107
0.8553691275167785
0.6956375838926174
0.9399328859060403
0.8315436241610739
0.8036912751677853
0.7265100671140939
0.7399328859060402
0.7218120805369127
0.7560402684563758
0.7265100671140939
0.738255033557047
0.7456375838926175
0.8130872483221476
0.5963087248322148
0.8291946308724832
0.8842281879194631
0.6422818791946309
0.7781879194630873
0.838255033557047
0.6956375838926174
0.6922818791946309
0.7543624161073825
0.8442953020134228
0.6916107382550336
0.8073825503355705
0.8191275167785235
0.8580536912751678
0.6563758389261745
0.7365771812080537
0.7164429530201343
0.7483221476510067
0.8053691275167785
0.7909395973154363
0.8332214765100671
0.8714765100671141
0.77248322147651
0.7879194630872484
0.7879194630872484
0.8536912751677852
0.7395973154362416
0.8161073825503355
0.8271812080536913
0.8550335570469799
0.7708053691275167
0.7895973154362416
0.776510067114094
0.7281879194630873
0.7838926174496644
0.8184563758389262
0.7090604026845637
0.7872483221476511
0.7070469798657718
0.8416107382550335
0.6375838926174496
0.8060402684563759
0.738255033557047
0.7808724832214765
0.7073825503355705
0.8060402684563759
0.7949664429530201
0.7379194630872483
0.8033557046979866
0.7318791946308725
0.14060402684563758
0.7442953020134229
0.7432885906040269
0.852013422818792
0.8241610738255034
0.9275167785234899
0.7661073825503356
0.7701342281879194
0.8228187919463087
0.6714765100671141
0.8258389261744966
0.7832214765100671
0.8130872483221476
0.8526845637583893
0.7812080536912752
0.7154362416107383
0.8097315436241611
0.8375838926174497
0.701006711409396
0.7946308724832215
0.8885906040268456
0.6808724832214765
0.7167785234899329
0.7389261744966443
0.7228187919463087
0.8614093959731544
0.8124161073825503
0.7899328859060403
0.8818791946308725
0.6369127516778523
0.723489932885906
0.6463087248322148
0.9110738255033557
0.8164429530201343
0.7359060402684564
0.19563758389261746
0.7798657718120805
0.8593959731543624
0.7620805369127517
0.7644295302013423
0.8708053691275168
0.8543624161073825
0.8285234899328859
0.7315436241610739
0.8318791946308725
0.8241610738255034
0.7661073825503356
0.7614093959731544
0.8926174496644296
0.8295302013422818
0.6557046979865772
0.6859060402684564
0.7379194630872483
0.6879194630872483
0.7328859060402685
0.8630872483221477
0.7191275167785235
0.7127516778523489
0.7439597315436242
0.7453020134228188
0.7674496644295302
0.776510067114094
0.8422818791946308
0.8590604026845637
0.7976510067114094
0.8140939597315436
0.7503355704697987
0.7630872483221477
0.8439597315436241
0.7570469798657719
0.8432885906040268
0.8590604026845637
0.8177852348993289
0.7580536912751678
0.8771812080536913
0.8268456375838926
0.713758389261745
0.8211409395973155
0.8181208053691276
0.7738255033557047
0.6741610738255034
0.7640939597315436
0.823489932885906
0.771476510067114
0.7322147651006712
0.7651006711409396
0.9402684563758389
0.7993288590604026
0.8899328859060402
0.9234899328859061
0.4369127516778524
0.9110738255033557
0.7439597315436242
0.6510067114093959
0.8258389261744966
0.7912751677852349
0.8721476510067114
0.8090604026845638
0.0738255033557047
0.8046979865771812
0.7268456375838926
0.8926174496644296
0.8530201342281879
0.48389261744966444
0.7258389261744966
0.7771812080536913
0.7449664429530202
0.7127516778523489
0.7016778523489933
0.8211409395973155
0.8033557046979866
0.6409395973154363
0.7734899328859061
0.8147651006711409
0.7956375838926174
0.7848993288590604
0.7026845637583893
0.7657718120805369
0.710738255033557
0.8953020134228188
0.8842281879194631
0.8473154362416108
0.8590604026845637
0.8429530201342282
0.8161073825503355
0.710738255033557
0.8503355704697987
0.8104026845637584
0.8057046979865772
0.7261744966442953
0.7493288590604027
0.7818791946308725
0.8577181208053691
0.8167785234899329
0.7486577181208054
0.702013422818792
0.7375838926174496
0.7781879194630873
0.7583892617449665
0.7808724832214765
0.7912751677852349
0.7607382550335571
0.6456375838926175
0.8023489932885906
0.724496644295302
0.8664429530201342
0.7271812080536912
0.6869127516778524
0.7788590604026846
0.8305369127516778
0.812751677852349
0.7523489932885906
0.7543624161073825
0.7369127516778523
0.873489932885906
0.8281879194630872
0.5449664429530201
0.8909395973154363
0.8080536912751678
0.7926174496644295
0.8010067114093959
0.798993288590604
0.8238255033557047
0.6805369127516778
0.7959731543624161
0.7791946308724832
0.6758389261744966
0.6624161073825503
0.8681208053691275
0.6906040268456376
0.7869127516778524
0.7795302013422819
0.728523489932886
0.8308724832214766
0.8073825503355705
0.7751677852348994
0.7550335570469798
0.8949664429530201
0.9540268456375839
0.7100671140939597
0.8557046979865772
0.8261744966442953
0.8365771812080537
0.7265100671140939
0.8593959731543624
0.8271812080536913
0.7161073825503356
0.8308724832214766
0.20503355704697987
0.8634228187919463
0.8231543624161074
0.8959731543624161
0.9
0.8691275167785235
0.823489932885906
0.6426174496644296
0.774496644295302
0.9090604026845638
0.8426174496644295
0.7731543624161074
0.8513422818791946
0.7966442953020134
0.8352348993288591
0.7536912751677852
0.7879194630872484
0.8919463087248322
0.7734899328859061
0.7318791946308725
0.7741610738255034
0.7694630872483221
0.8097315436241611
0.737248322147651
0.776510067114094
0.5708053691275168
0.8010067114093959
0.7872483221476511
0.9604026845637584
0.811744966442953
0.8036912751677853
0.7251677852348993
0.7667785234899329
0.8033557046979866
0.8959731543624161
0.7184563758389262
0.7889261744966443
0.7610738255033557
0.7734899328859061
0.7654362416107383
0.7261744966442953
0.8761744966442953
0.8463087248322148
0.890268456375839
0.8506711409395973
0.8285234899328859
0.7174496644295302
0.7708053691275167
0.8546979865771812
0.8573825503355704
0.7791946308724832
0.7238255033557047
0.696979865771812
0.8181208053691276
0.8063758389261745
0.7369127516778523
0.8778523489932886
0.8486577181208054
0.8070469798657718
0.7271812080536912
0.9036912751677852
0.7956375838926174
0.789261744966443
0.7560402684563758
0.7550335570469798
0.7483221476510067
0.8083892617449664
0.774496644295302
0.7889261744966443
0.8271812080536913
0.6399328859060402
0.7899328859060403
0.751006711409396
0.751006711409396
0.7402684563758389
0.8966442953020134
0.7919463087248322
0.8533557046979866
0.713758389261745
0.7983221476510067
0.6704697986577182
0.7812080536912752
0.7265100671140939
0.8486577181208054
0.6647651006711409
0.797986577181208
0.7298657718120806
0.7083892617449664
0.7436241610738255
0.7798657718120805
0.8345637583892618
0.8040268456375839
0.7838926174496644
0.8895973154362417
0.8449664429530201
0.8161073825503355
0.7788590604026846
0.7708053691275167
0.7365771812080537
0.8422818791946308
0.7899328859060403
0.7681208053691275
0.7845637583892617
0.7406040268456375
0.8167785234899329
0.8208053691275168
0.7469798657718121
0.9003355704697986
0.8429530201342282
0.775503355704698
0.8889261744966444
0.7385906040268456
0.6043624161073825
0.8026845637583893
0.771476510067114
0.7231543624161074
0.8479865771812081
0.7406040268456375
0.7781879194630873
0.864765100671141
0.8657718120805369
0.6691275167785234
0.7080536912751678
0.8221476510067114
0.8100671140939597
0.8442953020134228
0.6758389261744966
0.6651006711409396
0.8281879194630872
0.8771812080536913
0.87248322147651
0.8087248322147651
0.8050335570469799
0.8026845637583893
0.7895973154362416
0.6936241610738255
0.6885906040268457
0.7446308724832215
0.8832214765100671
0.7318791946308725
0.8375838926174497
0.6718120805369128
0.8973154362416107
0.8003355704697986
0.8929530201342282
0.8043624161073826
0.8479865771812081
0.8224832214765101
0.7157718120805369
0.8560402684563758
0.7805369127516778
0.7053691275167785
0.7338926174496644
0.8013422818791947
0.862751677852349
0.9063758389261745
0.8409395973154362
0.788255033557047
0.7439597315436242
0.8
0.8352348993288591
0.7231543624161074
0.8526845637583893
0.8687919463087248
0.7667785234899329
0.8634228187919463
0.774496644295302
0.8023489932885906
0.9325503355704698
0.8120805369127517
0.8063758389261745
0.6949664429530201
0.7342281879194631
0.8325503355704698
0.7620805369127517
0.7298657718120806
0.8003355704697986
0.7006711409395974
0.7355704697986577
0.9429530201342282
0.8345637583892618
0.8439597315436241
0.8151006711409396
0.8697986577181208
0.7318791946308725
0.8013422818791947
0.8228187919463087
0.8442953020134228
0.8251677852348993
0.6862416107382551
0.8657718120805369
0.7919463087248322
0.8305369127516778
0.9194630872483222
0.7348993288590604
0.6171140939597315
0.7697986577181208
0.6328859060402685
0.8654362416107383
0.8546979865771812
0.758724832214765
0.7184563758389262
0.7684563758389261
0.8265100671140939
0.7453020134228188
0.7187919463087248
0.8308724832214766
0.7221476510067114
0.7026845637583893
0.7439597315436242
0.736241610738255
0.7023489932885906
0.9234899328859061
0.824496644295302
0.7906040268456376
0.7580536912751678
0.7899328859060403
0.7516778523489933
0.8392617449664429
0.8479865771812081
0.748993288590604
0.8875838926174496
0.8291946308724832
0.8063758389261745
0.776510067114094
0.5953020134228187
0.7885906040268457
0.7748322147651007
0.8748322147651006
0.8090604026845638
0.7785234899328859
0.7144295302013423
0.8093959731543624
0.7463087248322148
0.8731543624161073
0.6412751677852349
0.8083892617449664
0.8966442953020134
0.662751677852349
0.8177852348993289
0.7614093959731544
0.7738255033557047
0.7614093959731544
0.8593959731543624
0.55
0.4704697986577181
0.7832214765100671
0.3496644295302013
0.7976510067114094
0.7664429530201342
0.7446308724832215
0.9187919463087248
0.790268456375839
0.85
0.8942953020134228
0.7593959731543625
0.49395973154362416
0.8953020134228188
0.696979865771812
0.8916107382550336
0.7456375838926175
0.7073825503355705
0.8697986577181208
0.8748322147651006
0.8959731543624161
0.7758389261744967
0.7335570469798658
0.9073825503355705
0.7355704697986577
0.8167785234899329
0.7338926174496644
0.7100671140939597
0.8906040268456376
0.7879194630872484
0.7520134228187919
0.8110738255033557
0.8104026845637584
0.7120805369127516
0.6741610738255034
0.7909395973154363
0.7842281879194631
0.7664429530201342
0.7604026845637584
0.8197986577181208
0.6785234899328859
0.7211409395973154
0.7791946308724832
0.6862416107382551
0.7889261744966443
0.7446308724832215
0.7516778523489933
0.7694630872483221
0.7718120805369127
0.8067114093959732
0.7738255033557047
0.8060402684563759
0.7540268456375839
0.7879194630872484
0.7053691275167785
0.7798657718120805
0.7748322147651007
0.8010067114093959
0.7942953020134228
0.7624161073825504
0.7563758389261745
0.8580536912751678
0.7533557046979866
0.7718120805369127
0.7536912751677852
0.7560402684563758
0.8278523489932886
0.7986577181208053
0.8003355704697986
0.8486577181208054
0.6953020134228188
0.9144295302013423
0.5936241610738255
0.8070469798657718
0.8610738255033556
0.8046979865771812
0.7553691275167785
0.8026845637583893
0.7130872483221476
0.7194630872483222
0.6812080536912751
0.851006711409396
0.8459731543624162
0.7231543624161074
0.790268456375839
0.7835570469798657
0.7563758389261745
0.8818791946308725
0.7624161073825504
0.7926174496644295
0.8677852348993289
0.6895973154362416
0.863758389261745
0.8036912751677853
0.8526845637583893
0.9060402684563759
0.7463087248322148
0.7778523489932886
0.6912751677852349
0.8419463087248322
0.7265100671140939
0.6845637583892618
0.7808724832214765
0.7261744966442953
0.8436241610738255
0.7496644295302013
0.8402684563758389
0.663758389261745
0.728523489932886
0.8302013422818791
0.7053691275167785
0.7409395973154362
0.7231543624161074
0.774496644295302
0.8147651006711409
0.7057046979865772
0.8540268456375839
0.7540268456375839
0.7473154362416108
0.8083892617449664
0.7271812080536912
0.7503355704697987
0.898993288590604
0.7281879194630873
0.7610738255033557
0.7973154362416107
0.8171140939597316
0.6946308724832215
0.8973154362416107
0.7620805369127517
0.758724832214765
0.710738255033557
0.8483221476510067
0.7446308724832215
0.7392617449664429
0.8241610738255034
0.7546979865771812
0.7453020134228188
0.8187919463087249
0.724496644295302
0.8553691275167785
0.7640939597315436
0.8302013422818791
0.9090604026845638
0.8654362416107383
0.7134228187919464
0.7530201342281879
0.7624161073825504
0.6647651006711409
0.7453020134228188
0.8791946308724832
0.7872483221476511
0.8010067114093959
0.7483221476510067
0.8583892617449664
0.8013422818791947
0.7822147651006711
0.852013422818792
0.825503355704698
0.7228187919463087
0.8681208053691275
0.7939597315436242
0.7104026845637584
0.7258389261744966
0.8322147651006712
0.8536912751677852
0.8916107382550336
0.6647651006711409
0.8392617449664429
0.7906040268456376
0.798993288590604
0.8285234899328859
0.8060402684563759
0.788255033557047
0.8932885906040269
0.8040268456375839
0.7090604026845637
0.8070469798657718
0.9453020134228188
0.6453020134228188
0.7456375838926175
0.8281879194630872
0.7557046979865771
0.7802013422818792
0.7687919463087248
0.7442953020134229
0.7761744966442953
0.7889261744966443
0.7916107382550336
0.8218120805369128
0.8560402684563758
0.776510067114094
0.7973154362416107
0.8070469798657718
0.8151006711409396
0.7419463087248322
0.7308724832214765
0.6855704697986578
0.8412751677852349
0.7802013422818792
0.7416107382550335
0.8181208053691276
0.7305369127516779
0.7899328859060403
0.803020134228188
0.8617449664429531
0.7476510067114094
0.7681208053691275
0.6607382550335571
0.8338926174496645
0.7402684563758389
0.6281879194630873
0.7506711409395973
0.7993288590604026
0.7697986577181208
0.6620805369127517
0.8204697986577181
0.7560402684563758
0.8332214765100671
0.7352348993288591
0.8006711409395973
0.8560402684563758
0.7916107382550336
0.8164429530201343
0.9036912751677852
0.7442953020134229
0.8167785234899329
0.7909395973154363
0.763758389261745
0.7503355704697987
0.8312080536912752
0.8228187919463087
0.763758389261745
0.8268456375838926
0.8439597315436241
0.7771812080536913
0.7241610738255033
0.6855704697986578
0.7802013422818792
0.7818791946308725
0.7969798657718121
0.72751677852349
0.7624161073825504
0.6197986577181208
0.8177852348993289
0.7912751677852349
0.7201342281879195
0.8134228187919463
0.6325503355704698
0.8788590604026846
0.7214765100671141
0.7546979865771812
0.863758389261745
0.8667785234899329
0.8560402684563758
0.7640939597315436
0.8721476510067114
0.889261744966443
0.7624161073825504
0.6718120805369128
0.6308724832214765
0.8593959731543624
0.8906040268456376
0.8167785234899329
0.7241610738255033
0.786241610738255
0.8466442953020135
0.7395973154362416
0.6382550335570469
0.6338926174496644
0.7308724832214765
0.7845637583892617
0.789261744966443
0.7385906040268456
0.7802013422818792
0.947986577181208
0.7879194630872484
0.8587248322147651
0.8083892617449664
0.8080536912751678
0.8033557046979866
0.8087248322147651
0.8184563758389262
0.5231543624161074
0.8503355704697987
0.8365771812080537
0.702013422818792
0.774496644295302
0.7664429530201342
0.751006711409396
0.6983221476510068
0.7543624161073825
0.7187919463087248
0.8016778523489932
0.863758389261745
0.8033557046979866
0.7218120805369127
0.7513422818791946
0.7342281879194631
0.7214765100671141
0.786241610738255
0.9543624161073826
0.8060402684563759
0.7697986577181208
0.7848993288590604
0.7768456375838926
0.8003355704697986
0.9181208053691275
0.9214765100671141
0.7348993288590604
0.674496644295302
0.812751677852349
0.8248322147651007
0.7516778523489933
0.7879194630872484
0.6989932885906041
0.7436241610738255
0.8033557046979866
0.8530201342281879
0.8271812080536913
0.8261744966442953
0.7288590604026846
0.9043624161073825
0.7248322147651006
0.8513422818791946
0.8140939597315436
0.776510067114094
0.661744966442953
0.7432885906040269
0.7916107382550336
0.8335570469798658
0.864765100671141
0.7869127516778524
0.758724832214765
0.7201342281879195
0.8248322147651007
0.797986577181208
0.8151006711409396
0.7073825503355705
0.762751677852349
0.8006711409395973
0.811744966442953
0.6513422818791946
0.8630872483221477
0.7154362416107383
0.7503355704697987
0.7258389261744966
0.7832214765100671
0.9197986577181209
0.8057046979865772
0.7704697986577181
0.8453020134228187
0.710738255033557
0.7818791946308725
0.9345637583892618
0.7446308724832215
0.8375838926174497
0.7939597315436242
0.714765100671141
0.7513422818791946
0.8214765100671141
0.7895973154362416
0.7661073825503356
0.684228187919463
0.8882550335570469
0.8409395973154362
0.8006711409395973
0.11375838926174496
0.77248322147651
0.8050335570469799
0.8718120805369127
0.8295302013422818
0.8043624161073826
0.7533557046979866
0.7486577181208054
0.863758389261745
0.7540268456375839
0.758724832214765
0.6906040268456376
0.7221476510067114
0.8409395973154362
0.8553691275167785
0.7708053691275167
0.7694630872483221
0.7822147651006711
0.7073825503355705
0.8268456375838926
0.7063758389261745
0.825503355704698
0.7533557046979866
0.7664429530201342
0.7214765100671141
0.7305369127516779
0.7087248322147651
0.738255033557047
0.8345637583892618
0.7479865771812081
0.7946308724832215
0.8587248322147651
0.7110738255033557
0.775503355704698
0.7432885906040269
0.8359060402684564
0.7110738255033557
0.87751677852349
0.7848993288590604
0.7697986577181208
0.7825503355704698
0.8147651006711409
0.7634228187919463
0.7620805369127517
0.7171140939597316
0.8194630872483222
0.7567114093959731
0.7855704697986577
0.7818791946308725
0.860738255033557
0.7781879194630873
0.7067114093959731
0.7939597315436242
0.8114093959731543
0.8120805369127517
0.8540268456375839
0.8147651006711409
0.7738255033557047
0.8664429530201342
0.7577181208053692
0.7526845637583892
0.09865771812080537
0.786241610738255
0.8620805369127517
0.7409395973154362
0.7768456375838926
0.8429530201342282
0.6771812080536913
0.8580536912751678
0.8164429530201343
0.7848993288590604
0.851006711409396
0.8395973154362416
0.8895973154362417
0.7721476510067115
0.7701342281879194
0.7003355704697987
0.7640939597315436
0.7483221476510067
0.758724832214765
0.8359060402684564
0.7768456375838926
0.7124161073825503
0.751006711409396
0.702013422818792
0.7540268456375839
0.7855704697986577
0.7895973154362416
0.7808724832214765
0.8134228187919463
0.7775167785234899
0.8164429530201343
0.8305369127516778
0.6080536912751678
0.8550335570469799
0.6751677852348993
0.7791946308724832
0.7885906040268457
0.802013422818792
0.8140939597315436
0.7496644295302013
0.9557046979865772
0.6862416107382551
0.7177852348993289
0.7406040268456375
0.8721476510067114
0.8365771812080537
0.7171140939597316
0.7966442953020134
0.9211409395973155
0.8093959731543624
0.8550335570469799
0.7496644295302013
0.7342281879194631
0.728523489932886
0.7154362416107383
0.8439597315436241
0.8926174496644296
0.8174496644295302
0.8335570469798658
0.7778523489932886
0.7932885906040269
0.7191275167785235
0.811744966442953
0.6845637583892618
0.7520134228187919
0.7315436241610739
0.7939597315436242
0.7520134228187919
0.7865771812080536
0.7708053691275167
0.8003355704697986
0.725503355704698
0.8144295302013422
0.7516778523489933
0.5989932885906041
0.8926174496644296
0.7704697986577181
0.8808724832214765
0.8238255033557047
0.7553691275167785
0.8093959731543624
0.7781879194630873
0.8164429530201343
0.7369127516778523
0.7959731543624161
0.7395973154362416
0.8731543624161073
0.6553691275167786
0.874496644295302
0.08389261744966443
0.8778523489932886
0.6718120805369128
0.825503355704698
0.6426174496644296
0.7446308724832215
0.8197986577181208
0.8275167785234899
0.7583892617449665
0.8798657718120806
0.7822147651006711
0.676510067114094
0.8295302013422818
0.8489932885906041
0.7815436241610738
0.7895973154362416
0.7802013422818792
0.7466442953020134
0.7389261744966443
0.8208053691275168
0.7986577181208053
0.8265100671140939
0.803020134228188
0.6976510067114094
0.7218120805369127
0.7392617449664429
0.7426174496644296
0.8714765100671141
0.7855704697986577
0.786241610738255
0.8681208053691275
0.8328859060402685
0.7761744966442953
0.7825503355704698
0.8674496644295302
0.741275167785235
0.7241610738255033
0.6520134228187919
0.7761744966442953
0.7355704697986577
0.852013422818792
0.8489932885906041
0.8939597315436242
0.9046979865771813
0.8563758389261745
0.8822147651006711
0.836241610738255
0.7221476510067114
0.7563758389261745
0.7879194630872484
0.8348993288590604
0.6869127516778524
0.7634228187919463
0.8130872483221476
0.7758389261744967
0.5191275167785235
0.7895973154362416
0.873489932885906
0.7842281879194631
0.864765100671141
0.7543624161073825
0.7838926174496644
0.72751677852349
0.7842281879194631
0.8006711409395973
0.8493288590604027
0.5953020134228187
0.8583892617449664
0.823489932885906
0.874496644295302
0.8221476510067114
0.7942953020134228
0.925503355704698
0.7758389261744967
0.6963087248322147
0.8110738255033557
0.6963087248322147
0.8214765100671141
0.7838926174496644
0.6721476510067114
0.7030201342281879
0.7432885906040269
0.8406040268456376
0.8124161073825503
0.711744966442953
0.55
0.797986577181208
0.7174496644295302
0.7580536912751678
0.85
0.8275167785234899
0.7812080536912752
0.7741610738255034
0.7916107382550336
0.7671140939597315
0.8808724832214765
0.7748322147651007
0.7476510067114094
0.8355704697986577
0.7728187919463088
0.8835570469798658
0.8046979865771812
0.8453020134228187
0.797986577181208
0.8291946308724832
0.9332214765100671
0.8644295302013423
0.771476510067114
0.7802013422818792
0.711744966442953
0.8412751677852349
0.7546979865771812
0.711744966442953
0.8486577181208054
0.8406040268456376
0.8993288590604027
0.48825503355704697
0.8208053691275168
0.77248322147651
0.6664429530201342
0.8070469798657718
0.7909395973154363
0.6577181208053692
0.8328859060402685
0.6194630872483221
0.8939597315436242
0.8013422818791947
0.8073825503355705
0.7533557046979866
0.8026845637583893
0.7983221476510067
0.7812080536912752
0.5879194630872483
0.7848993288590604
0.8577181208053691
0.897986577181208
0.7691275167785235
0.8003355704697986
0.8228187919463087
0.6359060402684564
0.7523489932885906
0.8604026845637583
0.7788590604026846
0.873489932885906
0.803020134228188
0.7936241610738255
0.7295302013422819
0.8184563758389262
0.8426174496644295
0.7258389261744966
0.8486577181208054
0.8842281879194631
0.7768456375838926
0.8003355704697986
0.7996644295302013
0.7956375838926174
0.7761744966442953
0.7318791946308725
0.8040268456375839
0.8489932885906041
0.7805369127516778
0.7825503355704698
0.7208053691275168
0.8003355704697986
0.7580536912751678
0.8728187919463087
0.7775167785234899
0.9285234899328859
0.8187919463087249
0.7194630872483222
0.7694630872483221
0.7526845637583892
0.8258389261744966
0.8208053691275168
0.7171140939597316
0.8036912751677853
0.8063758389261745
0.7238255033557047
0.8077181208053691
0.8419463087248322
0.812751677852349
0.7963087248322148
0.7671140939597315
0.7033557046979866
0.8604026845637583
0.7154362416107383
0.748993288590604
0.8013422818791947
0.751006711409396
0.7322147651006712
0.8442953020134228
0.771476510067114
0.815771812080537
0.8879194630872483
0.6959731543624161
0.8459731543624162
0.7191275167785235
0.8278523489932886
0.7369127516778523
0.7033557046979866
0.7530201342281879
0.5238255033557047
0.9318791946308724
0.823489932885906
0.8469798657718121
0.8808724832214765
0.7748322147651007
0.7332214765100671
0.7570469798657719
0.9288590604026845
0.7838926174496644
0.9473154362416107
0.7040268456375839
0.7335570469798658
0.5892617449664429
0.7865771812080536
0.8694630872483221
0.6738255033557047
0.8899328859060402
0.8134228187919463
0.7580536912751678
0.8825503355704698
0.6966442953020134
0.9161073825503355
0.859731543624161
0.737248322147651
0.8077181208053691
0.798993288590604
0.6946308724832215
0.7151006711409396
0.785234899328859
0.7956375838926174
0.8895973154362417
0.7486577181208054
0.7057046979865772
0.7395973154362416
0.7523489932885906
0.7312080536912752
0.7456375838926175
0.7526845637583892
0.7342281879194631
0.6825503355704698
0.7560402684563758
0.7701342281879194
0.72751677852349
0.8067114093959732
0.7644295302013423
0.8184563758389262
0.7879194630872484
0.8751677852348994
0.8496644295302014
0.7899328859060403
0.7161073825503356
0.7865771812080536
0.7050335570469799
0.6785234899328859
0.8476510067114094
0.7983221476510067
0.7986577181208053
0.8204697986577181
0.7795302013422819
0.723489932885906
0.7533557046979866
0.9
0.8291946308724832
0.7694630872483221
0.736241610738255
0.7466442953020134
0.7872483221476511
0.890268456375839
0.8130872483221476
0.7687919463087248
0.08187919463087248
0.8171140939597316
0.9523489932885906
0.8305369127516778
0.751006711409396
0.6063758389261745
0.8154362416107382
0.7523489932885906
0.9144295302013423
0.7812080536912752
0.7949664429530201
0.87248322147651
0.7231543624161074
0.7795302013422819
0.8577181208053691
0.7993288590604026
0.7802013422818792
0.7855704697986577
0.7785234899328859
0.7879194630872484
0.7624161073825504
0.7124161073825503
0.7640939597315436
0.7100671140939597
0.7177852348993289
0.7966442953020134
0.8053691275167785
0.7503355704697987
0.8110738255033557
0.7802013422818792
0.7835570469798657
0.7775167785234899
0.8161073825503355
0.8889261744966444
0.7053691275167785
0.762751677852349
0.8067114093959732
0.7379194630872483
0.7265100671140939
0.6932885906040268
0.6731543624161074
0.7825503355704698
0.8687919463087248
0.8479865771812081
0.8221476510067114
0.8167785234899329
0.7191275167785235
0.8624161073825504
0.7922818791946309
0.7550335570469798
0.7338926174496644
0.7661073825503356
0.8570469798657718
0.8365771812080537
0.7667785234899329
0.8869127516778523
0.8661073825503356
0.7144295302013423
0.8711409395973154
0.771476510067114
0.8271812080536913
0.8083892617449664
0.6929530201342282
0.8006711409395973
0.6473154362416107
0.7711409395973154
0.7033557046979866
0.7681208053691275
0.7110738255033557
0.7040268456375839
0.701006711409396
0.7563758389261745
0.7895973154362416
0.7711409395973154
0.7164429530201343
0.7365771812080537
0.6859060402684564
0.6785234899328859
0.7781879194630873
0.8620805369127517
0.7728187919463088
0.8221476510067114
0.5583892617449664
0.874496644295302
0.7872483221476511
0.7298657718120806
0.7570469798657719
0.7664429530201342
0.7738255033557047
0.77248322147651
0.7114093959731543
0.7593959731543625
0.9157718120805369
0.8291946308724832
0.12483221476510067
0.8104026845637584
0.72751677852349
0.758724832214765
0.11375838926174496
0.8466442953020135
0.7785234899328859
0.7463087248322148
0.7654362416107383
0.7302013422818792
0.8345637583892618
0.8946308724832215
0.7127516778523489
0.7993288590604026
0.7318791946308725
0.7731543624161074
0.9197986577181209
0.6768456375838926
0.798993288590604
0.7802013422818792
0.8825503355704698
0.6681208053691275
0.8288590604026845
0.8738255033557047
0.7580536912751678
0.7865771812080536
0.7802013422818792
0.7909395973154363
0.6614093959731544
0.8224832214765101
0.8016778523489932
0.7738255033557047
0.7389261744966443
0.7711409395973154
0.8614093959731544
0.7684563758389261
0.8795302013422819
0.6513422818791946
0.7563758389261745
0.7748322147651007
0.8338926174496645
0.7815436241610738
0.7513422818791946
0.7493288590604027
0.8875838926174496
0.8174496644295302
0.7832214765100671
0.6771812080536913
0.8634228187919463
0.790268456375839
0.7208053691275168
0.7953020134228188
0.8392617449664429
0.6825503355704698
0.7328859060402685
0.8848993288590604
0.9295302013422819
0.7718120805369127
0.6781879194630872
0.711744966442953
0.7657718120805369
0.8228187919463087
0.8436241610738255
0.8251677852348993
0.9426174496644295
0.836241610738255
0.8379194630872483
0.7077181208053691
0.8016778523489932
0.7751677852348994
0.7697986577181208
0.7332214765100671
0.7822147651006711
0.8057046979865772
0.8590604026845637
0.9416107382550336
0.6973154362416107
0.8144295302013422
0.8218120805369128
0.7278523489932885
0.7278523489932885
0.7395973154362416
0.7758389261744967
0.7315436241610739
0.8137583892617449
0.8610738255033556
0.8151006711409396
0.7426174496644296
0.7087248322147651
0.7694630872483221
0.7604026845637584
0.6909395973154362
0.7859060402684563
0.711744966442953
0.8385906040268456
0.8899328859060402
0.6580536912751678
0.6583892617449665
0.8422818791946308
0.7620805369127517
0.7359060402684564
0.8134228187919463
0.7697986577181208
0.7429530201342281
0.8976510067114094
0.7885906040268457
0.8043624161073826
0.7543624161073825
0.7828859060402684
0.7298657718120806
0.7593959731543625
0.737248322147651
0.6496644295302013
0.8453020134228187
0.8305369127516778
0.7124161073825503
0.7429530201342281
0.7597315436241611
0.8825503355704698
0.7023489932885906
0.8067114093959732
0.6543624161073825
0.8140939597315436
0.9057046979865772
0.9026845637583892
0.8110738255033557
0.7506711409395973
0.8214765100671141
0.7036912751677852
0.7778523489932886
0.6667785234899329
0.674496644295302
0.7419463087248322
0.8322147651006712
0.8177852348993289
0.7449664429530202
0.9006711409395973
0.8302013422818791
0.8708053691275168
0.8694630872483221
0.8469798657718121
0.8986577181208054
0.8191275167785235
0.8570469798657718
0.9093959731543624
0.8567114093959731
0.790268456375839
0.8546979865771812
0.7758389261744967
0.9057046979865772
0.8224832214765101
0.6949664429530201
0.8419463087248322
0.8496644295302014
0.8798657718120806
0.8238255033557047
0.6825503355704698
0.8667785234899329
0.7057046979865772
0.7929530201342282
0.8708053691275168
0.710738255033557
0.8187919463087249
0.736241610738255
0.7060402684563758
0.7248322147651006
0.6134228187919463
0.7969798657718121
0.8691275167785235
0.7741610738255034
0.7812080536912752
0.8057046979865772
0.8147651006711409
0.7251677852348993
0.824496644295302
0.8634228187919463
0.7016778523489933
0.9093959731543624
0.7342281879194631
0.852013422818792
0.8318791946308725
0.8026845637583893
0.7557046979865771
0.8926174496644296
0.7523489932885906
0.7634228187919463
0.6996644295302014
0.7130872483221476
0.7872483221476511
0.7006711409395974
0.6697986577181209
0.7654362416107383
0.7516778523489933
0.7322147651006712
0.8043624161073826
0.9224832214765101
0.9422818791946309
0.7288590604026846
0.6731543624161074
0.7828859060402684
0.8130872483221476
0.7503355704697987
0.937248322147651
0.8090604026845638
0.8667785234899329
0.8483221476510067
0.7848993288590604
0.887248322147651
0.7496644295302013
0.7577181208053692
0.8211409395973155
0.8523489932885906
0.7063758389261745
0.7375838926174496
0.8298657718120805
0.7513422818791946
0.8013422818791947
0.7768456375838926
0.7241610738255033
0.626510067114094
0.761744966442953
0.6134228187919463
0.7775167785234899
0.7607382550335571
0.8634228187919463
0.7342281879194631
0.6959731543624161
0.7718120805369127
0.7312080536912752
0.8251677852348993
0.7731543624161074
0.7721476510067115
0.8231543624161074
0.7879194630872484
0.7848993288590604
0.7513422818791946
0.6993288590604027
0.8164429530201343
0.8805369127516779
0.7812080536912752
0.7687919463087248
0.7567114093959731
0.8241610738255034
0.7775167785234899
0.7194630872483222
0.863758389261745
0.7932885906040269
0.8151006711409396
0.8469798657718121
0.8151006711409396
0.6899328859060403
0.8040268456375839
0.5503355704697986
0.6828859060402684
0.7983221476510067
0.7805369127516778
0.7093959731543624
0.7221476510067114
0.7258389261744966
0.825503355704698
0.6778523489932886
0.7503355704697987
0.8466442953020135
0.7624161073825504
0.8429530201342282
0.8046979865771812
0.8043624161073826
0.946979865771812
0.8671140939597315
0.8154362416107382
0.6942953020134228
0.7261744966442953
0.7802013422818792
0.723489932885906
0.8013422818791947
0.7291946308724833
0.8496644295302014
0.8657718120805369
0.7838926174496644
0.8016778523489932
0.7708053691275167
0.8010067114093959
0.7983221476510067
0.7
0.8835570469798658
0.7825503355704698
0.8268456375838926
0.8583892617449664
0.7681208053691275
0.709731543624161
0.790268456375839
0.7006711409395974
0.8087248322147651
0.8231543624161074
0.8395973154362416
0.85
0.7328859060402685
0.7473154362416108
0.7694630872483221
0.7546979865771812
0.8221476510067114
0.8124161073825503
0.7395973154362416
0.8969798657718121
0.8395973154362416
0.9010067114093959
0.7711409395973154
0.6986577181208053
0.7338926174496644
0.8426174496644295
0.7385906040268456
0.7926174496644295
0.8050335570469799
0.7120805369127516
0.7922818791946309
0.7526845637583892
0.6701342281879195
0.6976510067114094
0.7456375838926175
0.789261744966443
0.7959731543624161
0.8426174496644295
0.7573825503355704
0.8147651006711409
0.7355704697986577
0.6986577181208053
0.6399328859060402
0.8278523489932886
0.7208053691275168
0.6791946308724832
0.5805369127516778
0.7348993288590604
0.7338926174496644
0.7496644295302013
0.7610738255033557
0.710738255033557
0.9453020134228188
0.8104026845637584
0.7348993288590604
0.8083892617449664
0.8083892617449664
0.7802013422818792
0.8224832214765101
0.775503355704698
0.7785234899328859
0.797986577181208
0.7171140939597316
0.7973154362416107
0.7399328859060402
0.6046979865771812
0.7140939597315437
0.7731543624161074
0.7043624161073826
0.7711409395973154
0.7563758389261745
0.7218120805369127
0.7308724832214765
0.6657718120805369
0.7748322147651007
0.8070469798657718
0.8003355704697986
0.6895973154362416
0.7983221476510067
0.711744966442953
0.8013422818791947
0.7446308724832215
0.8302013422818791
0.9379194630872483
0.7647651006711409
0.8348993288590604
0.876510067114094
0.6523489932885906
0.8369127516778524
0.8503355704697987
0.9208053691275168
0.723489932885906
0.7865771812080536
0.6570469798657718
0.8546979865771812
0.9540268456375839
0.810738255033557
0.8164429530201343
0.6734899328859061
0.8771812080536913
0.802013422818792
0.7302013422818792
0.7513422818791946
0.6523489932885906
0.13053691275167786
0.7201342281879195
0.8728187919463087
0.8291946308724832
0.8224832214765101
0.8395973154362416
0.8167785234899329
0.8624161073825504
0.837248322147651
0.9020134228187919
0.7523489932885906
0.7734899328859061
0.8778523489932886
0.7845637583892617
0.7456375838926175
0.8694630872483221
0.8224832214765101
0.7520134228187919
0.7953020134228188
0.6785234899328859
0.8610738255033556
0.8214765100671141
0.9050335570469799
0.7164429530201343
0.898993288590604
0.8385906040268456
0.7322147651006712
0.6838926174496645
0.6838926174496645
0.7345637583892617
0.7473154362416108
0.6305369127516779
0.7855704697986577
0.728523489932886
0.13691275167785236
0.7620805369127517
0.9335570469798657
0.7949664429530201
0.7204697986577181
0.7932885906040269
0.7365771812080537
0.7406040268456375
0.8328859060402685
0.9083892617449665
0.7630872483221477
0.7513422818791946
0.8194630872483222
0.789261744966443
0.7667785234899329
0.7815436241610738
0.8416107382550335
0.8526845637583893
0.7533557046979866
0.7060402684563758
0.7533557046979866
0.7523489932885906
0.762751677852349
0.7110738255033557
0.7006711409395974
0.7795302013422819
0.5385906040268457
0.8342281879194631
0.9006711409395973
0.6506711409395973
0.6610738255033557
0.8506711409395973
0.7828859060402684
0.7087248322147651
0.7875838926174497
0.8389261744966443
0.874496644295302
0.7174496644295302
0.7214765100671141
0.7932885906040269
0.7506711409395973
0.8812080536912752
0.7704697986577181
0.4426174496644295
0.6916107382550336
0.7516778523489933
0.8939597315436242
0.8439597315436241
0.8486577181208054
0.8080536912751678
0.7369127516778523
0.775503355704698
0.7345637583892617
0.8144295302013422
0.7006711409395974
0.8140939597315436
0.7208053691275168
0.8201342281879195
0.8036912751677853
0.7855704697986577
0.7832214765100671
0.8664429530201342
0.8181208053691276
0.7392617449664429
0.6694630872483222
0.8486577181208054
0.8506711409395973
0.7426174496644296
0.6889261744966443
0.8714765100671141
0.725503355704698
0.790268456375839
0.8302013422818791
0.8345637583892618
0.8798657718120806
0.7486577181208054
0.8399328859060403
0.2533557046979866
0.6557046979865772
0.6684563758389261
0.8191275167785235
0.8197986577181208
0.7503355704697987
0.8040268456375839
0.8899328859060402
0.8385906040268456
0.7563758389261745
0.8553691275167785
0.8328859060402685
0.7711409395973154
0.7546979865771812
0.8184563758389262
0.8352348993288591
0.7996644295302013
0.6976510067114094
0.7879194630872484
0.6761744966442953
0.7946308724832215
0.7218120805369127
0.8077181208053691
0.761744966442953
0.7694630872483221
0.728523489932886
0.6768456375838926
0.7322147651006712
0.7288590604026846
0.8335570469798658
0.7832214765100671
0.8922818791946309
0.7593959731543625
0.7369127516778523
0.776510067114094
0.7218120805369127
0.6493288590604027
0.7305369127516779
0.7922818791946309
0.7345637583892617
0.7993288590604026
0.7929530201342282
0.6432885906040269
0.8278523489932886
0.7855704697986577
0.8899328859060402
0.8483221476510067
0.85
0.8120805369127517
0.8278523489932886
0.7895973154362416
0.8308724832214766
0.8409395973154362
0.8251677852348993
0.738255033557047
0.7456375838926175
0.4885906040268456
0.8224832214765101
0.7704697986577181
0.7268456375838926
0.6912751677852349
0.9063758389261745
0.8171140939597316
0.687248322147651
0.7533557046979866
0.7932885906040269
0.7201342281879195
0.7912751677852349
0.6812080536912751
0.47751677852348995
0.7590604026845638
0.6959731543624161
0.7684563758389261
0.8919463087248322
0.8338926174496645
0.8453020134228187
0.8939597315436242
0.7583892617449665
0.7328859060402685
0.7848993288590604
0.7409395973154362
0.6503355704697986
0.8808724832214765
0.7802013422818792
0.8057046979865772
0.7661073825503356
0.7325503355704698
0.8053691275167785
0.7741610738255034
0.8104026845637584
0.7359060402684564
0.725503355704698
0.887248322147651
0.7677852348993288
0.7781879194630873
0.612751677852349
0.8184563758389262
0.7681208053691275
0.7889261744966443
0.7439597315436242
0.8869127516778523
0.7530201342281879
0.6379194630872483
0.8174496644295302
0.8359060402684564
0.8449664429530201
0.7946308724832215
0.7899328859060403
0.7479865771812081
0.8036912751677853
0.7228187919463087
0.7728187919463088
0.8013422818791947
0.7288590604026846
0.8305369127516778
0.7322147651006712
0.8895973154362417
0.6513422818791946
0.77248322147651
0.8674496644295302
0.7466442953020134
0.640268456375839
0.738255033557047
0.8130872483221476
0.8003355704697986
0.7432885906040269
0.7949664429530201
0.8043624161073826
0.788255033557047
0.8550335570469799
0.8110738255033557
0.7711409395973154
0.7795302013422819
0.7704697986577181
0.7295302013422819
0.8567114093959731
0.7929530201342282
0.7761744966442953
0.7063758389261745
0.8395973154362416
0.7640939597315436
0.7654362416107383
0.790268456375839
0.8909395973154363
0.8288590604026845
0.7486577181208054
0.7523489932885906
0.9003355704697986
0.6322147651006711
0.6758389261744966
0.588255033557047
0.7426174496644296
0.8281879194630872
0.8053691275167785
0.8563758389261745
0.7620805369127517
0.8516778523489933
0.7983221476510067
0.8164429530201343
0.8446308724832214
0.7718120805369127
0.8543624161073825
0.8083892617449664
0.8791946308724832
0.7268456375838926
0.7939597315436242
0.7557046979865771
0.8432885906040268
0.8285234899328859
0.7090604026845637
0.7432885906040269
0.8016778523489932
0.7681208053691275
0.8758389261744967
0.7053691275167785
0.6865771812080537
0.8399328859060403
0.7879194630872484
0.8399328859060403
0.790268456375839
0.8318791946308725
0.7248322147651006
0.771476510067114
0.8708053691275168
0.7721476510067115
0.7177852348993289
0.8211409395973155
0.8426174496644295
0.8835570469798658
0.7879194630872484
0.7825503355704698
0.8261744966442953
0.785234899328859
0.7590604026845638
0.7033557046979866
0.9201342281879195
0.7879194630872484
0.7812080536912752
0.798993288590604
0.8010067114093959
0.7228187919463087
0.6429530201342282
0.8342281879194631
0.8161073825503355
0.815771812080537
0.7295302013422819
0.8335570469798658
0.728523489932886
0.8063758389261745
0.7751677852348994
0.7399328859060402
0.7365771812080537
0.8023489932885906
0.7953020134228188
0.6845637583892618
0.8238255033557047
0.8436241610738255
0.802013422818792
0.810738255033557
0.8261744966442953
0.7604026845637584
0.7533557046979866
0.8171140939597316
0.8345637583892618
0.8302013422818791
0.7563758389261745
0.8251677852348993
0.7456375838926175
0.7825503355704698
0.8308724832214766
0.8120805369127517
0.7610738255033557
0.7328859060402685
0.7436241610738255
0.8033557046979866
0.6711409395973155
0.7721476510067115
0.7050335570469799
0.7305369127516779
0.8942953020134228
0.9288590604026845
0.851006711409396
0.7496644295302013
0.7322147651006712
0.751006711409396
0.8704697986577181
0.6429530201342282
0.8526845637583893
0.8506711409395973
0.7604026845637584
0.6986577181208053
0.8332214765100671
0.7305369127516779
0.9174496644295302
0.7201342281879195
0.8546979865771812
0.8741610738255033
0.8251677852348993
0.7604026845637584
0.8721476510067114
0.7167785234899329
0.9406040268456376
0.811744966442953
0.6828859060402684
0.7476510067114094
0.6973154362416107
0.8728187919463087
0.6530201342281879
0.8516778523489933
0.9385906040268457
0.8302013422818791
0.7516778523489933
0.8503355704697987
0.7419463087248322
0.798993288590604
0.4221476510067114
0.6674496644295302
0.8436241610738255
0.8355704697986577
0.7895973154362416
0.8161073825503355
0.7459731543624161
0.786241610738255
0.7288590604026846
0.8906040268456376
0.6459731543624161
0.8137583892617449
0.8258389261744966
0.7476510067114094
0.8221476510067114
0.9063758389261745
0.797986577181208
0.7325503355704698
0.885234899328859
0.9788590604026846
0.7416107382550335
0.8895973154362417
0.8899328859060402
0.7929530201342282
0.7620805369127517
0.7553691275167785
0.7815436241610738
0.6724832214765101
0.8815436241610738
0.7939597315436242
0.9312080536912751
0.8
0.7496644295302013
0.8265100671140939
0.8583892617449664
0.8389261744966443
0.852013422818792
0.6922818791946309
0.7671140939597315
0.7697986577181208
0.7949664429530201
0.8161073825503355
0.8966442953020134
0.7600671140939598
0.7513422818791946
0.811744966442953
0.8080536912751678
0.9093959731543624
0.8503355704697987
0.774496644295302
0.8073825503355705
0.4986577181208054
0.7687919463087248
0.8681208053691275
0.7872483221476511
0.8859060402684564
0.811744966442953
0.7040268456375839
0.7906040268456376
0.7946308724832215
0.6211409395973154
0.8577181208053691
0.7453020134228188
0.8077181208053691
0.9
0.824496644295302
0.6805369127516778
0.8855704697986577
0.9144295302013423
0.8161073825503355
0.8661073825503356
0.8154362416107382
0.8879194630872483
0.9312080536912751
0.8906040268456376
0.8295302013422818
0.8694630872483221
0.8214765100671141
0.6832214765100671
0.8875838926174496
0.7432885906040269
0.6721476510067114
0.7550335570469798
0.8456375838926175
0.6959731543624161
0.8221476510067114
0.9070469798657718
0.7073825503355705
0.8151006711409396
0.6929530201342282
0.8268456375838926
0.7590604026845638
0.8221476510067114
0.7385906040268456
0.8080536912751678
0.8795302013422819
0.7768456375838926
0.7815436241610738
0.95
0.7875838926174497
0.8057046979865772
0.6973154362416107
0.7281879194630873
0.7348993288590604
0.7664429530201342
0.7694630872483221
0.9013422818791946
0.7422818791946308
0.8124161073825503
0.7758389261744967
0.7875838926174497
0.7496644295302013
0.8489932885906041
0.8906040268456376
0.7909395973154363
0.9305369127516778
0.7644295302013423
0.7805369127516778
0.7818791946308725
0.8704697986577181
0.7557046979865771
0.797986577181208
0.6828859060402684
0.7697986577181208
0.7546979865771812
0.790268456375839
0.7842281879194631
0.8211409395973155
0.6855704697986578
0.8348993288590604
0.6083892617449664
0.8466442953020135
0.7328859060402685
0.7322147651006712
0.8171140939597316
0.5758389261744966
0.8197986577181208
0.8677852348993289
0.7708053691275167
0.7335570469798658
0.7218120805369127
0.8412751677852349
0.8181208053691276
0.723489932885906
0.6812080536912751
0.7526845637583892
0.7546979865771812
0.7808724832214765
0.7224832214765101
0.7416107382550335
0.8100671140939597
0.77248322147651
0.7181208053691275
0.6694630872483222
0.7513422818791946
0.8302013422818791
0.8181208053691276
0.8939597315436242
0.7607382550335571
0.7288590604026846
0.8057046979865772
0.7590604026845638
0.7419463087248322
0.6879194630872483
0.9298657718120805
0.7338926174496644
0.7781879194630873
0.7432885906040269
0.7469798657718121
0.823489932885906
0.8181208053691276
0.9100671140939597
0.7016778523489933
0.785234899328859
0.8204697986577181
0.7265100671140939
0.8238255033557047
0.7342281879194631
0.7828859060402684
0.6946308724832215
0.7741610738255034
0.674496644295302
0.7389261744966443
0.7677852348993288
0.6855704697986578
0.7872483221476511
0.7342281879194631
0.8090604026845638
0.6993288590604027
0.7684563758389261
0.8543624161073825
0.7365771812080537
0.7526845637583892
0.7432885906040269
0.825503355704698
0.8265100671140939
0.8097315436241611
0.8080536912751678
0.8785234899328859
0.8624161073825504
0.7674496644295302
0.711744966442953
0.8197986577181208
0.7442953020134229
0.7963087248322148
0.7385906040268456
0.7308724832214765
0.748993288590604
0.7983221476510067
0.8134228187919463
0.8328859060402685
0.7895973154362416
0.8271812080536913
0.8167785234899329
0.7503355704697987
0.6788590604026845
0.8130872483221476
0.6184563758389262
0.8406040268456376
0.7073825503355705
0.7781879194630873
0.7130872483221476
0.9624161073825503
0.7761744966442953
0.8184563758389262
0.7214765100671141
0.7983221476510067
0.7634228187919463
0.7503355704697987
0.4949664429530201
0.8503355704697987
0.7063758389261745
0.8318791946308725
0.8567114093959731
0.6590604026845638
0.860738255033557
0.1221476510067114
0.6828859060402684
0.7134228187919464
0.7177852348993289
0.7238255033557047
0.8815436241610738
0.5412751677852349
0.7644295302013423
0.8050335570469799
0.6966442953020134
0.7493288590604027
0.8553691275167785
0.9057046979865772
0.7889261744966443
0.7708053691275167
0.8214765100671141
0.7879194630872484
0.6869127516778524
0.7228187919463087
0.8251677852348993
0.7355704697986577
0.8919463087248322
0.7526845637583892
0.8781879194630873
0.7597315436241611
0.7630872483221477
0.7791946308724832
0.09395973154362416
0.815771812080537
0.6869127516778524
0.8577181208053691
0.8543624161073825
0.8355704697986577
0.8060402684563759
0.8120805369127517
0.7845637583892617
0.7338926174496644
0.7681208053691275
0.7825503355704698
0.7694630872483221
0.7758389261744967
0.8261744966442953
0.8322147651006712
0.8154362416107382
0.7691275167785235
0.7573825503355704
0.7953020134228188
0.8506711409395973
0.7520134228187919
0.6335570469798658
0.9640939597315437
0.7738255033557047
0.7802013422818792
0.7298657718120806
0.7657718120805369
0.7543624161073825
0.8110738255033557
0.8120805369127517
0.7600671140939598
0.859731543624161
0.7432885906040269
0.7929530201342282
0.8550335570469799
0.7966442953020134
0.8909395973154363
0.7855704697986577
0.7164429530201343
0.7553691275167785
0.723489932885906
0.8278523489932886
0.8664429530201342
0.8077181208053691
0.7
0.8624161073825504
0.7463087248322148
0.8912751677852349
0.8392617449664429
0.7291946308724833
0.9067114093959732
0.7647651006711409
0.7456375838926175
0.7791946308724832
0.7741610738255034
0.8657718120805369
0.8013422818791947
0.7885906040268457
0.738255033557047
0.7936241610738255
0.8617449664429531
0.711744966442953
0.8906040268456376
0.8483221476510067
0.7959731543624161
0.6721476510067114
0.7570469798657719
0.961744966442953
0.6456375838926175
0.7050335570469799
0.5859060402684564
0.5640939597315436
0.8959731543624161
0.7087248322147651
0.7369127516778523
0.803020134228188
0.7281879194630873
0.7681208053691275
0.810738255033557
0.7053691275167785
0.8546979865771812
0.8936241610738255
0.8503355704697987
0.7711409395973154
0.823489932885906
0.662751677852349
0.8550335570469799
0.803020134228188
0.7100671140939597
0.8120805369127517
0.8889261744966444
0.7661073825503356
0.8449664429530201
0.8912751677852349
0.7338926174496644
0.8154362416107382
0.911744966442953
0.7848993288590604
0.7295302013422819
0.8882550335570469
0.7436241610738255
0.8083892617449664
0.8493288590604027
0.8187919463087249
0.6697986577181209
0.7815436241610738
0.7657718120805369
0.797986577181208
0.8761744966442953
0.7416107382550335
0.7533557046979866
0.640268456375839
0.8392617449664429
0.7402684563758389
0.6563758389261745
0.8090604026845638
0.7033557046979866
0.786241610738255
0.7909395973154363
0.7063758389261745
0.8976510067114094
0.7429530201342281
0.8060402684563759
0.8355704697986577
0.8536912751677852
0.8003355704697986
0.8563758389261745
0.6879194630872483
0.7704697986577181
0.7291946308724833
0.7473154362416108
0.737248322147651
0.6835570469798657
0.7805369127516778
0.7100671140939597
0.852013422818792
0.8610738255033556
0.7781879194630873
0.7442953020134229
0.7050335570469799
0.8295302013422818
0.8946308724832215
0.812751677852349
0.714765100671141
0.7305369127516779
0.7694630872483221
0.8701342281879194
0.8204697986577181
0.7479865771812081
0.8469798657718121
0.9077181208053692
0.6899328859060403
0.7496644295302013
0.6869127516778524
0.8278523489932886
0.8110738255033557
0.8322147651006712
0.7651006711409396
0.7288590604026846
0.7859060402684563
0.7305369127516779
0.8523489932885906
0.741275167785235
0.8674496644295302
0.7956375838926174
0.7949664429530201
