0.8637632607481853
0.9235064209938582
0.8914014517029593
0.8852596314907872
0.8450586264656617
0.8785594639865997
0.9475153545505304
0.8888888888888888
0.9081518704634283
0.9639865996649917
0.9327191513121161
0.6870463428252372
0.7808486878838637
0.8121161362367393
0.8821887213847013
0.8986599664991625
0.8397543271915131
0.8975432719151312
0.8777219430485762
0.8484087102177554
0.6716917922948074
0.8149078726968174
0.8863763260748185
0.7627024008933556
0.8565047459519821
0.8470128419877163
0.8860971524288107
0.9419318816303741
0.8570630932439978
0.8743718592964824
0.8581797878280291
0.800390843104411
0.8922389726409827
0.8051367950865438
0.9391401451702959
0.8676716917922948
0.8852596314907872
0.9363484087102177
0.7459519821328866
0.9028475711892797
0.9503070910106086
0.8886097152428811
0.9271356783919598
0.846175321049693
0.853713009491904
0.9477945281965382
0.8579006141820212
0.9357900614182021
0.8891680625348967
0.8768844221105527
0.8316582914572864
0.8484087102177554
0.8129536571747628
0.8662758235622557
0.8324958123953099
0.7939698492462312
0.8366834170854272
0.8766052484645449
0.9048017867113345
0.9022892238972641
0.8908431044109436
0.8553880513679508
0.9176437744276941
0.850642099385818
0.7571189279731994
0.8707426018983808
0.9059184812953657
0.8760469011725294
0.9020100502512562
0.9226689000558347
0.8137911781127861
0.9176437744276941
0.8740926856504746
0.82607481853713
0.7830820770519263
0.8333333333333334
0.8746510329424902
0.8257956448911222
0.9455611390284757
0.8668341708542714
0.8297040759352318
0.8101619207146845
0.821608040201005
0.8646007816862088
0.963428252372976
0.9128978224455612
0.9288107202680067
0.9539363484087102
0.9028475711892797
0.8615298715801228
0.9290898939140145
0.7847571189279732
0.9447236180904522
0.8623673925181463
0.8486878838637633
0.8350083752093802
0.9140145170295924
0.8847012841987716
0.8146286990508096
0.903964265773311
0.8500837520938024
0.9704075935231714
0.9469570072585148
0.8905639307649358
0.8227247347850363
0.9003350083752094
0.8285873813512005
0.8433835845896147
0.8179787828029034
0.9285315466219989
0.9620323841429369
0.8866554997208264
0.9056393076493578
0.8958682300390843
0.9416527079843663
0.8936348408710217
0.9120603015075377
0.8813512004466778
0.8766052484645449
0.9045226130653267
0.8481295365717476
0.8590173087660525
0.8958682300390843
0.8492462311557789
0.8542713567839196
0.8922389726409827
0.8316582914572864
0.8528754885538805
0.8355667225013959
0.8489670575097711
0.8503629257398102
0.8972640982691233
0.8763260748185371
0.9168062534896706
0.8235622557230597
0.7945281965382468
0.8623673925181463
0.9550530429927415
0.7495812395309883
0.9246231155778895
0.8548297040759353
0.9505862646566164
0.9274148520379676
0.8835845896147404
0.8676716917922948
0.8886097152428811
0.9307649357900614
0.8953098827470687
0.8805136795086543
0.9656616415410385
0.637074260189838
0.9170854271356784
0.8140703517587939
0.8908431044109436
0.9346733668341709
0.8489670575097711
0.800390843104411
0.9235064209938582
0.818537130094919
0.9500279173646008
0.8595756560580681
0.7822445561139029
0.8165829145728644
0.8037409268565048
0.9142936906756002
0.8523171412618649
0.8255164712451145
0.8378001116694584
0.9056393076493578
0.8740926856504746
0.8969849246231156
0.7283640424343942
0.9193188163037409
0.8101619207146845
0.8553880513679508
0.8012283640424344
0.8252372975991067
0.8556672250139586
0.8757677275265215
0.7398101619207147
0.9483528754885538
0.9698492462311558
0.8950307091010609
0.9020100502512562
0.8632049134561698
0.8378001116694584
0.9483528754885538
0.9148520379676158
0.8738135120044668
0.8623673925181463
0.8615298715801228
0.8576214405360134
0.9184812953657174
0.8679508654383026
0.8559463986599665
0.9394193188163037
0.8062534896705751
0.8514796203238414
0.9720826353992184
0.9341150195421553
0.9165270798436628
0.9003350083752094
0.8403126744835288
0.827749860413177
0.8699050809603573
0.8805136795086543
0.7945281965382468
0.8378001116694584
0.8458961474036851
0.8478503629257398
0.8941931881630374
0.8375209380234506
0.8322166387493021
0.9006141820212172
0.8668341708542714
0.864321608040201
0.8439419318816304
0.7481853713009492
0.8849804578447794
0.8056951423785594
0.8620882188721385
0.946677833612507
0.9514237855946399
0.781965382467895
0.9271356783919598
0.9586823003908431
0.7763819095477387
0.9469570072585148
0.3740926856504746
0.9159687325516471
0.9173646007816862
0.8539921831379118
0.9201563372417644
0.7398101619207147
0.8707426018983808
0.8743718592964824
0.8785594639865997
0.8590173087660525
0.8425460636515912
0.8230039084310441
0.8927973199329984
0.9170854271356784
0.8481295365717476
0.8679508654383026
0.8341708542713567
0.914572864321608
0.7948073701842546
0.8257956448911222
0.9050809603573423
0.9254606365159129
0.9003350083752094
0.8456169737576773
0.8361250697934115
0.8590173087660525
0.8941931881630374
0.7292015633724176
0.8958682300390843
0.8087660524846455
0.9006141820212172
0.8992183137911781
0.7635399218313791
0.8774427694025684
0.9304857621440537
0.9003350083752094
0.9265773310999441
0.8914014517029593
0.8743718592964824
0.8045784477945283
0.8944723618090452
0.8347292015633724
0.897822445561139
0.7493020658849805
0.8782802903405919
0.8732551647124511
0.855108877721943
0.9140145170295924
0.8509212730318257
0.8084868788386377
0.8372417643774428
0.846175321049693
0.8721384701284198
0.8847012841987716
0.9327191513121161
0.9383026242322725
0.9229480737018425
0.8151870463428252
0.9592406476828588
0.7481853713009492
0.7964824120603015
0.8232830820770519
0.8366834170854272
0.8771635957565606
0.884142936906756
0.7104969290898939
0.9377442769402569
0.9377442769402569
0.8877721943048577
0.7691233947515355
0.9818537130094919
0.7481853713009492
0.9123394751535455
0.8659966499162479
0.9137353433835846
0.9092685650474596
0.8302624232272473
0.7565605806811837
0.903964265773311
0.9254606365159129
0.7171970965940815
0.8425460636515912
0.7791736460078169
0.9262981574539364
0.8791178112786153
0.8436627582356225
0.9176437744276941
0.8096035734226689
0.7710776102735901
0.8914014517029593
0.8760469011725294
0.8640424343941931
0.7970407593523171
0.8542713567839196
0.8576214405360134
0.9327191513121161
0.8249581239530989
0.8070910106085986
0.8721384701284198
0.8269123394751535
0.890284757118928
0.8888888888888888
0.9843662758235623
0.8604131769960915
0.8690675600223339
0.8112786152987158
0.8598548297040759
0.9514237855946399
0.7487437185929648
0.861250697934115
0.7816862088218872
0.8916806253489671
0.8405918481295366
0.8777219430485762
0.8662758235622557
0.8958682300390843
0.8969849246231156
0.8819095477386935
0.82607481853713
0.8682300390843104
0.9140145170295924
0.8344500279173646
0.8135120044667783
0.9402568397543272
0.9148520379676158
0.8361250697934115
0.9620323841429369
0.7627024008933556
0.940536013400335
0.8791178112786153
0.8997766610831938
0.7883863763260748
0.8699050809603573
0.7032384142936907
0.9416527079843663
0.8489670575097711
0.855108877721943
0.8888888888888888
0.9408151870463428
0.932998324958124
0.9338358458961474
0.8553880513679508
0.7384142936906756
0.8933556672250139
0.7730318257956449
0.8316582914572864
0.9628699050809604
0.8911222780569514
0.9075935231714126
0.8149078726968174
0.8375209380234506
0.8500837520938024
0.7197096594081519
0.8291457286432161
0.8844221105527639
0.8400335008375209
0.9288107202680067
0.867392518146287
0.8592964824120602
0.9262981574539364
0.9491903964265773
0.88107202680067
0.9525404801786711
0.9045226130653267
0.7847571189279732
0.8955890563930765
0.9581239530988275
0.9218313791178113
0.9028475711892797
0.8710217755443886
0.8054159687325516
0.9003350083752094
0.9511446119486321
0.9377442769402569
0.844500279173646
0.9154103852596315
0.9539363484087102
0.9011725293132329
0.8464544946957008
0.8098827470686767
0.8961474036850922
0.8149078726968174
0.8715801228364043
0.9240647682858738
0.907035175879397
0.661641541038526
0.9142936906756002
0.861250697934115
0.8567839195979899
0.8065326633165829
0.9101060859854829
0.8115577889447236
0.7953657174762703
0.9338358458961474
0.24120603015075376
0.8076493579006142
0.8576214405360134
0.9257398101619208
0.8472920156337241
0.7456728084868789
0.9117811278615299
0.774427694025684
0.8788386376326075
0.9190396426577331
0.9190396426577331
0.7900614182021217
0.8849804578447794
0.8743718592964824
0.8397543271915131
0.8626465661641541
0.8824678950307091
0.853713009491904
0.8484087102177554
0.9547738693467337
0.7680067001675042
0.8464544946957008
0.8833054159687326
0.8685092127303182
0.82607481853713
0.907035175879397
0.9567280848687884
0.9346733668341709
0.8729759910664433
0.8774427694025684
0.8330541596873255
0.9260189838079286
0.9564489112227805
0.8919597989949749
0.7936906756002233
0.8528754885538805
0.8807928531546622
0.9170854271356784
0.8724176437744277
0.8888888888888888
0.9469570072585148
0.8366834170854272
0.8512004466778336
0.9617532104969291
0.9290898939140145
0.9427694025683976
0.8874930206588498
0.82607481853713
0.8746510329424902
0.8997766610831938
0.9078726968174204
0.9031267448352875
0.9826912339475153
0.855108877721943
0.9360692350642099
0.7724734785036292
0.937465103294249
0.8916806253489671
0.9109436069235064
0.7900614182021217
0.8059743160245673
0.8676716917922948
0.7738693467336684
0.8193746510329425
0.9042434394193188
0.9383026242322725
0.879676158570631
0.8869346733668342
0.8137911781127861
0.7892238972640983
0.9089893914014517
0.7956448911222781
0.9109436069235064
0.8679508654383026
0.8026242322724735
0.8364042434394193
0.809324399776661
0.9519821328866555
0.9324399776661083
0.8534338358458962
0.8919597989949749
0.8271915131211613
0.8877721943048577
0.9168062534896706
0.9014517029592406
0.8690675600223339
0.8403126744835288
0.9684533780011167
0.9433277498604131
0.9796203238414294
0.8690675600223339
0.8573422668900056
0.8274706867671692
0.8939140145170296
0.8936348408710217
0.8897264098269123
0.8738135120044668
0.8101619207146845
0.8553880513679508
0.9279731993299832
0.8453378001116695
0.9262981574539364
0.8863763260748185
0.8165829145728644
0.8914014517029593
0.7822445561139029
0.7867113344500279
0.7635399218313791
0.681462869905081
0.8257956448911222
0.8458961474036851
0.8754885538805137
0.9715242881072027
0.8922389726409827
0.7889447236180904
0.7303182579564489
0.8886097152428811
0.7713567839195979
0.8919597989949749
0.8333333333333334
0.9249022892238973
0.8400335008375209
0.8933556672250139
0.8975432719151312
0.8257956448911222
0.9438860971524288
0.8567839195979899
0.861250697934115
0.9193188163037409
0.7855946398659966
0.9285315466219989
0.9020100502512562
0.9025683975432719
0.913176996091569
0.8799553322166388
0.8101619207146845
0.8336125069793412
0.8927973199329984
0.827749860413177
0.9215522054718035
0.16024567280848687
0.8176996091568955
0.9022892238972641
0.8433835845896147
0.878001116694584
0.7984366275823562
0.8389168062534896
0.8967057509771078
0.824678950307091
0.884142936906756
0.8447794528196538
0.8350083752093802
0.7417643774427694
0.8539921831379118
0.9168062534896706
0.8601340033500837
0.8662758235622557
0.9257398101619208
0.879676158570631
0.8763260748185371
0.8562255723059743
0.7794528196538246
0.7962032384142937
0.9028475711892797
0.8068118369625907
0.759073143495254
0.867392518146287
0.894751535455053
0.9452819653824679
0.9477945281965382
0.8512004466778336
0.8464544946957008
0.9204355108877722
0.9087102177554439
0.8319374651032942
0.9371859296482412
0.8419877163595757
0.873534338358459
0.9064768285873813
0.8372417643774428
0.8969849246231156
0.8512004466778336
0.9262981574539364
0.9455611390284757
0.9103852596314908
0.9553322166387493
0.9036850921273032
0.8855388051367951
0.8263539921831379
0.9117811278615299
0.7984366275823562
0.8922389726409827
0.916247906197655
0.8662758235622557
0.8877721943048577
0.8481295365717476
0.9142936906756002
0.9249022892238973
0.9176437744276941
0.9288107202680067
0.9003350083752094
0.8386376326074818
0.9408151870463428
0.8380792853154663
0.7448352875488554
0.8121161362367393
0.946677833612507
0.8310999441652708
0.8056951423785594
0.8539921831379118
0.9117811278615299
0.8939140145170296
0.820212171970966
0.8269123394751535
0.9017308766052484
0.9148520379676158
0.8696259073143495
0.8592964824120602
0.8447794528196538
0.861250697934115
0.9008933556672251
0.9098269123394751
0.9048017867113345
0.7403685092127303
0.8925181462869906
0.8470128419877163
0.7872696817420436
0.757677275265215
0.7453936348408711
0.9048017867113345
0.8710217755443886
0.7071468453378001
0.8981016192071468
0.9343941931881631
0.9363484087102177
0.8283082077051926
0.8285873813512005
0.8852596314907872
0.8874930206588498
0.847571189279732
0.7900614182021217
0.9494695700725851
0.9142936906756002
0.8576214405360134
0.8651591289782244
0.8355667225013959
0.6716917922948074
0.6641541038525963
0.9570072585147962
0.9006141820212172
0.8313791178112786
0.8685092127303182
0.9078726968174204
0.792573981016192
0.852037967615857
0.9000558347292016
0.9874371859296482
0.8562255723059743
0.9067560022333891
0.7939698492462312
0.8498045784477946
0.9182021217197096
0.8567839195979899
0.9014517029592406
0.943606923506421
0.9302065884980458
0.9402568397543272
0.8565047459519821
0.8994974874371859
0.9050809603573423
0.8378001116694584
0.8327749860413177
0.9025683975432719
0.9209938581797878
0.8403126744835288
0.8372417643774428
0.9611948632049134
0.9059184812953657
0.8179787828029034
0.8249581239530989
0.8565047459519821
0.9168062534896706
0.884142936906756
0.835287548855388
0.8149078726968174
0.8137911781127861
0.8168620882188722
0.9084310441094361
0.7116136236739252
0.7783361250697934
0.8238414293690676
0.8531546621998883
0.8827470686767169
0.8930764935790061
0.8886097152428811
0.9128978224455612
0.9003350083752094
0.7772194304857621
0.8922389726409827
0.958961474036851
0.8297040759352318
0.8782802903405919
0.9154103852596315
0.8969849246231156
0.9056393076493578
0.8456169737576773
0.9089893914014517
0.8752093802345059
0.8489670575097711
0.8456169737576773
0.9053601340033501
0.9343941931881631
0.8576214405360134
0.7867113344500279
0.8609715242881072
0.8620882188721385
0.8472920156337241
0.824678950307091
0.8623673925181463
0.8729759910664433
0.7920156337241765
0.8922389726409827
0.827749860413177
0.8877721943048577
0.7738693467336684
0.8539921831379118
0.7649357900614182
0.9137353433835846
0.913176996091569
0.8567839195979899
0.8442211055276382
0.8269123394751535
0.907035175879397
0.9128978224455612
0.8484087102177554
0.9195979899497487
0.8707426018983808
0.781965382467895
0.8975432719151312
0.7816862088218872
0.41708542713567837
0.8126744835287549
0.9201563372417644
0.8676716917922948
0.705750977107761
0.8771635957565606
0.9279731993299832
0.8598548297040759
0.7989949748743719
0.7752652149637074
0.7604690117252931
0.9357900614182021
0.9154103852596315
0.9304857621440537
0.8199329983249581
0.8710217755443886
0.8894472361809045
0.701284198771636
0.8827470686767169
0.8632049134561698
0.8517587939698492
0.8481295365717476
0.8559463986599665
0.788107202680067
0.9084310441094361
0.8774427694025684
0.8179787828029034
0.8662758235622557
0.9444444444444444
0.9416527079843663
0.9282523729759911
0.887213847012842
0.929927414852038
0.8400335008375209
0.8897264098269123
0.9321608040201005
0.8813512004466778
0.6010608598548297
0.800390843104411
0.8419877163595757
0.8788386376326075
0.9265773310999441
0.8221663874930206
0.8218872138470128
0.8439419318816304
0.8464544946957008
0.8858179787828029
0.8595756560580681
0.739251814628699
0.9226689000558347
0.853713009491904
0.9095477386934674
0.8632049134561698
0.8874930206588498
0.8866554997208264
0.9075935231714126
0.8467336683417085
0.794249022892239
0.8539921831379118
0.846175321049693
0.9352317141261864
0.8701842546063652
0.8782802903405919
0.9639865996649917
0.8914014517029593
0.8514796203238414
0.948073701842546
0.9455611390284757
0.8830262423227248
0.9020100502512562
0.9050809603573423
0.855108877721943
0.913176996091569
0.9232272473478503
0.8662758235622557
0.8595756560580681
0.8693467336683417
0.8098827470686767
0.8238414293690676
0.897822445561139
0.7791736460078169
0.8905639307649358
0.972640982691234
0.867392518146287
0.6998883305415968
0.9128978224455612
0.8310999441652708
0.8665549972082636
0.8743718592964824
0.8523171412618649
0.9064768285873813
0.8774427694025684
0.8632049134561698
0.8285873813512005
0.9416527079843663
0.9137353433835846
0.8793969849246231
0.7908989391401452
0.9075935231714126
0.7797319932998324
0.7668900055834729
0.9251814628699051
0.929927414852038
0.8481295365717476
0.9288107202680067
0.84142936906756
0.8690675600223339
0.824678950307091
0.8070910106085986
0.8531546621998883
0.798715801228364
0.8855388051367951
0.862925739810162
0.7359017308766053
0.8989391401451703
0.9290898939140145
0.8729759910664433
0.9514237855946399
0.9008933556672251
0.9394193188163037
0.8470128419877163
0.8866554997208264
0.8849804578447794
0.8732551647124511
0.84142936906756
0.9025683975432719
0.9006141820212172
0.8791178112786153
0.8696259073143495
0.8855388051367951
0.8495254048017867
0.6895589056393077
0.9101060859854829
0.9126186487995533
0.8894472361809045
0.8640424343941931
0.7777777777777778
0.6915131211613623
0.8953098827470687
0.9232272473478503
0.8701842546063652
0.8743718592964824
0.8707426018983808
0.7858738135120045
0.8408710217755444
0.9170854271356784
0.8112786152987158
0.8724176437744277
0.8082077051926299
0.8634840871021775
0.8651591289782244
0.8598548297040759
0.9140145170295924
0.8933556672250139
0.8707426018983808
0.8729759910664433
0.861250697934115
0.9193188163037409
0.8860971524288107
0.748464544946957
0.8428252372975991
0.7892238972640983
0.9128978224455612
0.9095477386934674
0.9042434394193188
0.9249022892238973
0.9017308766052484
0.8618090452261307
0.8986599664991625
0.8648799553322166
0.833891680625349
0.8939140145170296
0.8941931881630374
0.9221105527638191
0.9006141820212172
0.8874930206588498
0.7534896705750977
0.9338358458961474
0.8707426018983808
0.9179229480737019
0.7247347850362926
0.7621440536013401
0.878001116694584
0.8766052484645449
0.835287548855388
0.9140145170295924
0.8754885538805137
0.9020100502512562
0.8310999441652708
0.9798994974874372
0.9229480737018425
0.9195979899497487
0.9073143495254048
0.8626465661641541
0.9128978224455612
0.81714126186488
0.7213847012841987
0.8458961474036851
0.827749860413177
0.830820770519263
0.852037967615857
0.9190396426577331
0.9022892238972641
0.9059184812953657
0.932998324958124
0.8724176437744277
0.7431602456728085
0.7456728084868789
0.847571189279732
0.9011725293132329
0.8763260748185371
0.8866554997208264
0.7836404243439419
0.9408151870463428
0.8121161362367393
0.8137911781127861
0.7093802345058626
0.7939698492462312
0.7973199329983249
0.9335566722501396
0.807928531546622
0.8640424343941931
0.7878280290340591
0.913176996091569
0.8590173087660525
0.8450586264656617
0.8930764935790061
0.7883863763260748
0.8763260748185371
0.9140145170295924
0.8548297040759353
0.8344500279173646
0.931323283082077
0.7825237297599107
0.8911222780569514
0.8232830820770519
0.9380234505862647
0.8252372975991067
0.7671691792294807
0.8637632607481853
0.9184812953657174
0.9120603015075377
0.8927973199329984
0.878001116694584
0.8587381351200447
0.9073143495254048
0.827749860413177
0.9592406476828588
0.8713009491903965
0.8350083752093802
0.8310999441652708
0.8844221105527639
0.72250139586823
0.9651032942490229
0.861250697934115
0.8654383026242323
0.8364042434394193
0.8023450586264657
0.8263539921831379
0.8299832495812395
0.8894472361809045
0.9075935231714126
0.8439419318816304
0.9028475711892797
0.8590173087660525
0.9335566722501396
0.9285315466219989
0.8696259073143495
0.9271356783919598
0.8955890563930765
0.8319374651032942
0.7948073701842546
0.8844221105527639
0.8651591289782244
0.8964265773311
0.8830262423227248
0.8581797878280291
0.8883305415968733
0.9416527079843663
0.7841987716359575
0.9249022892238973
0.9193188163037409
0.7830820770519263
0.9106644332774986
0.9081518704634283
0.913176996091569
0.8922389726409827
0.8724176437744277
0.9433277498604131
0.8408710217755444
0.861250697934115
0.9176437744276941
0.9240647682858738
0.8330541596873255
0.7345058626465661
0.6945840312674484
0.8592964824120602
0.8986599664991625
0.8274706867671692
0.9617532104969291
0.8542713567839196
0.8863763260748185
0.949748743718593
0.9148520379676158
0.9022892238972641
0.8986599664991625
0.9173646007816862
0.9059184812953657
0.8285873813512005
0.8431044109436069
0.9288107202680067
0.8992183137911781
0.8713009491903965
0.8835845896147404
0.9006141820212172
0.9120603015075377
0.9101060859854829
0.8668341708542714
0.9251814628699051
0.8481295365717476
0.9369067560022334
0.9031267448352875
0.9000558347292016
0.7420435510887772
0.8548297040759353
0.914572864321608
0.9195979899497487
0.8732551647124511
0.8679508654383026
0.8447794528196538
0.8626465661641541
0.9042434394193188
0.7872696817420436
0.8754885538805137
0.8375209380234506
0.7470686767169179
0.8121161362367393
0.8690675600223339
0.8713009491903965
0.830820770519263
0.8204913456169738
0.8989391401451703
0.88107202680067
0.8925181462869906
0.8648799553322166
0.8015075376884422
0.7945281965382468
0.9343941931881631
0.9003350083752094
0.9383026242322725
0.9324399776661083
0.8863763260748185
0.8986599664991625
0.931323283082077
0.765214963707426
0.8908431044109436
0.7657733109994417
0.8604131769960915
0.92071468453378
0.897822445561139
0.8400335008375209
0.8319374651032942
0.9346733668341709
0.9000558347292016
0.8919597989949749
0.9235064209938582
0.8986599664991625
0.7350642099385818
0.9011725293132329
0.9260189838079286
0.7551647124511446
0.9246231155778895
0.8137911781127861
0.8581797878280291
0.8509212730318257
0.8911222780569514
0.913176996091569
0.9109436069235064
0.8626465661641541
0.8121161362367393
0.914572864321608
0.8738135120044668
0.8500837520938024
0.7975991066443328
0.9148520379676158
0.9260189838079286
0.8771635957565606
0.9126186487995533
0.8464544946957008
0.8640424343941931
0.8827470686767169
0.9067560022333891
0.8500837520938024
0.8835845896147404
0.7264098269123395
0.937465103294249
0.8668341708542714
0.7956448911222781
0.8880513679508655
0.9271356783919598
0.8967057509771078
0.9274148520379676
0.9053601340033501
0.8478503629257398
0.9061976549413735
0.8514796203238414
0.864321608040201
0.800390843104411
0.8916806253489671
0.8914014517029593
0.873534338358459
0.8397543271915131
0.8827470686767169
0.9458403126744835
0.9274148520379676
0.9558905639307649
0.8291457286432161
0.9463986599664992
0.9424902289223898
0.8685092127303182
0.818537130094919
0.8900055834729201
0.9257398101619208
0.8160245672808487
0.8140703517587939
0.8263539921831379
0.8391959798994975
0.8953098827470687
0.907035175879397
0.9028475711892797
0.9357900614182021
0.8087660524846455
0.8933556672250139
0.9103852596314908
0.7677275265214963
0.9148520379676158
0.7875488553880514
0.9128978224455612
0.867392518146287
0.8336125069793412
0.8858179787828029
0.7493020658849805
0.7808486878838637
0.890284757118928
0.8944723618090452
0.8489670575097711
0.8394751535455053
0.948073701842546
0.9209938581797878
0.8129536571747628
0.8548297040759353
0.8626465661641541
0.8391959798994975
0.7978782802903406
0.8347292015633724
0.8699050809603573
0.9006141820212172
0.8333333333333334
0.8623673925181463
0.8579006141820212
0.9087102177554439
0.8835845896147404
0.9137353433835846
0.8464544946957008
0.9285315466219989
0.7830820770519263
0.9695700725851479
0.8805136795086543
0.7370184254606366
0.7632607481853713
0.852037967615857
0.7836404243439419
0.7582356225572306
0.907035175879397
0.9310441094360692
0.8528754885538805
0.8020658849804578
0.9235064209938582
0.9223897264098269
0.8894472361809045
0.8397543271915131
0.8310999441652708
0.8336125069793412
0.8925181462869906
0.8576214405360134
0.8911222780569514
0.84142936906756
0.8313791178112786
0.8760469011725294
0.8919597989949749
0.9514237855946399
0.9293690675600224
0.8726968174204355
0.8852596314907872
0.873534338358459
0.8964265773311
0.8824678950307091
0.8922389726409827
0.7244556113902848
0.9159687325516471
0.8726968174204355
0.9798994974874372
0.8302624232272473
0.8933556672250139
0.8793969849246231
0.8391959798994975
0.9391401451702959
0.8498045784477946
0.8291457286432161
0.9112227805695142
0.8777219430485762
0.8749302065884981
0.8523171412618649
0.7049134561697376
0.8288665549972083
0.7398101619207147
0.9290898939140145
0.820212171970966
0.844500279173646
0.8858179787828029
0.8944723618090452
0.8950307091010609
0.9198771635957566
0.9399776661083193
0.8470128419877163
0.8788386376326075
0.7188721384701284
0.8453378001116695
0.9000558347292016
0.8238414293690676
0.8327749860413177
0.8453378001116695
0.8378001116694584
0.9246231155778895
0.8467336683417085
0.9081518704634283
0.7780569514237856
0.931323283082077
0.8724176437744277
0.7917364600781687
0.833891680625349
0.8766052484645449
0.8992183137911781
0.8442211055276382
0.8774427694025684
0.8428252372975991
0.8590173087660525
0.7727526521496371
0.8241206030150754
0.8975432719151312
0.8838637632607482
0.8874930206588498
0.8514796203238414
0.7428810720268006
0.8458961474036851
0.7557230597431602
0.890284757118928
0.8456169737576773
0.8941931881630374
0.8908431044109436
0.9064768285873813
0.9343941931881631
0.9159687325516471
0.861250697934115
0.8936348408710217
0.9246231155778895
0.7900614182021217
0.8964265773311
0.8922389726409827
0.9028475711892797
0.84142936906756
0.9536571747627024
0.8961474036850922
0.9508654383026243
0.9475153545505304
0.9539363484087102
0.847571189279732
0.9734785036292574
0.9402568397543272
0.8615298715801228
0.9279731993299832
0.8417085427135679
0.8618090452261307
0.798715801228364
0.9034059184812954
0.9394193188163037
0.7727526521496371
0.8897264098269123
0.9444444444444444
0.9078726968174204
0.9271356783919598
0.9011725293132329
0.9335566722501396
0.820212171970966
0.8994974874371859
0.9556113902847572
0.8651591289782244
0.7481853713009492
0.8517587939698492
0.8266331658291457
0.9343941931881631
0.8054159687325516
0.7950865438302624
0.8609715242881072
0.8618090452261307
0.8548297040759353
0.8690675600223339
0.8852596314907872
0.9279731993299832
0.890284757118928
0.8914014517029593
0.8860971524288107
0.9257398101619208
0.8514796203238414
0.8975432719151312
0.9357900614182021
0.8037409268565048
0.7939698492462312
0.9218313791178113
0.9117811278615299
0.9388609715242882
0.9081518704634283
0.8754885538805137
0.8746510329424902
0.8891680625348967
0.9667783361250698
0.844500279173646
0.9123394751535455
0.8743718592964824
0.8118369625907315
0.9276940256839754
0.9014517029592406
0.8087660524846455
0.914572864321608
0.8983807928531546
0.8595756560580681
0.8157453936348409
0.8807928531546622
0.9698492462311558
0.8210496929089894
0.9179229480737019
0.8743718592964824
0.7906197654941374
0.8752093802345059
0.8914014517029593
0.8431044109436069
0.9031267448352875
0.890284757118928
0.8299832495812395
0.8833054159687326
0.8405918481295366
0.8587381351200447
0.9170854271356784
0.838358458961474
0.7378559463986599
0.8905639307649358
0.9536571747627024
0.8721384701284198
0.8766052484645449
0.8936348408710217
0.8690675600223339
0.692071468453378
0.9441652707984366
0.8118369625907315
0.7643774427694026
0.8894472361809045
0.844500279173646
0.7412060301507538
0.9148520379676158
0.7920156337241765
0.9056393076493578
0.8123953098827471
0.9307649357900614
0.9212730318257957
0.8453378001116695
0.9408151870463428
0.9550530429927415
0.8458961474036851
0.9332774986041318
0.8422668900055835
0.8637632607481853
0.8637632607481853
0.8199329983249581
0.8486878838637633
0.9190396426577331
0.9773869346733668
0.8090452261306532
0.8696259073143495
0.8707426018983808
0.9061976549413735
0.8528754885538805
0.9020100502512562
0.9165270798436628
0.7875488553880514
0.9332774986041318
0.9377442769402569
0.6334450027917364
0.923785594639866
0.8793969849246231
0.8280290340591848
0.8939140145170296
0.9508654383026243
0.8601340033500837
0.8785594639865997
0.8327749860413177
0.7931323283082077
0.868788386376326
0.8408710217755444
0.8880513679508655
0.7794528196538246
0.7085427135678392
0.7403685092127303
0.8900055834729201
0.9388609715242882
0.84142936906756
0.8411501954215522
0.8453378001116695
0.72250139586823
0.8439419318816304
0.82607481853713
0.8378001116694584
0.8514796203238414
0.878001116694584
0.8559463986599665
0.8821887213847013
0.9159687325516471
0.8634840871021775
0.9408151870463428
0.833891680625349
0.9031267448352875
0.8495254048017867
0.7222222222222222
0.8070910106085986
0.931323283082077
0.7065884980457845
0.9036850921273032
0.8249581239530989
0.9137353433835846
0.8592964824120602
0.9293690675600224
0.8777219430485762
0.8821887213847013
0.7412060301507538
0.8517587939698492
0.8341708542713567
0.8576214405360134
0.8615298715801228
0.8299832495812395
0.9193188163037409
0.9676158570630933
0.8559463986599665
0.7372975991066444
0.9190396426577331
0.9036850921273032
0.7155220547180347
0.847571189279732
0.9173646007816862
0.9008933556672251
0.4483528754885539
0.8637632607481853
0.8559463986599665
0.9581239530988275
0.821608040201005
0.8029034059184813
0.9422110552763819
0.9785036292573981
0.9553322166387493
0.8006700167504187
0.8699050809603573
0.7984366275823562
0.870463428252373
0.8696259073143495
0.8386376326074818
0.7677275265214963
0.8023450586264657
0.9293690675600224
0.9463986599664992
0.8891680625348967
0.8528754885538805
0.8813512004466778
0.9159687325516471
0.8389168062534896
0.8757677275265215
0.8989391401451703
0.9028475711892797
0.8950307091010609
0.9341150195421553
0.7917364600781687
0.9357900614182021
0.8847012841987716
0.7945281965382468
0.756002233389168
0.7331099944165271
0.9611948632049134
0.8939140145170296
0.9410943606923506
0.8472920156337241
0.8944723618090452
0.8545505304299275
0.8372417643774428
0.8671133445002792
0.8087660524846455
0.8137911781127861
0.9447236180904522
0.88107202680067
0.9606365159128978
0.8969849246231156
0.8634840871021775
0.8196538246789503
0.8470128419877163
0.8900055834729201
0.7534896705750977
0.8160245672808487
0.8930764935790061
0.9095477386934674
0.7791736460078169
0.9438860971524288
0.7900614182021217
0.894751535455053
0.7685650474595198
0.8319374651032942
0.7141261864879955
0.7814070351758794
0.9022892238972641
0.8891680625348967
0.7526521496370743
0.96035734226689
0.8266331658291457
0.8121161362367393
0.9098269123394751
0.9000558347292016
0.9061976549413735
0.8847012841987716
0.8749302065884981
0.937465103294249
0.8447794528196538
0.9302065884980458
0.8858179787828029
0.9081518704634283
0.92071468453378
0.9491903964265773
0.8922389726409827
0.8045784477945283
0.8900055834729201
0.8199329983249581
0.8179787828029034
0.8838637632607482
0.8174204355108877
0.9416527079843663
0.8484087102177554
0.8606923506420994
0.9000558347292016
0.8347292015633724
0.9720826353992184
0.8009491903964265
0.8626465661641541
0.9530988274706867
0.8065326633165829
0.9232272473478503
0.9346733668341709
0.8785594639865997
0.8944723618090452
0.916247906197655
0.8679508654383026
0.9176437744276941
0.9142936906756002
0.96035734226689
0.9249022892238973
0.7643774427694026
0.7445561139028476
0.9695700725851479
0.9218313791178113
0.9084310441094361
0.8693467336683417
0.8919597989949749
0.84142936906756
0.8464544946957008
0.8989391401451703
0.8210496929089894
0.8713009491903965
0.8514796203238414
0.8525963149078727
0.9279731993299832
0.8361250697934115
0.8333333333333334
0.8994974874371859
0.8699050809603573
0.8967057509771078
0.9081518704634283
0.8662758235622557
0.9383026242322725
0.8821887213847013
0.8503629257398102
0.8121161362367393
0.8394751535455053
0.7788944723618091
0.8967057509771078
0.8782802903405919
0.8302624232272473
0.8757677275265215
0.913176996091569
0.8542713567839196
0.8439419318816304
0.8824678950307091
0.8545505304299275
0.8981016192071468
0.9268565047459519
0.9553322166387493
0.7747068676716918
0.8584589614740369
0.7867113344500279
0.8604131769960915
0.8422668900055835
0.8364042434394193
0.9550530429927415
0.97571189279732
0.8989391401451703
0.7495812395309883
0.8411501954215522
0.8634840871021775
0.8375209380234506
0.7426018983807928
0.9307649357900614
0.8623673925181463
0.9187604690117253
0.8484087102177554
0.9031267448352875
0.9310441094360692
0.7437185929648241
0.9595198213288666
0.8140703517587939
0.7713567839195979
0.8001116694584032
0.8168620882188722
0.7989949748743719
0.8858179787828029
0.9176437744276941
0.8724176437744277
0.9000558347292016
0.8994974874371859
0.8271915131211613
0.867392518146287
0.8930764935790061
0.9265773310999441
0.8271915131211613
0.8894472361809045
0.9430485762144054
0.9438860971524288
0.8073701842546064
0.9008933556672251
0.8981016192071468
0.8827470686767169
0.8210496929089894
0.9092685650474596
0.8953098827470687
0.8495254048017867
0.9533780011166946
0.81714126186488
0.9279731993299832
0.9154103852596315
0.8620882188721385
0.9530988274706867
0.8763260748185371
0.8425460636515912
0.8539921831379118
0.7657733109994417
0.8685092127303182
0.8503629257398102
0.8355667225013959
0.8489670575097711
0.9120603015075377
0.8637632607481853
0.846175321049693
0.9653824678950307
0.8986599664991625
0.9525404801786711
0.9006141820212172
0.9022892238972641
0.9089893914014517
0.9785036292573981
0.9274148520379676
0.9056393076493578
0.9505862646566164
0.9022892238972641
0.8757677275265215
0.8671133445002792
0.9623115577889447
0.923785594639866
0.8598548297040759
0.9056393076493578
0.9048017867113345
0.8807928531546622
0.913176996091569
0.8944723618090452
0.8592964824120602
0.9095477386934674
0.8026242322724735
0.9204355108877722
0.8877721943048577
0.9519821328866555
0.7875488553880514
0.9064768285873813
0.9424902289223898
0.9215522054718035
0.824678950307091
0.903964265773311
0.949748743718593
0.9050809603573423
0.9338358458961474
0.9274148520379676
0.9156895589056393
0.8908431044109436
0.8746510329424902
0.8291457286432161
0.8154662199888331
0.8280290340591848
0.923785594639866
0.8900055834729201
0.9424902289223898
0.8391959798994975
0.8752093802345059
0.8241206030150754
0.9536571747627024
0.8400335008375209
0.9031267448352875
0.8916806253489671
0.8707426018983808
0.9000558347292016
0.9184812953657174
0.9692908989391401
0.8523171412618649
0.8484087102177554
0.8495254048017867
0.9017308766052484
0.9198771635957566
0.9553322166387493
0.9212730318257957
0.8584589614740369
0.8757677275265215
0.7587939698492462
0.9226689000558347
0.7895030709101061
0.9198771635957566
0.9106644332774986
0.8408710217755444
0.8126744835287549
0.9804578447794529
0.9050809603573423
0.8464544946957008
0.7657733109994417
0.8651591289782244
0.8068118369625907
0.907035175879397
0.852037967615857
0.8442211055276382
0.8525963149078727
0.8126744835287549
0.8989391401451703
0.9243439419318816
0.8539921831379118
0.8165829145728644
0.8919597989949749
0.8135120044667783
0.9310441094360692
0.7936906756002233
0.8006700167504187
0.8648799553322166
0.8213288665549973
0.8634840871021775
0.9089893914014517
0.871859296482412
0.8802345058626466
0.943606923506421
0.9441652707984366
0.8400335008375209
0.7967615857063093
0.8637632607481853
0.8230039084310441
0.9221105527638191
0.7537688442211056
0.9394193188163037
0.9712451144611949
0.8559463986599665
0.8637632607481853
0.7646566164154104
0.8941931881630374
0.7906197654941374
0.7571189279731994
0.7869905080960358
0.8880513679508655
0.8768844221105527
0.8646007816862088
0.833891680625349
0.9511446119486321
0.7713567839195979
0.9128978224455612
0.8905639307649358
0.8428252372975991
0.8104410943606923
0.8472920156337241
0.846175321049693
0.8310999441652708
0.9020100502512562
0.9477945281965382
0.8096035734226689
0.8478503629257398
0.8545505304299275
0.7847571189279732
0.9075935231714126
0.8830262423227248
0.914572864321608
0.9380234505862647
0.9254606365159129
0.9148520379676158
0.9025683975432719
0.8807928531546622
0.9045226130653267
0.8534338358458962
0.9458403126744835
0.8590173087660525
0.9723618090452262
0.820212171970966
0.8992183137911781
0.8972640982691233
0.818537130094919
0.8204913456169738
0.9491903964265773
0.8123953098827471
0.9159687325516471
0.9137353433835846
0.9251814628699051
0.8941931881630374
0.8163037409268565
0.903964265773311
0.7953657174762703
0.9667783361250698
0.9282523729759911
0.937465103294249
0.9547738693467337
0.8911222780569514
0.8863763260748185
0.9519821328866555
0.9053601340033501
0.8562255723059743
0.8118369625907315
0.8140703517587939
0.8227247347850363
0.8788386376326075
0.9184812953657174
0.9087102177554439
0.827749860413177
0.8685092127303182
0.8874930206588498
0.8724176437744277
0.7967615857063093
0.7861529871580123
0.9218313791178113
0.7950865438302624
0.8900055834729201
0.9103852596314908
0.8146286990508096
0.8051367950865438
0.9355108877721943
0.8777219430485762
0.870463428252373
0.7883863763260748
0.8534338358458962
0.7900614182021217
0.9371859296482412
0.9120603015075377
0.9176437744276941
0.8553880513679508
0.8754885538805137
0.8805136795086543
0.8992183137911781
0.7788944723618091
0.8869346733668342
0.8324958123953099
0.8958682300390843
0.8637632607481853
0.887213847012842
0.8908431044109436
0.7551647124511446
0.8464544946957008
0.8964265773311
0.8319374651032942
0.9223897264098269
0.9092685650474596
0.8944723618090452
0.7811278615298716
0.8364042434394193
0.8442211055276382
0.884142936906756
0.9438860971524288
0.7908989391401452
0.8933556672250139
0.8500837520938024
0.8280290340591848
0.897822445561139
0.7956448911222781
0.8400335008375209
0.913176996091569
0.7886655499720826
0.8860971524288107
0.9427694025683976
0.8816303740926856
0.9011725293132329
0.8844221105527639
0.9363484087102177
0.8646007816862088
0.9517029592406476
0.8693467336683417
0.8143495254048018
0.8380792853154663
0.8726968174204355
0.8525963149078727
0.9246231155778895
0.8830262423227248
0.8618090452261307
0.8972640982691233
0.868788386376326
0.9304857621440537
0.9056393076493578
0.8464544946957008
0.9419318816303741
0.8760469011725294
0.9182021217197096
0.8975432719151312
0.9112227805695142
0.9528196538246789
0.9064768285873813
0.6214405360134003
0.9223897264098269
0.8235622557230597
0.9701284198771636
0.8877721943048577
0.8040201005025126
0.8897264098269123
0.9053601340033501
0.8255164712451145
0.9008933556672251
0.791178112786153
0.8464544946957008
0.8964265773311
0.7788944723618091
0.8447794528196538
0.8900055834729201
0.7135678391959799
0.8888888888888888
0.8288665549972083
0.884142936906756
0.8754885538805137
0.9410943606923506
0.827749860413177
0.8682300390843104
0.8391959798994975
0.9396984924623115
0.7582356225572306
0.7350642099385818
0.8958682300390843
0.9276940256839754
0.8576214405360134
0.8417085427135679
0.9117811278615299
0.864321608040201
0.8983807928531546
0.8933556672250139
0.864321608040201
0.7914572864321608
0.8592964824120602
0.8785594639865997
0.8791178112786153
0.8029034059184813
0.9034059184812954
0.9416527079843663
0.5979899497487438
0.943606923506421
0.8531546621998883
0.8481295365717476
0.8319374651032942
0.8498045784477946
0.8143495254048018
0.9246231155778895
0.8539921831379118
0.8930764935790061
0.9120603015075377
0.9006141820212172
0.916247906197655
0.9154103852596315
0.8135120044667783
0.8436627582356225
0.8528754885538805
0.7107761027359017
0.8562255723059743
0.8752093802345059
0.9159687325516471
0.792573981016192
0.8793969849246231
0.8489670575097711
0.8255164712451145
0.7431602456728085
0.9098269123394751
0.8450586264656617
0.8771635957565606
0.8400335008375209
0.9176437744276941
0.9098269123394751
0.8665549972082636
0.894751535455053
0.8531546621998883
0.8860971524288107
0.8567839195979899
0.9042434394193188
0.8925181462869906
0.800390843104411
0.9134561697375768
0.8609715242881072
0.9246231155778895
0.9422110552763819
0.9759910664433278
0.8802345058626466
0.8458961474036851
0.9075935231714126
0.8012283640424344
0.9279731993299832
0.8914014517029593
0.8886097152428811
0.9151312116136237
0.8992183137911781
0.8255164712451145
0.8964265773311
0.9087102177554439
0.9419318816303741
0.8523171412618649
0.907035175879397
0.9447236180904522
0.8467336683417085
0.8523171412618649
0.8408710217755444
0.8143495254048018
0.9458403126744835
0.8964265773311
0.8953098827470687
0.9416527079843663
0.8045784477945283
0.7378559463986599
0.7839195979899497
0.9581239530988275
0.8729759910664433
0.8082077051926299
0.8285873813512005
0.9282523729759911
0.8760469011725294
0.8484087102177554
0.9343941931881631
0.9031267448352875
0.9059184812953657
0.7858738135120045
0.8182579564489112
0.9302065884980458
0.8241206030150754
0.9369067560022334
0.8310999441652708
0.8347292015633724
0.9343941931881631
0.879676158570631
0.8104410943606923
0.9103852596314908
0.8838637632607482
0.77749860413177
0.8118369625907315
0.9410943606923506
0.8076493579006142
0.903964265773311
0.8768844221105527
0.8897264098269123
0.8531546621998883
0.9031267448352875
0.8930764935790061
0.8986599664991625
0.8964265773311
0.846175321049693
0.8570630932439978
0.8927973199329984
0.8341708542713567
0.8098827470686767
0.9332774986041318
0.8129536571747628
0.9025683975432719
0.9025683975432719
0.9109436069235064
0.8408710217755444
0.9383026242322725
0.9156895589056393
0.7844779452819653
0.8805136795086543
0.18397543271915132
0.8852596314907872
0.8562255723059743
0.867392518146287
0.7931323283082077
0.8726968174204355
0.8793969849246231
0.8824678950307091
0.8224455611390284
0.8676716917922948
0.9743160245672808
0.8953098827470687
0.9006141820212172
0.9335566722501396
0.9698492462311558
0.9450027917364601
0.884142936906756
0.8900055834729201
0.9441652707984366
0.9396984924623115
0.7342266890005583
0.9366275823562256
0.8958682300390843
0.9553322166387493
0.8788386376326075
0.7867113344500279
0.9095477386934674
0.9408151870463428
0.8581797878280291
0.8523171412618649
0.8082077051926299
0.8816303740926856
0.9128978224455612
0.8724176437744277
0.8084868788386377
0.7400893355667225
0.8888888888888888
0.9073143495254048
0.8146286990508096
0.8598548297040759
0.8969849246231156
0.8922389726409827
0.852037967615857
0.9045226130653267
0.8785594639865997
0.8238414293690676
0.853713009491904
0.8900055834729201
0.7403685092127303
0.9734785036292574
0.9221105527638191
0.9190396426577331
0.9232272473478503
0.9137353433835846
0.9151312116136237
0.8757677275265215
0.9117811278615299
0.8860971524288107
0.9067560022333891
0.8821887213847013
0.8458961474036851
0.8724176437744277
0.9101060859854829
0.9045226130653267
0.9307649357900614
0.838358458961474
0.8213288665549973
0.8838637632607482
0.7506979341150195
0.8319374651032942
0.82607481853713
0.6208821887213847
0.8911222780569514
0.8760469011725294
0.8361250697934115
0.8682300390843104
0.8969849246231156
0.8584589614740369
0.7973199329983249
0.9556113902847572
0.8101619207146845
0.8149078726968174
0.8386376326074818
0.8749302065884981
0.8911222780569514
0.8886097152428811
0.9000558347292016
0.8816303740926856
0.7928531546621999
0.8877721943048577
0.9391401451702959
0.8838637632607482
0.8911222780569514
0.9276940256839754
0.8821887213847013
0.8838637632607482
0.887213847012842
0.9179229480737019
0.8372417643774428
0.8542713567839196
0.8143495254048018
0.871859296482412
0.8634840871021775
0.8121161362367393
0.8193746510329425
0.8925181462869906
0.7914572864321608
0.8651591289782244
0.7724734785036292
0.8615298715801228
0.8634840871021775
0.8969849246231156
0.8835845896147404
0.8500837520938024
0.821608040201005
0.9112227805695142
0.9556113902847572
0.9796203238414294
0.8592964824120602
0.9036850921273032
0.8682300390843104
0.8927973199329984
0.9321608040201005
0.8503629257398102
0.916247906197655
0.9341150195421553
0.8738135120044668
0.8880513679508655
0.9036850921273032
0.9059184812953657
0.8757677275265215
0.9349525404801786
0.9366275823562256
0.8905639307649358
0.9366275823562256
0.9363484087102177
0.8579006141820212
0.8232830820770519
0.8472920156337241
0.7350642099385818
0.9020100502512562
0.9645449469570072
0.8981016192071468
0.9458403126744835
0.836962590731435
0.8355667225013959
0.9014517029592406
0.8001116694584032
0.8880513679508655
0.8299832495812395
0.8863763260748185
0.7830820770519263
0.9011725293132329
0.835287548855388
0.846175321049693
0.9061976549413735
0.9050809603573423
0.8777219430485762
0.7292015633724176
0.9059184812953657
0.8389168062534896
0.8953098827470687
0.884142936906756
0.9729201563372417
0.9458403126744835
0.8919597989949749
0.92071468453378
0.8604131769960915
0.8358458961474037
0.8777219430485762
0.9204355108877722
0.8914014517029593
0.9461194863204914
0.7699609156895589
0.9304857621440537
0.8439419318816304
0.8657174762702401
0.8671133445002792
0.8297040759352318
0.9402568397543272
0.9262981574539364
0.913176996091569
0.9310441094360692
0.8922389726409827
0.7406476828587382
0.8738135120044668
0.9383026242322725
0.9036850921273032
0.9514237855946399
0.8964265773311
0.8855388051367951
0.9031267448352875
0.7995533221663875
0.8981016192071468
0.8428252372975991
0.897822445561139
0.8693467336683417
0.9318816303740927
0.9254606365159129
0.9053601340033501
0.8601340033500837
0.9539363484087102
0.9218313791178113
0.8900055834729201
0.8336125069793412
0.9006141820212172
0.9190396426577331
0.8330541596873255
0.8478503629257398
0.9048017867113345
0.7216638749302066
0.8408710217755444
0.7811278615298716
0.8648799553322166
0.8313791178112786
0.8587381351200447
0.8218872138470128
0.9335566722501396
0.8302624232272473
0.8743718592964824
0.8218872138470128
0.6867671691792295
0.8573422668900056
0.8031825795644891
0.8936348408710217
0.8916806253489671
0.8174204355108877
0.9126186487995533
0.7420435510887772
0.9201563372417644
0.8498045784477946
0.7677275265214963
0.8542713567839196
0.8405918481295366
0.9170854271356784
0.7864321608040201
0.9631490787269682
0.8791178112786153
0.88107202680067
0.8590173087660525
0.8606923506420994
0.8679508654383026
0.9067560022333891
0.9140145170295924
0.8302624232272473
0.8944723618090452
0.9081518704634283
0.8916806253489671
0.878001116694584
0.8076493579006142
0.9128978224455612
0.890284757118928
0.8243997766610832
0.9508654383026243
0.894751535455053
0.9106644332774986
0.9508654383026243
0.8322166387493021
0.9388609715242882
0.8581797878280291
0.9338358458961474
0.8662758235622557
0.8347292015633724
0.9151312116136237
0.8916806253489671
0.8604131769960915
0.8595756560580681
0.9463986599664992
0.9081518704634283
0.7328308207705193
0.9008933556672251
0.7995533221663875
0.887213847012842
0.8847012841987716
0.8637632607481853
0.9355108877721943
0.6987716359575656
0.7855946398659966
0.9595198213288666
0.8922389726409827
0.9371859296482412
0.9380234505862647
0.8484087102177554
0.8933556672250139
0.9246231155778895
0.9221105527638191
0.8833054159687326
0.8015075376884422
0.7833612506979342
0.7788944723618091
0.8316582914572864
0.9154103852596315
0.8969849246231156
0.9709659408151871
0.8799553322166388
0.9198771635957566
0.8606923506420994
0.8073701842546064
0.9609156895589056
0.8958682300390843
0.9396984924623115
0.9469570072585148
0.9000558347292016
0.9101060859854829
0.8997766610831938
0.8838637632607482
0.9089893914014517
0.9053601340033501
0.9081518704634283
0.775823562255723
0.8316582914572864
0.9489112227805695
0.8096035734226689
0.8749302065884981
0.9288107202680067
0.9645449469570072
0.8916806253489671
0.890284757118928
0.8679508654383026
0.8715801228364043
0.9095477386934674
0.7568397543271915
0.9391401451702959
0.8713009491903965
0.8724176437744277
0.9003350083752094
0.8833054159687326
0.9511446119486321
0.8964265773311
0.9008933556672251
0.9709659408151871
0.8657174762702401
0.879676158570631
0.7791736460078169
0.818537130094919
0.8911222780569514
0.7864321608040201
0.8417085427135679
0.6621998883305416
0.7978782802903406
0.8126744835287549
0.894751535455053
0.9723618090452262
0.8799553322166388
0.9017308766052484
0.8760469011725294
0.9050809603573423
0.8715801228364043
0.8659966499162479
0.8888888888888888
0.8232830820770519
0.9103852596314908
0.8830262423227248
0.7956448911222781
0.9402568397543272
0.8710217755443886
0.9075935231714126
0.8911222780569514
0.9676158570630933
0.7152428810720268
0.7213847012841987
0.8869346733668342
0.775823562255723
0.9486320491345617
0.8699050809603573
0.8411501954215522
0.9218313791178113
0.890284757118928
0.7587939698492462
0.8221663874930206
0.9011725293132329
0.8062534896705751
0.8587381351200447
0.9212730318257957
0.8405918481295366
0.8140703517587939
0.7733109994416527
0.833891680625349
0.7431602456728085
0.9692908989391401
0.8964265773311
0.9168062534896706
0.8235622557230597
0.8958682300390843
0.9011725293132329
0.8634840871021775
0.8539921831379118
0.8062534896705751
0.9511446119486321
0.8813512004466778
0.8294249022892239
0.8539921831379118
0.6303740926856505
0.8324958123953099
0.8880513679508655
0.9240647682858738
0.9170854271356784
0.8291457286432161
0.807928531546622
0.7540480178671134
0.9318816303740927
0.7043551088777219
0.9020100502512562
0.9112227805695142
0.8333333333333334
0.8193746510329425
0.8972640982691233
0.9073143495254048
0.8802345058626466
0.847571189279732
0.8397543271915131
0.9346733668341709
0.756002233389168
0.8525963149078727
0.8648799553322166
0.8070910106085986
0.9246231155778895
0.9106644332774986
0.8615298715801228
0.9651032942490229
0.8417085427135679
0.9179229480737019
0.9290898939140145
0.9489112227805695
0.8860971524288107
0.9508654383026243
0.8319374651032942
0.8389168062534896
0.9120603015075377
0.890284757118928
0.9564489112227805
0.9134561697375768
0.7735901730876605
0.966499162479062
0.8199329983249581
0.9489112227805695
0.8157453936348409
0.8333333333333334
0.9327191513121161
0.871859296482412
0.8372417643774428
0.92071468453378
0.8151870463428252
0.9109436069235064
0.8255164712451145
0.9190396426577331
0.9087102177554439
0.838358458961474
0.9120603015075377
0.8464544946957008
0.868788386376326
0.836962590731435
0.9511446119486321
0.8249581239530989
0.774427694025684
0.9106644332774986
0.7808486878838637
0.8615298715801228
0.8888888888888888
0.8819095477386935
0.9028475711892797
0.8263539921831379
0.8224455611390284
0.8830262423227248
0.8573422668900056
0.923785594639866
0.8799553322166388
0.897822445561139
0.49581239530988275
0.7627024008933556
0.8587381351200447
0.41178112786152987
0.8986599664991625
0.8830262423227248
0.8489670575097711
0.9366275823562256
0.61892797319933
0.8805136795086543
0.8654383026242323
0.8671133445002792
0.8760469011725294
0.7864321608040201
0.9073143495254048
0.8659966499162479
0.8710217755443886
0.9318816303740927
0.8545505304299275
0.7855946398659966
0.9307649357900614
0.9198771635957566
0.8241206030150754
0.9106644332774986
0.9455611390284757
0.8989391401451703
0.8992183137911781
0.8562255723059743
0.8676716917922948
0.8419877163595757
0.9240647682858738
0.9316024567280848
0.7280848687883864
0.8358458961474037
0.9120603015075377
0.8601340033500837
0.9383026242322725
0.8699050809603573
0.7970407593523171
0.9550530429927415
0.7975991066443328
0.9128978224455612
0.7643774427694026
0.9053601340033501
0.8355667225013959
0.9137353433835846
0.9402568397543272
0.8813512004466778
0.9061976549413735
0.8785594639865997
0.8433835845896147
0.9257398101619208
0.8567839195979899
0.8210496929089894
0.8967057509771078
0.7922948073701842
0.8746510329424902
0.8015075376884422
0.8877721943048577
0.7110552763819096
0.8478503629257398
0.9128978224455612
0.8500837520938024
0.8548297040759353
0.9352317141261864
0.9184812953657174
0.7828029034059185
0.8819095477386935
0.8070910106085986
0.9022892238972641
0.8908431044109436
0.873534338358459
0.9109436069235064
0.8528754885538805
0.8355667225013959
0.8992183137911781
0.8391959798994975
0.8877721943048577
0.9117811278615299
0.8149078726968174
0.8830262423227248
0.836962590731435
0.8685092127303182
0.7855946398659966
0.9028475711892797
0.7950865438302624
0.9754327191513121
0.8724176437744277
0.8676716917922948
0.9187604690117253
0.9098269123394751
0.861250697934115
0.8528754885538805
0.9000558347292016
0.8107202680067002
0.8361250697934115
0.8257956448911222
0.9310441094360692
0.82607481853713
0.963428252372976
0.8299832495812395
0.9290898939140145
0.8587381351200447
0.9095477386934674
0.9659408151870463
0.9394193188163037
0.8768844221105527
0.7970407593523171
0.8955890563930765
0.8118369625907315
0.9530988274706867
0.8699050809603573
0.9399776661083193
0.8470128419877163
0.9226689000558347
0.8481295365717476
0.8576214405360134
0.9106644332774986
0.9045226130653267
0.8941931881630374
0.8802345058626466
0.9028475711892797
0.8989391401451703
0.824678950307091
0.932998324958124
0.846175321049693
0.7777777777777778
0.8481295365717476
0.8964265773311
0.8562255723059743
0.932998324958124
0.6809045226130653
0.9385817978782803
0.7825237297599107
0.8422668900055835
0.7646566164154104
0.8472920156337241
0.9123394751535455
0.8685092127303182
0.8587381351200447
0.8994974874371859
0.9084310441094361
0.8936348408710217
0.9006141820212172
0.9678950307091011
0.8682300390843104
0.8844221105527639
0.9059184812953657
0.9793411501954216
0.7621440536013401
0.8450586264656617
0.8983807928531546
0.9123394751535455
0.8874930206588498
0.9050809603573423
0.8743718592964824
0.8634840871021775
0.8570630932439978
0.8964265773311
0.8849804578447794
0.8997766610831938
0.8799553322166388
0.9073143495254048
0.8821887213847013
0.8291457286432161
0.8788386376326075
0.8082077051926299
0.8188163037409268
0.9184812953657174
0.9128978224455612
0.8983807928531546
0.9209938581797878
0.8579006141820212
0.8925181462869906
0.8207705192629816
0.9084310441094361
0.9025683975432719
0.8682300390843104
0.8442211055276382
0.7537688442211056
0.9424902289223898
0.867392518146287
0.781965382467895
0.7707984366275824
0.7520938023450586
0.8955890563930765
0.7434394193188163
0.9017308766052484
0.8626465661641541
0.8626465661641541
0.9140145170295924
0.8442211055276382
0.8835845896147404
0.9112227805695142
0.8419877163595757
0.852037967615857
0.9592406476828588
0.8422668900055835
0.8919597989949749
0.8447794528196538
0.9106644332774986
0.8280290340591848
0.8936348408710217
0.9184812953657174
0.8967057509771078
0.8724176437744277
0.9184812953657174
0.8785594639865997
0.8442211055276382
0.7780569514237856
0.8863763260748185
0.8341708542713567
0.8654383026242323
0.8975432719151312
0.878001116694584
0.8757677275265215
0.8126744835287549
0.8715801228364043
0.7964824120603015
0.8411501954215522
0.8802345058626466
0.8777219430485762
0.803461753210497
0.8562255723059743
0.8791178112786153
0.9240647682858738
0.6582914572864321
0.8193746510329425
0.9198771635957566
0.9087102177554439
0.8470128419877163
0.8969849246231156
0.931323283082077
0.9578447794528197
0.8752093802345059
0.5996649916247906
0.5815187046342826
0.9274148520379676
0.9483528754885538
0.9257398101619208
0.8313791178112786
0.8981016192071468
0.9081518704634283
0.8665549972082636
0.7414852037967616
0.8182579564489112
0.84142936906756
0.9042434394193188
0.8969849246231156
0.847571189279732
0.8925181462869906
0.8118369625907315
0.8456169737576773
0.9762702400893356
0.9126186487995533
0.9452819653824679
0.8685092127303182
0.8981016192071468
0.9106644332774986
0.855108877721943
0.9053601340033501
0.8341708542713567
0.9212730318257957
0.9031267448352875
0.870463428252373
0.8905639307649358
0.8788386376326075
0.7068676716917923
0.8699050809603573
0.8422668900055835
0.929927414852038
0.9215522054718035
0.8791178112786153
0.8972640982691233
0.7691233947515355
0.8813512004466778
0.8562255723059743
0.8241206030150754
0.8927973199329984
0.9712451144611949
0.8757677275265215
0.8835845896147404
0.9394193188163037
0.929927414852038
0.9067560022333891
0.9522613065326633
0.957286432160804
0.8562255723059743
0.7526521496370743
0.9064768285873813
0.9081518704634283
0.7975991066443328
0.9173646007816862
0.8955890563930765
0.8601340033500837
0.8366834170854272
0.8989391401451703
0.7585147962032384
0.9260189838079286
0.9168062534896706
0.8905639307649358
0.7989949748743719
0.9656616415410385
0.8193746510329425
0.9017308766052484
0.7325516471245115
0.862925739810162
0.8257956448911222
0.8880513679508655
0.9226689000558347
0.7975991066443328
0.9455611390284757
0.8606923506420994
0.897822445561139
0.8400335008375209
0.8955890563930765
0.8793969849246231
0.9045226130653267
0.7604690117252931
0.8263539921831379
0.809324399776661
0.8749302065884981
0.7537688442211056
0.9343941931881631
0.8149078726968174
0.82607481853713
0.8302624232272473
0.8793969849246231
0.9748743718592965
0.9022892238972641
0.8618090452261307
0.8763260748185371
0.9486320491345617
0.8068118369625907
0.7959240647682859
0.8916806253489671
0.9670575097710776
0.7875488553880514
0.8115577889447236
0.9061976549413735
0.8615298715801228
0.8914014517029593
0.8791178112786153
0.8433835845896147
0.907035175879397
0.8994974874371859
0.9059184812953657
0.6714126186487995
0.8855388051367951
0.8045784477945283
0.9684533780011167
0.8869346733668342
0.9218313791178113
0.5965940815187046
0.8651591289782244
0.8696259073143495
0.8157453936348409
0.9371859296482412
0.8981016192071468
0.8330541596873255
0.8263539921831379
0.810999441652708
0.8269123394751535
0.9151312116136237
0.9324399776661083
0.8280290340591848
0.8919597989949749
0.8288665549972083
0.80178671133445
0.9081518704634283
0.88107202680067
0.8900055834729201
0.8726968174204355
0.9229480737018425
0.9034059184812954
0.8771635957565606
0.809324399776661
0.8967057509771078
0.7252931323283082
0.9179229480737019
0.9020100502512562
0.8405918481295366
0.7777777777777778
0.7922948073701842
0.8355667225013959
0.8609715242881072
0.9511446119486321
0.7493020658849805
0.768285873813512
0.9355108877721943
0.8450586264656617
0.8816303740926856
0.9064768285873813
0.8135120044667783
0.8668341708542714
0.8539921831379118
0.8316582914572864
0.7797319932998324
0.9486320491345617
0.8981016192071468
0.864321608040201
0.8087660524846455
0.8886097152428811
0.9112227805695142
0.8581797878280291
0.8408710217755444
0.8632049134561698
0.870463428252373
0.827749860413177
0.8813512004466778
0.8793969849246231
0.9034059184812954
0.8534338358458962
0.8894472361809045
0.8096035734226689
0.9092685650474596
0.8799553322166388
0.8858179787828029
0.8157453936348409
0.8897264098269123
0.9020100502512562
0.838358458961474
0.8271915131211613
0.932998324958124
0.7836404243439419
0.8344500279173646
0.9332774986041318
0.7908989391401452
0.9137353433835846
0.8886097152428811
0.8847012841987716
0.8701842546063652
0.9000558347292016
0.9006141820212172
0.8517587939698492
0.8729759910664433
0.8174204355108877
0.8500837520938024
0.8514796203238414
0.8757677275265215
0.9304857621440537
0.8782802903405919
0.871859296482412
0.8886097152428811
0.8375209380234506
0.8428252372975991
0.8539921831379118
0.8953098827470687
0.8819095477386935
0.9142936906756002
0.916247906197655
0.8274706867671692
0.8640424343941931
0.9486320491345617
0.8006700167504187
0.7384142936906756
0.8458961474036851
0.8981016192071468
0.8838637632607482
0.9120603015075377
0.8232830820770519
0.9829704075935232
0.8344500279173646
0.830820770519263
0.8405918481295366
0.7931323283082077
0.8313791178112786
0.9388609715242882
0.8997766610831938
0.8472920156337241
0.868788386376326
0.8757677275265215
0.9408151870463428
0.861250697934115
0.9491903964265773
0.8210496929089894
0.8916806253489671
0.8408710217755444
0.8397543271915131
0.8905639307649358
0.9352317141261864
0.8869346733668342
0.8888888888888888
0.9433277498604131
0.8408710217755444
0.9017308766052484
0.792573981016192
0.8654383026242323
0.8313791178112786
0.7680067001675042
0.8590173087660525
0.914572864321608
0.81714126186488
0.9112227805695142
0.8450586264656617
0.6772752652149637
0.9056393076493578
0.8886097152428811
0.7939698492462312
0.9087102177554439
0.8782802903405919
0.7841987716359575
0.8905639307649358
0.8955890563930765
0.81714126186488
0.8802345058626466
0.804857621440536
0.9586823003908431
0.8288665549972083
0.9433277498604131
0.9279731993299832
0.864321608040201
0.8559463986599665
0.862925739810162
0.9095477386934674
0.8601340033500837
0.8824678950307091
0.820212171970966
0.9355108877721943
0.8464544946957008
0.9715242881072027
0.8327749860413177
0.9316024567280848
0.7554438860971524
0.8914014517029593
0.9198771635957566
0.7978782802903406
0.781965382467895
0.9042434394193188
0.9338358458961474
0.9000558347292016
0.958961474036851
0.8757677275265215
0.9025683975432719
0.9159687325516471
0.8553880513679508
0.8863763260748185
0.890284757118928
0.8570630932439978
0.8897264098269123
0.9235064209938582
0.8936348408710217
0.8676716917922948
0.8897264098269123
0.8595756560580681
0.8562255723059743
0.8271915131211613
0.8190954773869347
0.9475153545505304
0.8983807928531546
0.7599106644332775
0.8900055834729201
0.9142936906756002
0.9112227805695142
0.8992183137911781
0.92071468453378
0.72250139586823
0.8598548297040759
0.8570630932439978
0.8098827470686767
0.8542713567839196
0.7967615857063093
0.9271356783919598
0.9338358458961474
0.949748743718593
0.9611948632049134
0.9290898939140145
0.9304857621440537
0.9073143495254048
0.9148520379676158
0.8567839195979899
0.774427694025684
0.9463986599664992
0.8163037409268565
0.8802345058626466
0.8450586264656617
0.8833054159687326
0.7970407593523171
0.8394751535455053
0.8685092127303182
0.9195979899497487
0.8852596314907872
0.7783361250697934
0.9410943606923506
0.8922389726409827
0.8118369625907315
0.9048017867113345
0.9182021217197096
0.7624232272473479
0.9463986599664992
0.8950307091010609
0.9380234505862647
0.8813512004466778
0.8671133445002792
0.9134561697375768
0.8640424343941931
0.8176996091568955
0.8860971524288107
0.8347292015633724
0.8830262423227248
0.8640424343941931
0.838358458961474
0.8433835845896147
0.8682300390843104
0.9050809603573423
0.9176437744276941
0.9173646007816862
0.7506979341150195
0.8757677275265215
0.8565047459519821
0.873534338358459
0.8313791178112786
0.9117811278615299
0.8738135120044668
0.8431044109436069
0.8579006141820212
0.8807928531546622
0.8070910106085986
0.8350083752093802
0.8403126744835288
0.9034059184812954
0.8807928531546622
0.8821887213847013
0.8587381351200447
0.7950865438302624
0.8989391401451703
0.8679508654383026
0.9380234505862647
0.8852596314907872
0.9310441094360692
0.9151312116136237
0.8961474036850922
0.9718034617532105
0.9592406476828588
0.8953098827470687
0.8604131769960915
0.8620882188721385
0.7989949748743719
0.9257398101619208
0.9142936906756002
0.8428252372975991
0.9388609715242882
0.8964265773311
0.923785594639866
0.8883305415968733
0.7766610831937465
0.692071468453378
0.9034059184812954
0.8651591289782244
0.7624232272473479
0.8844221105527639
0.8833054159687326
0.8587381351200447
0.8707426018983808
0.836962590731435
0.8690675600223339
0.8961474036850922
0.8154662199888331
0.914572864321608
0.894751535455053
0.8492462311557789
0.8065326633165829
0.9369067560022334
0.9556113902847572
0.8090452261306532
0.8986599664991625
0.8115577889447236
0.9031267448352875
0.7735901730876605
0.8553880513679508
0.9109436069235064
0.9187604690117253
0.9441652707984366
0.8908431044109436
0.8752093802345059
0.8662758235622557
0.9321608040201005
0.8176996091568955
0.897822445561139
0.923785594639866
0.8062534896705751
0.9491903964265773
0.8470128419877163
0.8886097152428811
0.903964265773311
0.9184812953657174
0.861250697934115
0.8364042434394193
0.8746510329424902
0.937465103294249
0.8760469011725294
0.8743718592964824
0.887213847012842
0.8623673925181463
0.8900055834729201
0.8590173087660525
0.9204355108877722
0.8950307091010609
0.878001116694584
0.957286432160804
0.873534338358459
0.8160245672808487
0.8634840871021775
0.6404243439419319
0.8869346733668342
0.8886097152428811
0.8994974874371859
0.9092685650474596
0.8193746510329425
0.8668341708542714
0.9212730318257957
0.7802903405918481
0.8579006141820212
0.8682300390843104
0.8646007816862088
0.9117811278615299
0.9156895589056393
0.8715801228364043
0.8548297040759353
0.7989949748743719
0.9179229480737019
0.7895030709101061
0.8852596314907872
0.8391959798994975
0.8579006141820212
0.8763260748185371
0.9081518704634283
0.8922389726409827
0.9064768285873813
0.9550530429927415
0.7420435510887772
0.9036850921273032
0.8291457286432161
0.9034059184812954
0.8361250697934115
0.810999441652708
0.8757677275265215
0.8210496929089894
0.8849804578447794
0.8676716917922948
0.9731993299832495
0.8556672250139586
0.9142936906756002
0.9410943606923506
0.8176996091568955
0.8411501954215522
0.9081518704634283
0.9712451144611949
0.8768844221105527
0.9790619765494137
0.9343941931881631
0.8584589614740369
0.8830262423227248
0.8472920156337241
0.7830820770519263
0.8964265773311
0.8598548297040759
0.9681742043551089
0.9140145170295924
0.7361809045226131
0.9240647682858738
0.9383026242322725
0.775823562255723
0.7814070351758794
0.9731993299832495
0.9087102177554439
0.9117811278615299
0.913176996091569
0.8227247347850363
0.8833054159687326
0.8738135120044668
0.8911222780569514
0.5209380234505863
0.9120603015075377
0.9279731993299832
0.8241206030150754
0.8112786152987158
0.8400335008375209
0.8364042434394193
0.820212171970966
0.9154103852596315
0.7797319932998324
0.7339475153545505
0.7021217197096594
0.8626465661641541
0.820212171970966
0.8310999441652708
0.8891680625348967
0.8512004466778336
0.9148520379676158
0.8422668900055835
0.9154103852596315
0.8584589614740369
0.8534338358458962
0.844500279173646
0.84142936906756
0.9667783361250698
0.7984366275823562
0.8746510329424902
0.9341150195421553
0.8523171412618649
0.9240647682858738
0.2696817420435511
0.26353992183137914
0.9031267448352875
0.8218872138470128
0.9022892238972641
0.9617532104969291
0.9193188163037409
0.8994974874371859
0.8914014517029593
0.8637632607481853
0.9533780011166946
0.9109436069235064
0.7797319932998324
0.8285873813512005
0.9098269123394751
0.9536571747627024
0.9103852596314908
0.8442211055276382
0.8785594639865997
0.8051367950865438
0.9176437744276941
0.9000558347292016
0.9176437744276941
0.855108877721943
0.9458403126744835
0.8403126744835288
0.8981016192071468
0.9243439419318816
0.9011725293132329
0.9073143495254048
0.8517587939698492
0.8380792853154663
0.9056393076493578
0.9053601340033501
0.9316024567280848
0.8648799553322166
0.8693467336683417
0.8752093802345059
0.7973199329983249
0.8967057509771078
0.7738693467336684
0.9154103852596315
0.8115577889447236
0.8972640982691233
0.9232272473478503
0.8302624232272473
0.8958682300390843
0.8849804578447794
0.8844221105527639
0.8288665549972083
0.8271915131211613
0.9022892238972641
0.8994974874371859
0.9469570072585148
0.8618090452261307
0.871859296482412
0.8967057509771078
0.9022892238972641
0.8218872138470128
0.8685092127303182
0.8380792853154663
0.8967057509771078
0.7964824120603015
0.9332774986041318
0.9327191513121161
0.9346733668341709
0.8542713567839196
0.8023450586264657
0.8333333333333334
0.9201563372417644
0.9209938581797878
0.8302624232272473
0.8196538246789503
0.8380792853154663
0.8213288665549973
0.8210496929089894
0.8724176437744277
0.9285315466219989
0.9025683975432719
0.8713009491903965
0.9394193188163037
0.8782802903405919
0.7889447236180904
0.932998324958124
0.9042434394193188
0.8992183137911781
0.8955890563930765
0.9034059184812954
0.7808486878838637
0.8729759910664433
0.7844779452819653
0.8587381351200447
0.8042992741485204
0.8618090452261307
0.8478503629257398
0.853713009491904
0.7719151312116136
0.5695142378559463
0.8651591289782244
0.8813512004466778
0.8375209380234506
0.907035175879397
0.8657174762702401
0.7922948073701842
0.8986599664991625
0.9159687325516471
0.847571189279732
0.9025683975432719
0.8534338358458962
0.8143495254048018
0.7934115019542155
0.9346733668341709
0.8922389726409827
0.7657733109994417
0.8347292015633724
0.8344500279173646
0.8941931881630374
0.9363484087102177
0.8665549972082636
0.8760469011725294
0.8199329983249581
0.8729759910664433
0.9530988274706867
0.8821887213847013
0.7939698492462312
0.8606923506420994
0.9363484087102177
0.8467336683417085
0.9109436069235064
0.8344500279173646
0.9419318816303741
0.8989391401451703
0.9117811278615299
0.8707426018983808
0.9556113902847572
0.8671133445002792
0.9195979899497487
0.9324399776661083
0.9006141820212172
0.9156895589056393
0.911501954215522
0.8941931881630374
0.8082077051926299
0.8774427694025684
0.8336125069793412
0.9385817978782803
0.855108877721943
0.847571189279732
0.9477945281965382
0.830820770519263
0.8900055834729201
0.923785594639866
0.7791736460078169
0.8609715242881072
0.8598548297040759
0.8986599664991625
0.8821887213847013
0.8288665549972083
0.9324399776661083
0.8908431044109436
0.867392518146287
0.931323283082077
0.8925181462869906
0.8981016192071468
0.8632049134561698
0.8606923506420994
0.8919597989949749
0.7613065326633166
0.8316582914572864
0.9486320491345617
0.8914014517029593
0.894751535455053
0.8525963149078727
0.943606923506421
0.791178112786153
0.8567839195979899
0.9095477386934674
0.9265773310999441
0.7814070351758794
0.8297040759352318
0.6811836962590732
0.9324399776661083
0.9656616415410385
0.9112227805695142
0.8431044109436069
0.8771635957565606
0.7169179229480737
0.8135120044667783
0.9190396426577331
0.9274148520379676
0.9304857621440537
0.9014517029592406
0.977107761027359
0.9327191513121161
0.8944723618090452
0.8313791178112786
0.9022892238972641
0.9142936906756002
0.9201563372417644
0.8534338358458962
0.9366275823562256
0.8227247347850363
0.8866554997208264
0.9307649357900614
0.8738135120044668
0.9745951982132887
0.7426018983807928
0.8305415968732551
0.9000558347292016
0.8880513679508655
0.8375209380234506
0.8179787828029034
0.855108877721943
0.8428252372975991
0.7283640424343942
0.844500279173646
0.9249022892238973
0.8679508654383026
0.8724176437744277
0.7917364600781687
0.8364042434394193
0.8464544946957008
0.8604131769960915
0.9201563372417644
0.9117811278615299
0.8609715242881072
0.9293690675600224
0.870463428252373
0.80178671133445
0.9179229480737019
0.9028475711892797
0.8054159687325516
0.8341708542713567
0.9592406476828588
0.8478503629257398
0.8255164712451145
0.759073143495254
0.8900055834729201
0.8701842546063652
0.9201563372417644
0.8528754885538805
0.9034059184812954
0.833891680625349
0.8375209380234506
0.9249022892238973
0.9324399776661083
0.8456169737576773
0.846175321049693
0.8199329983249581
0.8944723618090452
0.9408151870463428
0.7992741485203797
0.9240647682858738
0.7917364600781687
0.8994974874371859
0.946677833612507
0.9570072585147962
0.8933556672250139
0.8319374651032942
0.9179229480737019
0.7674483528754885
0.894751535455053
0.7886655499720826
0.7487437185929648
0.8165829145728644
0.9064768285873813
0.9092685650474596
0.8512004466778336
0.9525404801786711
0.9011725293132329
0.9410943606923506
0.9430485762144054
0.9265773310999441
0.9148520379676158
0.923785594639866
0.958961474036851
0.862925739810162
0.9000558347292016
0.8503629257398102
0.9302065884980458
0.8668341708542714
0.7766610831937465
0.9243439419318816
0.8634840871021775
0.9528196538246789
0.8715801228364043
0.8433835845896147
0.9302065884980458
0.946677833612507
0.9452819653824679
0.9106644332774986
0.7579564489112228
0.9235064209938582
0.9126186487995533
0.8679508654383026
0.788107202680067
0.8905639307649358
0.8860971524288107
0.8891680625348967
0.8807928531546622
0.8584589614740369
0.7917364600781687
0.7292015633724176
0.7953657174762703
0.655499720826354
0.879676158570631
0.9165270798436628
0.9059184812953657
0.8512004466778336
0.9388609715242882
0.8104410943606923
0.9251814628699051
0.878001116694584
0.8090452261306532
0.8925181462869906
0.9003350083752094
0.8037409268565048
0.853713009491904
0.9670575097710776
0.8263539921831379
0.9341150195421553
0.9134561697375768
0.9000558347292016
0.8567839195979899
0.9575656058068118
0.8880513679508655
0.8294249022892239
0.8573422668900056
0.8997766610831938
0.82607481853713
0.8115577889447236
0.8040201005025126
0.7724734785036292
0.8699050809603573
0.9084310441094361
0.8380792853154663
0.887213847012842
0.9690117252931323
0.9670575097710776
0.8350083752093802
0.7936906756002233
0.7794528196538246
0.8548297040759353
0.8914014517029593
0.8908431044109436
0.8581797878280291
0.9441652707984366
0.8894472361809045
0.9282523729759911
0.9045226130653267
0.8618090452261307
0.9265773310999441
0.8958682300390843
0.9419318816303741
0.8592964824120602
0.9025683975432719
0.9441652707984366
0.7548855388051368
0.8026242322724735
0.8972640982691233
0.9022892238972641
0.8922389726409827
0.9020100502512562
0.8492462311557789
0.8651591289782244
0.8701842546063652
0.8651591289782244
0.820212171970966
0.8190954773869347
0.9307649357900614
0.8512004466778336
0.7814070351758794
0.8579006141820212
0.8333333333333334
0.8204913456169738
0.92071468453378
0.853713009491904
0.7847571189279732
0.9318816303740927
0.8525963149078727
0.8816303740926856
0.9251814628699051
0.8207705192629816
0.9271356783919598
0.9433277498604131
0.8040201005025126
0.8123953098827471
0.931323283082077
0.8863763260748185
0.804857621440536
0.8252372975991067
0.9335566722501396
0.80178671133445
0.8305415968732551
0.8824678950307091
0.9000558347292016
0.8721384701284198
0.7445561139028476
0.8397543271915131
0.887213847012842
0.8819095477386935
0.8327749860413177
0.8799553322166388
0.7825237297599107
0.8690675600223339
0.9251814628699051
0.7526521496370743
0.9059184812953657
0.850642099385818
0.8788386376326075
0.9282523729759911
0.8911222780569514
0.9036850921273032
0.9745951982132887
0.9243439419318816
0.9257398101619208
0.7791736460078169
0.9134561697375768
0.818537130094919
0.8916806253489671
0.8584589614740369
0.7788944723618091
0.9360692350642099
0.8070910106085986
0.9349525404801786
0.8919597989949749
0.8916806253489671
0.81714126186488
0.8888888888888888
0.9028475711892797
0.7699609156895589
0.9508654383026243
0.8992183137911781
0.8838637632607482
0.9223897264098269
0.873534338358459
0.8604131769960915
0.8930764935790061
0.9151312116136237
0.9198771635957566
0.903964265773311
0.8523171412618649
0.8458961474036851
0.8129536571747628
0.9477945281965382
0.9335566722501396
0.913176996091569
0.8447794528196538
0.9600781686208822
0.9558905639307649
0.9371859296482412
0.9396984924623115
0.8874930206588498
0.7640982691233947
0.7783361250697934
0.8565047459519821
0.8567839195979899
0.8587381351200447
0.8587381351200447
0.8869346733668342
0.9064768285873813
0.8696259073143495
0.734785036292574
0.8023450586264657
0.9232272473478503
0.8897264098269123
0.9067560022333891
0.8358458961474037
0.9022892238972641
0.868788386376326
0.7995533221663875
0.8243997766610832
0.7453936348408711
0.9173646007816862
0.792573981016192
0.9628699050809604
0.8545505304299275
0.7936906756002233
0.7998324958123953
0.8486878838637633
0.8442211055276382
0.8054159687325516
0.868788386376326
0.8031825795644891
0.8403126744835288
0.9745951982132887
0.8668341708542714
0.8456169737576773
0.911501954215522
0.9327191513121161
0.8944723618090452
0.894751535455053
0.8715801228364043
0.9003350083752094
0.8849804578447794
0.8983807928531546
0.833891680625349
0.9137353433835846
0.8763260748185371
0.794249022892239
0.8835845896147404
0.7640982691233947
0.8149078726968174
0.8210496929089894
0.8531546621998883
0.8863763260748185
0.8525963149078727
0.8403126744835288
0.8788386376326075
0.7962032384142937
0.8076493579006142
0.81714126186488
0.7847571189279732
0.9366275823562256
0.8763260748185371
0.7543271915131211
0.8051367950865438
0.9003350083752094
0.8422668900055835
0.8070910106085986
0.9142936906756002
0.958961474036851
0.8087660524846455
0.9061976549413735
0.9201563372417644
0.7889447236180904
0.9067560022333891
0.9187604690117253
0.9544946957007259
0.8098827470686767
0.8528754885538805
0.8160245672808487
0.9226689000558347
0.8939140145170296
0.981574539363484
0.9042434394193188
0.9461194863204914
0.8001116694584032
0.9536571747627024
0.8847012841987716
0.8076493579006142
0.9304857621440537
0.8531546621998883
0.8439419318816304
0.6867671691792295
0.7928531546621999
0.9212730318257957
0.9179229480737019
0.9357900614182021
0.9142936906756002
0.9240647682858738
0.929927414852038
0.9053601340033501
0.9595198213288666
0.7869905080960358
0.8626465661641541
0.9500279173646008
0.8754885538805137
0.903964265773311
0.6342825237297599
0.9011725293132329
0.9034059184812954
0.8623673925181463
0.907035175879397
0.9408151870463428
0.7769402568397543
0.9042434394193188
0.9332774986041318
0.8992183137911781
0.9600781686208822
0.8548297040759353
0.9170854271356784
0.9095477386934674
0.7855946398659966
0.7900614182021217
0.791178112786153
0.9073143495254048
0.9293690675600224
0.818537130094919
0.8107202680067002
0.8160245672808487
0.8453378001116695
0.7158012283640425
0.8129536571747628
0.9505862646566164
0.7973199329983249
0.9165270798436628
0.8495254048017867
0.8897264098269123
0.8710217755443886
0.8163037409268565
0.8835845896147404
0.9567280848687884
0.8791178112786153
0.8294249022892239
0.8916806253489671
0.9101060859854829
0.8757677275265215
0.8914014517029593
0.8221663874930206
0.9338358458961474
0.8271915131211613
0.8623673925181463
0.8539921831379118
0.7339475153545505
0.8579006141820212
0.8880513679508655
0.8408710217755444
0.824678950307091
0.9022892238972641
0.9159687325516471
0.8512004466778336
0.9290898939140145
0.9341150195421553
0.8391959798994975
0.9092685650474596
0.9151312116136237
0.8070910106085986
0.7707984366275824
0.9452819653824679
0.7375767727526521
0.9215522054718035
0.8860971524288107
0.8433835845896147
0.96035734226689
0.8015075376884422
0.8495254048017867
0.8964265773311
0.8481295365717476
0.8562255723059743
0.9363484087102177
0.8411501954215522
0.7841987716359575
0.8023450586264657
0.824678950307091
0.7939698492462312
0.8394751535455053
0.9318816303740927
0.9346733668341709
0.9715242881072027
0.9235064209938582
0.9008933556672251
0.8556672250139586
0.8707426018983808
0.8528754885538805
0.8682300390843104
0.7964824120603015
0.878001116694584
0.9078726968174204
0.8782802903405919
0.9235064209938582
0.8738135120044668
0.8149078726968174
0.9366275823562256
0.923785594639866
0.8176996091568955
0.768285873813512
0.8023450586264657
0.9053601340033501
0.6619207146845337
0.8930764935790061
0.8989391401451703
0.8900055834729201
0.9623115577889447
0.8160245672808487
0.9134561697375768
0.9581239530988275
0.8570630932439978
0.8294249022892239
0.9011725293132329
0.9447236180904522
0.8911222780569514
0.8651591289782244
0.8833054159687326
0.82607481853713
0.9611948632049134
0.873534338358459
0.8305415968732551
0.9195979899497487
0.8777219430485762
0.8682300390843104
0.9380234505862647
0.914572864321608
0.8710217755443886
0.8221663874930206
0.81714126186488
0.9316024567280848
0.8863763260748185
0.8668341708542714
0.8257956448911222
0.7780569514237856
0.8500837520938024
0.7724734785036292
0.8676716917922948
0.8378001116694584
0.8160245672808487
0.8082077051926299
0.8542713567839196
0.8042992741485204
0.8104410943606923
0.8542713567839196
0.9078726968174204
0.8997766610831938
0.8020658849804578
0.8701842546063652
0.9483528754885538
0.8914014517029593
0.765214963707426
0.9117811278615299
0.8037409268565048
0.8953098827470687
0.9095477386934674
0.8581797878280291
0.8417085427135679
0.8944723618090452
0.8648799553322166
0.8565047459519821
0.897822445561139
0.8411501954215522
0.8827470686767169
0.7953657174762703
0.9126186487995533
0.8788386376326075
0.9201563372417644
0.9056393076493578
0.8500837520938024
0.9355108877721943
0.9165270798436628
0.9288107202680067
0.897822445561139
0.8964265773311
0.913176996091569
0.8955890563930765
0.8994974874371859
0.9025683975432719
0.9042434394193188
0.8919597989949749
0.8997766610831938
0.7557230597431602
0.8567839195979899
0.8101619207146845
0.9503070910106086
0.9154103852596315
0.7981574539363484
0.8570630932439978
0.8746510329424902
0.8355667225013959
0.9310441094360692
0.9020100502512562
0.781965382467895
0.867392518146287
0.9112227805695142
0.8361250697934115
0.80178671133445
0.9544946957007259
0.9307649357900614
0.9402568397543272
0.948073701842546
0.9006141820212172
0.8350083752093802
0.8456169737576773
0.8891680625348967
0.6675041876046901
0.9450027917364601
0.8805136795086543
0.8821887213847013
0.8324958123953099
0.8662758235622557
0.9106644332774986
0.7021217197096594
0.8721384701284198
0.9645449469570072
0.8241206030150754
0.8361250697934115
0.9500279173646008
0.7973199329983249
0.8888888888888888
0.8227247347850363
0.8738135120044668
0.6811836962590732
0.8874930206588498
0.8919597989949749
0.8176996091568955
0.9486320491345617
0.9000558347292016
0.7451144611948632
0.9123394751535455
0.9120603015075377
0.818537130094919
0.8606923506420994
0.8944723618090452
0.7970407593523171
0.8958682300390843
0.8690675600223339
0.7917364600781687
0.8961474036850922
0.8595756560580681
0.8467336683417085
0.9226689000558347
0.8285873813512005
0.9288107202680067
0.7615857063093244
0.8749302065884981
0.9441652707984366
0.9307649357900614
0.7875488553880514
0.7177554438860971
0.8771635957565606
0.9154103852596315
0.8955890563930765
0.833891680625349
0.7749860413176997
0.8961474036850922
0.9140145170295924
0.8721384701284198
0.8958682300390843
0.903964265773311
0.9388609715242882
0.8958682300390843
0.7920156337241765
0.8255164712451145
0.8933556672250139
0.8313791178112786
0.9095477386934674
0.52428810720268
0.9170854271356784
0.8819095477386935
0.8486878838637633
0.9653824678950307
0.9243439419318816
0.9226689000558347
0.8905639307649358
0.8453378001116695
0.9609156895589056
0.838358458961474
0.7155220547180347
0.852037967615857
0.9156895589056393
0.92071468453378
0.9003350083752094
0.8936348408710217
0.7599106644332775
0.9355108877721943
0.8439419318816304
0.9036850921273032
0.9410943606923506
0.8671133445002792
0.8919597989949749
0.8500837520938024
0.9310441094360692
0.8207705192629816
0.8001116694584032
0.8925181462869906
0.9193188163037409
0.9257398101619208
0.8012283640424344
0.8464544946957008
0.9271356783919598
0.9059184812953657
0.8740926856504746
0.7833612506979342
0.7490228922389727
0.6769960915689559
0.9343941931881631
0.8958682300390843
0.9483528754885538
0.8539921831379118
0.9025683975432719
0.7897822445561139
0.861250697934115
0.8090452261306532
0.9279731993299832
0.824678950307091
0.8347292015633724
0.9056393076493578
0.9229480737018425
0.8294249022892239
0.9455611390284757
0.8958682300390843
0.8989391401451703
0.8955890563930765
0.8350083752093802
0.855108877721943
0.9645449469570072
0.8056951423785594
0.8364042434394193
0.8897264098269123
0.8534338358458962
0.861250697934115
0.8241206030150754
0.9184812953657174
0.897822445561139
0.8989391401451703
0.8777219430485762
0.9034059184812954
0.8070910106085986
0.9262981574539364
0.8230039084310441
0.8930764935790061
0.8805136795086543
0.7897822445561139
0.8891680625348967
0.8659966499162479
0.8986599664991625
0.8997766610831938
0.8679508654383026
0.9316024567280848
0.9045226130653267
0.8874930206588498
0.8626465661641541
0.8472920156337241
0.9117811278615299
0.9156895589056393
0.8989391401451703
0.8805136795086543
0.8324958123953099
0.8450586264656617
0.7872696817420436
0.8632049134561698
0.9089893914014517
0.8763260748185371
0.8288665549972083
0.8682300390843104
0.8657174762702401
0.8833054159687326
0.8707426018983808
0.9084310441094361
0.8997766610831938
0.879676158570631
0.7962032384142937
0.8955890563930765
0.9371859296482412
0.9698492462311558
0.9020100502512562
0.9103852596314908
0.833891680625349
0.8651591289782244
0.8975432719151312
0.9503070910106086
0.8160245672808487
0.923785594639866
0.9187604690117253
0.8891680625348967
0.8344500279173646
0.8241206030150754
0.9212730318257957
0.8523171412618649
0.8397543271915131
0.9193188163037409
0.9014517029592406
0.9126186487995533
0.8436627582356225
0.9246231155778895
0.8070910106085986
0.9614740368509213
0.8425460636515912
0.7660524846454495
0.8302624232272473
0.7839195979899497
0.9341150195421553
0.8143495254048018
0.9078726968174204
0.981574539363484
0.9095477386934674
0.929927414852038
0.8417085427135679
0.931323283082077
0.8495254048017867
0.9223897264098269
0.8657174762702401
0.9187604690117253
0.8900055834729201
0.871859296482412
0.916247906197655
0.870463428252373
0.844500279173646
0.9095477386934674
0.8160245672808487
0.9276940256839754
0.8771635957565606
0.8073701842546064
0.7266890005583473
0.8397543271915131
0.8509212730318257
0.8989391401451703
0.836962590731435
0.9260189838079286
0.9413735343383585
0.8358458961474037
0.8417085427135679
0.9581239530988275
0.9905080960357342
0.7657733109994417
0.9293690675600224
0.9017308766052484
0.847571189279732
0.8975432719151312
0.8464544946957008
0.8740926856504746
0.9321608040201005
0.8771635957565606
0.9787828029034059
0.8983807928531546
0.9128978224455612
0.8514796203238414
0.9461194863204914
0.903964265773311
0.9343941931881631
0.8852596314907872
0.9271356783919598
0.7336683417085427
0.8685092127303182
0.9215522054718035
0.8713009491903965
0.8754885538805137
0.9363484087102177
0.8230039084310441
0.844500279173646
0.8760469011725294
0.8919597989949749
0.9226689000558347
0.7113344500279174
0.9430485762144054
0.9000558347292016
0.8531546621998883
0.7908989391401452
0.836962590731435
0.8665549972082636
0.9165270798436628
0.9218313791178113
0.9533780011166946
0.29508654383026245
0.8528754885538805
0.8319374651032942
0.9288107202680067
0.9112227805695142
0.8020658849804578
0.9327191513121161
0.923785594639866
0.8592964824120602
0.9611948632049134
0.9670575097710776
0.9123394751535455
0.8210496929089894
0.8054159687325516
0.9561697375767727
0.9335566722501396
0.9249022892238973
0.8799553322166388
0.943606923506421
0.8964265773311
0.946677833612507
0.9843662758235623
0.9195979899497487
0.9235064209938582
0.9170854271356784
0.9290898939140145
0.870463428252373
0.8799553322166388
0.8983807928531546
0.9673366834170855
0.8386376326074818
0.809324399776661
0.8310999441652708
0.9221105527638191
0.8897264098269123
0.9109436069235064
0.9486320491345617
0.8562255723059743
0.7158012283640425
0.8955890563930765
0.9198771635957566
0.8313791178112786
0.9042434394193188
0.8964265773311
0.8969849246231156
0.9008933556672251
0.9324399776661083
0.7855946398659966
0.8531546621998883
0.804857621440536
0.9656616415410385
0.8855388051367951
0.9302065884980458
0.7721943048576214
0.8565047459519821
0.7601898380792853
0.8422668900055835
0.8378001116694584
0.9662199888330542
0.9073143495254048
0.8824678950307091
0.8380792853154663
0.8394751535455053
0.8665549972082636
0.9494695700725851
0.9366275823562256
0.9050809603573423
0.9701284198771636
0.8724176437744277
0.8492462311557789
0.9101060859854829
0.9187604690117253
0.8955890563930765
0.867392518146287
0.8313791178112786
0.8288665549972083
0.8626465661641541
0.7158012283640425
0.8699050809603573
0.8874930206588498
0.7889447236180904
0.9006141820212172
0.8023450586264657
0.9243439419318816
0.8874930206588498
0.8037409268565048
0.8601340033500837
0.7900614182021217
0.9061976549413735
0.7914572864321608
0.8243997766610832
0.852037967615857
0.9112227805695142
0.8598548297040759
0.7928531546621999
0.7398101619207147
0.7872696817420436
0.9106644332774986
0.8517587939698492
0.8983807928531546
0.8322166387493021
0.6426577331099944
0.8738135120044668
0.8160245672808487
0.8919597989949749
0.8757677275265215
0.8196538246789503
0.8358458961474037
0.911501954215522
0.8983807928531546
0.9321608040201005
0.8754885538805137
0.7808486878838637
0.9184812953657174
0.7962032384142937
0.9204355108877722
0.7995533221663875
0.8341708542713567
0.835287548855388
0.9078726968174204
0.8905639307649358
0.7453936348408711
0.8165829145728644
0.8517587939698492
0.9089893914014517
0.6398659966499163
0.8925181462869906
0.7261306532663316
0.8894472361809045
0.884142936906756
0.8174204355108877
0.8118369625907315
0.9357900614182021
0.8224455611390284
0.9092685650474596
0.8500837520938024
0.8679508654383026
0.8366834170854272
0.8096035734226689
0.8626465661641541
0.9101060859854829
0.8640424343941931
0.8391959798994975
0.7889447236180904
0.8989391401451703
0.8724176437744277
0.9173646007816862
0.9182021217197096
0.9137353433835846
0.8771635957565606
0.8648799553322166
0.853713009491904
0.8771635957565606
0.9087102177554439
0.890284757118928
0.8729759910664433
0.9036850921273032
0.9302065884980458
0.8944723618090452
0.7788944723618091
0.8333333333333334
0.914572864321608
0.9098269123394751
0.8285873813512005
0.774427694025684
0.9078726968174204
0.8380792853154663
0.8559463986599665
0.8936348408710217
0.846175321049693
0.9042434394193188
0.8154662199888331
0.9034059184812954
0.9290898939140145
0.8869346733668342
0.8154662199888331
0.8565047459519821
0.8805136795086543
0.7632607481853713
0.8807928531546622
0.8930764935790061
0.8266331658291457
0.8255164712451145
0.8062534896705751
0.9854829704075935
0.8944723618090452
0.8495254048017867
0.8911222780569514
0.8844221105527639
0.8994974874371859
0.879676158570631
0.8634840871021775
0.9053601340033501
0.8528754885538805
0.9148520379676158
0.9377442769402569
0.7490228922389727
0.9394193188163037
0.8852596314907872
0.868788386376326
0.8073701842546064
0.809324399776661
0.8238414293690676
0.8953098827470687
0.8576214405360134
0.8137911781127861
0.9363484087102177
0.8179787828029034
0.8908431044109436
0.9073143495254048
0.8350083752093802
0.8283082077051926
0.9332774986041318
0.8768844221105527
0.946677833612507
0.820212171970966
0.9193188163037409
0.8774427694025684
0.8107202680067002
0.8313791178112786
0.8771635957565606
0.8157453936348409
0.8380792853154663
0.8791178112786153
0.8983807928531546
0.8657174762702401
0.9413735343383585
0.8570630932439978
0.9327191513121161
0.9117811278615299
0.9112227805695142
0.8548297040759353
0.7945281965382468
0.9045226130653267
0.8827470686767169
0.8101619207146845
0.931323283082077
0.9031267448352875
0.8754885538805137
0.8844221105527639
0.8040201005025126
0.8908431044109436
0.8271915131211613
0.8601340033500837
0.8514796203238414
0.8760469011725294
0.8749302065884981
0.8964265773311
0.7250139586823003
0.8280290340591848
0.9198771635957566
0.798715801228364
0.9081518704634283
0.9251814628699051
0.8037409268565048
0.6557788944723618
0.8565047459519821
0.9134561697375768
0.9198771635957566
0.8807928531546622
0.8224455611390284
0.9692908989391401
0.8467336683417085
0.8154662199888331
0.8422668900055835
0.8305415968732551
0.9053601340033501
0.9008933556672251
0.8595756560580681
0.8922389726409827
0.9073143495254048
0.8983807928531546
0.9282523729759911
0.8986599664991625
0.9514237855946399
0.8699050809603573
0.800390843104411
0.9092685650474596
0.8322166387493021
0.884142936906756
0.9120603015075377
0.8439419318816304
0.7546063651591289
0.9092685650474596
0.8838637632607482
0.9363484087102177
0.9106644332774986
0.8221663874930206
0.9570072585147962
0.871859296482412
0.7761027359017308
0.8573422668900056
0.8598548297040759
0.9223897264098269
0.7786152987158013
0.9089893914014517
0.8609715242881072
0.8623673925181463
0.8221663874930206
0.7939698492462312
0.8470128419877163
0.9533780011166946
0.8257956448911222
0.9455611390284757
0.8874930206588498
0.9357900614182021
0.9120603015075377
0.8179787828029034
0.7286432160804021
0.9785036292573981
0.8888888888888888
0.8894472361809045
0.7934115019542155
0.9528196538246789
0.8015075376884422
0.8788386376326075
0.9014517029592406
0.9218313791178113
0.6912339475153545
0.9385817978782803
0.8450586264656617
0.9413735343383585
0.7953657174762703
0.9201563372417644
0.9399776661083193
0.8905639307649358
0.8835845896147404
0.8230039084310441
0.7741485203796762
0.8137911781127861
0.9106644332774986
0.8930764935790061
0.8768844221105527
0.7615857063093244
0.8012283640424344
0.9204355108877722
0.9427694025683976
0.8707426018983808
0.7417643774427694
0.9101060859854829
0.9422110552763819
0.8012283640424344
0.7989949748743719
0.9003350083752094
0.9396984924623115
0.9304857621440537
0.7872696817420436
0.9366275823562256
0.7883863763260748
0.9095477386934674
0.8802345058626466
0.9380234505862647
0.8096035734226689
0.871859296482412
0.8802345058626466
0.8749302065884981
0.8905639307649358
0.9394193188163037
0.8157453936348409
0.871859296482412
0.7928531546621999
0.9341150195421553
0.8936348408710217
0.7303182579564489
0.8799553322166388
0.8397543271915131
0.803461753210497
0.9087102177554439
0.9617532104969291
0.9045226130653267
0.8939140145170296
0.9179229480737019
0.8299832495812395
0.835287548855388
0.8888888888888888
0.8509212730318257
0.9349525404801786
0.80178671133445
0.8525963149078727
0.9235064209938582
0.9137353433835846
0.7498604131769961
0.8534338358458962
0.8707426018983808
0.8512004466778336
0.8950307091010609
0.7808486878838637
0.8347292015633724
0.8450586264656617
0.8500837520938024
0.9377442769402569
0.9293690675600224
0.8509212730318257
0.818537130094919
0.7889447236180904
0.9190396426577331
0.9536571747627024
0.8654383026242323
0.7883863763260748
0.7618648799553323
0.8807928531546622
0.8562255723059743
0.9477945281965382
0.8877721943048577
0.8015075376884422
0.9366275823562256
0.964824120603015
0.7627024008933556
0.8548297040759353
0.7814070351758794
0.931323283082077
0.8766052484645449
0.9092685650474596
0.8777219430485762
0.7696817420435511
0.8927973199329984
0.8855388051367951
0.9056393076493578
0.8327749860413177
0.9734785036292574
0.8428252372975991
0.9500279173646008
0.8380792853154663
0.9000558347292016
