0.8921036769138035
0.9189270644966847
0.8471971066907775
0.8022905364677516
0.8740204942736588
0.824291742013261
0.8471971066907775
0.8369499698613623
0.959915611814346
0.9258589511754068
0.7579867389993973
0.7772754671488848
0.7426160337552743
0.8918022905364678
0.8921036769138035
0.8701024713682941
0.9412296564195298
0.849005424954792
0.6907775768535263
0.8155515370705244
0.6440626883664858
0.8390596745027125
0.8369499698613623
0.9517781796262809
0.8496081977094635
0.8571428571428571
0.9171187462326703
0.8589511754068716
0.8661844484629295
0.8580470162748643
0.7893309222423146
0.8984327908378541
0.9122965641952984
0.8285111512959614
0.9249547920433996
0.7353827606992164
0.9156118143459916
0.9324894514767933
0.8779385171790235
0.8517179023508138
0.9529837251356239
0.7881253767329717
0.9572031344183243
0.8833634719710669
0.8511151295961422
0.8505123568414708
0.8939119951778179
0.8637733574442436
0.8393610608800482
0.8589511754068716
0.8056057866184448
0.779385171790235
0.8875828812537673
0.8981314044605184
0.895117540687161
0.8523206751054853
0.9267631103074141
0.8161543098251959
0.46323086196503915
0.8155515370705244
0.892706449668475
0.8197709463532248
0.9038577456298975
0.7718505123568414
0.8896925858951176
0.8176612417118746
0.7498493068113321
0.8022905364677516
0.8743218806509946
0.9150090415913201
0.8083182640144665
0.8598553345388789
0.8532248342374925
0.7836045810729355
0.906871609403255
0.9569017480409886
0.9026522001205546
0.9083785412899337
0.9478601567209162
0.8673899939722725
0.8806509945750453
0.9180229053646776
0.7694394213381555
0.9487643158529234
0.8610608800482218
0.9159132007233273
0.9035563592525618
0.8812537673297167
0.8438818565400844
0.8779385171790235
0.9403254972875226
0.8622664255575648
0.8173598553345389
0.9125979505726342
0.8484026522001206
0.692284508740205
0.9288728149487643
0.9367088607594937
0.8511151295961422
0.9113924050632911
0.833634719710669
0.8673899939722725
0.8872814948764316
0.8722121760096444
0.8477998794454491
0.7462326702833032
0.8306208559373116
0.807715491259795
0.8122362869198312
0.8095238095238095
0.8004822182037372
0.8625678119349005
0.5355635925256178
0.9005424954792043
0.7959614225437011
0.6949969861362266
0.8586497890295358
0.945750452079566
0.8381555153707052
0.8851717902350814
0.8652802893309223
0.8993369499698614
0.853827606992164
0.9228450874020494
0.8806509945750453
0.8598553345388789
0.9575045207956601
0.7640144665461122
0.8423749246534057
0.7459312839059674
0.8701024713682941
0.9394213381555153
0.8330319469559976
0.8221820373719108
0.9216395418927065
0.94333936106088
0.7525617842073539
0.8022905364677516
0.7450271247739603
0.811332127787824
0.8050030138637734
0.8734177215189873
0.8155515370705244
0.8086196503918023
0.9035563592525618
0.8426763110307414
0.9092827004219409
0.768836648583484
0.9318866787221217
0.7974683544303798
0.7748643761301989
0.7655213984327909
0.8981314044605184
0.7757685352622061
0.8511151295961422
0.9746835443037974
0.8896925858951176
0.9011452682338759
0.8372513562386981
0.7851115129596142
0.9463532248342374
0.9062688366485835
0.8034960819770947
0.7820976491862568
0.8119349005424955
0.8194695599758891
0.8827606992163954
0.8698010849909584
0.8532248342374925
0.9264617239300783
0.7748643761301989
0.8291139240506329
0.9650391802290537
0.9132007233273056
0.9089813140446051
0.8869801084990958
0.7992766726943942
0.8432790837854129
0.8071127185051236
0.7278481012658228
0.8972272453285112
0.8577456298975287
0.7896323086196504
0.9116937914406269
0.8462929475587704
0.9773960216998192
0.8685955394816154
0.8746232670283303
0.8164556962025317
0.8324291742013261
0.8890898131404461
0.6766124171187462
0.8215792646172393
0.9499698613622665
0.7709463532248343
0.9047619047619048
0.9674502712477396
0.7875226039783002
0.9442435201928873
0.9496684749849307
0.9225437010247137
0.8800482218203737
0.7751657625075347
0.9219409282700421
0.6901748040988547
0.7799879445449066
0.8095238095238095
0.8936106088004823
0.8369499698613623
0.8270042194092827
0.8215792646172393
0.8676913803496082
0.9294755877034359
0.8086196503918023
0.8167570825798673
0.9113924050632911
0.8405666063893912
0.8924050632911392
0.9306811332127788
0.9017480409885473
0.7408077154912598
0.8309222423146474
0.716998191681736
0.7902350813743219
0.9279686558167571
0.9487643158529234
0.8716094032549728
0.9216395418927065
0.8734177215189873
0.903254972875226
0.8511151295961422
0.9125979505726342
0.7950572634116938
0.8487040385774564
0.7932489451476793
0.8607594936708861
0.8354430379746836
0.9113924050632911
0.8161543098251959
0.48613622664255574
0.8086196503918023
0.8285111512959614
0.9321880650994575
0.9104882459312839
0.9053646775165762
0.7980711271850512
0.9629294755877035
0.8770343580470162
0.8065099457504521
0.8839662447257384
0.8713080168776371
0.7471368294153105
0.9370102471368295
0.9391199517781796
0.8224834237492465
0.8881856540084389
0.9734779987944545
0.8065099457504521
0.9053646775165762
0.8598553345388789
0.9119951778179626
0.9267631103074141
0.8716094032549728
0.8960216998191681
0.905666063893912
0.6588306208559374
0.8496081977094635
0.7631103074141049
0.9234478601567209
0.890295358649789
0.8628691983122363
0.9409282700421941
0.7091621458710067
0.8704038577456299
0.8803496081977095
0.7799879445449066
0.794755877034358
0.917420132610006
0.8146473779385172
0.8339361060880048
0.7329716696805304
0.8707052441229657
0.8803496081977095
0.9834237492465341
0.8740204942736588
0.7781796262808921
0.9412296564195298
0.7179023508137432
0.8224834237492465
0.759493670886076
0.9041591320072333
0.824291742013261
0.7911392405063291
0.7655213984327909
0.8571428571428571
0.865581675708258
0.8414707655213984
0.8761301989150091
0.8788426763110307
0.8625678119349005
0.9373116335141651
0.8933092224231465
0.8465943339361061
0.9626280892103677
0.8652802893309223
0.9141048824593129
0.7790837854128994
0.9041591320072333
0.7209162145871006
0.9415310427968656
0.8131404460518384
0.836045810729355
0.9219409282700421
0.9171187462326703
0.9255575647980712
0.8378541289933695
0.784207353827607
0.9656419529837251
0.8719107896323086
0.8921036769138035
0.7085593731163351
0.7399035563592525
0.5394816154309825
0.7600964436407475
0.8417721518987342
0.8372513562386981
0.8942133815551537
0.9207353827606992
0.9104882459312839
0.9330922242314648
0.879746835443038
0.8658830620855937
0.9493670886075949
0.7974683544303798
0.8529234478601567
0.8827606992163954
0.891500904159132
0.7823990355635925
0.8984327908378541
0.9493670886075949
0.9388185654008439
0.8185654008438819
0.9125979505726342
0.9400241109101869
0.8098251959011453
0.8604581072935503
0.8282097649186256
0.8993369499698614
0.7531645569620253
0.8866787221217601
0.9071729957805907
0.9228450874020494
0.8357444243520193
0.8218806509945751
0.8273056057866185
0.8905967450271248
0.807715491259795
0.8089210367691381
0.9023508137432188
0.8899939722724532
0.77124773960217
0.7709463532248343
0.8848704038577456
0.8155515370705244
0.9074743821579264
0.9101868595539482
0.8357444243520193
0.8640747438215792
0.784207353827607
0.7980711271850512
0.8646775165762508
0.8972272453285112
0.8652802893309223
0.948161543098252
0.8267028330319469
0.8499095840867993
0.9150090415913201
0.865581675708258
0.9038577456298975
0.9566003616636528
0.9285714285714286
0.8523206751054853
0.8366485834840265
0.9144062688366486
0.8679927667269439
0.8327305605786618
0.7727546714888487
0.8921036769138035
0.8694996986136226
0.9544906570223026
0.7742616033755274
0.8435804701627486
0.9626280892103677
0.9023508137432188
0.961121157323689
0.8104279686558168
0.8574442435201929
0.9671488848704038
0.9156118143459916
0.9861362266425557
0.8197709463532248
0.9225437010247137
0.9364074743821579
0.8764315852923448
0.8146473779385172
0.7827004219409283
0.8056057866184448
0.8110307414104883
0.9300783604581073
0.8887884267631103
0.8679927667269439
0.77124773960217
0.918625678119349
0.7962628089210367
0.8963230861965039
0.8845690174804098
0.786618444846293
0.7709463532248343
0.8185654008438819
0.961121157323689
0.9367088607594937
0.8794454490657022
0.8303194695599759
0.7950572634116938
0.8438818565400844
0.8592525617842074
0.7944544906570223
0.8441832429174201
0.8321277878239903
0.9653405666063893
0.9153104279686558
0.9749849306811332
0.7989752863170585
0.7968655816757083
0.8966244725738397
0.9113924050632911
0.8248945147679325
0.8218806509945751
0.8182640144665461
0.9216395418927065
0.8176612417118746
0.8047016274864376
0.8824593128390597
0.8056057866184448
0.7911392405063291
0.7911392405063291
0.39180229053646776
0.8399638336347197
0.8875828812537673
0.8930078360458107
0.958710066305003
0.8890898131404461
0.7772754671488848
0.7218203737191079
0.8586497890295358
0.8288125376732972
0.9412296564195298
0.8122362869198312
0.807715491259795
0.9234478601567209
0.8324291742013261
0.8164556962025317
0.8375527426160337
0.9364074743821579
0.8996383363471971
0.9207353827606992
0.8975286317058468
0.8239903556359253
0.8622664255575648
0.7986738999397227
0.8969258589511754
0.8664858348402652
0.9086799276672695
0.8375527426160337
0.833634719710669
0.8508137432188065
0.8622664255575648
0.8016877637130801
0.8628691983122363
0.8918022905364678
0.797166968053044
0.882157926461724
0.8318264014466547
0.7507534659433394
0.7748643761301989
0.7399035563592525
0.8267028330319469
0.9005424954792043
0.8095238095238095
0.8942133815551537
0.17902350813743217
0.8511151295961422
0.8429776974080772
0.7932489451476793
0.7263411693791441
0.895117540687161
0.8098251959011453
0.7661241711874623
0.8583484026522001
0.8673899939722725
0.9412296564195298
0.944544906570223
0.7100663050030138
0.7872212176009644
0.9575045207956601
0.8896925858951176
0.9355033152501507
0.7998794454490658
0.8884870403857745
0.8679927667269439
0.8869801084990958
0.8330319469559976
0.9282700421940928
0.8875828812537673
0.8583484026522001
0.8918022905364678
0.8553345388788427
0.8975286317058468
0.8414707655213984
0.8866787221217601
0.9101868595539482
0.9008438818565401
0.8544303797468354
0.9367088607594937
0.9159132007233273
0.869198312236287
0.9011452682338759
0.9101868595539482
0.8209764918625678
0.7848101265822784
0.9249547920433996
0.7769740807715492
0.9228450874020494
0.7426160337552743
0.9195298372513563
0.8354430379746836
0.7980711271850512
0.8857745629897529
0.9219409282700421
0.8484026522001206
0.7869198312236287
0.8456901748040988
0.8936106088004823
0.8487040385774564
0.8098251959011453
0.8541289933694997
0.9062688366485835
0.8918022905364678
0.9038577456298975
0.8182640144665461
0.9291742013261001
0.7616033755274262
0.8987341772151899
0.9189270644966847
0.9252561784207354
0.9472573839662447
0.9020494273658831
0.7941531042796866
0.8541289933694997
0.8556359252561784
0.754671488848704
0.9144062688366486
0.8863773357444243
0.9104882459312839
0.6314044605183846
0.9596142254370102
0.9285714285714286
0.8251959011452682
0.8854731766124171
0.9107896323086196
0.8152501506931886
0.8646775165762508
0.9725738396624473
0.8056057866184448
0.8999397227245328
0.8092224231464737
0.6488848704038578
0.9264617239300783
0.8652802893309223
0.9430379746835443
0.8975286317058468
0.9240506329113924
0.8942133815551537
0.8924050632911392
0.9020494273658831
0.7386980108499096
0.8993369499698614
0.9379144062688366
0.8477998794454491
0.7769740807715492
0.9737793851717902
0.904460518384569
0.7109704641350211
0.8505123568414708
0.9159132007233273
0.7857142857142857
0.8257986738999398
0.8327305605786618
0.7914406268836649
0.8435804701627486
0.5816757082579868
0.9083785412899337
0.8402652200120555
0.9487643158529234
0.7869198312236287
0.933996383363472
0.9141048824593129
0.8779385171790235
0.8896925858951176
0.8957203134418324
0.7622061482820977
0.9578059071729957
0.7597950572634117
0.8318264014466547
0.9092827004219409
0.8794454490657022
0.8601567209162145
0.7751657625075347
0.8818565400843882
0.8351416515973478
0.7986738999397227
0.8860759493670886
0.9144062688366486
0.8972272453285112
0.853827606992164
0.7796865581675708
0.8842676311030742
0.869198312236287
0.7760699216395419
0.7537673297166968
0.8975286317058468
0.8291139240506329
0.8661844484629295
0.8969258589511754
0.9333936106088004
0.8905967450271248
0.8670886075949367
0.8942133815551537
0.9038577456298975
0.7619047619047619
0.7673297166968053
0.9276672694394213
0.8803496081977095
0.8209764918625678
0.8167570825798673
0.8957203134418324
0.758288125376733
0.7519590114526823
0.8119349005424955
0.8842676311030742
0.919831223628692
0.882157926461724
0.8833634719710669
0.8595539481615431
0.7697408077154912
0.8315250150693189
0.8487040385774564
0.8673899939722725
0.7510548523206751
0.9086799276672695
0.838456901748041
0.7965641952983725
0.8987341772151899
0.9255575647980712
0.8896925858951176
0.878541289933695
0.9092827004219409
0.9285714285714286
0.6895720313441832
0.797166968053044
0.7616033755274262
0.8363471971066908
0.9053646775165762
0.7986738999397227
0.8592525617842074
0.8291139240506329
0.8960216998191681
0.7998794454490658
0.7019288728149488
0.9162145871006631
0.8836648583484027
0.8592525617842074
0.890295358649789
0.8182640144665461
0.7715491259795058
0.8378541289933695
0.903254972875226
0.9147076552139843
0.9499698613622665
0.878541289933695
0.8728149487643159
0.9451476793248945
0.94333936106088
0.7932489451476793
0.9119951778179626
0.8806509945750453
0.679324894514768
0.8945147679324894
0.9035563592525618
0.7860156720916215
0.8152501506931886
0.825497287522604
0.8098251959011453
0.7224231464737794
0.9138034960819771
0.8414707655213984
0.8601567209162145
0.7010247136829415
0.7908378541289933
0.8532248342374925
0.30440024110910185
0.8673899939722725
0.8282097649186256
0.8640747438215792
0.8788426763110307
0.9358047016274864
0.8685955394816154
0.685051235684147
0.733574442435202
0.7860156720916215
0.9427365883062085
0.9345991561181435
0.7736588306208559
0.9062688366485835
0.8637733574442436
0.8884870403857745
0.8028933092224232
0.8776371308016878
0.8640747438215792
0.8866787221217601
0.8438818565400844
0.7248342374924653
0.8830620855937311
0.892706449668475
0.3411693791440627
0.9475587703435805
0.82790837854129
0.9364074743821579
0.8526220614828209
0.8794454490657022
0.8080168776371308
0.8613622664255576
0.8758288125376733
0.9062688366485835
0.8815551537070524
0.8833634719710669
0.8273056057866185
0.8848704038577456
0.727546714888487
0.8474984930681133
0.8803496081977095
0.8556359252561784
0.8776371308016878
0.8993369499698614
0.8761301989150091
0.8505123568414708
0.7869198312236287
0.8354430379746836
0.8031946955997589
0.9228450874020494
0.7209162145871006
0.8556359252561784
0.7736588306208559
0.811332127787824
0.8728149487643159
0.8363471971066908
0.9002411091018686
0.8221820373719108
0.9141048824593129
0.8291139240506329
0.8881856540084389
0.9192284508740205
0.7893309222423146
0.784207353827607
0.9132007233273056
0.9122965641952984
0.890295358649789
0.8722121760096444
0.8818565400843882
0.8577456298975287
0.8881856540084389
0.8375527426160337
0.8694996986136226
0.9098854731766124
0.8794454490657022
0.9053646775165762
0.8830620855937311
0.8526220614828209
0.9309825195901146
0.8761301989150091
0.7531645569620253
0.8508137432188065
0.8375527426160337
0.9183242917420132
0.8694996986136226
0.9466546112115732
0.792344786015672
0.9430379746835443
0.9122965641952984
0.8981314044605184
0.8583484026522001
0.8405666063893912
0.8194695599758891
0.6329113924050633
0.7040385774562989
0.770042194092827
0.8487040385774564
0.8652802893309223
0.9095840867992767
0.891500904159132
0.9047619047619048
0.9388185654008439
0.7872212176009644
0.7576853526220615
0.8571428571428571
0.8553345388788427
0.9180229053646776
0.7890295358649789
0.8348402652200121
0.7902350813743219
0.8031946955997589
0.9246534056660639
0.733574442435202
0.8028933092224232
0.921036769138035
0.8580470162748643
0.7860156720916215
0.8565400843881856
0.6512959614225436
0.9499698613622665
0.8351416515973478
0.9144062688366486
0.8140446051838457
0.9490657022302592
0.8068113321277878
0.9116937914406269
0.8423749246534057
0.903254972875226
0.7525617842073539
0.8824593128390597
0.8050030138637734
0.8544303797468354
0.8649789029535865
0.8930078360458107
0.8827606992163954
0.8342374924653405
0.8999397227245328
0.8224834237492465
0.9487643158529234
0.8339361060880048
0.8535262206148282
0.7112718505123569
0.961121157323689
0.7938517179023508
0.8158529234478602
0.7908378541289933
0.8137432188065099
0.8598553345388789
0.8824593128390597
0.9195298372513563
0.8285111512959614
0.9138034960819771
0.8402652200120555
0.9535864978902954
0.9297769740807715
0.8095238095238095
0.9306811332127788
0.8173598553345389
0.7754671488848704
0.8607594936708861
0.8559373116335142
0.4566003616636528
0.895117540687161
0.8257986738999398
0.866787221217601
0.932790837854129
0.7537673297166968
0.8918022905364678
0.9505726341169379
0.7389993972272453
0.8918022905364678
0.8918022905364678
0.9092827004219409
0.8405666063893912
0.7374924653405666
0.9038577456298975
0.9376130198915009
0.8261000602772754
0.8453887884267631
0.9273658830620856
0.9132007233273056
0.869198312236287
0.7338758288125377
0.8646775165762508
0.20675105485232068
0.9602169981916817
0.8529234478601567
0.9490657022302592
0.892706449668475
0.8896925858951176
0.8179626280892104
0.8993369499698614
0.8604581072935503
0.8261000602772754
0.8529234478601567
0.9101868595539482
0.8933092224231465
0.8676913803496082
0.8025919228450874
0.9008438818565401
0.8559373116335142
0.9128993369499698
0.9373116335141651
0.7836045810729355
0.9234478601567209
0.9276672694394213
0.8933092224231465
0.6193490054249547
0.8969258589511754
0.8933092224231465
0.8978300180831826
0.8939119951778179
0.8815551537070524
0.7227245328511152
0.7631103074141049
0.7622061482820977
0.781796262808921
0.8520192887281495
0.8685955394816154
0.7778782399035563
0.781796262808921
0.8532248342374925
0.8809523809523809
0.8999397227245328
0.7839059674502713
0.9385171790235082
0.8688969258589512
0.85623869801085
0.8939119951778179
0.9288728149487643
0.744122965641953
0.8622664255575648
0.9116937914406269
0.8143459915611815
0.8098251959011453
0.9385171790235082
0.9041591320072333
0.9053646775165762
0.8532248342374925
0.7567811934900542
0.8571428571428571
0.7495479204339964
0.908077154912598
0.7148884870403858
0.8890898131404461
0.8743218806509946
0.8990355635925256
0.8752260397830018
0.85623869801085
0.8851717902350814
0.9309825195901146
0.7471368294153105
0.882157926461724
0.8086196503918023
0.8224834237492465
0.9156118143459916
0.933996383363472
0.882157926461724
0.9116937914406269
0.8372513562386981
0.7658227848101266
0.8432790837854129
0.895117540687161
0.7670283303194696
0.9288728149487643
0.8071127185051236
0.7760699216395419
0.8583484026522001
0.869198312236287
0.932790837854129
0.8981314044605184
0.8282097649186256
0.8764315852923448
0.8001808318264014
0.853827606992164
0.8405666063893912
0.8857745629897529
0.8942133815551537
0.8791440626883665
0.7956600361663653
0.9376130198915009
0.9135021097046413
0.9388185654008439
0.959915611814346
0.948161543098252
0.8493068113321278
0.7751657625075347
0.8948161543098252
0.9421338155515371
0.783001808318264
0.8405666063893912
0.8881856540084389
0.8652802893309223
0.9086799276672695
0.8872814948764316
0.779385171790235
0.9107896323086196
0.8969258589511754
0.7468354430379747
0.8520192887281495
0.805304400241109
0.8601567209162145
0.8758288125376733
0.9011452682338759
0.6787221217600965
0.7537673297166968
0.8414707655213984
0.9008438818565401
0.8203737191078964
0.825497287522604
0.9511754068716094
0.7658227848101266
0.8001808318264014
0.8270042194092827
0.8939119951778179
0.7625075346594334
0.7875226039783002
0.8803496081977095
0.8984327908378541
0.7715491259795058
0.8731163351416515
0.8565400843881856
0.892706449668475
0.8761301989150091
0.9059674502712477
0.8025919228450874
0.9107896323086196
0.9662447257383966
0.8152501506931886
0.6952983725135624
0.8155515370705244
0.891500904159132
0.7691380349608198
0.8875828812537673
0.9255575647980712
0.8499095840867993
0.7528631705846895
0.9279686558167571
0.9264617239300783
0.8945147679324894
0.7781796262808921
0.7185051235684147
0.754671488848704
0.8342374924653405
0.8535262206148282
0.9125979505726342
0.8080168776371308
0.9077757685352622
0.8872814948764316
0.823086196503918
0.853827606992164
0.7823990355635925
0.8731163351416515
0.8502109704641351
0.8583484026522001
0.7025316455696202
0.9171187462326703
0.8830620855937311
0.9689572031344184
0.807715491259795
0.8438818565400844
0.8390596745027125
0.8396624472573839
0.9385171790235082
0.7739602169981917
0.5289330922242315
0.8628691983122363
0.8574442435201929
0.8471971066907775
0.6889692585895117
0.7670283303194696
0.7221217600964437
0.8462929475587704
0.7616033755274262
0.8851717902350814
0.8523206751054853
0.8487040385774564
0.9125979505726342
0.9508740204942736
0.8324291742013261
0.8761301989150091
0.8803496081977095
0.8634719710669078
0.7781796262808921
0.7998794454490658
0.836045810729355
0.8188667872212176
0.9017480409885473
0.8722121760096444
0.8815551537070524
0.7362869198312236
0.9071729957805907
0.7631103074141049
0.8176612417118746
0.8098251959011453
0.8505123568414708
0.8809523809523809
0.8372513562386981
0.8375527426160337
0.8107293550331525
0.8474984930681133
0.8393610608800482
0.8628691983122363
0.9050632911392406
0.8553345388788427
0.8173598553345389
0.8544303797468354
0.783001808318264
0.7911392405063291
0.7929475587703436
0.8728149487643159
0.8833634719710669
0.8378541289933695
0.9520795660036167
0.8345388788426763
0.908077154912598
0.9122965641952984
0.6476793248945147
0.9288728149487643
0.8239903556359253
0.917420132610006
0.8601567209162145
0.9584086799276673
0.917420132610006
0.9370102471368295
0.9526823387582881
0.9505726341169379
0.8580470162748643
0.933996383363472
0.8276069921639542
0.8918022905364678
0.8318264014466547
0.8890898131404461
0.8399638336347197
0.8878842676311031
0.9478601567209162
0.7784810126582279
0.8459915611814346
0.933996383363472
0.9231464737793852
0.8318264014466547
0.8845690174804098
0.9273658830620856
0.8282097649186256
0.9638336347197106
0.8728149487643159
0.7896323086196504
0.8248945147679325
0.9122965641952984
0.8857745629897529
0.9008438818565401
0.8604581072935503
0.8848704038577456
0.8330319469559976
0.932790837854129
0.9125979505726342
0.8646775165762508
0.8948161543098252
0.8264014466546112
0.8954189270644967
0.8176612417118746
0.9011452682338759
0.9264617239300783
0.7992766726943942
0.8059071729957806
0.9231464737793852
0.9258589511754068
0.824291742013261
0.8752260397830018
0.904460518384569
0.9535864978902954
0.8056057866184448
0.9358047016274864
0.9231464737793852
0.9306811332127788
0.8004822182037372
0.9159132007233273
0.7881253767329717
0.8517179023508138
0.8047016274864376
0.9795057263411694
0.8396624472573839
0.891500904159132
0.8459915611814346
0.820675105485232
0.879746835443038
0.8839662447257384
0.8312236286919831
0.9249547920433996
0.8441832429174201
0.7899336949969862
0.8330319469559976
0.8013863773357445
0.608499095840868
0.8854731766124171
0.9180229053646776
0.8827606992163954
0.8607594936708861
0.8288125376732972
0.8625678119349005
0.4309825195901145
0.6244725738396625
0.784207353827607
0.812537673297167
0.9023508137432188
0.8776371308016878
0.8734177215189873
0.8381555153707052
0.9324894514767933
0.9285714285714286
0.9448462929475587
0.7573839662447257
0.9376130198915009
0.8294153104279687
0.9677516576250753
0.8128390596745028
0.8523206751054853
0.9132007233273056
0.8529234478601567
0.9195298372513563
0.8143459915611815
0.9424352019288729
0.9138034960819771
0.8182640144665461
0.8613622664255576
0.7034358047016275
0.8363471971066908
0.8960216998191681
0.9424352019288729
0.8218806509945751
0.8975286317058468
0.8544303797468354
0.7787823990355636
0.8315250150693189
0.8028933092224232
0.8707052441229657
0.7344786015672091
0.755877034358047
0.8818565400843882
0.9189270644966847
0.8004822182037372
0.8508137432188065
0.7742616033755274
0.8185654008438819
0.7507534659433394
0.811332127787824
0.7796865581675708
0.8598553345388789
0.8342374924653405
0.9300783604581073
0.8447860156720917
0.9430379746835443
0.37492465340566605
0.8713080168776371
0.8628691983122363
0.7652200120554551
0.7965641952983725
0.8625678119349005
0.8218806509945751
0.7851115129596142
0.891500904159132
0.8622664255575648
0.8818565400843882
0.7808921036769138
0.8300180831826401
0.8016877637130801
0.8541289933694997
0.7492465340566606
0.9074743821579264
0.8161543098251959
0.9207353827606992
0.8933092224231465
0.8354430379746836
0.8746232670283303
0.905666063893912
0.9306811332127788
0.14074743821579264
0.9011452682338759
0.8523206751054853
0.9553948161543099
0.8508137432188065
0.7576853526220615
0.9575045207956601
0.029535864978902954
0.931585292344786
0.7839059674502713
0.7064496684749849
0.7522603978300181
0.8640747438215792
0.8911995177817963
0.8203737191078964
0.9448462929475587
0.9569017480409886
0.8752260397830018
0.8616636528028933
0.853827606992164
0.8719107896323086
0.805304400241109
0.903254972875226
0.904460518384569
0.9011452682338759
0.7986738999397227
0.7775768535262206
0.6552139843279083
0.9011452682338759
0.8908981314044605
0.9189270644966847
0.7715491259795058
0.895117540687161
0.7221217600964437
0.8158529234478602
0.8257986738999398
0.35443037974683544
0.9520795660036167
0.8845690174804098
0.9590114526823388
0.7359855334538878
0.7652200120554551
0.8565400843881856
0.7263411693791441
0.864376130198915
0.8444846292947559
0.7383966244725738
0.8984327908378541
0.9014466546112115
0.7796865581675708
0.9231464737793852
0.8918022905364678
0.758288125376733
0.8128390596745028
0.7965641952983725
0.7091621458710067
0.9358047016274864
0.8580470162748643
0.8176612417118746
0.7088607594936709
0.8122362869198312
0.8016877637130801
0.895117540687161
0.8957203134418324
0.9122965641952984
0.8960216998191681
0.9225437010247137
0.8363471971066908
0.7260397830018083
0.8761301989150091
0.8743218806509946
0.9382157926461724
0.7477396021699819
0.7959614225437011
0.8059071729957806
0.8369499698613623
0.7531645569620253
0.8339361060880048
0.9677516576250753
0.8577456298975287
0.8770343580470162
0.9499698613622665
0.8306208559373116
0.8924050632911392
0.9132007233273056
0.8899939722724532
0.9026522001205546
0.8824593128390597
0.9246534056660639
0.8806509945750453
0.9225437010247137
0.9566003616636528
0.9291742013261001
0.783001808318264
0.9559975889089813
0.9014466546112115
0.8755274261603375
0.8375527426160337
0.869198312236287
0.8887884267631103
0.8939119951778179
0.8758288125376733
0.8863773357444243
0.8930078360458107
0.9291742013261001
0.7962628089210367
0.7685352622061483
0.853827606992164
0.8616636528028933
0.8890898131404461
0.9150090415913201
0.8423749246534057
0.9508740204942736
0.8532248342374925
0.7977697408077155
0.8550331525015069
0.8372513562386981
0.6729957805907173
0.8423749246534057
0.8065099457504521
0.9059674502712477
0.969258589511754
0.8170584689572031
0.8429776974080772
0.8179626280892104
0.8511151295961422
0.890295358649789
0.8911995177817963
0.9695599758890898
0.7760699216395419
0.8037974683544303
0.8625678119349005
0.7775768535262206
0.9406268836648584
0.8589511754068716
0.7272453285111513
0.8339361060880048
0.8399638336347197
0.8294153104279687
0.7763713080168776
0.7748643761301989
0.8465943339361061
0.9092827004219409
0.7869198312236287
0.9138034960819771
0.7540687160940326
0.9475587703435805
0.7784810126582279
0.7833031946955997
0.8065099457504521
0.8592525617842074
0.877335744424352
0.8547317661241712
0.8577456298975287
0.7905364677516576
0.9071729957805907
0.8267028330319469
0.8447860156720917
0.9213381555153707
0.9216395418927065
0.7564798071127184
0.8942133815551537
0.8803496081977095
0.8083182640144665
0.8685955394816154
0.9135021097046413
0.8794454490657022
0.9514767932489452
0.8911995177817963
0.8535262206148282
0.8921036769138035
0.906871609403255
0.7094635322483424
0.8761301989150091
0.8505123568414708
0.8405666063893912
0.8182640144665461
0.9234478601567209
0.8402652200120555
0.9689572031344184
0.8640747438215792
0.917420132610006
0.9195298372513563
0.9725738396624473
0.9014466546112115
0.8899939722724532
0.933996383363472
0.8887884267631103
0.8312236286919831
0.9683544303797469
0.8848704038577456
0.9162145871006631
0.8884870403857745
0.8890898131404461
0.8556359252561784
0.9107896323086196
0.9020494273658831
0.9095840867992767
0.7872212176009644
0.9273658830620856
0.864376130198915
0.8924050632911392
0.9201326100060278
0.768836648583484
0.8622664255575648
0.9523809523809523
0.8670886075949367
0.9373116335141651
0.9204339963833634
0.8990355635925256
0.9135021097046413
0.8866787221217601
0.8592525617842074
0.8016877637130801
0.9358047016274864
0.8948161543098252
0.9541892706449668
0.8116335141651597
0.8170584689572031
0.8568414707655214
0.9086799276672695
0.8625678119349005
0.8945147679324894
0.9171187462326703
0.9590114526823388
0.8179626280892104
0.8267028330319469
0.779385171790235
0.9077757685352622
0.9231464737793852
0.9427365883062085
0.8924050632911392
0.8239903556359253
0.744122965641953
0.8875828812537673
0.8957203134418324
0.9192284508740205
0.8508137432188065
0.7537673297166968
0.9786015672091621
0.9017480409885473
0.6482820976491862
0.8511151295961422
0.7805907172995781
0.8197709463532248
0.8333333333333334
0.8285111512959614
0.7959614225437011
0.9177215189873418
0.8896925858951176
0.812537673297167
0.8324291742013261
0.7730560578661845
0.9074743821579264
0.8068113321277878
0.8131404460518384
0.8294153104279687
0.8930078360458107
0.9125979505726342
0.9153104279686558
0.8698010849909584
0.8595539481615431
0.7697408077154912
0.9276672694394213
0.9596142254370102
0.8571428571428571
0.7341772151898734
0.8016877637130801
0.8809523809523809
0.932790837854129
0.6088004822182037
0.9104882459312839
0.9704641350210971
0.8682941531042797
0.7881253767329717
0.8333333333333334
0.7293550331525015
0.8698010849909584
0.8701024713682941
0.869198312236287
0.8300180831826401
0.9535864978902954
0.8930078360458107
0.85623869801085
0.8728149487643159
0.6952983725135624
0.8131404460518384
0.7890295358649789
0.7673297166968053
0.8637733574442436
0.9153104279686558
0.8438818565400844
0.8348402652200121
0.8264014466546112
0.8634719710669078
0.9041591320072333
0.8833634719710669
0.9062688366485835
0.8447860156720917
0.9110910186859554
0.8936106088004823
0.8878842676311031
0.8824593128390597
0.8884870403857745
0.9156118143459916
0.8366485834840265
0.7938517179023508
0.9641350210970464
0.882157926461724
0.8251959011452682
0.9490657022302592
0.7679324894514767
0.8369499698613623
0.9110910186859554
0.8924050632911392
0.8502109704641351
0.882157926461724
0.8508137432188065
0.9644364074743822
0.8930078360458107
0.9234478601567209
0.958710066305003
0.8881856540084389
0.8568414707655214
0.9496684749849307
0.8930078360458107
0.8092224231464737
0.8719107896323086
0.7742616033755274
0.9047619047619048
0.8535262206148282
0.7914406268836649
0.895117540687161
0.8752260397830018
0.7616033755274262
0.7652200120554551
0.946955997588909
0.759493670886076
0.7914406268836649
0.8993369499698614
0.9113924050632911
0.8713080168776371
0.6404460518384569
0.8851717902350814
0.892706449668475
0.9014466546112115
0.8990355635925256
0.8010849909584087
0.9077757685352622
0.8996383363471971
0.8559373116335142
0.7522603978300181
0.8854731766124171
0.7980711271850512
0.8264014466546112
0.8477998794454491
0.849005424954792
0.8390596745027125
0.8764315852923448
0.7914406268836649
0.9092827004219409
0.8809523809523809
0.8854731766124171
0.8598553345388789
0.8670886075949367
0.9388185654008439
0.8215792646172393
0.6531042796865582
0.9023508137432188
0.8339361060880048
0.8152501506931886
0.7872212176009644
0.8496081977094635
0.9026522001205546
0.7474382157926461
0.8809523809523809
0.961121157323689
0.946955997588909
0.882157926461724
0.8984327908378541
0.9273658830620856
0.8450874020494273
0.8610608800482218
0.945750452079566
0.8022905364677516
0.805304400241109
0.8007836045810729
0.8836648583484027
0.7962628089210367
0.8484026522001206
0.8502109704641351
0.869198312236287
0.7679324894514767
0.8330319469559976
0.783001808318264
0.9330922242314648
0.8866787221217601
0.8239903556359253
0.9195298372513563
0.8402652200120555
0.8966244725738397
0.933996383363472
0.8809523809523809
0.7507534659433394
0.9095840867992767
0.7649186256781193
0.9671488848704038
0.7787823990355636
0.8628691983122363
0.8182640144665461
0.8004822182037372
0.8167570825798673
0.8987341772151899
0.7962628089210367
0.8074141048824593
0.779385171790235
0.9104882459312839
0.6528028933092225
0.8887884267631103
0.9285714285714286
0.8227848101265823
0.7878239903556359
0.8098251959011453
0.7600964436407475
0.7320675105485233
0.8704038577456299
0.7597950572634117
0.7914406268836649
0.9222423146473779
0.8505123568414708
0.9264617239300783
0.8622664255575648
0.8083182640144665
0.7148884870403858
0.8306208559373116
0.8468957203134418
0.8559373116335142
0.7896323086196504
0.9297769740807715
0.7266425557564798
0.9382157926461724
0.85623869801085
0.8417721518987342
0.8285111512959614
0.9113924050632911
0.9243520192887281
0.9207353827606992
0.7917420132610006
0.8571428571428571
0.8707052441229657
0.7459312839059674
0.8456901748040988
0.8285111512959614
0.9092827004219409
0.7968655816757083
0.7616033755274262
0.8634719710669078
0.713381555153707
0.8966244725738397
0.8788426763110307
0.9008438818565401
0.8134418324291742
0.8972272453285112
0.864376130198915
0.9011452682338759
0.7248342374924653
0.8694996986136226
0.8381555153707052
0.8429776974080772
0.8933092224231465
0.8393610608800482
0.8893911995177818
0.9243520192887281
0.9526823387582881
0.9647377938517179
0.8399638336347197
0.810126582278481
0.8728149487643159
0.8194695599758891
0.8896925858951176
0.8351416515973478
0.9680530440024111
0.8933092224231465
0.7986738999397227
0.8993369499698614
0.9535864978902954
0.794755877034358
0.8984327908378541
0.9409282700421941
0.7625075346594334
0.8339361060880048
0.8896925858951176
0.824291742013261
0.9128993369499698
0.8791440626883665
0.9575045207956601
0.8037974683544303
0.741711874623267
0.9071729957805907
0.8212778782399035
0.8583484026522001
0.8481012658227848
0.9255575647980712
0.8526220614828209
0.8529234478601567
0.9107896323086196
0.8942133815551537
0.7884267631103075
0.7775768535262206
0.9138034960819771
0.946955997588909
0.9005424954792043
0.7823990355635925
0.8794454490657022
0.7588908981314044
0.5663050030138638
0.9020494273658831
0.6838456901748041
0.8559373116335142
0.8948161543098252
0.8128390596745028
0.8743218806509946
0.9104882459312839
0.8761301989150091
0.9282700421940928
0.8474984930681133
0.8887884267631103
0.8725135623869801
0.8345388788426763
0.8264014466546112
0.8040988547317661
0.9165159734779988
0.8948161543098252
0.8948161543098252
0.8028933092224232
0.9499698613622665
0.9062688366485835
0.8248945147679325
0.8872814948764316
0.8324291742013261
0.8679927667269439
0.865581675708258
0.7308619650391802
0.8450874020494273
0.8981314044605184
0.8616636528028933
0.8291139240506329
0.9767932489451476
0.9150090415913201
0.8682941531042797
0.9623267028330319
0.892706449668475
0.8447860156720917
0.8996383363471971
0.9541892706449668
0.9370102471368295
0.6654611211573237
0.9294755877034359
0.8939119951778179
0.9285714285714286
0.8441832429174201
0.9035563592525618
0.8993369499698614
0.9361060880048222
0.8881856540084389
0.7697408077154912
0.7576853526220615
0.9276672694394213
0.8728149487643159
0.7968655816757083
0.6476793248945147
0.8966244725738397
0.8881856540084389
0.6943942133815552
0.8682941531042797
0.7525617842073539
0.8930078360458107
0.8701024713682941
0.9083785412899337
0.8050030138637734
0.8004822182037372
0.8574442435201929
0.7154912597950572
0.958710066305003
0.8905967450271248
0.8948161543098252
0.9050632911392406
0.9125979505726342
0.7055455093429777
0.9219409282700421
0.8704038577456299
0.8664858348402652
0.805304400241109
0.921036769138035
0.8984327908378541
0.8604581072935503
0.8248945147679325
0.8481012658227848
0.8233875828812538
0.8833634719710669
0.8122362869198312
0.8471971066907775
0.7902350813743219
0.9499698613622665
0.7450271247739603
0.8845690174804098
0.8438818565400844
0.9065702230259193
0.8188667872212176
0.8625678119349005
0.8453887884267631
0.7932489451476793
0.8746232670283303
0.9240506329113924
0.8996383363471971
0.8173598553345389
0.94333936106088
0.8827606992163954
0.8779385171790235
0.8517179023508138
0.7775768535262206
0.8634719710669078
0.8468957203134418
0.7603978300180831
0.7863170584689572
0.7625075346594334
0.8887884267631103
0.7694394213381555
0.8185654008438819
0.8264014466546112
0.8818565400843882
0.8423749246534057
0.8047016274864376
0.8550331525015069
0.9559975889089813
0.9834237492465341
0.8155515370705244
0.8911995177817963
0.8939119951778179
0.7863170584689572
0.9014466546112115
0.7935503315250151
0.6907775768535263
0.8520192887281495
0.8294153104279687
0.9291742013261001
0.9023508137432188
0.8930078360458107
0.8658830620855937
0.8221820373719108
0.8080168776371308
0.622664255575648
0.6690777576853526
0.8863773357444243
0.9361060880048222
0.853827606992164
0.961121157323689
0.8441832429174201
0.8975286317058468
0.7697408077154912
0.8957203134418324
0.8366485834840265
0.8426763110307414
0.9496684749849307
0.8200723327305606
0.823086196503918
0.8532248342374925
0.8896925858951176
0.8631705846895721
0.8701024713682941
0.8010849909584087
0.8954189270644967
0.8676913803496082
0.9074743821579264
0.8740204942736588
0.9330922242314648
0.8701024713682941
0.9014466546112115
0.8845690174804098
0.8981314044605184
0.9499698613622665
0.9529837251356239
0.8544303797468354
0.9125979505726342
0.8351416515973478
0.7474382157926461
0.8896925858951176
0.7977697408077155
0.9180229053646776
0.9427365883062085
0.8456901748040988
0.9014466546112115
0.8342374924653405
0.8071127185051236
0.953887884267631
0.8447860156720917
0.9472573839662447
0.8957203134418324
0.8899939722724532
0.8963230861965039
0.8224834237492465
0.906871609403255
0.8622664255575648
0.9273658830620856
0.9207353827606992
0.7766726943942134
0.9237492465340567
0.8541289933694997
0.8863773357444243
0.82790837854129
0.8731163351416515
0.9150090415913201
0.8637733574442436
0.8734177215189873
0.8351416515973478
0.7543701024713683
0.8908981314044605
0.895117540687161
0.7926461723930078
0.8547317661241712
0.7799879445449066
0.8218806509945751
0.792344786015672
0.9502712477396021
0.8354430379746836
0.9147076552139843
0.8068113321277878
0.8508137432188065
0.8499095840867993
0.8209764918625678
0.8854731766124171
0.895117540687161
0.810126582278481
0.7751657625075347
0.8212778782399035
0.7905364677516576
0.891500904159132
0.8025919228450874
0.8435804701627486
0.9264617239300783
0.9065702230259193
0.9002411091018686
0.8092224231464737
0.9128993369499698
0.7600964436407475
0.8306208559373116
0.9318866787221217
0.8728149487643159
0.8613622664255576
0.8893911995177818
0.8592525617842074
0.78541289933695
0.8945147679324894
0.8845690174804098
0.9312839059674503
0.8830620855937311
0.8851717902350814
0.9279686558167571
0.7872212176009644
0.8899939722724532
0.9243520192887281
0.8836648583484027
0.8794454490657022
0.8447860156720917
0.8830620855937311
0.9177215189873418
0.7115732368896925
0.903254972875226
0.7950572634116938
0.8812537673297167
0.8854731766124171
0.8646775165762508
0.9424352019288729
0.836045810729355
0.727546714888487
0.9541892706449668
0.892706449668475
0.9171187462326703
0.8031946955997589
0.879746835443038
0.9207353827606992
0.8948161543098252
0.8526220614828209
0.766425557564798
0.6952983725135624
0.810126582278481
0.9159132007233273
0.8568414707655214
0.9614225437010248
0.7905364677516576
0.8993369499698614
0.9496684749849307
0.8468957203134418
0.890295358649789
0.9499698613622665
0.8975286317058468
0.8679927667269439
0.9300783604581073
0.8878842676311031
0.7739602169981917
0.7917420132610006
0.892706449668475
0.7805907172995781
0.865581675708258
0.9623267028330319
0.849005424954792
0.8402652200120555
0.8303194695599759
0.766425557564798
0.9288728149487643
0.8652802893309223
0.8520192887281495
0.26100060277275466
0.8890898131404461
0.8809523809523809
0.9575045207956601
0.8737191078963231
0.908077154912598
0.666365280289331
0.7814948764315853
0.866787221217601
0.8044002411091019
0.8007836045810729
0.8158529234478602
0.7625075346594334
0.865581675708258
0.8740204942736588
0.8604581072935503
0.8839662447257384
0.878541289933695
0.8806509945750453
0.9156118143459916
0.892706449668475
0.7646172393007836
0.9092827004219409
0.8604581072935503
0.9002411091018686
0.8631705846895721
0.7106690777576854
0.8414707655213984
0.6862567811934901
0.9397227245328511
0.9382157926461724
0.8318264014466547
0.7736588306208559
0.8450874020494273
0.8963230861965039
0.8568414707655214
0.75708257986739
0.8999397227245328
0.781796262808921
0.7290536467751657
0.7739602169981917
0.959915611814346
0.8851717902350814
0.8999397227245328
0.8577456298975287
0.8110307414104883
0.9113924050632911
0.9162145871006631
0.8143459915611815
0.9370102471368295
0.7377938517179023
0.8390596745027125
0.8137432188065099
0.8474984930681133
0.919831223628692
0.9201326100060278
0.7399035563592525
0.807715491259795
0.8725135623869801
0.8140446051838457
0.931585292344786
0.6699819168173599
0.8939119951778179
0.9541892706449668
0.7224231464737794
0.8954189270644967
0.8050030138637734
0.8942133815551537
0.820675105485232
0.9270644966847499
0.8827606992163954
0.7673297166968053
0.9011452682338759
0.853827606992164
0.9662447257383966
0.8827606992163954
0.9550934297769741
0.921036769138035
0.7706449668474985
0.94333936106088
0.9373116335141651
0.7980711271850512
0.7778782399035563
0.903254972875226
0.9147076552139843
0.9189270644966847
0.8068113321277878
0.9617239300783604
0.8176612417118746
0.9508740204942736
0.8013863773357445
0.783001808318264
0.9240506329113924
0.8107293550331525
0.8547317661241712
0.8725135623869801
0.7091621458710067
0.9171187462326703
0.7884267631103075
0.8791440626883665
0.869198312236287
0.905666063893912
0.8333333333333334
0.8694996986136226
0.8405666063893912
0.9125979505726342
0.7998794454490658
0.9020494273658831
0.6630500301386377
0.8767329716696806
0.8682941531042797
0.7212176009644364
0.7736588306208559
0.8776371308016878
0.8369499698613623
0.8890898131404461
0.8173598553345389
0.8676913803496082
0.8731163351416515
0.8248945147679325
0.9002411091018686
0.9086799276672695
0.9400241109101869
0.8429776974080772
0.9324894514767933
0.9026522001205546
0.874924653405666
0.8559373116335142
0.8734177215189873
0.8420735382760699
0.8625678119349005
0.8354430379746836
0.8755274261603375
0.864376130198915
0.7393007836045811
0.9113924050632911
0.814948764315853
0.9138034960819771
0.8921036769138035
0.8658830620855937
0.8869801084990958
0.7281494876431586
0.7950572634116938
0.7661241711874623
0.7836045810729355
0.8966244725738397
0.9463532248342374
0.7115732368896925
0.8432790837854129
0.8911995177817963
0.7884267631103075
0.9382157926461724
0.8330319469559976
0.8598553345388789
0.9596142254370102
0.7537673297166968
0.9065702230259193
0.9086799276672695
0.9273658830620856
0.9409282700421941
0.8987341772151899
0.8257986738999398
0.8062085593731163
0.8179626280892104
0.9243520192887281
0.8752260397830018
0.8306208559373116
0.8179626280892104
0.7836045810729355
0.8547317661241712
0.7863170584689572
0.9023508137432188
0.6907775768535263
0.7613019891500904
0.930379746835443
0.8342374924653405
0.7956600361663653
0.9397227245328511
0.7733574442435202
0.8098251959011453
0.851416515973478
0.8628691983122363
0.8375527426160337
0.9104882459312839
0.7980711271850512
0.7757685352622061
0.891500904159132
0.9508740204942736
0.8158529234478602
0.8312236286919831
0.8637733574442436
0.853827606992164
0.8827606992163954
0.7890295358649789
0.9575045207956601
0.8420735382760699
0.9276672694394213
0.9454490657022303
0.8276069921639542
0.8405666063893912
0.7839059674502713
0.7965641952983725
0.8441832429174201
0.7579867389993973
0.8031946955997589
0.9138034960819771
0.7802893309222423
0.8936106088004823
0.9644364074743822
0.9508740204942736
0.8429776974080772
0.8477998794454491
0.7811934900542495
0.8257986738999398
0.8288125376732972
0.9367088607594937
0.8598553345388789
0.8716094032549728
0.7670283303194696
0.8511151295961422
0.9144062688366486
0.8637733574442436
0.9074743821579264
0.8330319469559976
0.9014466546112115
0.9264617239300783
0.8137432188065099
0.9273658830620856
0.8601567209162145
0.8369499698613623
0.8972272453285112
0.729957805907173
0.6458710066305003
0.7610006027727547
0.8833634719710669
0.7350813743218807
0.8652802893309223
0.8601567209162145
0.9002411091018686
0.9147076552139843
0.9168173598553345
0.958710066305003
0.8725135623869801
0.8493068113321278
0.8854731766124171
0.7974683544303798
0.8152501506931886
0.8887884267631103
0.8848704038577456
0.8589511754068716
0.8345388788426763
0.8583484026522001
0.8610608800482218
0.8245931283905967
0.8954189270644967
0.853827606992164
0.9065702230259193
0.794755877034358
0.853827606992164
0.7338758288125377
0.7118746232670283
0.9053646775165762
0.8701024713682941
0.7953586497890295
0.8758288125376733
0.8366485834840265
0.8357444243520193
0.8411693791440626
0.8128390596745028
0.67209162145871
0.9017480409885473
0.8547317661241712
0.74291742013261
0.7383966244725738
0.8390596745027125
0.8309222423146474
0.8752260397830018
0.8357444243520193
0.8999397227245328
0.9147076552139843
0.8568414707655214
0.8713080168776371
0.9647377938517179
0.8420735382760699
0.8996383363471971
0.8981314044605184
0.8987341772151899
0.9104882459312839
0.8580470162748643
0.8200723327305606
0.864376130198915
0.8960216998191681
0.8179626280892104
0.7585895117540687
0.7917420132610006
0.8468957203134418
0.8791440626883665
0.8580470162748643
0.8282097649186256
0.8529234478601567
0.6184448462929476
0.9017480409885473
0.7658227848101266
0.8544303797468354
0.9165159734779988
0.7459312839059674
0.7944544906570223
0.908077154912598
0.9345991561181435
0.9349005424954792
0.8685955394816154
0.6666666666666666
0.6980108499095841
0.9294755877034359
0.9216395418927065
0.8960216998191681
0.8429776974080772
0.8969258589511754
0.9128993369499698
0.8351416515973478
0.7450271247739603
0.9038577456298975
0.8568414707655214
0.8450874020494273
0.7197106690777577
0.794755877034358
0.9743821579264618
0.8990355635925256
0.9189270644966847
0.8969258589511754
0.8860759493670886
0.8649789029535865
0.9240506329113924
0.8116335141651597
0.9180229053646776
0.8908981314044605
0.8646775165762508
0.8622664255575648
0.7377938517179023
0.8963230861965039
0.8155515370705244
0.9391199517781796
0.9370102471368295
0.8933092224231465
0.6971066907775768
0.7640144665461122
0.7908378541289933
0.8007836045810729
0.8402652200120555
0.9746835443037974
0.864376130198915
0.8613622664255576
0.9614225437010248
0.9493670886075949
0.7998794454490658
0.5795660036166366
0.9059674502712477
0.8875828812537673
0.8707052441229657
0.7561784207353828
0.8957203134418324
0.812537673297167
0.8972272453285112
0.9279686558167571
0.8676913803496082
0.8779385171790235
0.8037974683544303
0.9442435201928873
0.8119349005424955
0.8963230861965039
0.7224231464737794
0.8411693791440626
0.8318264014466547
0.9177215189873418
0.8107293550331525
0.9122965641952984
0.9035563592525618
0.8095238095238095
0.8071127185051236
0.7070524412296564
0.7917420132610006
0.7221217600964437
0.7531645569620253
0.9532851115129596
0.1416515973477999
0.8417721518987342
0.7480409885473177
0.874924653405666
0.8089210367691381
0.8622664255575648
0.9388185654008439
0.8474984930681133
0.8016877637130801
0.9002411091018686
0.8707052441229657
0.7308619650391802
0.9095840867992767
0.8502109704641351
0.8640747438215792
0.8312236286919831
0.8746232670283303
0.8800482218203737
0.9053646775165762
0.9047619047619048
0.6392405063291139
0.8044002411091019
0.9581072935503315
0.9002411091018686
0.9225437010247137
0.7245328511151296
0.8571428571428571
0.851416515973478
0.7857142857142857
0.9231464737793852
0.7926461723930078
0.7902350813743219
0.7628089210367691
0.8366485834840265
0.9448462929475587
0.9005424954792043
0.7661241711874623
0.8767329716696806
0.7522603978300181
0.7706449668474985
0.8945147679324894
0.8779385171790235
0.8649789029535865
0.9113924050632911
0.8646775165762508
0.7766726943942134
0.8975286317058468
0.7977697408077155
0.9147076552139843
0.9291742013261001
0.8631705846895721
0.8890898131404461
0.8282097649186256
0.869198312236287
0.9424352019288729
0.6534056660638939
0.7790837854128994
0.8556359252561784
0.8429776974080772
0.9267631103074141
0.716998191681736
0.8610608800482218
0.7552742616033755
0.8239903556359253
0.7938517179023508
0.9029535864978903
0.8348402652200121
0.8580470162748643
0.744122965641953
0.9086799276672695
0.8981314044605184
0.8047016274864376
0.8004822182037372
0.8378541289933695
0.8688969258589512
0.7808921036769138
0.8447860156720917
0.9053646775165762
0.8625678119349005
0.8122362869198312
0.8930078360458107
0.8987341772151899
0.8806509945750453
0.9122965641952984
0.8559373116335142
0.8173598553345389
0.903254972875226
0.7233273056057866
0.9041591320072333
0.48673899939722726
0.9273658830620856
0.8282097649186256
0.9237492465340567
0.8987341772151899
0.8963230861965039
0.85623869801085
0.8752260397830018
0.9047619047619048
0.8179626280892104
0.7603978300180831
0.8194695599758891
0.7709463532248343
0.8842676311030742
0.895117540687161
0.8860759493670886
0.7703435804701627
0.7980711271850512
0.8487040385774564
0.7784810126582279
0.8872814948764316
0.8010849909584087
0.8324291742013261
0.85623869801085
0.9207353827606992
0.8089210367691381
0.9463532248342374
0.7721518987341772
0.6989150090415913
0.9095840867992767
0.8544303797468354
0.9014466546112115
0.8239903556359253
0.9849306811332128
0.7603978300180831
0.7591922845087402
0.9077757685352622
0.8911995177817963
0.7507534659433394
0.8309222423146474
0.9023508137432188
0.8432790837854129
0.9614225437010248
0.8860759493670886
0.8520192887281495
0.8215792646172393
0.8248945147679325
0.921036769138035
0.9475587703435805
0.8755274261603375
0.8869801084990958
0.8887884267631103
0.8152501506931886
0.8698010849909584
0.8435804701627486
0.7796865581675708
0.8550331525015069
0.8752260397830018
0.8321277878239903
0.9144062688366486
0.646172393007836
0.8918022905364678
0.8245931283905967
0.8845690174804098
0.9017480409885473
0.7613019891500904
0.9101868595539482
0.758288125376733
0.8161543098251959
0.9493670886075949
0.8028933092224232
0.9011452682338759
0.9144062688366486
0.8393610608800482
0.8767329716696806
0.7935503315250151
0.8652802893309223
0.79957805907173
0.8613622664255576
0.7396021699819169
0.9394213381555153
0.8462929475587704
0.9463532248342374
0.8146473779385172
0.8119349005424955
0.6817359855334539
0.8788426763110307
0.7935503315250151
0.8673899939722725
0.9403254972875226
0.8197709463532248
0.7552742616033755
0.9122965641952984
0.9403254972875226
0.8966244725738397
0.8893911995177818
0.8450874020494273
0.8444846292947559
0.8890898131404461
0.8544303797468354
0.8803496081977095
0.8426763110307414
0.895117540687161
0.8291139240506329
0.820675105485232
0.811332127787824
0.9177215189873418
0.9071729957805907
0.9189270644966847
0.8854731766124171
0.9252561784207354
0.8270042194092827
0.8309222423146474
0.8396624472573839
0.8954189270644967
0.8188667872212176
0.7929475587703436
0.9065702230259193
0.9255575647980712
0.9478601567209162
0.9496684749849307
0.9246534056660639
0.9427365883062085
0.8905967450271248
0.8393610608800482
0.849005424954792
0.9406268836648584
0.8056057866184448
0.8420735382760699
0.8414707655213984
0.8568414707655214
0.8227848101265823
0.9086799276672695
0.8800482218203737
0.7374924653405666
0.9490657022302592
0.851416515973478
0.9162145871006631
0.8978300180831826
0.9204339963833634
0.6766124171187462
0.9451476793248945
0.9421338155515371
0.8707052441229657
0.833634719710669
0.930379746835443
0.8664858348402652
0.7679324894514767
0.878541289933695
0.8215792646172393
0.8875828812537673
0.8245931283905967
0.8622664255575648
0.8016877637130801
0.7857142857142857
0.8264014466546112
0.8767329716696806
0.9195298372513563
0.6582278481012658
0.8173598553345389
0.8194695599758891
0.8098251959011453
0.8960216998191681
0.8285111512959614
0.8417721518987342
0.8155515370705244
0.8851717902350814
0.8065099457504521
0.7784810126582279
0.838456901748041
0.9294755877034359
0.82790837854129
0.9439421338155516
0.9089813140446051
0.8975286317058468
0.8866787221217601
0.9638336347197106
0.8887884267631103
0.8779385171790235
0.9156118143459916
0.7778782399035563
0.9288728149487643
0.9113924050632911
0.8688969258589512
0.8845690174804098
0.8013863773357445
0.7188065099457505
0.8270042194092827
0.8598553345388789
0.779385171790235
0.9216395418927065
0.8728149487643159
0.8921036769138035
0.8673899939722725
0.8110307414104883
0.8842676311030742
0.8580470162748643
0.8688969258589512
0.8996383363471971
0.8502109704641351
0.7579867389993973
0.9231464737793852
0.8212778782399035
0.8782399035563593
0.7709463532248343
0.8918022905364678
0.7974683544303798
0.9234478601567209
0.8930078360458107
0.9460518384569018
0.807715491259795
0.8571428571428571
0.8426763110307414
0.8583484026522001
0.8276069921639542
0.9138034960819771
0.8984327908378541
0.7772754671488848
0.838456901748041
0.8342374924653405
0.9098854731766124
0.8571428571428571
0.8224834237492465
0.8933092224231465
0.9023508137432188
0.8776371308016878
0.8481012658227848
0.8631705846895721
0.8095238095238095
0.9279686558167571
0.865581675708258
0.892706449668475
0.8459915611814346
0.8761301989150091
0.851416515973478
0.8484026522001206
0.8939119951778179
0.7329716696805304
0.8893911995177818
0.8878842676311031
0.8462929475587704
0.8010849909584087
0.9228450874020494
0.8676913803496082
0.8845690174804098
0.8679927667269439
0.7365883062085594
0.9177215189873418
0.8875828812537673
0.8140446051838457
0.7649186256781193
0.8351416515973478
0.7863170584689572
0.8978300180831826
0.9192284508740205
0.9207353827606992
0.9291742013261001
0.6778179626280892
0.8966244725738397
0.7450271247739603
0.8918022905364678
0.8444846292947559
0.8559373116335142
0.7314647377938517
0.9092827004219409
0.930379746835443
0.8170584689572031
0.8146473779385172
0.8104279686558168
0.9683544303797469
0.8601567209162145
0.9813140446051839
0.895117540687161
0.8071127185051236
0.8164556962025317
0.838456901748041
0.7290536467751657
0.8743218806509946
0.9556962025316456
0.930379746835443
0.7194092827004219
0.8918022905364678
0.9138034960819771
0.7655213984327909
0.9680530440024111
0.9026522001205546
0.8441832429174201
0.8830620855937311
0.8598553345388789
0.7432188065099458
0.8523206751054853
0.9029535864978903
0.8800482218203737
0.908077154912598
0.8068113321277878
0.6916817359855335
0.838456901748041
0.8357444243520193
0.7314647377938517
0.9014466546112115
0.8031946955997589
0.7911392405063291
0.7148884870403858
0.8158529234478602
0.7953586497890295
0.8393610608800482
0.7459312839059674
0.8526220614828209
0.8963230861965039
0.865581675708258
0.9249547920433996
0.9059674502712477
0.8372513562386981
0.8722121760096444
0.8016877637130801
0.9596142254370102
0.7525617842073539
0.9400241109101869
0.8134418324291742
0.8975286317058468
0.8363471971066908
0.8417721518987342
0.8737191078963231
0.8122362869198312
0.8423749246534057
0.7857142857142857
0.8676913803496082
0.7112718505123569
0.8019891500904159
0.8942133815551537
0.961121157323689
0.9156118143459916
0.8378541289933695
0.9770946353224834
0.7881253767329717
0.861965039180229
0.8405666063893912
0.8707052441229657
0.7902350813743219
0.9324894514767933
0.8218806509945751
0.8830620855937311
0.8770343580470162
0.8863773357444243
0.8833634719710669
0.8426763110307414
0.8930078360458107
0.8948161543098252
0.9192284508740205
0.836045810729355
0.8092224231464737
0.7899336949969862
0.8670886075949367
0.7242314647377939
0.9240506329113924
0.7935503315250151
0.823086196503918
0.9141048824593129
0.8471971066907775
0.8257986738999398
0.8731163351416515
0.8893911995177818
0.8911995177817963
0.9412296564195298
0.7944544906570223
0.8375527426160337
0.8896925858951176
0.8399638336347197
0.7784810126582279
0.6292947558770343
0.8414707655213984
0.9415310427968656
0.9083785412899337
0.948161543098252
0.8251959011452682
0.78541289933695
0.930379746835443
0.8990355635925256
0.746534056660639
0.8016877637130801
0.8227848101265823
0.5765521398432791
0.838456901748041
0.7658227848101266
0.9249547920433996
0.8315250150693189
0.9309825195901146
0.9294755877034359
0.7796865581675708
0.8658830620855937
0.8592525617842074
0.8297166968053044
0.8863773357444243
0.7715491259795058
0.8137432188065099
0.77124773960217
0.8131404460518384
0.8270042194092827
0.6205545509342978
0.8161543098251959
0.8288125376732972
0.8598553345388789
0.8056057866184448
0.9261603375527426
0.21006630500301388
0.7739602169981917
0.8719107896323086
0.9159132007233273
0.8013863773357445
0.9038577456298975
0.7848101265822784
0.9107896323086196
0.853827606992164
0.9252561784207354
0.8309222423146474
0.895117540687161
0.8716094032549728
0.8911995177817963
0.17480409885473178
0.8342374924653405
0.9689572031344184
0.8607594936708861
0.810126582278481
0.8161543098251959
0.8119349005424955
0.8722121760096444
0.7908378541289933
0.9388185654008439
0.8577456298975287
0.853827606992164
0.8378541289933695
0.8318264014466547
0.8918022905364678
0.9077757685352622
0.9089813140446051
0.8890898131404461
0.8893911995177818
0.9282700421940928
0.759493670886076
0.8872814948764316
0.8477998794454491
0.9358047016274864
0.8345388788426763
0.8345388788426763
0.9201326100060278
0.741711874623267
0.8939119951778179
0.8601567209162145
0.7139843279083785
0.9132007233273056
0.8387582881253768
0.8812537673297167
0.634418324291742
0.7848101265822784
0.8990355635925256
0.812537673297167
0.9361060880048222
0.7073538276069922
0.8676913803496082
0.861965039180229
0.7992766726943942
0.9388185654008439
0.9017480409885473
0.908077154912598
0.7833031946955997
0.9559975889089813
0.7058468957203134
0.8098251959011453
0.919831223628692
0.9062688366485835
0.7965641952983725
0.9544906570223026
0.8640747438215792
0.9394213381555153
0.864376130198915
0.75708257986739
0.8300180831826401
0.8833634719710669
0.8939119951778179
0.8933092224231465
0.976491862567812
0.9270644966847499
0.8893911995177818
0.8432790837854129
0.7920433996383364
0.9026522001205546
0.9101868595539482
0.7956600361663653
0.9367088607594937
0.8327305605786618
0.9364074743821579
0.8502109704641351
0.8523206751054853
0.9686558167570826
0.7528631705846895
0.7796865581675708
0.8954189270644967
0.8999397227245328
0.9147076552139843
0.8167570825798673
0.779385171790235
0.8520192887281495
0.8315250150693189
0.08257986738999397
0.9059674502712477
0.8420735382760699
0.8203737191078964
0.6579264617239301
0.8676913803496082
0.811332127787824
0.9107896323086196
0.8083182640144665
0.8481012658227848
0.9177215189873418
0.8803496081977095
0.7314647377938517
0.9345991561181435
0.9101868595539482
0.8357444243520193
0.9345991561181435
0.8607594936708861
0.8122362869198312
0.8710066305003014
0.8050030138637734
0.8637733574442436
0.7408077154912598
0.7591922845087402
0.9355033152501507
0.8532248342374925
0.8339361060880048
0.8037974683544303
0.8273056057866185
0.779385171790235
0.9177215189873418
0.8957203134418324
0.9493670886075949
0.9355033152501507
0.8803496081977095
0.8044002411091019
0.7673297166968053
0.8640747438215792
0.71458710066305
0.716998191681736
0.8007836045810729
0.905666063893912
0.8875828812537673
0.7944544906570223
0.9508740204942736
0.9409282700421941
0.935201928872815
0.933996383363472
0.9077757685352622
0.9050632911392406
0.945750452079566
0.8776371308016878
0.9379144062688366
0.8137432188065099
0.9150090415913201
0.874924653405666
0.8387582881253768
0.8728149487643159
0.9514767932489452
0.7935503315250151
0.9192284508740205
0.7718505123568414
0.904460518384569
0.7649186256781193
0.9047619047619048
0.7552742616033755
0.9135021097046413
0.8833634719710669
0.8592525617842074
0.8896925858951176
0.8505123568414708
0.825497287522604
0.7694394213381555
0.6705846895720313
0.8863773357444243
0.9207353827606992
0.8924050632911392
0.6772151898734177
0.9002411091018686
0.4810126582278481
0.8604581072935503
0.9035563592525618
0.8432790837854129
0.9686558167570826
0.8270042194092827
0.9270644966847499
0.8957203134418324
0.8574442435201929
0.9523809523809523
0.8037974683544303
0.8806509945750453
0.7197106690777577
0.8848704038577456
0.8025919228450874
0.659132007233273
0.8559373116335142
0.6766124171187462
0.7176009644364075
0.8465943339361061
0.744122965641953
0.8839662447257384
0.7805907172995781
0.8565400843881856
0.956298975286317
0.9698613622664256
0.7748643761301989
0.8007836045810729
0.8556359252561784
0.8707052441229657
0.4294755877034358
0.8197709463532248
0.9300783604581073
0.8800482218203737
0.8698010849909584
0.8839662447257384
0.8447860156720917
0.8794454490657022
0.9559975889089813
0.7938517179023508
0.7742616033755274
0.8987341772151899
0.9496684749849307
0.7917420132610006
0.7501506931886679
0.8896925858951176
0.8532248342374925
0.8806509945750453
0.8487040385774564
0.8481012658227848
0.8233875828812538
0.8423749246534057
0.9306811332127788
0.7721518987341772
0.8511151295961422
0.8297166968053044
0.78541289933695
0.8848704038577456
0.7643158529234478
0.9086799276672695
0.79957805907173
0.8737191078963231
0.7600964436407475
0.9201326100060278
0.9147076552139843
0.794755877034358
0.7808921036769138
0.9119951778179626
0.8556359252561784
0.7935503315250151
0.9156118143459916
0.8414707655213984
0.878541289933695
0.8622664255575648
0.9125979505726342
0.7998794454490658
0.9204339963833634
0.8508137432188065
0.8468957203134418
0.865581675708258
0.6880650994575045
0.8411693791440626
0.8309222423146474
0.8954189270644967
0.7480409885473177
0.8502109704641351
0.8776371308016878
0.8444846292947559
0.8924050632911392
0.9065702230259193
0.8930078360458107
0.8942133815551537
0.9201326100060278
0.7691380349608198
0.8276069921639542
0.8764315852923448
0.8083182640144665
0.9213381555153707
0.7549728752260397
0.9406268836648584
0.9050632911392406
0.7914406268836649
0.8465943339361061
0.7513562386980108
0.9424352019288729
0.9023508137432188
0.9267631103074141
0.8975286317058468
0.8059071729957806
0.8465943339361061
0.8652802893309223
0.8571428571428571
0.8890898131404461
0.8842676311030742
0.8236889692585895
0.8390596745027125
0.7911392405063291
0.9535864978902954
0.8918022905364678
0.9466546112115732
0.9104882459312839
0.9406268836648584
0.6838456901748041
0.8936106088004823
0.6868595539481616
0.9008438818565401
0.8577456298975287
0.8390596745027125
0.8508137432188065
0.8571428571428571
0.8345388788426763
0.7396021699819169
0.7305605786618445
0.9104882459312839
0.8541289933694997
0.9065702230259193
0.825497287522604
0.8239903556359253
0.8080168776371308
0.7643158529234478
0.7917420132610006
0.838456901748041
0.8598553345388789
0.9550934297769741
0.7805907172995781
0.8393610608800482
0.8770343580470162
0.8245931283905967
0.8236889692585895
0.7986738999397227
0.9710669077757685
0.8779385171790235
0.8092224231464737
0.879746835443038
0.865581675708258
0.9041591320072333
0.8905967450271248
0.8685955394816154
0.8896925858951176
0.8357444243520193
0.8996383363471971
0.8547317661241712
0.8824593128390597
0.7896323086196504
0.7525617842073539
0.8830620855937311
0.8056057866184448
0.779385171790235
0.8803496081977095
0.1512959614225437
0.6808318264014467
0.8595539481615431
0.8233875828812538
0.8896925858951176
0.7715491259795058
0.8508137432188065
0.7649186256781193
0.8737191078963231
0.8423749246534057
0.8185654008438819
0.6690777576853526
0.8701024713682941
0.8306208559373116
0.9177215189873418
0.7857142857142857
0.9128993369499698
0.7697408077154912
0.8899939722724532
0.8930078360458107
0.7881253767329717
0.8993369499698614
0.9412296564195298
0.9626280892103677
0.772453285111513
0.8203737191078964
0.7543701024713683
0.931585292344786
0.905666063893912
0.9918625678119349
0.8523206751054853
0.9442435201928873
0.9204339963833634
0.8517179023508138
0.7682338758288125
0.8116335141651597
0.8179626280892104
0.7124773960216998
0.8047016274864376
0.9195298372513563
0.8960216998191681
0.906871609403255
0.9065702230259193
0.9333936106088004
0.8767329716696806
0.9656419529837251
0.8456901748040988
0.9490657022302592
0.9041591320072333
0.8890898131404461
0.9162145871006631
0.9234478601567209
0.8574442435201929
0.8357444243520193
0.9273658830620856
0.8137432188065099
0.9089813140446051
0.9382157926461724
0.8857745629897529
0.9493670886075949
0.9153104279686558
0.8685955394816154
0.8471971066907775
0.7374924653405666
0.7408077154912598
0.7905364677516576
0.8716094032549728
0.71458710066305
0.8583484026522001
0.8577456298975287
0.7805907172995781
0.8276069921639542
0.9400241109101869
0.8134418324291742
0.8354430379746836
0.8863773357444243
0.8068113321277878
0.8158529234478602
0.9707655213984328
0.8622664255575648
0.8179626280892104
0.8544303797468354
0.8447860156720917
0.8390596745027125
0.85623869801085
0.8893911995177818
0.9147076552139843
0.9135021097046413
0.8628691983122363
0.8673899939722725
0.7218203737191079
0.8728149487643159
0.8649789029535865
0.8203737191078964
0.904460518384569
0.9234478601567209
0.7305605786618445
0.8652802893309223
0.8987341772151899
0.8137432188065099
0.7127787823990356
0.9484629294755877
0.9005424954792043
0.7320675105485233
0.8908981314044605
0.8764315852923448
0.7823990355635925
0.8423749246534057
0.7980711271850512
0.8363471971066908
0.9430379746835443
0.8152501506931886
0.7998794454490658
0.6862567811934901
0.794755877034358
0.7191078963230862
0.9246534056660639
0.8984327908378541
0.9119951778179626
0.9523809523809523
0.8164556962025317
0.8182640144665461
0.16124171187462327
0.8921036769138035
0.7344786015672091
0.9237492465340567
0.7010247136829415
0.8872814948764316
0.9041591320072333
0.9240506329113924
0.9219409282700421
0.8496081977094635
0.864376130198915
0.9177215189873418
0.7959614225437011
0.674502712477396
0.9150090415913201
0.7025316455696202
0.9038577456298975
0.8640747438215792
0.9677516576250753
0.904460518384569
0.9288728149487643
0.944544906570223
0.7899336949969862
0.7290536467751657
0.8010849909584087
0.9086799276672695
0.9532851115129596
0.8857745629897529
0.8261000602772754
0.8704038577456299
0.7772754671488848
0.9677516576250753
0.79957805907173
0.9330922242314648
0.7296564195298373
0.8535262206148282
0.9385171790235082
0.8812537673297167
0.7730560578661845
0.7938517179023508
0.8586497890295358
0.85623869801085
0.9165159734779988
0.906871609403255
0.8484026522001206
0.7845087402049428
0.811332127787824
0.8351416515973478
0.7959614225437011
0.8966244725738397
0.7290536467751657
0.8324291742013261
0.7820976491862568
0.7956600361663653
0.8887884267631103
0.9255575647980712
0.8218806509945751
0.9508740204942736
0.8315250150693189
0.9017480409885473
0.7950572634116938
0.9104882459312839
0.798372513562387
0.8107293550331525
0.8984327908378541
0.8321277878239903
0.8161543098251959
0.8670886075949367
0.8028933092224232
0.8776371308016878
0.9098854731766124
0.8616636528028933
0.8978300180831826
0.8990355635925256
0.9421338155515371
0.932790837854129
0.8975286317058468
0.895117540687161
0.8716094032549728
0.8878842676311031
0.877335744424352
0.8839662447257384
0.8565400843881856
0.917420132610006
0.8487040385774564
0.8963230861965039
0.758288125376733
0.9547920433996383
0.9258589511754068
0.7628089210367691
0.8447860156720917
0.8658830620855937
0.7968655816757083
0.8869801084990958
0.7112718505123569
0.82790837854129
0.879746835443038
0.29535864978902954
0.7510548523206751
0.9451476793248945
0.9330922242314648
0.9361060880048222
0.9544906570223026
0.7094635322483424
0.8134418324291742
0.8339361060880048
0.8676913803496082
0.7814948764315853
0.9508740204942736
0.8725135623869801
0.8493068113321278
0.8505123568414708
0.9110910186859554
0.6320072332730561
0.877335744424352
0.7878239903556359
0.8245931283905967
0.9376130198915009
0.8474984930681133
0.8556359252561784
0.8327305605786618
0.8679927667269439
0.8860759493670886
0.8044002411091019
0.9508740204942736
0.882157926461724
0.6907775768535263
0.8710066305003014
0.9050632911392406
0.9153104279686558
0.8294153104279687
0.891500904159132
0.8251959011452682
0.882157926461724
0.805304400241109
0.8921036769138035
0.851416515973478
0.8550331525015069
0.8999397227245328
0.75708257986739
0.919831223628692
0.7751657625075347
0.8776371308016878
0.935201928872815
0.7872212176009644
0.7127787823990356
0.797166968053044
0.9168173598553345
0.8441832429174201
0.7811934900542495
0.865581675708258
0.9101868595539482
0.8830620855937311
0.8848704038577456
0.9243520192887281
0.8966244725738397
0.8529234478601567
0.7989752863170585
0.8227848101265823
0.8960216998191681
0.7766726943942134
0.9053646775165762
0.7251356238698011
0.8954189270644967
0.7811934900542495
0.9635322483423749
0.9150090415913201
0.8453887884267631
0.8245931283905967
0.9556962025316456
0.8248945147679325
0.8438818565400844
0.8526220614828209
0.892706449668475
0.9177215189873418
0.8806509945750453
0.755877034358047
0.9225437010247137
0.8288125376732972
0.8776371308016878
0.9150090415913201
0.8104279686558168
0.9098854731766124
0.8878842676311031
0.9089813140446051
0.7727546714888487
0.8908981314044605
0.8556359252561784
0.9252561784207354
0.9011452682338759
0.8462929475587704
0.8182640144665461
0.904460518384569
0.9065702230259193
0.8411693791440626
0.8158529234478602
0.716998191681736
0.9180229053646776
0.8324291742013261
0.9484629294755877
0.779385171790235
0.8746232670283303
0.6925858951175407
0.8812537673297167
0.8502109704641351
0.9101868595539482
0.7980711271850512
0.7640144665461122
0.8345388788426763
0.8854731766124171
0.8270042194092827
0.9430379746835443
0.9650391802290537
0.8851717902350814
0.8089210367691381
0.7959614225437011
0.956298975286317
0.8481012658227848
0.8471971066907775
0.8622664255575648
0.8417721518987342
0.903254972875226
0.8369499698613623
0.8330319469559976
0.9312839059674503
0.7573839662447257
0.8948161543098252
0.7929475587703436
0.8954189270644967
0.8420735382760699
0.8369499698613623
0.8092224231464737
0.7914406268836649
0.8890898131404461
0.9300783604581073
0.8881856540084389
0.9017480409885473
0.879746835443038
0.8170584689572031
0.9385171790235082
0.8586497890295358
0.8676913803496082
0.840867992766727
0.797166968053044
0.823086196503918
0.8366485834840265
0.8737191078963231
0.879746835443038
0.7781796262808921
0.8673899939722725
0.9219409282700421
0.7245328511151296
0.8908981314044605
0.8896925858951176
0.7576853526220615
0.8710066305003014
0.9502712477396021
0.9752863170584689
0.8905967450271248
0.9276672694394213
0.8559373116335142
0.8119349005424955
0.7118746232670283
0.8866787221217601
0.9276672694394213
0.8050030138637734
0.8496081977094635
0.7833031946955997
0.9306811332127788
0.7691380349608198
0.7820976491862568
0.718203737191079
0.8905967450271248
0.9135021097046413
0.8818565400843882
0.8194695599758891
0.7911392405063291
0.9644364074743822
0.8719107896323086
0.7166968053044003
0.8098251959011453
0.8031946955997589
0.8975286317058468
0.7899336949969862
0.9300783604581073
0.9674502712477396
0.9113924050632911
0.8734177215189873
0.9101868595539482
0.7784810126582279
0.9092827004219409
0.7944544906570223
0.921036769138035
0.8710066305003014
0.8128390596745028
0.9252561784207354
0.8896925858951176
0.8957203134418324
0.9424352019288729
0.8034960819770947
0.8318264014466547
0.8493068113321278
0.805304400241109
0.9023508137432188
0.9267631103074141
0.8631705846895721
0.8595539481615431
0.9644364074743822
0.9834237492465341
0.8257986738999398
0.9050632911392406
0.946955997588909
0.9101868595539482
0.878541289933695
0.8601567209162145
0.878541289933695
0.7025316455696202
0.9273658830620856
0.836045810729355
0.9798071127185051
0.8586497890295358
0.8957203134418324
0.8288125376732972
0.8701024713682941
0.953887884267631
0.9035563592525618
0.7383966244725738
0.9291742013261001
0.9255575647980712
0.9379144062688366
0.7567811934900542
0.8553345388788427
0.8921036769138035
0.8435804701627486
0.8987341772151899
0.9382157926461724
0.8312236286919831
0.9593128390596745
0.8930078360458107
0.8698010849909584
0.8239903556359253
0.9162145871006631
0.8634719710669078
0.9276672694394213
0.17540687160940324
0.9095840867992767
0.9189270644966847
0.7498493068113321
0.9394213381555153
0.8960216998191681
0.8869801084990958
0.9496684749849307
0.9535864978902954
0.9276672694394213
0.7778782399035563
0.933996383363472
0.9255575647980712
0.9336949969861362
0.9159132007233273
0.8836648583484027
0.8782399035563593
0.9876431585292345
0.9297769740807715
0.9406268836648584
0.9243520192887281
0.9119951778179626
0.8990355635925256
0.9523809523809523
0.7905364677516576
0.325497287522604
0.8679927667269439
0.8963230861965039
0.7474382157926461
0.8505123568414708
0.8872814948764316
0.9333936106088004
0.8173598553345389
0.8758288125376733
0.890295358649789
0.9092827004219409
0.9083785412899337
0.9704641350210971
0.8496081977094635
0.905666063893912
0.8800482218203737
0.8586497890295358
0.9415310427968656
0.7772754671488848
0.8411693791440626
0.7489451476793249
0.9743821579264618
0.8767329716696806
0.9150090415913201
0.7848101265822784
0.8131404460518384
0.6708860759493671
0.8071127185051236
0.8294153104279687
0.958710066305003
0.8960216998191681
0.7637130801687764
0.9454490657022303
0.9026522001205546
0.8800482218203737
0.7748643761301989
0.8806509945750453
0.8960216998191681
0.8583484026522001
0.8601567209162145
0.8782399035563593
0.7965641952983725
0.890295358649789
0.805304400241109
0.8954189270644967
0.8571428571428571
0.892706449668475
0.7814948764315853
0.8981314044605184
0.9255575647980712
0.8465943339361061
0.824291742013261
0.8716094032549728
0.8559373116335142
0.8047016274864376
0.7013261000602773
0.8770343580470162
0.8728149487643159
0.7510548523206751
0.7522603978300181
0.7986738999397227
0.8972272453285112
0.8128390596745028
0.8673899939722725
0.8767329716696806
0.8673899939722725
0.8050030138637734
0.8197709463532248
0.9071729957805907
0.9101868595539482
0.9288728149487643
0.8975286317058468
0.77124773960217
0.9092827004219409
0.8547317661241712
0.8933092224231465
0.8034960819770947
0.7851115129596142
0.8719107896323086
0.8493068113321278
0.8396624472573839
0.918625678119349
0.7543701024713683
0.9626280892103677
0.786618444846293
0.8806509945750453
0.7814948764315853
0.9270644966847499
0.8294153104279687
0.9011452682338759
0.7875226039783002
0.8535262206148282
0.8068113321277878
0.838456901748041
0.8378541289933695
0.807715491259795
0.8601567209162145
0.7872212176009644
0.7833031946955997
0.9156118143459916
0.8158529234478602
0.8848704038577456
0.8854731766124171
0.8411693791440626
0.7989752863170585
0.8459915611814346
0.9008438818565401
0.85623869801085
0.8520192887281495
0.9318866787221217
0.7588908981314044
0.8251959011452682
0.8936106088004823
0.9355033152501507
0.8571428571428571
0.7495479204339964
0.8960216998191681
0.7555756479807113
0.7754671488848704
0.8248945147679325
0.9153104279686558
0.8493068113321278
0.8788426763110307
0.9279686558167571
0.8701024713682941
0.7890295358649789
0.7317661241711875
0.8875828812537673
0.755877034358047
0.8818565400843882
0.6865581675708258
0.8426763110307414
0.7917420132610006
0.9773960216998192
0.8610608800482218
0.833634719710669
0.8550331525015069
0.9330922242314648
0.8520192887281495
0.7802893309222423
0.8899939722724532
0.8468957203134418
0.931585292344786
0.9394213381555153
0.807715491259795
0.9270644966847499
0.7010247136829415
0.8330319469559976
0.7811934900542495
0.8363471971066908
0.8580470162748643
0.8191681735985533
0.8270042194092827
0.9086799276672695
0.6552139843279083
0.8239903556359253
0.8743218806509946
0.7739602169981917
0.9207353827606992
0.8924050632911392
0.9376130198915009
0.8194695599758891
0.9122965641952984
0.8345388788426763
0.6952983725135624
0.7501506931886679
0.792344786015672
0.8143459915611815
0.9309825195901146
0.8535262206148282
0.9424352019288729
0.17811934900542495
0.825497287522604
0.75708257986739
0.8568414707655214
0.8179626280892104
0.9285714285714286
0.9122965641952984
0.878541289933695
0.9020494273658831
0.807715491259795
0.8137432188065099
0.8161543098251959
0.7935503315250151
0.8568414707655214
0.6838456901748041
0.8896925858951176
0.8529234478601567
0.7959614225437011
0.8502109704641351
0.9279686558167571
0.8875828812537673
0.8755274261603375
0.9219409282700421
0.8019891500904159
0.9195298372513563
0.9180229053646776
0.8701024713682941
0.8704038577456299
0.7531645569620253
0.7926461723930078
0.8511151295961422
0.9098854731766124
0.8908981314044605
0.8414707655213984
0.9113924050632911
0.8676913803496082
0.9195298372513563
0.8426763110307414
0.9514767932489452
0.8598553345388789
0.7721518987341772
0.4294755877034358
0.8815551537070524
0.9195298372513563
0.7827004219409283
0.9436407474382158
0.8571428571428571
0.9086799276672695
0.7754671488848704
0.9572031344183243
0.8056057866184448
0.8505123568414708
0.7266425557564798
0.8297166968053044
0.9270644966847499
0.8366485834840265
0.9358047016274864
0.8399638336347197
0.8152501506931886
0.8354430379746836
0.945750452079566
0.7926461723930078
0.9466546112115732
0.9041591320072333
0.8664858348402652
0.685051235684147
0.9767932489451476
0.8661844484629295
0.8939119951778179
0.9505726341169379
0.7872212176009644
0.754671488848704
0.825497287522604
0.8429776974080772
0.8673899939722725
0.7118746232670283
0.8155515370705244
0.9243520192887281
0.8960216998191681
0.9294755877034359
0.9379144062688366
0.8987341772151899
0.8577456298975287
0.8713080168776371
0.7380952380952381
0.8128390596745028
0.9192284508740205
0.8767329716696806
0.7341772151898734
0.8140446051838457
0.8896925858951176
0.8426763110307414
0.959915611814346
0.8248945147679325
0.8987341772151899
0.9514767932489452
0.9008438818565401
0.786618444846293
0.9394213381555153
0.8297166968053044
0.8553345388788427
0.8824593128390597
0.9294755877034359
0.7010247136829415
0.8788426763110307
0.8544303797468354
0.8441832429174201
0.8954189270644967
0.9361060880048222
0.8086196503918023
0.7055455093429777
0.932790837854129
0.8523206751054853
0.6612417118746232
0.8839662447257384
0.8743218806509946
0.8086196503918023
0.8791440626883665
0.9273658830620856
0.8728149487643159
0.9002411091018686
0.8866787221217601
0.8911995177817963
0.8568414707655214
0.9035563592525618
0.8417721518987342
0.715792646172393
0.2049427365883062
0.8598553345388789
0.8074141048824593
0.8402652200120555
0.7989752863170585
0.836045810729355
0.6329113924050633
0.8034960819770947
0.9330922242314648
0.9312839059674503
0.905666063893912
0.8128390596745028
0.7796865581675708
0.9165159734779988
0.9547920433996383
0.8526220614828209
0.7094635322483424
0.6934900542495479
0.9026522001205546
0.8303194695599759
0.8297166968053044
0.9047619047619048
0.7471368294153105
0.8731163351416515
0.7233273056057866
0.8999397227245328
0.9234478601567209
0.7637130801687764
0.7986738999397227
0.8788426763110307
0.8333333333333334
0.892706449668475
0.7739602169981917
0.9647377938517179
0.8613622664255576
0.8481012658227848
