0.8412698412698413
0.8603762492651381
0.8180482069370958
0.8015873015873016
0.8089359200470312
0.8480305702527925
0.9512051734273956
0.8788947677836567
0.7504409171075838
0.7551440329218106
0.8233392122281011
0.8780129335684891
0.9112286890064668
0.6831275720164609
0.7980599647266314
0.5967078189300411
0.8224573780129336
0.8733098177542622
0.2968841857730747
0.8106995884773662
0.8547912992357437
0.808641975308642
0.9417989417989417
0.80217519106408
0.8962375073486185
0.823045267489712
0.829512051734274
0.7507348618459729
0.84891240446796
0.9162257495590829
0.9197530864197531
0.8921222810111699
0.8788947677836567
0.8186360964138741
0.8677248677248677
0.9279835390946503
0.8109935332157554
0.9318048206937096
0.7930629041740153
0.8356848912404468
0.7865961199294532
0.8206937095825985
0.8442092886537331
0.7998236331569665
0.37918871252204583
0.8950617283950617
0.8865373309817755
0.9118165784832452
0.829512051734274
0.9053497942386831
0.7480893592004703
0.8462669018224573
0.9062316284538506
0.7504409171075838
0.9050558495002939
0.8101116990005879
0.6948853615520282
0.8430335097001763
0.887419165196943
0.9312169312169312
0.8083480305702528
0.3562610229276896
0.7854203409758965
0.7971781305114638
0.8271604938271605
0.908289241622575
0.9376837154614932
0.8345091122868901
0.7245737801293357
0.9306290417401528
0.8001175778953556
0.7339800117577895
0.8659611992945326
0.8524397413286302
0.762198706643151
0.9497354497354498
0.9353321575543798
0.8497942386831275
0.3283362727807172
0.8774250440917107
0.8174603174603174
0.8004115226337448
0.8982951205173427
0.9318048206937096
0.8683127572016461
0.8556731334509112
0.7613168724279835
0.934156378600823
0.8106995884773662
0.8571428571428571
0.80217519106408
0.855379188712522
0.7275132275132276
0.7883597883597884
0.7610229276895943
0.8227513227513228
0.8348030570252792
0.8565549676660787
0.8786008230452675
0.7422104644326867
0.7992357436801881
0.9268077601410935
0.917989417989418
0.8268665490887713
0.9306290417401528
0.8162845385067607
0.8597883597883598
0.8780129335684891
0.8583186360964139
0.9032921810699589
0.8168724279835391
0.9708994708994709
0.8562610229276896
0.8062904174015285
0.8927101704879483
0.7848324514991182
0.7404467960023515
0.7516166960611405
0.8033509700176367
0.8727219282774838
0.8024691358024691
0.7613168724279835
0.8327454438565549
0.7915931804820694
0.7151675485008818
0.9350382128159906
0.8733098177542622
0.8492063492063492
0.7407407407407407
0.8877131099353321
0.766901822457378
0.9647266313932981
0.8145208700764256
0.7516166960611405
0.7951205173427396
0.8974132863021752
0.8991769547325102
0.8683127572016461
0.8224573780129336
0.8198118753674309
0.9000587889476779
0.8389182833627278
0.9206349206349206
0.7007642563198119
0.9570840681951793
0.9106407995296885
0.89564961787184
0.8442092886537331
0.78777189888301
0.7874779541446209
0.8630217519106408
0.8227513227513228
0.8004115226337448
0.8653733098177543
0.8298059964726632
0.9523809523809523
0.8982951205173427
0.7977660199882423
0.8268665490887713
0.7865961199294532
0.850382128159906
0.736331569664903
0.8309817754262199
0.93885949441505
0.7236919459141682
0.9065255731922398
0.9611992945326279
0.7686654908877131
0.8195179306290418
0.808641975308642
0.8965314520870077
0.8791887125220459
0.6940035273368607
0.7407407407407407
0.7766019988242211
0.7818930041152263
0.8080540858318636
0.8615520282186949
0.8915343915343915
0.8556731334509112
0.762198706643151
0.9015285126396237
0.7530864197530864
0.7739564961787184
0.8647854203409759
0.7951205173427396
0.8121693121693122
0.8030570252792475
0.8139329805996472
0.8932980599647267
0.9150499706055262
0.8759553203997649
0.7704291593180482
0.8915343915343915
0.9074074074074074
0.8477366255144033
0.8095238095238095
0.7419165196942975
0.9021164021164021
0.7954144620811288
0.855379188712522
0.7907113462669019
0.8350970017636684
0.914756025867137
0.811875367430923
0.7472075249853027
0.6890064667842446
0.8077601410934744
0.8342151675485009
0.8550852439741329
0.9194591416813639
0.914756025867137
0.8953556731334509
0.7948265726043504
0.9491475602586714
0.3459729570840682
0.8024691358024691
0.7586713697824808
0.8303938859494415
0.8051146384479718
0.9085831863609641
0.8953556731334509
0.8350970017636684
0.8788947677836567
0.9770723104056437
0.7213403880070547
0.8965314520870077
0.807172251616696
0.8803644914756026
0.9288653733098178
0.8080540858318636
0.673721340388007
0.9271017048794826
0.8133450911228689
0.7671957671957672
0.9159318048206937
0.8333333333333334
0.7386831275720165
0.8600823045267489
0.8321575543797766
0.7824808935920047
0.8245149911816578
0.884185773074662
0.8374485596707819
0.7951205173427396
0.7619047619047619
0.8509700176366843
0.8671369782480893
0.9850088183421517
0.7730746619635509
0.8421516754850088
0.9365079365079365
0.5981775426219871
0.7292768959435626
0.7469135802469136
0.8935920047031158
0.8127572016460906
0.7810111699000588
0.7451499118165785
0.8377425044091711
0.8218694885361552
0.8195179306290418
0.887419165196943
0.8271604938271605
0.9197530864197531
0.9129923574368018
0.8853615520282186
0.7771898883009994
0.9579659024103468
0.8647854203409759
0.91005291005291
0.8380364491475603
0.8777189888300999
0.7860082304526749
0.868018812463257
0.9168136390358612
0.7463256907701352
0.8106995884773662
0.7087007642563198
0.893885949441505
0.8809523809523809
0.8853615520282186
0.8327454438565549
0.7933568489124044
0.847148736037625
0.1472663139329806
0.810405643738977
0.8386243386243386
0.7448559670781894
0.8683127572016461
0.7992357436801881
0.818342151675485
0.9106407995296885
0.9118165784832452
0.8539094650205762
0.803938859494415
0.9077013521457966
0.8559670781893004
0.95326278659612
0.9121105232216343
0.8515579071134627
0.8741916519694297
0.9141681363903587
0.9394473838918284
0.8980011757789536
0.9176954732510288
0.8318636096413874
0.9523809523809523
0.7692533803644914
0.8694885361552028
0.9024103468547913
0.8224573780129336
0.7998236331569665
0.7601410934744268
0.8900646678424456
0.8330393885949442
0.8997648442092887
0.7854203409758965
0.3644914756025867
0.37389770723104054
0.8377425044091711
0.8921222810111699
0.8930041152263375
0.9071134626690183
0.8395061728395061
0.8277483833039389
0.7654320987654321
0.8057025279247502
0.8174603174603174
0.8130511463844797
0.8245149911816578
0.8151087595532039
0.7721928277483833
0.8871252204585538
0.8447971781305115
0.8245149911816578
0.8997648442092887
0.956496178718401
0.8136390358612581
0.8062904174015285
0.9500293944738389
0.8333333333333334
0.7257495590828924
0.7677836566725456
0.7804232804232805
0.8724279835390947
0.8159905937683716
0.9456202233980012
0.7524985302763081
0.7983539094650206
0.9567901234567902
0.8900646678424456
0.9488536155202821
0.8218694885361552
0.8706643151087595
0.9417989417989417
0.9735449735449735
0.8353909465020576
0.9056437389770723
0.9397413286302175
0.8059964726631393
0.7886537330981775
0.8321575543797766
0.8115814226925337
0.9027042915931804
0.8406819517930629
0.8324514991181657
0.7181069958847737
0.7739564961787184
0.8380364491475603
0.8395061728395061
0.739564961787184
0.7936507936507936
0.9488536155202821
0.847148736037625
0.5949441504997061
0.8292181069958847
0.7601410934744268
0.7810111699000588
0.8536155202821869
0.8647854203409759
0.8059964726631393
0.807172251616696
0.9570840681951793
0.9012345679012346
0.9708994708994709
0.7692533803644914
0.8794826572604351
0.7827748383303939
0.7815990593768372
0.921222810111699
0.8115814226925337
0.7407407407407407
0.7589653145208701
0.8101116990005879
0.7742504409171076
0.7436801881246325
0.8151087595532039
0.8030570252792475
0.8274544385655497
0.9482657260435038
0.8571428571428571
0.7642563198118754
0.8327454438565549
0.7883597883597884
0.934156378600823
0.8195179306290418
0.8903586125808348
0.7683715461493239
0.8959435626102292
0.821575543797766
0.8033509700176367
0.8912404467960023
0.7645502645502645
0.9209288653733099
0.8838918283362728
0.9035861258083481
0.7754262198706643
0.8245149911816578
0.7857142857142857
0.8771310993533216
0.8539094650205762
0.8791887125220459
0.8065843621399177
0.7042915931804821
0.8121693121693122
0.8574368018812464
0.3148148148148148
0.843915343915344
0.7736625514403292
0.7369194591416813
0.8318636096413874
0.8615520282186949
0.7995296884185773
0.8944738389182834
0.8124632569077014
0.8130511463844797
0.7195767195767195
0.7054673721340388
0.8932980599647267
0.7992357436801881
0.8101116990005879
0.8550852439741329
0.9141681363903587
0.934156378600823
0.39447383891828336
0.7319223985890653
0.8356848912404468
0.8988830099941211
0.7821869488536155
0.8274544385655497
0.9006466784244562
0.8253968253968254
0.8136390358612581
0.7786596119929453
0.9118165784832452
0.9176954732510288
0.9391534391534392
0.9118165784832452
0.855379188712522
0.791005291005291
0.8883009994121105
0.8212815990593768
0.8418577307466196
0.8809523809523809
0.8165784832451499
0.8506760728982952
0.9203409758965314
0.8777189888300999
0.9050558495002939
0.8894767783656673
0.9176954732510288
0.7895355673133451
0.8909465020576132
0.7001763668430335
0.9041740152851264
0.8077601410934744
0.746031746031746
0.8650793650793651
0.8674309229864785
0.3838918283362728
0.8788947677836567
0.8057025279247502
0.8321575543797766
0.7930629041740153
0.8221634332745443
0.8618459729570841
0.9041740152851264
0.8786008230452675
0.8398001175778954
0.7757201646090535
0.9079952968841858
0.48148148148148145
0.9606114050558495
0.9109347442680776
0.8891828336272781
0.9000587889476779
0.7692533803644914
0.7960023515579071
0.8327454438565549
0.8277483833039389
0.6890064667842446
0.9018224573780129
0.9027042915931804
0.9462081128747796
0.8568489124044679
0.6363903586125809
0.8847736625514403
0.9018224573780129
0.8277483833039389
0.8580246913580247
0.8862433862433863
0.9776601998824221
0.8309817754262199
0.8871252204585538
0.897119341563786
0.8459729570840682
0.9344503233392122
0.8988830099941211
0.8509700176366843
0.8744855967078189
0.8656672545561435
0.7380952380952381
0.8885949441504997
0.9238683127572016
0.8412698412698413
0.7545561434450323
0.9262198706643151
0.8677248677248677
0.7383891828336273
0.873015873015873
0.42739564961787185
0.8189300411522634
0.7836566725455615
0.7342739564961788
0.40299823633156967
0.8574368018812464
0.7898295120517342
0.9670781893004116
0.7671957671957672
0.4000587889476778
0.845679012345679
0.8497942386831275
0.8835978835978836
0.826278659611993
0.7184009406231628
0.9523809523809523
0.86331569664903
0.8080540858318636
0.8433274544385656
0.8871252204585538
0.8589065255731922
0.80217519106408
0.7924750146972369
0.8668430335097002
0.7921810699588477
0.8597883597883598
0.9044679600235156
0.8077601410934744
0.8259847148736038
0.8209876543209876
0.8048206937095826
0.8133450911228689
0.7577895355673133
0.8700764256319812
0.7968841857730746
0.8171663727219283
0.8527336860670194
0.7577895355673133
0.9150499706055262
0.8165784832451499
0.8650793650793651
0.8568489124044679
0.892416225749559
0.7666078777189889
0.847148736037625
0.86331569664903
0.9629629629629629
0.8336272780717225
0.9088771310993533
0.8580246913580247
0.8921222810111699
0.7695473251028807
0.8256907701352145
0.7480893592004703
0.843915343915344
0.8927101704879483
0.8818342151675485
0.8409758965314521
0.8721340388007055
0.8477366255144033
0.7545561434450323
0.8377425044091711
0.8212815990593768
0.7498530276308054
0.8618459729570841
0.7998236331569665
0.8080540858318636
0.7630805408583187
0.9376837154614932
0.8982951205173427
0.8436213991769548
0.908289241622575
0.8580246913580247
0.8947677836566725
0.631981187536743
0.7686654908877131
0.7489711934156379
0.8383303938859494
0.8833039388594944
0.7372134038800705
0.7713109935332157
0.8468547912992358
0.7995296884185773
0.8636096413874191
0.8189300411522634
0.7295708406819518
0.8991769547325102
0.8597883597883598
0.7833627278071722
0.8321575543797766
0.8783068783068783
0.7398589065255732
0.9006466784244562
0.8421516754850088
0.873015873015873
0.935626102292769
0.84891240446796
0.8130511463844797
0.9382716049382716
0.9318048206937096
0.8336272780717225
0.8497942386831275
0.8045267489711934
0.8724279835390947
0.8524397413286302
0.7771898883009994
0.7948265726043504
0.7184009406231628
0.9050558495002939
0.8327454438565549
0.8356848912404468
0.3741916519694298
0.8935920047031158
0.7616108171663727
0.8062904174015285
0.8486184597295708
0.847148736037625
0.829512051734274
0.927689594356261
0.9435626102292769
0.6898883009994121
0.3586125808348031
0.35361552028218696
0.8930041152263375
0.9094650205761317
0.7936507936507936
0.9024103468547913
0.798941798941799
0.7954144620811288
0.8327454438565549
0.7921810699588477
0.8536155202821869
0.7868900646678424
0.6851851851851852
0.8556731334509112
0.9047619047619048
0.7760141093474426
0.9409171075837742
0.37095825984714875
0.9221046443268666
0.8527336860670194
0.7951205173427396
0.8377425044091711
0.8380364491475603
0.8918283362727807
0.7748383303938859
0.4077013521457966
0.8065843621399177
0.8774250440917107
0.7901234567901234
0.6869488536155203
0.8465608465608465
0.8533215755437977
0.35038212815990594
0.890652557319224
0.9138741916519695
0.8539094650205762
0.8245149911816578
0.8165784832451499
0.8159905937683716
0.8733098177542622
0.6246325690770135
0.798941798941799
0.7736625514403292
0.8903586125808348
0.8124632569077014
0.8544973544973545
0.900352733686067
0.7915931804820694
0.8888888888888888
0.8965314520870077
0.8386243386243386
0.8909465020576132
0.8077601410934744
0.8547912992357437
0.8577307466196356
0.7992357436801881
0.8771310993533216
0.86331569664903
0.8941798941798942
0.8212815990593768
0.9038800705467372
0.8727219282774838
0.7592592592592593
0.7295708406819518
0.8365667254556144
0.8833039388594944
0.868018812463257
0.9382716049382716
0.7624926513815403
0.8897707231040565
0.8821281599059377
0.9079952968841858
0.7689594356261023
0.7245737801293357
0.7486772486772487
0.729864785420341
0.9006466784244562
0.8853615520282186
0.9053497942386831
0.8356848912404468
0.7404467960023515
0.8668430335097002
0.7842445620223398
0.9194591416813639
0.8109935332157554
0.7533803644914756
0.7569077013521458
0.8415637860082305
0.8142269253380364
0.8944738389182834
0.8403880070546738
0.7087007642563198
0.9271017048794826
0.8894767783656673
0.7998236331569665
0.9000587889476779
0.7965902410346855
0.8747795414462081
0.8180482069370958
0.9188712522045855
0.7413286302175192
0.8794826572604351
0.729864785420341
0.8900646678424456
0.7860082304526749
0.7971781305114638
0.9071134626690183
0.7942386831275721
0.7901234567901234
0.6108171663727219
0.9591416813639035
0.7527924750146973
0.8080540858318636
0.7892416225749559
0.7354497354497355
0.7766019988242211
0.8900646678424456
0.9006466784244562
0.8265726043503822
0.9091710758377425
0.9188712522045855
0.8568489124044679
0.8985890652557319
0.7842445620223398
0.8159905937683716
0.7930629041740153
0.7948265726043504
0.5543797766019988
0.8009994121105232
0.8912404467960023
0.9103468547912993
0.7060552616108172
0.8733098177542622
0.9194591416813639
0.7410346854791299
0.8865373309817755
0.8509700176366843
0.890652557319224
0.8577307466196356
0.713697824808936
0.7842445620223398
0.8359788359788359
0.9121105232216343
0.8897707231040565
0.8365667254556144
0.8154027042915932
0.8198118753674309
0.9385655496766608
0.766901822457378
0.8694885361552028
0.9238683127572016
0.8450911228689006
0.8195179306290418
0.8862433862433863
0.8327454438565549
0.8130511463844797
0.8189300411522634
0.8918283362727807
0.8015873015873016
0.8759553203997649
0.8527336860670194
0.8900646678424456
0.9197530864197531
0.7954144620811288
0.9156378600823045
0.9126984126984127
0.8750734861845973
0.6804820693709582
0.8636096413874191
0.86331569664903
0.8694885361552028
0.8830099941211053
0.7301587301587301
0.8786008230452675
0.7348618459729571
0.41034685479129923
0.8283362727807172
0.8350970017636684
0.7724867724867724
0.7613168724279835
0.866549088771311
0.8350970017636684
0.7707231040564374
0.8888888888888888
0.8201058201058201
0.9529688418577308
0.803938859494415
0.8615520282186949
0.7918871252204586
0.8012933568489125
0.8533215755437977
0.8383303938859494
0.9306290417401528
0.8668430335097002
0.892416225749559
0.8536155202821869
0.8621399176954733
0.7013521457965902
0.8965314520870077
0.8371546149323927
0.8318636096413874
0.8148148148148148
0.7760141093474426
0.8644914756025868
0.808641975308642
0.8706643151087595
0.937389770723104
0.8365667254556144
0.8894767783656673
0.8527336860670194
0.9009406231628454
0.8536155202821869
0.7145796590241035
0.8953556731334509
0.7921810699588477
0.7063492063492064
0.8900646678424456
0.8527336860670194
0.8962375073486185
0.8980011757789536
0.9344503233392122
0.800705467372134
0.8603762492651381
0.8765432098765432
0.8791887125220459
0.8136390358612581
0.8051146384479718
0.8154027042915932
0.892416225749559
0.9244562022339801
0.8962375073486185
0.9412110523221634
0.8900646678424456
0.9074074074074074
0.7045855379188712
0.34832451499118167
0.7824808935920047
0.797472075249853
0.9109347442680776
0.8318636096413874
0.893885949441505
0.9159318048206937
0.7651381540270429
0.791005291005291
0.9041740152851264
0.71222810111699
0.855379188712522
0.8650793650793651
0.7871840094062317
0.8233392122281011
0.6942974720752498
0.7486772486772487
0.8218694885361552
0.8997648442092887
0.7939447383891828
0.8001175778953556
0.9262198706643151
0.7860082304526749
0.8265726043503822
0.8365667254556144
0.7286890064667843
0.8127572016460906
0.78777189888301
0.8436213991769548
0.7583774250440917
0.807172251616696
0.8395061728395061
0.8903586125808348
0.842445620223398
0.3750734861845973
0.8915343915343915
0.9523809523809523
0.781305114638448
0.7498530276308054
0.8674309229864785
0.7613168724279835
0.7768959435626103
0.914756025867137
0.8136390358612581
0.7601410934744268
0.9121105232216343
0.91005291005291
0.8918283362727807
0.779835390946502
0.7557319223985891
0.7498530276308054
0.7871840094062317
0.807172251616696
0.8586125808348031
0.9124044679600235
0.8283362727807172
0.8565549676660787
0.8253968253968254
0.8300999412110524
0.742798353909465
0.8985890652557319
0.373015873015873
0.6878306878306878
0.8245149911816578
0.8256907701352145
0.6122868900646679
0.9150499706055262
0.7439741328630217
0.9382716049382716
0.8771310993533216
0.770135214579659
0.7915931804820694
0.7084068195179306
0.7078189300411523
0.829512051734274
0.7457378012933569
0.8359788359788359
0.8474426807760141
0.9074074074074074
0.8306878306878307
0.8309817754262199
0.3559670781893004
0.8409758965314521
0.7954144620811288
0.8386243386243386
0.805408583186361
0.9109347442680776
0.8162845385067607
0.9056437389770723
0.7792475014697237
0.7639623750734862
0.766901822457378
0.8427395649617871
0.843915343915344
0.7971781305114638
0.8395061728395061
0.8201058201058201
0.8165784832451499
0.8403880070546738
0.8727219282774838
0.8292181069958847
0.7148736037624926
0.8251028806584362
0.7307466196355086
0.8239271017048795
0.8121693121693122
0.9244562022339801
0.8468547912992358
0.8024691358024691
0.89564961787184
0.6754850088183422
0.8542034097589654
0.8550852439741329
0.9488536155202821
0.8556731334509112
0.9191651969429747
0.8242210464432687
0.9350382128159906
0.9603174603174603
0.9653145208700764
0.9191651969429747
0.8536155202821869
0.8947677836566725
0.8342151675485009
0.8209876543209876
0.8674309229864785
0.6919459141681364
0.9326866549088771
0.8859494415049971
0.8982951205173427
0.8630217519106408
0.9124044679600235
0.8033509700176367
0.9385655496766608
0.8741916519694297
0.7842445620223398
0.8833039388594944
0.7774838330393886
0.6990005878894768
0.8868312757201646
0.797472075249853
0.8374485596707819
0.9417989417989417
0.908289241622575
0.8509700176366843
0.8427395649617871
0.9050558495002939
0.8597883597883598
0.7645502645502645
0.8336272780717225
0.9106407995296885
0.8647854203409759
0.8198118753674309
0.9444444444444444
0.7034097589653145
0.8774250440917107
0.8418577307466196
0.8036449147560258
0.8918283362727807
0.9035861258083481
0.8036449147560258
0.8780129335684891
0.8342151675485009
0.7980599647266314
0.7995296884185773
0.9465020576131687
0.8480305702527925
0.8298059964726632
0.7616108171663727
0.8480305702527925
0.8130511463844797
0.8703703703703703
0.8336272780717225
0.7407407407407407
0.8292181069958847
0.8415637860082305
0.8724279835390947
0.7939447383891828
0.7833627278071722
0.8477366255144033
0.869782480893592
0.8844797178130511
0.8398001175778954
0.8059964726631393
0.9103468547912993
0.7836566725455615
0.8292181069958847
0.7807172251616696
0.8647854203409759
0.7957084068195179
0.9203409758965314
0.9044679600235156
0.7792475014697237
0.9303350970017636
0.914756025867137
0.7704291593180482
0.8962375073486185
0.7436801881246325
0.8747795414462081
0.38594944150499705
0.7766019988242211
0.9770723104056437
0.7998236331569665
0.892416225749559
0.8389182833627278
0.8980011757789536
0.7504409171075838
0.9112286890064668
0.8292181069958847
0.7598471487360376
0.7357436801881246
0.8298059964726632
0.9350382128159906
0.843915343915344
0.8427395649617871
0.8486184597295708
0.36596119929453264
0.36566725455614346
0.7883597883597884
0.800705467372134
0.843915343915344
0.737801293356849
0.8336272780717225
0.8974132863021752
0.7519106407995297
0.8242210464432687
0.7848324514991182
0.7689594356261023
0.8292181069958847
0.9144620811287478
0.7742504409171076
0.9032921810699589
0.7751322751322751
0.8109935332157554
0.7422104644326867
0.8947677836566725
0.6890064667842446
0.8783068783068783
0.8815402704291593
0.8565549676660787
0.7295708406819518
0.8894767783656673
0.7607289829512052
0.8524397413286302
0.7657260435038212
0.8383303938859494
0.7933568489124044
0.8656672545561435
0.7810111699000588
0.8991769547325102
0.8539094650205762
0.8409758965314521
0.9318048206937096
0.8930041152263375
0.868018812463257
0.9350382128159906
0.7818930041152263
0.9409171075837742
0.9676660787771899
0.9382716049382716
0.7145796590241035
0.7283950617283951
0.7998236331569665
0.8594944150499706
0.7962962962962963
0.5687830687830688
0.9285714285714286
0.9476778365667254
0.8544973544973545
0.8694885361552028
0.8618459729570841
0.8062904174015285
0.8927101704879483
0.8794826572604351
0.9085831863609641
0.5393885949441505
0.8306878306878307
0.7677836566725456
0.7613168724279835
0.708994708994709
0.8303938859494415
0.9312169312169312
0.8242210464432687
0.37742504409171074
0.8786008230452675
0.8030570252792475
0.8136390358612581
0.7563198118753675
0.6966490299823633
0.810405643738977
0.9329805996472663
0.781305114638448
0.8562610229276896
0.791005291005291
0.7904174015285126
0.8644914756025868
0.7128159905937683
0.9268077601410935
0.7316284538506761
0.6990005878894768
0.006760728982951205
0.7416225749559083
0.6475602586713698
0.8192239858906526
0.7004703115814227
0.8721340388007055
0.8298059964726632
0.8586125808348031
0.7821869488536155
0.8815402704291593
0.8818342151675485
0.9077013521457966
0.8962375073486185
0.805408583186361
0.9203409758965314
0.8339212228101117
0.8362727807172252
0.8330393885949442
0.8418577307466196
0.8324514991181657
0.8286302175191064
0.9714873603762493
0.8289241622574955
0.9441504997060552
0.7810111699000588
0.8580246913580247
0.8618459729570841
0.8298059964726632
0.8862433862433863
0.8962375073486185
0.8750734861845973
0.9079952968841858
0.911522633744856
0.6901822457378013
0.7422104644326867
0.9512051734273956
0.9071134626690183
0.8362727807172252
0.8612580834803057
0.8550852439741329
0.8092298647854204
0.9056437389770723
0.7522045855379189
0.8239271017048795
0.805408583186361
0.8592004703115814
0.9085831863609641
0.7810111699000588
0.8027630805408583
0.8492063492063492
0.8412698412698413
0.8988830099941211
0.890652557319224
0.8909465020576132
0.8145208700764256
0.9144620811287478
0.8818342151675485
0.3968253968253968
0.7983539094650206
0.736331569664903
0.8383303938859494
0.803938859494415
0.7789535567313345
0.8786008230452675
0.956496178718401
0.7457378012933569
0.8239271017048795
0.9062316284538506
0.9632569077013522
0.7613168724279835
0.9365079365079365
0.8192239858906526
0.7548500881834215
0.927689594356261
0.7184009406231628
0.7595532039976485
0.8186360964138741
0.797472075249853
0.911522633744856
0.8236331569664903
0.8903586125808348
0.7504409171075838
0.9320987654320988
0.9032921810699589
0.3212815990593768
0.9544385655496767
0.34009406231628453
0.7486772486772487
0.7619047619047619
0.8712522045855379
0.8794826572604351
0.8186360964138741
0.8462669018224573
0.8192239858906526
0.868018812463257
0.8827160493827161
0.7983539094650206
0.7960023515579071
0.8997648442092887
0.8930041152263375
0.7142857142857143
0.8686067019400353
0.7965902410346855
0.8627278071722516
0.8130511463844797
0.9144620811287478
0.8289241622574955
0.9018224573780129
0.8624338624338624
0.8559670781893004
0.9285714285714286
0.8333333333333334
0.8139329805996472
0.8186360964138741
0.811875367430923
0.7924750146972369
0.8974132863021752
0.7554379776601999
0.7739564961787184
0.9667842445620224
0.7295708406819518
0.914756025867137
0.9000587889476779
0.8962375073486185
0.8727219282774838
0.8686067019400353
0.9435626102292769
0.8359788359788359
0.8962375073486185
0.8800705467372134
0.8065843621399177
0.8544973544973545
0.8486184597295708
0.7510288065843621
0.8130511463844797
0.9153439153439153
0.8909465020576132
0.763668430335097
0.8921222810111699
0.9529688418577308
0.8139329805996472
0.7930629041740153
0.8850676072898295
0.8727219282774838
0.9088771310993533
0.8336272780717225
0.7942386831275721
0.7865961199294532
0.873015873015873
0.8577307466196356
0.9262198706643151
0.839212228101117
0.7833627278071722
0.8227513227513228
0.9365079365079365
0.7422104644326867
0.8483245149911817
0.8686067019400353
0.8077601410934744
0.9059376837154615
0.9009406231628454
0.956496178718401
0.7792475014697237
0.842445620223398
0.8239271017048795
0.9071134626690183
0.8980011757789536
0.9200470311581422
0.8303938859494415
0.8691945914168137
0.720164609053498
0.9097589653145208
0.8606701940035273
0.8289241622574955
0.7542621987066431
0.9711934156378601
0.8600823045267489
0.8139329805996472
0.7592592592592593
0.7616108171663727
0.7901234567901234
0.8333333333333334
0.826278659611993
0.7654320987654321
0.8941798941798942
0.8403880070546738
0.7630805408583187
0.893885949441505
0.7066431510875956
0.7833627278071722
0.8051146384479718
0.86331569664903
0.829512051734274
0.9218106995884774
0.8492063492063492
0.7739564961787184
0.8068783068783069
0.847148736037625
0.8303938859494415
0.7918871252204586
0.8283362727807172
0.721928277483833
0.8780129335684891
0.8330393885949442
0.8371546149323927
0.929159318048207
0.8871252204585538
0.8333333333333334
0.8209876543209876
0.7524985302763081
0.810405643738977
0.8348030570252792
0.7792475014697237
0.868018812463257
0.9300411522633745
0.7865961199294532
0.7777777777777778
0.7771898883009994
0.3004115226337449
0.8962375073486185
0.8592004703115814
0.8953556731334509
0.805408583186361
0.8677248677248677
0.8571428571428571
0.8515579071134627
0.8597883597883598
0.8980011757789536
0.8474426807760141
0.9579659024103468
0.8309817754262199
0.7848324514991182
0.9391534391534392
0.7489711934156379
0.8533215755437977
0.84891240446796
0.9462081128747796
0.8900646678424456
0.9094650205761317
0.9503233392122281
0.89564961787184
0.8509700176366843
0.8436213991769548
0.9223985890652557
0.8253968253968254
0.366549088771311
0.8209876543209876
0.9065255731922398
0.8818342151675485
0.32774838330393885
0.739564961787184
0.9285714285714286
0.7915931804820694
0.8030570252792475
0.8036449147560258
0.930922986478542
0.9091710758377425
0.8612580834803057
0.8953556731334509
0.9029982363315696
0.9068195179306291
0.8330393885949442
0.8068783068783069
0.8398001175778954
0.7448559670781894
0.8409758965314521
0.8300999412110524
0.7998236331569665
0.7895355673133451
0.824808935920047
0.7557319223985891
0.8218694885361552
0.852145796590241
0.7804232804232805
0.8935920047031158
0.8098177542621987
0.8015873015873016
0.7463256907701352
0.9247501469723692
0.7639623750734862
0.8415637860082305
0.7448559670781894
0.8151087595532039
0.869782480893592
0.7233980011757789
0.8562610229276896
0.9444444444444444
0.9206349206349206
0.8377425044091711
0.8759553203997649
0.8953556731334509
0.7583774250440917
0.7833627278071722
0.7736625514403292
0.7763080540858318
0.8603762492651381
0.7566137566137566
0.8004115226337448
0.9029982363315696
0.8609641387419166
0.8148148148148148
0.9071134626690183
0.7516166960611405
0.9335684891240447
0.8797766019988242
0.9194591416813639
0.8615520282186949
0.7019400352733686
0.897119341563786
0.7178130511463845
0.961493239271017
0.7821869488536155
0.7616108171663727
0.7713109935332157
0.7783656672545561
0.778071722516167
0.803938859494415
0.8815402704291593
0.7912992357436802
0.8644914756025868
0.8342151675485009
0.9118165784832452
0.7081128747795414
0.22134038800705466
0.917989417989418
0.7472075249853027
0.8741916519694297
0.7951205173427396
0.8856554967666079
0.8171663727219283
0.8835978835978836
0.6998824221046444
0.4038800705467372
0.7251616696061141
0.34685479129923574
0.8192239858906526
0.7610229276895943
0.8574368018812464
0.9238683127572016
0.8715461493239272
0.8133450911228689
0.7945326278659612
0.8915343915343915
0.8653733098177543
0.8982951205173427
0.89564961787184
0.8154027042915932
0.8430335097001763
0.7763080540858318
0.8321575543797766
0.8721340388007055
0.7801293356848913
0.8480305702527925
0.7419165196942975
0.8932980599647267
0.6540270429159318
0.8783068783068783
0.8251028806584362
0.7175191064079953
0.8515579071134627
0.8589065255731922
0.4132863021751911
0.8045267489711934
0.7983539094650206
0.8495002939447384
0.3592004703115814
0.8724279835390947
0.7833627278071722
0.8821281599059377
0.9203409758965314
0.9544385655496767
0.8133450911228689
0.7865961199294532
0.8630217519106408
0.9200470311581422
0.8586125808348031
0.8727219282774838
0.7619047619047619
0.9221046443268666
0.7351557907113463
0.8777189888300999
0.9259259259259259
0.7366255144032922
0.7851263962375074
0.8941798941798942
0.7968841857730746
0.7748383303938859
0.913286302175191
0.8885949441504997
0.8689006466784245
0.9265138154027043
0.7865961199294532
0.6942974720752498
0.932392710170488
0.8612580834803057
0.8389182833627278
0.7037037037037037
0.8154027042915932
0.7892416225749559
0.91005291005291
0.855379188712522
0.7939447383891828
0.9018224573780129
0.8941798941798942
0.8656672545561435
0.7295708406819518
0.7842445620223398
0.9223985890652557
0.7748383303938859
0.8186360964138741
0.7692533803644914
0.9320987654320988
0.8647854203409759
0.6998824221046444
0.6707818930041153
0.7366255144032922
0.8724279835390947
0.7586713697824808
0.8371546149323927
0.8233392122281011
0.8824221046443269
0.8738977072310405
0.8700764256319812
0.9129923574368018
0.845679012345679
0.7962962962962963
0.8389182833627278
0.8515579071134627
0.8306878306878307
0.746031746031746
0.7992357436801881
0.8565549676660787
0.8736037624926514
0.873015873015873
0.7818930041152263
0.9168136390358612
0.8724279835390947
0.8065843621399177
0.8159905937683716
0.8024691358024691
0.8339212228101117
0.8650793650793651
0.8109935332157554
0.7824808935920047
0.8139329805996472
0.9606114050558495
0.8794826572604351
0.9027042915931804
0.8935920047031158
0.9512051734273956
0.7410346854791299
0.8350970017636684
0.940623162845385
0.913286302175191
0.6866549088771311
0.8794826572604351
0.8403880070546738
0.9403292181069959
0.8154027042915932
0.8356848912404468
0.8991769547325102
0.937389770723104
0.8897707231040565
0.8127572016460906
0.7607289829512052
0.8659611992945326
0.8436213991769548
0.7698412698412699
0.7369194591416813
0.8741916519694297
0.7748383303938859
0.7968841857730746
0.8012933568489125
0.8818342151675485
0.823045267489712
0.8533215755437977
0.7254556143445032
0.9617871840094062
0.8847736625514403
0.9056437389770723
0.8741916519694297
0.7713109935332157
0.8765432098765432
0.8721340388007055
0.7689594356261023
0.8977072310405644
0.8821281599059377
0.8947677836566725
0.8192239858906526
0.7674897119341564
0.8450911228689006
0.811875367430923
0.7960023515579071
0.8068783068783069
0.9368018812463257
0.8101116990005879
0.8412698412698413
0.8592004703115814
0.8318636096413874
0.737801293356849
0.824808935920047
0.9106407995296885
0.8835978835978836
0.7721928277483833
0.7827748383303939
0.9256319811875368
0.8527336860670194
0.8154027042915932
0.7245737801293357
0.8348030570252792
0.8274544385655497
0.729864785420341
0.35890652557319225
0.8656672545561435
0.7345679012345679
0.8112874779541446
0.7927689594356261
0.8700764256319812
0.8330393885949442
0.6878306878306878
0.7904174015285126
0.9300411522633745
0.9767783656672545
0.7339800117577895
0.8777189888300999
0.8324514991181657
0.8815402704291593
0.9200470311581422
0.7569077013521458
0.8982951205173427
0.8871252204585538
0.6746031746031746
0.8512639623750735
0.7028218694885362
0.8833039388594944
0.9391534391534392
0.9362139917695473
0.8862433862433863
0.8203997648442093
0.7977660199882423
0.8174603174603174
0.9450323339212228
0.9156378600823045
0.39711934156378603
0.8950617283950617
0.8368606701940036
0.8662551440329218
0.8062904174015285
0.9318048206937096
0.8324514991181657
0.778071722516167
0.8321575543797766
0.8709582598471487
0.8647854203409759
0.8042328042328042
0.7513227513227513
0.8374485596707819
0.9747207524985303
0.9065255731922398
0.8880070546737213
0.8089359200470312
0.8747795414462081
0.8721340388007055
0.9129923574368018
0.839212228101117
0.8115814226925337
0.7880658436213992
0.8947677836566725
0.9174015285126397
0.828042328042328
0.8418577307466196
0.7216343327454439
0.8368606701940036
0.8577307466196356
0.9259259259259259
0.828042328042328
0.8359788359788359
0.86331569664903
0.9024103468547913
0.8835978835978836
0.8991769547325102
0.9332745443856555
0.9006466784244562
0.8380364491475603
0.9271017048794826
0.8186360964138741
0.8568489124044679
0.7948265726043504
0.8530276308054086
0.9059376837154615
0.8189300411522634
0.8350970017636684
0.8427395649617871
0.7469135802469136
0.8718400940623163
0.7883597883597884
0.7986478542034098
0.7960023515579071
0.937389770723104
0.823045267489712
0.9021164021164021
0.8462669018224573
0.8759553203997649
0.7939447383891828
0.7545561434450323
0.8062904174015285
0.7569077013521458
0.850382128159906
0.798941798941799
0.9182833627278072
0.8894767783656673
0.8712522045855379
0.8483245149911817
0.8259847148736038
0.8430335097001763
0.8815402704291593
0.8371546149323927
0.8800705467372134
0.855379188712522
0.8427395649617871
0.7704291593180482
0.8741916519694297
0.9244562022339801
0.8932980599647267
0.8662551440329218
0.9150499706055262
0.8148148148148148
0.9126984126984127
0.7892416225749559
0.6863609641387419
0.8918283362727807
0.8271604938271605
0.9071134626690183
0.9068195179306291
0.6754850088183422
0.7275132275132276
0.8539094650205762
0.8562610229276896
0.15667254556143445
0.7674897119341564
0.91005291005291
0.8921222810111699
0.8583186360964139
0.8251028806584362
0.7483833039388595
0.6951793062904174
0.7760141093474426
0.9059376837154615
0.8374485596707819
0.9641387419165197
0.786302175191064
0.8797766019988242
0.9229864785420341
0.8603762492651381
0.9135802469135802
0.8935920047031158
0.8445032333921223
0.8506760728982952
0.9191651969429747
0.8571428571428571
0.7660199882422105
0.7704291593180482
0.06760728982951206
0.7283950617283951
0.8445032333921223
0.9229864785420341
0.9473838918283363
0.7548500881834215
0.8127572016460906
0.8477366255144033
0.8821281599059377
0.8888888888888888
0.8744855967078189
0.9353321575543798
0.8309817754262199
0.9182833627278072
0.8544973544973545
0.8277483833039389
0.9409171075837742
0.8662551440329218
0.8603762492651381
0.7660199882422105
0.7283950617283951
0.8015873015873016
0.7783656672545561
0.8062904174015285
0.9679600235155791
0.8709582598471487
0.8794826572604351
0.8412698412698413
0.8212815990593768
0.8871252204585538
0.8727219282774838
0.7766019988242211
0.9153439153439153
0.7868900646678424
0.8694885361552028
0.9368018812463257
0.7328042328042328
0.8274544385655497
0.7851263962375074
0.9053497942386831
0.7560258671369783
0.8639035861258083
0.7034097589653145
0.8982951205173427
0.7739564961787184
0.7239858906525574
0.7610229276895943
0.7663139329805997
0.9594356261022927
0.8639035861258083
0.8647854203409759
0.8436213991769548
0.8703703703703703
0.7945326278659612
0.7492651381540271
0.9473838918283363
0.9053497942386831
0.8201058201058201
0.8447971781305115
0.8209876543209876
0.7892416225749559
0.9221046443268666
0.8909465020576132
0.6810699588477366
0.7939447383891828
0.917989417989418
0.6660787771898883
0.8597883597883598
0.9497354497354498
0.71222810111699
0.8506760728982952
0.8400940623162846
0.356848912404468
0.9041740152851264
0.86331569664903
0.36507936507936506
0.9297472075249853
0.800705467372134
0.9553203997648442
0.8512639623750735
0.9282774838330394
0.9141681363903587
0.37889476778365666
0.9376837154614932
0.6387419165196943
0.866549088771311
0.8900646678424456
0.9268077601410935
0.893885949441505
0.7880658436213992
0.9315108759553204
0.807172251616696
0.7560258671369783
0.9174015285126397
0.8550852439741329
0.8865373309817755
0.7577895355673133
0.8994708994708994
0.8018812463256908
0.7795414462081128
0.8900646678424456
0.7783656672545561
0.7269253380364491
0.7868900646678424
0.8556731334509112
0.7163433274544385
0.8547912992357437
0.8245149911816578
0.8339212228101117
0.8877131099353321
0.843915343915344
0.800705467372134
0.911522633744856
0.8174603174603174
0.9018224573780129
0.5099941211052322
0.8935920047031158
0.807172251616696
0.8330393885949442
0.8883009994121105
0.7718988830099941
0.911522633744856
0.8286302175191064
0.8921222810111699
0.9029982363315696
0.8542034097589654
0.8495002939447384
0.7792475014697237
0.760435038212816
0.8815402704291593
0.6572604350382129
0.7613168724279835
0.8709582598471487
0.8492063492063492
0.8109935332157554
0.8639035861258083
0.9112286890064668
0.7686654908877131
0.8342151675485009
0.8909465020576132
0.9050558495002939
0.8342151675485009
0.7898295120517342
0.9282774838330394
0.9174015285126397
0.8918283362727807
0.8239271017048795
0.8430335097001763
0.753968253968254
0.7918871252204586
0.797472075249853
0.866549088771311
0.6919459141681364
0.7898295120517342
0.7092886537330981
0.7698412698412699
0.9044679600235156
0.9047619047619048
0.7815990593768372
0.7889476778365667
0.39300411522633744
0.8333333333333334
0.8794826572604351
0.7795414462081128
0.9232804232804233
0.7613168724279835
0.8459729570840682
0.9079952968841858
0.916519694297472
0.38477366255144035
0.7704291593180482
0.7933568489124044
0.8371546149323927
0.8721340388007055
0.7295708406819518
0.958259847148736
0.7745443856554968
0.890652557319224
0.6666666666666666
0.9074074074074074
0.8018812463256908
0.7551440329218106
0.8859494415049971
0.7962962962962963
0.8242210464432687
0.9068195179306291
0.8506760728982952
0.8756613756613757
0.9632569077013522
0.9262198706643151
0.8400940623162846
0.8004115226337448
0.6522633744855967
0.8059964726631393
0.9215167548500882
0.9141681363903587
0.8509700176366843
0.770135214579659
0.8618459729570841
0.8650793650793651
0.8253968253968254
0.8788947677836567
0.8888888888888888
0.6845972957084068
0.7883597883597884
0.8430335097001763
0.821575543797766
0.8586125808348031
0.8982951205173427
0.6643151087595532
0.7610229276895943
0.6875367430922986
0.7839506172839507
0.8383303938859494
0.778071722516167
0.8741916519694297
0.8556731334509112
0.8495002939447384
0.9497354497354498
0.8550852439741329
0.8368606701940036
0.8780129335684891
0.9685479129923574
0.7492651381540271
0.8768371546149324
0.8195179306290418
0.847148736037625
0.8189300411522634
0.8462669018224573
0.7674897119341564
0.8368606701940036
0.8771310993533216
0.8445032333921223
0.8142269253380364
0.8292181069958847
0.8562610229276896
0.7736625514403292
0.7745443856554968
0.8985890652557319
0.8480305702527925
0.7616108171663727
0.5017636684303352
0.7251616696061141
0.8624338624338624
0.9332745443856555
0.808641975308642
0.7904174015285126
0.7304526748971193
0.8577307466196356
0.811875367430923
0.7339800117577895
0.7880658436213992
0.5870076425631982
0.8527336860670194
0.42328042328042326
0.8398001175778954
0.869782480893592
0.8935920047031158
0.8647854203409759
0.852145796590241
0.955026455026455
0.7962962962962963
0.8253968253968254
0.8474426807760141
0.9009406231628454
0.893885949441505
0.8051146384479718
0.8935920047031158
0.8474426807760141
0.8506760728982952
0.7651381540270429
0.8112874779541446
0.7322163433274544
0.7328042328042328
0.8145208700764256
0.7971781305114638
0.8733098177542622
0.7516166960611405
0.9244562022339801
0.7386831275720165
0.7501469723691946
0.9085831863609641
0.913286302175191
0.9391534391534392
0.7289829512051734
0.6796002351557907
0.8912404467960023
0.9071134626690183
0.8530276308054086
0.7792475014697237
0.8888888888888888
0.9097589653145208
0.36684303350970016
0.7110523221634333
0.8580246913580247
0.8024691358024691
0.8653733098177543
0.8068783068783069
0.797472075249853
0.9620811287477954
0.8497942386831275
0.8980011757789536
0.852145796590241
0.8706643151087595
0.8650793650793651
0.9035861258083481
0.778071722516167
0.8468547912992358
0.8227513227513228
0.824808935920047
0.8174603174603174
0.7792475014697237
0.8909465020576132
0.8812463256907701
0.7081128747795414
0.8330393885949442
0.7524985302763081
0.7718988830099941
0.8403880070546738
0.9670781893004116
0.8192239858906526
0.8353909465020576
0.942092886537331
0.942092886537331
0.7924750146972369
0.8359788359788359
0.8442092886537331
0.7804232804232805
0.843915343915344
0.781305114638448
0.824808935920047
0.8997648442092887
0.8583186360964139
0.778071722516167
0.9397413286302175
0.7992357436801881
0.8982951205173427
0.7037037037037037
0.7375073486184597
0.8051146384479718
0.8777189888300999
0.9188712522045855
0.8400940623162846
0.7954144620811288
0.8536155202821869
0.8818342151675485
0.7889476778365667
0.8350970017636684
0.845679012345679
0.7442680776014109
0.9241622574955908
0.8245149911816578
0.8609641387419166
0.9635508524397414
0.8777189888300999
0.8465608465608465
0.810405643738977
0.8597883597883598
0.9470899470899471
0.7871840094062317
0.8465608465608465
0.8109935332157554
0.8412698412698413
0.8562610229276896
0.8495002939447384
0.8580246913580247
0.9403292181069959
0.8771310993533216
0.8759553203997649
0.8106995884773662
0.8350970017636684
0.9118165784832452
0.8980011757789536
0.7583774250440917
0.3921222810111699
0.8500881834215167
0.9056437389770723
0.7551440329218106
0.8359788359788359
0.8074661963550852
0.7495590828924162
0.9065255731922398
0.8201058201058201
0.884185773074662
0.6942974720752498
0.8980011757789536
0.7586713697824808
0.829512051734274
0.8068783068783069
0.8239271017048795
0.691358024691358
0.9300411522633745
0.36684303350970016
0.831275720164609
0.8982951205173427
0.9673721340388007
0.7627865961199295
0.7783656672545561
0.8409758965314521
0.9124044679600235
0.8759553203997649
0.8353909465020576
0.8738977072310405
0.8847736625514403
0.845679012345679
0.7807172251616696
0.8345091122868901
0.8318636096413874
0.7730746619635509
0.4144620811287478
0.8239271017048795
0.7836566725455615
0.8068783068783069
0.9085831863609641
0.8953556731334509
0.7777777777777778
0.7971781305114638
0.9126984126984127
0.7351557907113463
0.9129923574368018
0.8330393885949442
0.8245149911816578
0.892416225749559
0.7624926513815403
0.8935920047031158
0.8612580834803057
0.8718400940623163
0.8318636096413874
0.8921222810111699
0.7742504409171076
0.7892416225749559
0.78777189888301
0.8883009994121105
0.8506760728982952
0.8398001175778954
0.8127572016460906
0.8042328042328042
0.8253968253968254
0.8777189888300999
0.784538506760729
0.9168136390358612
0.7242798353909465
0.8265726043503822
0.797472075249853
0.8356848912404468
0.9027042915931804
0.8206937095825985
0.9800117577895355
0.7857142857142857
0.7663139329805997
0.7516166960611405
0.9077013521457966
0.8574368018812464
0.7516166960611405
0.746031746031746
0.8303938859494415
0.9529688418577308
0.8342151675485009
0.7016460905349794
0.8653733098177543
0.8124632569077014
0.9068195179306291
0.9288653733098178
0.8721340388007055
0.8574368018812464
0.9018224573780129
0.8336272780717225
0.8589065255731922
0.7904174015285126
0.8809523809523809
0.8797766019988242
0.8594944150499706
0.8527336860670194
0.8556731334509112
0.7139917695473251
0.8883009994121105
0.7366255144032922
0.8818342151675485
0.9338624338624338
0.8109935332157554
0.9297472075249853
0.7827748383303939
0.8315696649029982
0.8453850676072898
0.8015873015873016
0.9041740152851264
0.7948265726043504
0.7037037037037037
0.866549088771311
0.9191651969429747
0.7586713697824808
0.8974132863021752
0.3783068783068783
0.9206349206349206
0.7442680776014109
0.6972369194591417
0.8897707231040565
0.914756025867137
0.8556731334509112
0.8565549676660787
0.8542034097589654
0.8327454438565549
0.7131099353321576
0.8783068783068783
0.8562610229276896
0.8065843621399177
0.84891240446796
0.8324514991181657
0.8195179306290418
0.8062904174015285
0.9138741916519695
0.8941798941798942
0.8788947677836567
0.8468547912992358
0.9009406231628454
0.7918871252204586
0.7954144620811288
0.9077013521457966
0.8333333333333334
0.9259259259259259
0.9400352733686067
0.9053497942386831
0.9288653733098178
0.8209876543209876
0.8300999412110524
0.8236331569664903
0.9168136390358612
0.8001175778953556
0.8647854203409759
0.821575543797766
0.7419165196942975
0.9153439153439153
0.7933568489124044
0.8689006466784245
0.8962375073486185
0.929159318048207
0.8753674309229865
0.9271017048794826
0.8468547912992358
0.8474426807760141
0.8833039388594944
0.8362727807172252
0.8615520282186949
0.7545561434450323
0.8565549676660787
0.7251616696061141
0.7724867724867724
0.8812463256907701
0.8921222810111699
0.7207524985302763
0.8109935332157554
0.8139329805996472
0.798941798941799
0.8827160493827161
0.8300999412110524
0.8106995884773662
0.8300999412110524
0.39476778365667253
0.8192239858906526
0.913286302175191
0.8127572016460906
0.9065255731922398
0.8151087595532039
0.9077013521457966
0.829512051734274
0.8815402704291593
0.8894767783656673
0.8550852439741329
0.9594356261022927
0.7980599647266314
0.831275720164609
0.762198706643151
0.9027042915931804
0.8809523809523809
0.9259259259259259
0.8233392122281011
0.7504409171075838
0.8109935332157554
0.7542621987066431
0.8803644914756026
0.8227513227513228
0.7601410934744268
0.8353909465020576
0.8474426807760141
0.852145796590241
0.8057025279247502
0.9141681363903587
0.8518518518518519
0.8797766019988242
0.7480893592004703
0.911522633744856
0.9400352733686067
0.8791887125220459
0.9006466784244562
0.791005291005291
0.8809523809523809
0.8777189888300999
0.7718988830099941
0.818342151675485
0.8609641387419166
0.8835978835978836
0.8074661963550852
0.7663139329805997
0.8621399176954733
0.8850676072898295
0.8195179306290418
0.8577307466196356
0.7971781305114638
0.9044679600235156
0.8530276308054086
0.9529688418577308
0.8586125808348031
0.36684303350970016
0.8359788359788359
0.5285126396237507
0.7918871252204586
0.8744855967078189
0.8151087595532039
0.8727219282774838
0.8148148148148148
0.3956496178718401
0.8121693121693122
0.8239271017048795
0.8927101704879483
0.8386243386243386
0.8612580834803057
0.8251028806584362
0.7195767195767195
0.8888888888888888
0.5573192239858906
0.8074661963550852
0.7680776014109347
0.7292768959435626
0.8259847148736038
0.7307466196355086
0.9000587889476779
0.8736037624926514
0.8542034097589654
0.9138741916519695
0.8885949441504997
0.7795414462081128
0.8959435626102292
0.7992357436801881
0.7789535567313345
0.8586125808348031
0.8765432098765432
0.9088771310993533
0.7807172251616696
0.786302175191064
0.803938859494415
0.9611992945326279
0.8253968253968254
0.9653145208700764
0.7351557907113463
0.8947677836566725
0.951793062904174
0.8988830099941211
0.6925338036449148
0.9223985890652557
0.9126984126984127
0.7880658436213992
0.9650205761316872
0.8891828336272781
0.8206937095825985
0.8771310993533216
0.7580834803057025
0.8174603174603174
0.8371546149323927
0.8753674309229865
0.8412698412698413
0.9268077601410935
0.8098177542621987
0.7272192827748384
0.7586713697824808
0.7924750146972369
0.7839506172839507
0.8888888888888888
0.808641975308642
0.8442092886537331
0.8359788359788359
0.7592592592592593
0.8668430335097002
0.8356848912404468
0.8953556731334509
0.8812463256907701
0.8004115226337448
0.7601410934744268
0.9385655496766608
0.7651381540270429
0.8083480305702528
0.8997648442092887
0.8771310993533216
0.8242210464432687
0.7868900646678424
0.843915343915344
0.959729570840682
0.9103468547912993
0.8186360964138741
0.7960023515579071
0.9476778365667254
0.8897707231040565
0.897119341563786
0.975896531452087
0.8268665490887713
0.7789535567313345
0.9415049970605526
0.8242210464432687
0.770135214579659
0.914756025867137
0.6669606114050558
0.8227513227513228
0.8700764256319812
0.8630217519106408
0.842445620223398
0.7962962962962963
0.8915343915343915
0.9365079365079365
0.7915931804820694
0.8506760728982952
0.7348618459729571
0.7842445620223398
0.7216343327454439
0.916519694297472
0.7980599647266314
0.8968253968253969
0.8415637860082305
0.8609641387419166
0.8518518518518519
0.8824221046443269
0.9247501469723692
0.7589653145208701
0.8900646678424456
0.7616108171663727
0.7466196355085244
0.7480893592004703
0.9074074074074074
0.8935920047031158
0.9153439153439153
0.7627865961199295
0.9015285126396237
0.8600823045267489
0.9203409758965314
0.8430335097001763
0.7533803644914756
0.7907113462669019
0.9144620811287478
0.784538506760729
0.9203409758965314
0.8089359200470312
0.9027042915931804
0.8353909465020576
0.8897707231040565
0.8539094650205762
0.7695473251028807
0.7457378012933569
0.8339212228101117
0.40652557319223986
0.7924750146972369
0.7836566725455615
0.8077601410934744
0.803938859494415
0.8880070546737213
0.7095825984714874
0.8330393885949442
0.9135802469135802
0.8386243386243386
0.876249265138154
0.7848324514991182
0.7495590828924162
0.9124044679600235
0.8233392122281011
0.7580834803057025
0.8174603174603174
0.7513227513227513
0.8101116990005879
0.9529688418577308
0.8333333333333334
0.8057025279247502
0.8356848912404468
0.7598471487360376
0.8991769547325102
0.868018812463257
0.8386243386243386
0.8236331569664903
0.22339800117577896
0.8844797178130511
0.893885949441505
0.8909465020576132
0.9238683127572016
0.8324514991181657
0.890652557319224
0.8671369782480893
0.9494415049970606
0.7037037037037037
0.8324514991181657
0.9144620811287478
0.7848324514991182
0.8780129335684891
0.9209288653733099
0.7718988830099941
0.8445032333921223
0.8012933568489125
0.8794826572604351
0.8562610229276896
0.8550852439741329
0.3083480305702528
0.8683127572016461
0.8974132863021752
0.8136390358612581
0.8612580834803057
0.8947677836566725
0.8794826572604351
0.8465608465608465
0.7960023515579071
0.7807172251616696
0.929159318048207
0.8641975308641975
0.7172251616696061
0.4141681363903586
0.7489711934156379
0.8838918283362728
0.8788947677836567
0.7313345091122869
0.7128159905937683
0.9306290417401528
0.9570840681951793
0.847148736037625
0.9077013521457966
0.7266313932980599
0.7195767195767195
0.7516166960611405
0.9256319811875368
0.9159318048206937
0.8706643151087595
0.972663139329806
0.8753674309229865
0.7213403880070547
0.8433274544385656
0.852145796590241
0.797472075249853
0.9009406231628454
0.8236331569664903
0.8162845385067607
0.8988830099941211
0.9697236919459141
0.7422104644326867
0.7333921222810111
0.8888888888888888
0.8594944150499706
0.8068783068783069
0.7466196355085244
0.8004115226337448
0.7730746619635509
0.9312169312169312
0.8195179306290418
0.8004115226337448
0.7413286302175192
0.7574955908289241
0.6358024691358025
0.8589065255731922
0.39653145208700763
0.9112286890064668
0.7257495590828924
0.9188712522045855
0.8165784832451499
0.7069370958259847
0.8903586125808348
0.8051146384479718
0.7927689594356261
0.9282774838330394
0.8371546149323927
0.8224573780129336
0.7639623750734862
0.8142269253380364
0.7666078777189889
0.8715461493239272
0.7463256907701352
0.913286302175191
0.89564961787184
0.766901822457378
0.7213403880070547
0.7886537330981775
0.8001175778953556
0.9318048206937096
0.7786596119929453
0.8718400940623163
0.9244562022339801
0.9417989417989417
0.8386243386243386
0.7933568489124044
0.8603762492651381
0.7698412698412699
0.7278071722516167
0.7724867724867724
0.778071722516167
0.8677248677248677
0.7995296884185773
0.9385655496766608
0.8544973544973545
0.9168136390358612
0.9059376837154615
0.8982951205173427
0.8771310993533216
0.9144620811287478
0.9271017048794826
0.8365667254556144
0.9312169312169312
0.8274544385655497
0.8709582598471487
0.8253968253968254
0.9344503233392122
0.8412698412698413
0.7504409171075838
0.8947677836566725
0.9032921810699589
0.8894767783656673
0.9079952968841858
0.8921222810111699
0.7389770723104057
0.9085831863609641
0.7398589065255732
0.852145796590241
0.9006466784244562
0.7939447383891828
0.8894767783656673
0.7151675485008818
0.6942974720752498
0.8480305702527925
0.9223985890652557
0.7886537330981775
0.8374485596707819
0.8930041152263375
0.8741916519694297
0.8797766019988242
0.8921222810111699
0.7607289829512052
0.9641387419165197
0.8156966490299824
0.9000587889476779
0.8618459729570841
0.927689594356261
0.7422104644326867
0.8415637860082305
0.8406819517930629
0.791005291005291
0.7751322751322751
0.9174015285126397
0.720164609053498
0.8009994121105232
0.7839506172839507
0.7713109935332157
0.8495002939447384
0.9435626102292769
0.9538506760728983
0.7792475014697237
0.7266313932980599
0.8495002939447384
0.8359788359788359
0.8403880070546738
0.7789535567313345
0.9347442680776014
0.8718400940623163
0.8977072310405644
0.9253380364491476
0.8383303938859494
0.842445620223398
0.7960023515579071
0.8709582598471487
0.9038800705467372
0.7278071722516167
0.7742504409171076
0.8833039388594944
0.8345091122868901
0.7980599647266314
0.8715461493239272
0.8500881834215167
0.7842445620223398
0.9168136390358612
0.7771898883009994
0.7851263962375074
0.8380364491475603
0.7569077013521458
0.8594944150499706
0.8862433862433863
0.7545561434450323
0.8333333333333334
0.892416225749559
0.8721340388007055
0.9135802469135802
0.797472075249853
0.2257495590828924
0.9035861258083481
0.7998236331569665
0.7495590828924162
0.9035861258083481
0.8045267489711934
0.7651381540270429
0.9215167548500882
0.8004115226337448
0.8356848912404468
0.7827748383303939
0.8345091122868901
0.828042328042328
0.8495002939447384
0.831275720164609
0.8859494415049971
0.9747207524985303
0.8059964726631393
0.7868900646678424
0.7818930041152263
0.8195179306290418
0.8353909465020576
0.9209288653733099
0.8824221046443269
0.8477366255144033
0.7695473251028807
0.8533215755437977
0.7663139329805997
0.8847736625514403
0.8897707231040565
0.8154027042915932
0.7898295120517342
0.8733098177542622
0.8586125808348031
0.7774838330393886
0.7857142857142857
0.9306290417401528
0.8982951205173427
0.8909465020576132
0.8083480305702528
0.9400352733686067
0.9041740152851264
0.7037037037037037
0.8195179306290418
0.7286890064667843
0.7921810699588477
0.7718988830099941
0.8515579071134627
0.8080540858318636
0.7069370958259847
0.6601998824221046
0.8953556731334509
0.8509700176366843
0.8941798941798942
0.7933568489124044
0.8148148148148148
0.7654320987654321
0.7724867724867724
0.8935920047031158
0.8571428571428571
0.7245737801293357
0.8515579071134627
0.7087007642563198
0.8195179306290418
0.7757201646090535
0.9720752498530276
0.8736037624926514
0.6734273956496178
0.8856554967666079
0.7795414462081128
0.8345091122868901
0.8406819517930629
0.8298059964726632
0.4000587889476778
0.8574368018812464
0.7181069958847737
0.729864785420341
0.8009994121105232
0.7633744855967078
0.8348030570252792
0.8174603174603174
0.7754262198706643
0.7477954144620811
0.8339212228101117
0.9156378600823045
0.8547912992357437
0.7145796590241035
0.8245149911816578
0.7833627278071722
0.7748383303938859
0.8891828336272781
0.9653145208700764
0.779835390946502
0.8777189888300999
0.8636096413874191
0.7507348618459729
0.8927101704879483
0.9018224573780129
0.9609053497942387
0.7745443856554968
0.7904174015285126
0.7651381540270429
0.9018224573780129
0.9911816578483245
0.8606701940035273
0.89564961787184
0.8024691358024691
0.914756025867137
0.8930041152263375
0.8377425044091711
0.7283950617283951
0.7815990593768372
0.7948265726043504
0.9194591416813639
0.8806584362139918
0.9191651969429747
0.8721340388007055
0.916519694297472
0.7757201646090535
0.9300411522633745
0.8430335097001763
0.8615520282186949
0.908289241622575
0.8674309229864785
0.8277483833039389
0.8051146384479718
0.8900646678424456
0.7019400352733686
0.9047619047619048
0.8694885361552028
0.9573780129335685
0.36919459141681366
0.8941798941798942
0.8483245149911817
0.746031746031746
0.7401528512639624
0.7998236331569665
0.8539094650205762
0.8212815990593768
0.19400352733686066
0.6866549088771311
0.8112874779541446
0.9664902998236331
0.8492063492063492
0.8242210464432687
0.8127572016460906
0.7477954144620811
0.7842445620223398
0.847148736037625
0.9656084656084656
0.786302175191064
0.7942386831275721
0.8771310993533216
0.7868900646678424
0.8253968253968254
0.8833039388594944
0.8947677836566725
0.908289241622575
0.8644914756025868
0.8101116990005879
0.807172251616696
0.8024691358024691
0.7039976484420929
0.7507348618459729
0.89564961787184
0.8847736625514403
0.37713109935332156
0.7316284538506761
0.914756025867137
0.6860670194003528
0.8565549676660787
0.8794826572604351
0.843915343915344
0.7739564961787184
0.35185185185185186
0.6149323927101705
0.930922986478542
0.7857142857142857
0.8306878306878307
0.7724867724867724
0.8092298647854204
0.781305114638448
0.9344503233392122
0.913286302175191
0.7912992357436802
0.8371546149323927
0.7627865961199295
0.8353909465020576
0.7619047619047619
0.9071134626690183
0.8527336860670194
0.8465608465608465
0.8506760728982952
0.9121105232216343
0.9232804232804233
0.8027630805408583
0.7836566725455615
0.8965314520870077
0.7648442092886537
0.7110523221634333
0.8015873015873016
0.828042328042328
0.8859494415049971
0.8236331569664903
0.9171075837742504
0.7918871252204586
0.9112286890064668
0.7613168724279835
0.8753674309229865
0.9259259259259259
0.8897707231040565
0.7986478542034098
0.8353909465020576
0.8330393885949442
0.9191651969429747
0.7683715461493239
0.8947677836566725
0.8253968253968254
0.9268077601410935
0.805408583186361
0.7595532039976485
0.8251028806584362
0.8542034097589654
0.8912404467960023
0.8950617283950617
0.8353909465020576
0.7336860670194003
0.699294532627866
0.8286302175191064
0.8935920047031158
0.7871840094062317
0.784538506760729
0.7666078777189889
0.8815402704291593
0.8465608465608465
0.9288653733098178
0.8201058201058201
0.7222222222222222
0.8738977072310405
0.753968253968254
0.8868312757201646
0.916519694297472
0.8033509700176367
0.7610229276895943
0.8982951205173427
0.36331569664902996
0.8850676072898295
0.8265726043503822
0.8912404467960023
0.8927101704879483
0.9050558495002939
0.8594944150499706
0.8594944150499706
0.8818342151675485
0.810405643738977
0.8809523809523809
0.8621399176954733
0.8383303938859494
0.8015873015873016
0.8918283362727807
0.42592592592592593
0.8068783068783069
0.7019400352733686
0.9318048206937096
0.9029982363315696
0.7683715461493239
0.7718988830099941
0.8497942386831275
0.7883597883597884
0.7031158142269254
0.633450911228689
0.8124632569077014
0.33980011757789536
0.9462081128747796
0.8994708994708994
0.890652557319224
0.9453262786596119
0.8533215755437977
0.40299823633156967
0.8253968253968254
0.9221046443268666
0.8348030570252792
0.8721340388007055
0.39623750734861846
0.8524397413286302
0.9223985890652557
0.7592592592592593
0.7225161669606114
0.9121105232216343
0.41857730746619637
0.7307466196355086
0.8212815990593768
0.808641975308642
0.8492063492063492
0.8371546149323927
0.8674309229864785
0.7807172251616696
0.9332745443856555
0.8362727807172252
0.7131099353321576
0.8750734861845973
0.8974132863021752
0.9000587889476779
0.8259847148736038
0.8415637860082305
0.850382128159906
0.8203997648442093
0.7907113462669019
0.8283362727807172
0.6275720164609053
0.9009406231628454
0.7516166960611405
0.9203409758965314
0.7651381540270429
0.8415637860082305
0.9194591416813639
0.8012933568489125
0.8738977072310405
0.8283362727807172
0.8486184597295708
0.8856554967666079
0.8542034097589654
0.8985890652557319
0.8462669018224573
0.8550852439741329
0.7977660199882423
0.8145208700764256
0.3374485596707819
0.8809523809523809
0.7971781305114638
0.855379188712522
0.958259847148736
0.9059376837154615
0.9109347442680776
0.8574368018812464
0.7771898883009994
0.9429747207524986
0.7507348618459729
0.8303938859494415
0.8644914756025868
0.9065255731922398
0.7360376249265138
0.8974132863021752
0.8077601410934744
0.9018224573780129
0.828042328042328
0.900352733686067
0.8509700176366843
0.8991769547325102
0.8368606701940036
0.826278659611993
0.9129923574368018
0.8800705467372134
0.7795414462081128
0.7860082304526749
0.8324514991181657
0.8883009994121105
0.8236331569664903
0.8950617283950617
0.7965902410346855
0.9156378600823045
0.7948265726043504
0.7965902410346855
0.8803644914756026
0.6837154614932393
0.797472075249853
0.8600823045267489
0.927689594356261
0.8656672545561435
0.7948265726043504
0.7807172251616696
0.7886537330981775
0.9512051734273956
0.8359788359788359
0.7886537330981775
0.7766019988242211
0.8433274544385656
0.8092298647854204
0.6693121693121693
0.8885949441504997
0.9024103468547913
0.7404467960023515
0.9050558495002939
0.7786596119929453
0.8409758965314521
0.8186360964138741
0.7301587301587301
0.8318636096413874
0.8777189888300999
0.9035861258083481
0.8218694885361552
0.8612580834803057
0.8374485596707819
0.7804232804232805
0.8968253968253969
0.8256907701352145
0.8286302175191064
0.8083480305702528
0.8115814226925337
0.8289241622574955
0.8462669018224573
0.8612580834803057
0.8065843621399177
0.8062904174015285
0.8353909465020576
0.8594944150499706
0.8991769547325102
0.7901234567901234
0.7774838330393886
0.7718988830099941
0.9279835390946503
0.9714873603762493
0.842445620223398
0.8783068783068783
0.811875367430923
0.7807172251616696
0.6828336272780717
0.8383303938859494
0.8918283362727807
0.8171663727219283
0.7642563198118754
0.9241622574955908
0.781305114638448
0.9611992945326279
0.7865961199294532
0.8947677836566725
0.9006466784244562
0.766901822457378
0.7245737801293357
0.9520870076425632
0.7151675485008818
0.7983539094650206
0.7904174015285126
0.7333921222810111
0.927689594356261
0.7736625514403292
0.9174015285126397
0.972663139329806
0.8283362727807172
0.9229864785420341
0.7727807172251616
0.839212228101117
0.9018224573780129
0.8406819517930629
0.8133450911228689
0.9118165784832452
0.8809523809523809
0.824808935920047
0.8615520282186949
0.9182833627278072
0.8077601410934744
0.8968253968253969
0.80217519106408
0.8574368018812464
0.9106407995296885
0.8177542621987066
0.8095238095238095
0.9365079365079365
0.9853027630805409
0.7874779541446209
0.9053497942386831
0.8486184597295708
0.8318636096413874
0.8227513227513228
0.807172251616696
0.9676660787771899
0.8236331569664903
0.8618459729570841
0.8794826572604351
0.8668430335097002
0.6202233980011758
0.8465608465608465
0.9344503233392122
0.868018812463257
0.9300411522633745
0.9303350970017636
0.8189300411522634
0.8165784832451499
0.80217519106408
0.893885949441505
0.8597883597883598
0.942092886537331
0.3897707231040564
0.8603762492651381
0.6972369194591417
0.9124044679600235
0.890652557319224
0.8547912992357437
0.9547325102880658
0.8350970017636684
0.7998236331569665
0.7245737801293357
0.9273956496178718
0.9447383891828336
0.890652557319224
0.8442092886537331
0.8909465020576132
0.4165196942974721
0.91005291005291
0.9788359788359788
0.9103468547912993
0.9332745443856555
0.8959435626102292
0.9124044679600235
0.9400352733686067
0.8171663727219283
0.6272780717225162
0.7392710170487948
0.8980011757789536
0.8174603174603174
0.8818342151675485
0.908289241622575
0.7998236331569665
0.9021164021164021
0.8597883597883598
0.897119341563786
0.8662551440329218
0.8092298647854204
0.8412698412698413
0.9062316284538506
0.8377425044091711
0.7945326278659612
0.958259847148736
0.8192239858906526
0.9077013521457966
0.7498530276308054
0.8165784832451499
0.8242210464432687
0.8459729570840682
0.9591416813639035
0.78777189888301
0.8165784832451499
0.3956496178718401
0.914756025867137
0.9429747207524986
0.8668430335097002
0.972663139329806
0.7992357436801881
0.8765432098765432
0.8977072310405644
0.8495002939447384
0.8283362727807172
0.8101116990005879
0.8283362727807172
0.8101116990005879
0.8409758965314521
0.8453850676072898
0.7971781305114638
0.8994708994708994
0.8142269253380364
0.9038800705467372
0.7904174015285126
0.7827748383303939
0.8950617283950617
0.8550852439741329
0.8142269253380364
0.7807172251616696
0.9318048206937096
0.8650793650793651
0.7386831275720165
0.6643151087595532
0.8018812463256908
0.8492063492063492
0.8124632569077014
0.8447971781305115
0.3480305702527925
0.8121693121693122
0.7039976484420929
0.7657260435038212
0.9009406231628454
0.8536155202821869
0.9232804232804233
0.8227513227513228
0.8853615520282186
0.8174603174603174
0.850382128159906
0.7704291593180482
0.9562022339800118
0.7569077013521458
0.8786008230452675
0.8106995884773662
0.8386243386243386
0.3700764256319812
0.7727807172251616
0.9529688418577308
0.7642563198118754
0.8556731334509112
0.7519106407995297
0.8783068783068783
0.7113462669018225
0.8506760728982952
0.7724867724867724
0.8177542621987066
0.8618459729570841
0.8045267489711934
0.8327454438565549
0.7557319223985891
0.932392710170488
0.8180482069370958
0.7824808935920047
0.7957084068195179
0.8815402704291593
0.8512639623750735
0.892416225749559
0.7948265726043504
0.8121693121693122
0.8653733098177543
0.8903586125808348
0.8771310993533216
0.868018812463257
0.9085831863609641
0.7233980011757789
0.8342151675485009
0.8900646678424456
0.8092298647854204
0.8009994121105232
0.8827160493827161
0.7742504409171076
0.9027042915931804
0.8259847148736038
0.8621399176954733
0.9021164021164021
0.8321575543797766
0.7589653145208701
0.7151675485008818
0.8868312757201646
0.8885949441504997
0.7445620223398001
0.7965902410346855
0.9603174603174603
0.8412698412698413
0.8412698412698413
0.826278659611993
0.8109935332157554
0.8959435626102292
0.8065843621399177
0.8868312757201646
0.8242210464432687
0.8968253968253969
0.8897707231040565
0.7486772486772487
0.9015285126396237
0.6522633744855967
0.7851263962375074
0.7904174015285126
0.7965902410346855
0.8571428571428571
0.7912992357436802
0.9056437389770723
0.0005878894767783657
0.8189300411522634
0.8550852439741329
0.7533803644914756
0.8109935332157554
0.9077013521457966
0.937389770723104
0.8915343915343915
0.8083480305702528
0.8274544385655497
0.8174603174603174
0.7666078777189889
0.808641975308642
0.7951205173427396
0.9273956496178718
0.7901234567901234
0.917989417989418
0.8154027042915932
0.8436213991769548
0.8136390358612581
0.8497942386831275
0.7351557907113463
0.9071134626690183
0.893885949441505
0.8530276308054086
0.8862433862433863
0.8186360964138741
0.831275720164609
0.8186360964138741
0.829512051734274
0.8497942386831275
0.8550852439741329
0.9156378600823045
0.8024691358024691
0.9091710758377425
0.8386243386243386
0.7560258671369783
0.8527336860670194
0.800705467372134
0.791005291005291
0.8968253968253969
0.8838918283362728
0.7848324514991182
0.8359788359788359
0.9021164021164021
0.8474426807760141
0.9326866549088771
0.8445032333921223
0.9450323339212228
0.8565549676660787
0.7516166960611405
0.7328042328042328
0.8518518518518519
0.8918283362727807
0.7748383303938859
0.7084068195179306
0.8780129335684891
0.8497942386831275
0.9376837154614932
0.7748383303938859
0.8800705467372134
0.7439741328630217
0.9362139917695473
0.8148148148148148
0.86331569664903
0.766901822457378
0.544973544973545
0.8121693121693122
0.9109347442680776
0.8415637860082305
0.8715461493239272
0.8148148148148148
0.8180482069370958
0.8689006466784245
0.9112286890064668
0.935626102292769
0.8136390358612581
0.8953556731334509
0.873015873015873
0.7948265726043504
0.979129923574368
0.8109935332157554
0.9329805996472663
0.7454438565549677
0.7901234567901234
0.8209876543209876
0.6934156378600823
0.9062316284538506
0.7472075249853027
0.916519694297472
0.9238683127572016
0.8480305702527925
0.7968841857730746
0.8659611992945326
0.7912992357436802
0.37389770723104054
0.9200470311581422
0.7754262198706643
0.8985890652557319
0.9121105232216343
0.7683715461493239
0.8844797178130511
0.9391534391534392
0.8750734861845973
0.8174603174603174
0.8909465020576132
0.7992357436801881
0.8788947677836567
0.6616696061140506
0.8398001175778954
0.8065843621399177
0.8350970017636684
0.9091710758377425
0.7801293356848913
0.6375661375661376
0.7504409171075838
0.9215167548500882
0.8136390358612581
0.7236919459141682
0.8403880070546738
0.807172251616696
0.826278659611993
0.929159318048207
0.900352733686067
0.8733098177542622
0.9041740152851264
0.8154027042915932
0.8415637860082305
0.8527336860670194
0.8195179306290418
0.8947677836566725
0.7263374485596708
0.797472075249853
0.8630217519106408
0.784538506760729
0.8450911228689006
0.8009994121105232
0.839212228101117
0.7824808935920047
0.7736625514403292
0.6222810111699001
0.8068783068783069
0.7971781305114638
0.8921222810111699
0.7948265726043504
0.7848324514991182
0.8941798941798942
0.9062316284538506
0.8621399176954733
0.7807172251616696
0.916519694297472
0.8442092886537331
0.8880070546737213
0.7084068195179306
0.8239271017048795
0.7351557907113463
0.9071134626690183
0.8142269253380364
0.7510288065843621
0.8409758965314521
0.8518518518518519
0.8847736625514403
0.7915931804820694
0.908289241622575
0.8686067019400353
0.9176954732510288
