0.8915525114155252
0.9434931506849316
0.8632990867579908
0.8398972602739726
0.9035388127853882
0.851027397260274
0.9506278538812786
0.841324200913242
0.9069634703196348
0.9551940639269406
0.9432077625570776
0.7602739726027398
0.8650114155251142
0.9021118721461188
0.9092465753424658
0.9620433789954338
0.8718607305936074
0.7171803652968036
0.8350456621004566
0.7126141552511416
0.834189497716895
0.889554794520548
0.8333333333333334
0.9437785388127854
0.8361872146118722
0.9434931506849316
0.8641552511415526
0.8635844748858448
0.8852739726027398
0.8042237442922374
0.9043949771689498
0.8955479452054794
0.8561643835616438
0.8984018264840182
0.920662100456621
0.7902397260273972
0.942351598173516
0.9369292237442922
0.8809931506849316
0.8467465753424658
0.8955479452054794
0.9609018264840182
0.8935502283105022
0.8321917808219178
0.8741438356164384
0.8467465753424658
0.8521689497716894
0.8610159817351598
0.730593607305936
0.7371575342465754
0.8961187214611872
0.908675799086758
0.9009703196347032
0.9021118721461188
0.8573059360730594
0.9209474885844748
0.793093607305936
0.8447488584474886
0.9072488584474886
0.8167808219178082
0.8827054794520548
0.7782534246575342
0.9454908675799086
0.9043949771689498
0.7557077625570776
0.70662100456621
0.8949771689497716
0.8855593607305936
0.9534817351598174
0.7845319634703196
0.8493150684931506
0.8769977168949772
0.9018264840182648
0.9049657534246576
0.9549086757990868
0.8704337899543378
0.9138127853881278
0.7360159817351598
0.946917808219178
0.8410388127853882
0.9121004566210046
0.9152397260273972
0.8952625570776256
0.8929794520547946
0.8949771689497716
0.8279109589041096
0.9706050228310502
0.9434931506849316
0.8921232876712328
0.9215182648401826
0.8521689497716894
0.7816780821917808
0.8016552511415526
0.9429223744292238
0.9597602739726028
0.8567351598173516
0.8478881278538812
0.7722602739726028
0.8915525114155252
0.8712899543378996
0.9320776255707762
0.8901255707762558
0.8915525114155252
0.9023972602739726
0.814783105022831
0.853310502283105
0.8906963470319634
0.7542808219178082
0.8421803652968036
0.8827054794520548
0.8250570776255708
0.8695776255707762
0.809931506849315
0.8578767123287672
0.9192351598173516
0.915810502283105
0.9203767123287672
0.7514269406392694
0.8687214611872146
0.9611872146118722
0.8647260273972602
0.867865296803653
0.898972602739726
0.9049657534246576
0.8667237442922374
0.8698630136986302
0.9360730593607306
0.8787100456621004
0.97574200913242
0.8247716894977168
0.8812785388127854
0.9526255707762558
0.9297945205479452
0.9580479452054794
0.836472602739726
0.7876712328767124
0.7617009132420092
0.4260844748858447
0.8538812785388128
0.781392694063927
0.877568493150685
0.8670091324200914
0.8984018264840182
0.7371575342465754
0.9486301369863014
0.8952625570776256
0.769406392694064
0.7614155251141552
0.9075342465753424
0.7617009132420092
0.9412100456621004
0.9820205479452054
0.8901255707762558
0.8122146118721462
0.829337899543379
0.9460616438356164
0.9189497716894978
0.8359018264840182
0.834189497716895
0.8615867579908676
0.9023972602739726
0.870148401826484
0.9529109589041096
0.9803082191780822
0.9372146118721462
0.9246575342465754
0.867865296803653
0.8010844748858448
0.8105022831050228
0.7922374429223744
0.7263127853881278
0.9143835616438356
0.8969748858447488
0.8256278538812786
0.908675799086758
0.9726027397260274
0.817351598173516
0.8904109589041096
0.95662100456621
0.7591324200913242
0.9238013698630136
0.9723173515981736
0.9774543378995434
0.8133561643835616
0.8404680365296804
0.9260844748858448
0.8752853881278538
0.7194634703196348
0.6429794520547946
0.7323059360730594
0.8433219178082192
0.7968036529680366
0.8153538812785388
0.9500570776255708
0.8213470319634704
0.9272260273972602
0.8025114155251142
0.9420662100456622
0.9146689497716894
0.8453196347031964
0.8632990867579908
0.7962328767123288
0.831906392694064
0.9240867579908676
0.9412100456621004
0.884703196347032
0.9226598173515982
0.9257990867579908
0.7922374429223744
0.944920091324201
0.8247716894977168
0.8304794520547946
0.872716894977169
0.85074200913242
0.9275114155251142
0.8230593607305936
0.7842465753424658
0.5450913242009132
0.8353310502283106
0.821917808219178
0.8547374429223744
0.9437785388127854
0.9417808219178082
0.908675799086758
0.7696917808219178
0.9840182648401826
0.8958333333333334
0.8233447488584474
0.8904109589041096
0.05507990867579909
0.9486301369863014
0.9514840182648402
0.8835616438356164
0.8975456621004566
0.9840182648401826
0.8284817351598174
0.9238013698630136
0.8570205479452054
0.9269406392694064
0.8926940639269406
0.9432077625570776
0.860730593607306
0.7722602739726028
0.8978310502283106
0.8007990867579908
0.9454908675799086
0.8635844748858448
0.7796803652968036
0.8835616438356164
0.728310502283105
0.8921232876712328
0.8515981735159818
0.8210616438356164
0.8841324200913242
0.879851598173516
0.8130707762557078
0.8045091324200914
0.7848173515981736
0.8952625570776256
0.9101027397260274
0.9897260273972602
0.8809931506849316
0.7913812785388128
0.9437785388127854
0.7411529680365296
0.9240867579908676
0.8433219178082192
0.8002283105022832
0.7457191780821918
0.8670091324200914
0.7054794520547946
0.8515981735159818
0.8584474885844748
0.7676940639269406
0.8635844748858448
0.906392694063927
0.860445205479452
0.9372146118721462
0.8801369863013698
0.963755707762557
0.8421803652968036
0.9046803652968036
0.865582191780822
0.8926940639269406
0.7702625570776256
0.8119292237442922
0.8476027397260274
0.91324200913242
0.9392123287671232
0.9149543378995434
0.8478881278538812
0.7699771689497716
0.8886986301369864
0.8650114155251142
0.8978310502283106
0.7696917808219178
0.8827054794520548
0.8610159817351598
0.7648401826484018
0.9018264840182648
0.8527397260273972
0.8969748858447488
0.9486301369863014
0.73087899543379
0.8861301369863014
0.819920091324201
0.9340753424657534
0.8815639269406392
0.9554794520547946
0.788527397260274
0.9166666666666666
0.8812785388127854
0.9021118721461188
0.8259132420091324
0.9152397260273972
0.9726027397260274
0.9594748858447488
0.9272260273972602
0.964041095890411
0.889269406392694
0.8079337899543378
0.9078196347031964
0.9671803652968036
0.7368721461187214
0.7779680365296804
0.9126712328767124
0.9126712328767124
0.8467465753424658
0.838755707762557
0.9126712328767124
0.8670091324200914
0.9163812785388128
0.7728310502283106
0.9323630136986302
0.7845319634703196
0.9198059360730594
0.9249429223744292
0.9266552511415526
0.8613013698630136
0.8142123287671232
0.8130707762557078
0.8849885844748858
0.8524543378995434
0.8664383561643836
0.8239155251141552
0.9055365296803652
0.9346461187214612
0.9651826484018264
0.8849885844748858
0.8384703196347032
0.9377853881278538
0.8527397260273972
0.8130707762557078
0.9315068493150684
0.8787100456621004
0.8801369863013698
0.9563356164383562
0.9714611872146118
0.9212328767123288
0.9631849315068494
0.8641552511415526
0.906107305936073
0.9791666666666666
0.8984018264840182
0.8327625570776256
0.9272260273972602
0.9549086757990868
0.8464611872146118
0.7676940639269406
0.7828196347031964
0.7791095890410958
0.8981164383561644
0.9357876712328768
0.9078196347031964
0.8767123287671232
0.783675799086758
0.7588470319634704
0.9098173515981736
0.9009703196347032
0.817351598173516
0.8210616438356164
0.8042237442922374
0.9115296803652968
0.918093607305936
0.8638698630136986
0.802796803652968
0.8416095890410958
0.8730022831050228
0.8764269406392694
0.8398972602739726
0.9728881278538812
0.928082191780822
0.9837328767123288
0.8187785388127854
0.7226027397260274
0.906107305936073
0.8116438356164384
0.8601598173515982
0.9546232876712328
0.896689497716895
0.8233447488584474
0.8567351598173516
0.7628424657534246
0.8795662100456622
0.8849885844748858
0.9492009132420092
0.8949771689497716
0.8216324200913242
0.877283105022831
0.8458904109589042
0.964041095890411
0.8296232876712328
0.8744292237442922
0.8610159817351598
0.7871004566210046
0.9306506849315068
0.8715753424657534
0.8036529680365296
0.9486301369863014
0.786244292237443
0.9463470319634704
0.8955479452054794
0.9317922374429224
0.9295091324200914
0.8561643835616438
0.8424657534246576
0.829337899543379
0.9006849315068494
0.9198059360730594
0.3353310502283105
0.8618721461187214
0.8478881278538812
0.882420091324201
0.8456050228310502
0.894406392694064
0.8935502283105022
0.7608447488584474
0.9089611872146118
0.8490296803652968
0.7711187214611872
0.7457191780821918
0.8290525114155252
0.884703196347032
0.802796803652968
0.9238013698630136
0.4748858447488584
0.8969748858447488
0.8433219178082192
0.7243150684931506
0.6358447488584474
0.8553082191780822
0.8544520547945206
0.8841324200913242
0.9511986301369864
0.7345890410958904
0.95662100456621
0.886986301369863
0.9409246575342466
0.791095890410959
0.9018264840182648
0.9155251141552512
0.819920091324201
0.9041095890410958
0.8210616438356164
0.932648401826484
0.9563356164383562
0.9186643835616438
0.9646118721461188
0.870148401826484
0.8493150684931506
0.898972602739726
0.7965182648401826
0.8852739726027398
0.916095890410959
0.8473173515981736
0.894406392694064
0.9489155251141552
0.9443493150684932
0.8470319634703196
0.944920091324201
0.8978310502283106
0.9474885844748858
0.7782534246575342
0.9226598173515982
0.7174657534246576
0.8481735159817352
0.7325913242009132
0.8527397260273972
0.9289383561643836
0.8610159817351598
0.815068493150685
0.8741438356164384
0.891837899543379
0.8544520547945206
0.771404109589041
0.9163812785388128
0.882420091324201
0.9003995433789954
0.9463470319634704
0.761986301369863
0.896689497716895
0.9429223744292238
0.9420662100456622
0.9317922374429224
0.9083904109589042
0.7865296803652968
0.8695776255707762
0.8284817351598174
0.8513127853881278
0.6738013698630136
0.9121004566210046
0.896689497716895
0.920662100456621
0.901255707762557
0.8156392694063926
0.9594748858447488
0.910958904109589
0.7208904109589042
0.8946917808219178
0.9369292237442922
0.8250570776255708
0.8975456621004566
0.9823059360730594
0.8159246575342466
0.906392694063927
0.7551369863013698
0.9363584474885844
0.8841324200913242
0.947203196347032
0.9018264840182648
0.8915525114155252
0.9006849315068494
0.740582191780822
0.7696917808219178
0.952054794520548
0.8730022831050228
0.7431506849315068
0.9648972602739726
0.9275114155251142
0.8924086757990868
0.8416095890410958
0.848744292237443
0.7662671232876712
0.858162100456621
0.5964611872146118
0.8792808219178082
0.8022260273972602
0.7674086757990868
0.896404109589041
0.8493150684931506
0.896689497716895
0.9155251141552512
0.8758561643835616
0.7502853881278538
0.9717465753424658
0.8761415525114156
0.8153538812785388
0.8901255707762558
0.8764269406392694
0.8867009132420092
0.7822488584474886
0.8958333333333334
0.8085045662100456
0.889554794520548
0.942351598173516
0.906107305936073
0.8496004566210046
0.843607305936073
0.8769977168949772
0.7654109589041096
0.7634132420091324
0.8904109589041096
0.822203196347032
0.8404680365296804
0.8795662100456622
0.7976598173515982
0.9083904109589042
0.8898401826484018
0.8815639269406392
0.894406392694064
0.870148401826484
0.8550228310502284
0.9023972602739726
0.7539954337899544
0.7719748858447488
0.8730022831050228
0.9754566210045662
0.8427511415525114
0.9240867579908676
0.9001141552511416
0.8906963470319634
0.9486301369863014
0.8441780821917808
0.9058219178082192
0.7545662100456622
0.9195205479452054
0.9332191780821918
0.9095319634703196
0.9058219178082192
0.8730022831050228
0.7094748858447488
0.8010844748858448
0.8538812785388128
0.8789954337899544
0.759417808219178
0.9269406392694064
0.8456050228310502
0.8467465753424658
0.9357876712328768
0.9046803652968036
0.9412100456621004
0.8932648401826484
0.8758561643835616
0.8815639269406392
0.9292237442922374
0.7422945205479452
0.7665525114155252
0.8327625570776256
0.9366438356164384
0.8273401826484018
0.7728310502283106
0.8456050228310502
0.8007990867579908
0.8744292237442922
0.8261986301369864
0.7263127853881278
0.9121004566210046
0.8687214611872146
0.8664383561643836
0.8984018264840182
0.896404109589041
0.9043949771689498
0.8361872146118722
0.793093607305936
0.841324200913242
0.9029680365296804
0.8304794520547946
0.91837899543379
0.9577625570776256
0.891837899543379
0.8430365296803652
0.95662100456621
0.9497716894977168
0.8213470319634704
0.8912671232876712
0.8224885844748858
0.884703196347032
0.9169520547945206
0.8105022831050228
0.8321917808219178
0.846175799086758
0.8261986301369864
0.771404109589041
0.9257990867579908
0.8344748858447488
0.8496004566210046
0.9580479452054794
0.7634132420091324
0.9386415525114156
0.8401826484018264
0.8827054794520548
0.8515981735159818
0.8978310502283106
0.8570205479452054
0.8704337899543378
0.7799657534246576
0.9432077625570776
0.867865296803653
0.8538812785388128
0.742579908675799
0.9563356164383562
0.947203196347032
0.9386415525114156
0.867865296803653
0.8935502283105022
0.85587899543379
0.8741438356164384
0.8575913242009132
0.901255707762557
0.824486301369863
0.8926940639269406
0.9075342465753424
0.8016552511415526
0.9603310502283106
0.8321917808219178
0.9463470319634704
0.8815639269406392
0.85587899543379
0.793093607305936
0.8033675799086758
0.9046803652968036
0.865296803652968
0.8530251141552512
0.8530251141552512
0.8935502283105022
0.7006278538812786
0.8681506849315068
0.9035388127853882
0.6786529680365296
0.8984018264840182
0.9169520547945206
0.8881278538812786
0.8801369863013698
0.8670091324200914
0.83675799086758
0.8441780821917808
0.916095890410959
0.7177511415525114
0.795662100456621
0.8647260273972602
0.8321917808219178
0.8478881278538812
0.9058219178082192
0.7802511415525114
0.8530251141552512
0.9083904109589042
0.843607305936073
0.8949771689497716
0.9032534246575342
0.8393264840182648
0.9089611872146118
0.8955479452054794
0.906107305936073
0.8039383561643836
0.9041095890410958
0.8658675799086758
0.9155251141552512
0.8638698630136986
0.9138127853881278
0.9138127853881278
0.9041095890410958
0.8718607305936074
0.8972602739726028
0.944634703196347
0.89925799086758
0.7528538812785388
0.7297374429223744
0.8955479452054794
0.951769406392694
0.848744292237443
0.923230593607306
0.8553082191780822
0.9754566210045662
0.7973744292237442
0.940068493150685
0.8949771689497716
0.8458904109589042
0.9477739726027398
0.821917808219178
0.6663812785388128
0.8584474885844748
0.8692922374429224
0.9306506849315068
0.8984018264840182
0.9075342465753424
0.946917808219178
0.8889840182648402
0.7505707762557078
0.7200342465753424
0.8578767123287672
0.9052511415525114
0.8567351598173516
0.9309360730593608
0.7999429223744292
0.8176369863013698
0.786244292237443
0.8296232876712328
0.9386415525114156
0.8310502283105022
0.867865296803653
0.915810502283105
0.838755707762557
0.8307648401826484
0.9309360730593608
0.8336187214611872
0.9186643835616438
0.8418949771689498
0.9329337899543378
0.8159246575342466
0.8521689497716894
0.9223744292237442
0.8901255707762558
0.8430365296803652
0.8949771689497716
0.7959474885844748
0.9503424657534246
0.8789954337899544
0.8036529680365296
0.8327625570776256
0.6806506849315068
0.9754566210045662
0.8213470319634704
0.9172374429223744
0.771689497716895
0.9295091324200914
0.8952625570776256
0.8518835616438356
0.9317922374429224
0.9306506849315068
0.9337899543378996
0.9003995433789954
0.848458904109589
0.8755707762557078
0.8809931506849316
0.8615867579908676
0.5784817351598174
0.8353310502283106
0.916095890410959
0.9529109589041096
0.7962328767123288
0.8969748858447488
0.9651826484018264
0.7888127853881278
0.9066780821917808
0.89925799086758
0.9101027397260274
0.8658675799086758
0.10416666666666667
0.958904109589041
0.8735730593607306
0.867865296803653
0.939783105022831
0.9121004566210046
0.870148401826484
0.8627283105022832
0.8467465753424658
0.8926940639269406
0.9557648401826484
0.918093607305936
0.853595890410959
0.797945205479452
0.910958904109589
0.865582191780822
0.8464611872146118
0.8290525114155252
0.932648401826484
0.8995433789954338
0.8416095890410958
0.8287671232876712
0.9323630136986302
0.954337899543379
0.7785388127853882
0.9417808219178082
0.9226598173515982
0.9003995433789954
0.6815068493150684
0.8564497716894978
0.9192351598173516
0.9066780821917808
0.872431506849315
0.7203196347031964
0.9021118721461188
0.9240867579908676
0.761986301369863
0.8664383561643836
0.8878424657534246
0.7457191780821918
0.8456050228310502
0.7942351598173516
0.8176369863013698
0.8932648401826484
0.89925799086758
0.8730022831050228
0.875
0.7622716894977168
0.7999429223744292
0.9243721461187214
0.8889840182648402
0.9149543378995434
0.8841324200913242
0.9195205479452054
0.8301940639269406
0.8835616438356164
0.8752853881278538
0.9240867579908676
0.8667237442922374
0.83162100456621
0.8538812785388128
0.9511986301369864
0.9003995433789954
0.8981164383561644
0.9021118721461188
0.8984018264840182
0.9392123287671232
0.7554223744292238
0.9155251141552512
0.7816780821917808
0.853595890410959
0.8667237442922374
0.906107305936073
0.8521689497716894
0.8456050228310502
0.954337899543379
0.8587328767123288
0.8553082191780822
0.786244292237443
0.9466324200913242
0.9429223744292238
0.9106735159817352
0.9420662100456622
0.9289383561643836
0.8815639269406392
0.8744292237442922
0.6963470319634704
0.9269406392694064
0.815068493150685
0.7685502283105022
0.8972602739726028
0.9069634703196348
0.9497716894977168
0.9200913242009132
0.9320776255707762
0.8133561643835616
0.8593036529680366
0.9023972602739726
0.9029680365296804
0.8187785388127854
0.918093607305936
0.9043949771689498
0.951769406392694
0.8807077625570776
0.9534817351598174
0.793093607305936
0.9283675799086758
0.939783105022831
0.8070776255707762
0.8381849315068494
0.841324200913242
0.834189497716895
0.9089611872146118
0.882134703196347
0.8627283105022832
0.8176369863013698
0.8692922374429224
0.908675799086758
0.7557077625570776
0.872716894977169
0.8590182648401826
0.8515981735159818
0.89925799086758
0.6957762557077626
0.7109018264840182
0.855593607305936
0.91837899543379
0.7057648401826484
0.7734018264840182
0.9523401826484018
0.7654109589041096
0.8227739726027398
0.8404680365296804
0.9058219178082192
0.7448630136986302
0.814783105022831
0.8758561643835616
0.9283675799086758
0.8082191780821918
0.803082191780822
0.9118150684931506
0.9041095890410958
0.9049657534246576
0.7254566210045662
0.9443493150684932
0.9708904109589042
0.8327625570776256
0.8561643835616438
0.7636986301369864
0.9115296803652968
0.9366438356164384
0.8301940639269406
0.8738584474885844
0.9377853881278538
0.9466324200913242
0.9163812785388128
0.7651255707762558
0.6426940639269406
0.6164383561643836
0.891837899543379
0.7314497716894978
0.829337899543379
0.7839611872146118
0.867865296803653
0.8441780821917808
0.8670091324200914
0.9386415525114156
0.8878424657534246
0.8747146118721462
0.8184931506849316
0.884703196347032
0.8644406392694064
0.8815639269406392
0.735730593607306
0.9215182648401826
0.851027397260274
0.8690068493150684
0.8496004566210046
0.8307648401826484
0.8396118721461188
0.9651826484018264
0.8698630136986302
0.8792808219178082
0.846175799086758
0.6769406392694064
0.7970890410958904
0.6666666666666666
0.8570205479452054
0.8261986301369864
0.836472602739726
0.8504566210045662
0.9246575342465754
0.958904109589041
0.860445205479452
0.7063356164383562
0.85074200913242
0.7768264840182648
0.8153538812785388
0.8921232876712328
0.8350456621004566
0.918093607305936
0.8530251141552512
0.8301940639269406
0.9240867579908676
0.6738013698630136
0.8182077625570776
0.8544520547945206
0.8752853881278538
0.8735730593607306
0.8299086757990868
0.9195205479452054
0.793093607305936
0.8635844748858448
0.8464611872146118
0.8695776255707762
0.89925799086758
0.8578767123287672
0.8085045662100456
0.8755707762557078
0.6198630136986302
0.8561643835616438
0.8236301369863014
0.8804223744292238
0.9098173515981736
0.8276255707762558
0.95662100456621
0.8287671232876712
0.9260844748858448
0.740582191780822
0.949486301369863
0.9306506849315068
0.9126712328767124
0.958904109589041
0.906392694063927
0.9511986301369864
0.9571917808219178
0.9714611872146118
0.8695776255707762
0.9820205479452054
0.9454908675799086
0.8276255707762558
0.9126712328767124
0.886986301369863
0.7420091324200914
0.8969748858447488
0.956906392694064
0.9369292237442922
0.884703196347032
0.867579908675799
0.9611872146118722
0.8730022831050228
0.7736872146118722
0.9138127853881278
0.7890981735159818
0.7665525114155252
0.8627283105022832
0.8952625570776256
0.9426369863013698
0.9049657534246576
0.8638698630136986
0.8898401826484018
0.8812785388127854
0.8946917808219178
0.8801369863013698
0.898972602739726
0.9483447488584474
0.7839611872146118
0.9320776255707762
0.9101027397260274
0.939783105022831
0.8735730593607306
0.8330479452054794
0.9335045662100456
0.964041095890411
0.9286529680365296
0.91324200913242
0.9263698630136986
0.8087899543378996
0.9332191780821918
0.8456050228310502
0.9814497716894978
0.9257990867579908
0.8909817351598174
0.8105022831050228
0.8904109589041096
0.9098173515981736
0.8313356164383562
0.9240867579908676
0.8324771689497716
0.85074200913242
0.8575913242009132
0.8730022831050228
0.8330479452054794
0.8401826484018264
0.8932648401826484
0.9106735159817352
0.8575913242009132
0.8179223744292238
0.8378995433789954
0.875
0.7893835616438356
0.6786529680365296
0.8359018264840182
0.9272260273972602
0.8904109589041096
0.940068493150685
0.946917808219178
0.9355022831050228
0.8125
0.8056506849315068
0.9720319634703196
0.7962328767123288
0.8778538812785388
0.906107305936073
0.9417808219178082
0.8164954337899544
0.934931506849315
0.906107305936073
0.853310502283105
0.8478881278538812
0.7993721461187214
0.8921232876712328
0.947203196347032
0.8441780821917808
0.831906392694064
0.8370433789954338
0.8176369863013698
0.9003995433789954
0.6986301369863014
0.891837899543379
0.9443493150684932
0.838755707762557
0.8501712328767124
0.7973744292237442
0.8307648401826484
0.7622716894977168
0.8958333333333334
0.7962328767123288
0.9343607305936074
0.952054794520548
0.7953767123287672
0.7871004566210046
0.7942351598173516
0.8373287671232876
0.9226598173515982
0.8501712328767124
0.9055365296803652
0.7959474885844748
0.9066780821917808
0.7996575342465754
0.8747146118721462
0.7519977168949772
0.9335045662100456
0.822203196347032
0.894406392694064
0.7990867579908676
0.9083904109589042
0.9309360730593608
0.9317922374429224
0.916095890410959
0.9483447488584474
0.7696917808219178
0.9728881278538812
0.8139269406392694
0.7656963470319634
0.7545662100456622
0.8421803652968036
0.901541095890411
0.8421803652968036
0.8764269406392694
0.9474885844748858
0.8789954337899544
0.8889840182648402
0.8858447488584474
0.8906963470319634
0.7054794520547946
0.9286529680365296
0.8998287671232876
0.9489155251141552
0.9503424657534246
0.9021118721461188
0.8036529680365296
0.771404109589041
0.7109018264840182
0.9557648401826484
0.9001141552511416
0.9343607305936074
0.9531963470319634
0.843607305936073
0.9003995433789954
0.8373287671232876
0.7648401826484018
0.7368721461187214
0.9295091324200914
0.8864155251141552
0.9668949771689498
0.7973744292237442
0.7545662100456622
0.798230593607306
0.8858447488584474
0.7485730593607306
0.7942351598173516
0.8690068493150684
0.7457191780821918
0.9466324200913242
0.7417237442922374
0.848458904109589
0.7879566210045662
0.8613013698630136
0.7214611872146118
0.853310502283105
0.793093607305936
0.8450342465753424
0.8867009132420092
0.9003995433789954
0.9257990867579908
0.9166666666666666
0.9035388127853882
0.8789954337899544
0.6763698630136986
0.879851598173516
0.8641552511415526
0.9249429223744292
0.8935502283105022
0.8904109589041096
0.9452054794520548
0.8490296803652968
0.6406963470319634
0.843607305936073
0.7793949771689498
0.8661529680365296
0.9434931506849316
0.8356164383561644
0.8538812785388128
0.8247716894977168
0.98087899543379
0.8832762557077626
0.8456050228310502
0.9095319634703196
0.9286529680365296
0.9021118721461188
0.9246575342465754
0.8758561643835616
0.8949771689497716
0.9315068493150684
0.757134703196347
0.9606164383561644
0.9163812785388128
0.8667237442922374
0.8621575342465754
0.807648401826484
0.8875570776255708
0.9372146118721462
0.7899543378995434
0.85587899543379
0.8995433789954338
0.9363584474885844
0.8650114155251142
0.884417808219178
0.901541095890411
0.8764269406392694
0.8624429223744292
0.9366438356164384
0.9283675799086758
0.8615867579908676
0.9654680365296804
0.8986872146118722
0.7736872146118722
0.8547374429223744
0.8259132420091324
0.7939497716894978
0.8932648401826484
0.9788812785388128
0.7973744292237442
0.8638698630136986
0.8233447488584474
0.9155251141552512
0.9006849315068494
0.97574200913242
0.8889840182648402
0.9788812785388128
0.9021118721461188
0.8250570776255708
0.9480593607305936
0.9814497716894978
0.8852739726027398
0.7671232876712328
0.865296803652968
0.920662100456621
0.7397260273972602
0.9215182648401826
0.9648972602739726
0.7856735159817352
0.778824200913242
0.9018264840182648
0.9200913242009132
0.9032534246575342
0.8698630136986302
0.8276255707762558
0.6883561643835616
0.867579908675799
0.8915525114155252
0.805365296803653
0.8070776255707762
0.940068493150685
0.9209474885844748
0.7148972602739726
0.8986872146118722
0.8835616438356164
0.9189497716894978
0.8986872146118722
0.877568493150685
0.9283675799086758
0.8550228310502284
0.9480593607305936
0.8864155251141552
0.8498858447488584
0.9557648401826484
0.8889840182648402
0.7622716894977168
0.8504566210045662
0.8113584474885844
0.9340753424657534
0.838755707762557
0.9791666666666666
0.946917808219178
0.9169520547945206
0.940068493150685
0.9874429223744292
0.935216894977169
0.9021118721461188
0.9235159817351598
0.8738584474885844
0.8650114155251142
0.98087899543379
0.8841324200913242
0.911244292237443
0.8664383561643836
0.9272260273972602
0.9152397260273972
0.930365296803653
0.930365296803653
0.7699771689497716
0.906392694063927
0.8578767123287672
0.952054794520548
0.8650114155251142
0.9426369863013698
0.9129566210045662
0.786244292237443
0.9029680365296804
0.9631849315068494
0.870148401826484
0.932648401826484
0.9257990867579908
0.8969748858447488
0.8952625570776256
0.8433219178082192
0.7674086757990868
0.9081050228310502
0.959189497716895
0.8193493150684932
0.7648401826484018
0.8458904109589042
0.9095319634703196
0.8881278538812786
0.8886986301369864
0.8690068493150684
0.9246575342465754
0.901255707762557
0.9714611872146118
0.8458904109589042
0.8958333333333334
0.8476027397260274
0.930079908675799
0.9377853881278538
0.9394977168949772
0.853595890410959
0.8915525114155252
0.8961187214611872
0.894406392694064
0.8695776255707762
0.7945205479452054
0.8972602739726028
0.7097602739726028
0.6960616438356164
0.8433219178082192
0.745148401826484
0.7782534246575342
0.8670091324200914
0.8613013698630136
0.8376141552511416
0.7420091324200914
0.91837899543379
0.8370433789954338
0.7291666666666666
0.9072488584474886
0.788527397260274
0.8550228310502284
0.8067922374429224
0.853310502283105
0.8692922374429224
0.9403538812785388
0.9317922374429224
0.8809931506849316
0.9260844748858448
0.8504566210045662
0.7962328767123288
0.9774543378995434
0.8453196347031964
0.853595890410959
0.7848173515981736
0.8627283105022832
0.7565639269406392
0.805365296803653
0.8852739726027398
0.8755707762557078
0.9497716894977168
0.8447488584474886
0.889269406392694
0.8287671232876712
0.8370433789954338
0.7833904109589042
0.8849885844748858
0.9460616438356164
0.8373287671232876
0.8610159817351598
0.853310502283105
0.8721461187214612
0.9001141552511416
0.9138127853881278
0.843607305936073
0.9146689497716894
0.8935502283105022
0.889269406392694
0.8815639269406392
0.9066780821917808
0.8932648401826484
0.9751712328767124
0.8450342465753424
0.8804223744292238
0.9203767123287672
0.8333333333333334
0.9557648401826484
0.7037671232876712
0.8481735159817352
0.9089611872146118
0.901255707762557
0.8838470319634704
0.8912671232876712
0.973458904109589
0.9123858447488584
0.9103881278538812
0.9754566210045662
0.8955479452054794
0.963755707762557
0.8904109589041096
0.9003995433789954
0.8022260273972602
0.8039383561643836
0.8670091324200914
0.8984018264840182
0.9292237442922374
0.8361872146118722
0.9246575342465754
0.802796803652968
0.7106164383561644
0.9628995433789954
0.8247716894977168
0.9152397260273972
0.9477739726027398
0.9337899543378996
0.8921232876712328
0.8864155251141552
0.71175799086758
0.9377853881278538
0.9266552511415526
0.8969748858447488
0.896404109589041
0.8410388127853882
0.8818493150684932
0.6866438356164384
0.8621575342465754
0.7970890410958904
0.8730022831050228
0.8396118721461188
0.8972602739726028
0.7171803652968036
0.8547374429223744
0.8952625570776256
0.7896689497716894
0.9240867579908676
0.8827054794520548
0.9121004566210046
0.8858447488584474
0.8690068493150684
0.821917808219178
0.9369292237442922
0.9460616438356164
0.7851027397260274
0.7191780821917808
0.9072488584474886
0.7948059360730594
0.8233447488584474
0.8136415525114156
0.9075342465753424
0.8958333333333334
0.9549086757990868
0.863013698630137
0.8730022831050228
0.927796803652968
0.8284817351598174
0.7990867579908676
0.821917808219178
0.8924086757990868
0.8127853881278538
0.848458904109589
0.8621575342465754
0.7942351598173516
0.8935502283105022
0.8615867579908676
0.9286529680365296
0.9098173515981736
0.872431506849315
0.942351598173516
0.8381849315068494
0.944920091324201
0.8969748858447488
0.6601027397260274
0.9092465753424658
0.7779680365296804
0.9780251141552512
0.8829908675799086
0.7913812785388128
0.7808219178082192
0.8127853881278538
0.83675799086758
0.841324200913242
0.8281963470319634
0.9009703196347032
0.8042237442922374
0.9486301369863014
0.7248858447488584
0.7554223744292238
0.8969748858447488
0.7051940639269406
0.889269406392694
0.9081050228310502
0.7679794520547946
0.9235159817351598
0.867865296803653
0.9126712328767124
0.6352739726027398
0.776541095890411
0.8096461187214612
0.894406392694064
0.9546232876712328
0.7445776255707762
0.9172374429223744
0.841324200913242
0.934931506849315
0.9263698630136986
0.9218036529680366
0.9306506849315068
0.930365296803653
0.7942351598173516
0.8424657534246576
0.9055365296803652
0.872716894977169
0.9138127853881278
0.8381849315068494
0.78824200913242
0.5924657534246576
0.9032534246575342
0.8849885844748858
0.805365296803653
0.8769977168949772
0.9041095890410958
0.8527397260273972
0.8852739726027398
0.7973744292237442
0.8861301369863014
0.8230593607305936
0.8684360730593608
0.8898401826484018
0.8264840182648402
0.9192351598173516
0.9489155251141552
0.9714611872146118
0.9800228310502284
0.8550228310502284
0.8444634703196348
0.9021118721461188
0.8059360730593608
0.9223744292237442
0.8801369863013698
0.922945205479452
0.8932648401826484
0.7925228310502284
0.8955479452054794
0.8852739726027398
0.824486301369863
0.9018264840182648
0.946917808219178
0.7605593607305936
0.843607305936073
0.920662100456621
0.819634703196347
0.8481735159817352
0.9355022831050228
0.9103881278538812
0.954337899543379
0.786244292237443
0.5996004566210046
0.00028538812785388126
0.834189497716895
0.8852739726027398
0.8781392694063926
0.8344748858447488
0.935216894977169
0.889554794520548
0.8359018264840182
0.927796803652968
0.9266552511415526
0.906107305936073
0.7588470319634704
0.7913812785388128
0.9297945205479452
0.848744292237443
0.8193493150684932
0.8958333333333334
0.7722602739726028
0.7191780821917808
0.8307648401826484
0.889554794520548
0.9009703196347032
0.9035388127853882
0.8932648401826484
0.925513698630137
0.8359018264840182
0.8430365296803652
0.870148401826484
0.8835616438356164
0.8564497716894978
0.8427511415525114
0.8144977168949772
0.9315068493150684
0.9066780821917808
0.9126712328767124
0.8042237442922374
0.9260844748858448
0.896404109589041
0.8398972602739726
0.9403538812785388
0.8336187214611872
0.8915525114155252
0.8450342465753424
0.8747146118721462
0.9095319634703196
0.8527397260273972
0.8478881278538812
0.8598744292237442
0.9843036529680366
0.9029680365296804
0.920662100456621
0.9623287671232876
0.9092465753424658
0.9035388127853882
0.910958904109589
0.848744292237443
0.9529109589041096
0.6452625570776256
0.9295091324200914
0.89925799086758
0.9457762557077626
0.9055365296803652
0.8490296803652968
0.9126712328767124
0.944920091324201
0.8878424657534246
0.877568493150685
0.7748287671232876
0.8915525114155252
0.8378995433789954
0.810216894977169
0.7097602739726028
0.9021118721461188
0.77425799086758
0.8521689497716894
0.807648401826484
0.8975456621004566
0.9075342465753424
0.8481735159817352
0.8690068493150684
0.9720319634703196
0.9315068493150684
0.930079908675799
0.8036529680365296
0.9269406392694064
0.8838470319634704
0.8909817351598174
0.754851598173516
0.8635844748858448
0.9041095890410958
0.9257990867579908
0.901541095890411
0.7945205479452054
0.7271689497716894
0.8858447488584474
0.8878424657534246
0.8264840182648402
0.85587899543379
0.8961187214611872
0.8433219178082192
0.9594748858447488
0.7420091324200914
0.8615867579908676
0.8670091324200914
0.882420091324201
0.8861301369863014
0.8033675799086758
0.918093607305936
0.9200913242009132
0.8170662100456622
0.9683219178082192
0.8741438356164384
0.4531963470319635
0.9143835616438356
0.7588470319634704
0.8804223744292238
0.8667237442922374
0.7628424657534246
0.7274543378995434
0.7665525114155252
0.8769977168949772
0.8133561643835616
0.7865296803652968
0.8164954337899544
0.8938356164383562
0.8926940639269406
0.8530251141552512
0.790810502283105
0.8758561643835616
0.9666095890410958
0.9840182648401826
0.8139269406392694
0.9055365296803652
0.9126712328767124
0.7871004566210046
0.9551940639269406
0.908675799086758
0.8781392694063926
0.9486301369863014
0.9098173515981736
0.9346461187214612
0.9500570776255708
0.8692922374429224
0.9492009132420092
0.9169520547945206
0.8330479452054794
0.8359018264840182
0.6595319634703196
0.8886986301369864
0.9500570776255708
0.872716894977169
0.9703196347031964
0.8515981735159818
0.9143835616438356
0.8433219178082192
0.8998287671232876
0.8167808219178082
0.8513127853881278
0.797945205479452
0.8795662100456622
0.906392694063927
0.8239155251141552
0.8721461187214612
0.9055365296803652
0.8781392694063926
0.9751712328767124
0.9409246575342466
0.8975456621004566
0.8809931506849316
0.8281963470319634
0.8855593607305936
0.9403538812785388
0.9209474885844748
0.8476027397260274
0.9323630136986302
0.8407534246575342
0.9138127853881278
0.7871004566210046
0.928082191780822
0.9466324200913242
0.8747146118721462
0.8958333333333334
0.8344748858447488
0.8747146118721462
0.8524543378995434
0.9717465753424658
0.8767123287671232
0.9554794520547946
0.8473173515981736
0.8573059360730594
0.8164954337899544
0.8618721461187214
0.91837899543379
0.8958333333333334
0.9434931506849316
0.8998287671232876
0.752283105022831
0.9443493150684932
0.8695776255707762
0.8926940639269406
0.8142123287671232
0.8961187214611872
0.9146689497716894
0.8330479452054794
0.8698630136986302
0.7488584474885844
0.8849885844748858
0.9215182648401826
0.8082191780821918
0.7973744292237442
0.9492009132420092
0.8464611872146118
0.8986872146118722
0.8119292237442922
0.8672945205479452
0.7970890410958904
0.944920091324201
0.596175799086758
0.9146689497716894
0.754851598173516
0.7728310502283106
0.8062214611872146
0.391837899543379
0.8538812785388128
0.9489155251141552
0.9055365296803652
0.8986872146118722
0.8333333333333334
0.8969748858447488
0.9466324200913242
0.8407534246575342
0.9043949771689498
0.8764269406392694
0.8433219178082192
0.7337328767123288
0.9092465753424658
0.8949771689497716
0.9537671232876712
0.4954337899543379
0.9023972602739726
0.9357876712328768
0.946917808219178
0.9366438356164384
0.841324200913242
0.7488584474885844
0.9306506849315068
0.8764269406392694
0.8013698630136986
0.9209474885844748
0.9123858447488584
0.738013698630137
0.8904109589041096
0.8065068493150684
0.8898401826484018
0.8924086757990868
0.9480593607305936
0.8501712328767124
0.7542808219178082
0.9152397260273972
0.8832762557077626
0.9343607305936074
0.9198059360730594
0.8541666666666666
0.7799657534246576
0.7203196347031964
0.7728310502283106
0.822203196347032
0.9203767123287672
0.8738584474885844
0.9041095890410958
0.9646118721461188
0.8961187214611872
0.9643264840182648
0.9152397260273972
0.8627283105022832
0.8670091324200914
0.9414954337899544
0.8949771689497716
0.9052511415525114
0.7265981735159818
0.8284817351598174
0.7049086757990868
0.8541666666666666
0.9195205479452054
0.9623287671232876
0.8404680365296804
0.8493150684931506
0.8553082191780822
0.8113584474885844
0.9306506849315068
0.8635844748858448
0.5881849315068494
0.9126712328767124
0.8949771689497716
0.968607305936073
0.8119292237442922
0.7876712328767124
0.8130707762557078
0.7394406392694064
0.8687214611872146
0.9814497716894978
0.8752853881278538
0.915810502283105
0.8929794520547946
0.894406392694064
0.8901255707762558
0.9078196347031964
0.9018264840182648
0.7514269406392694
0.9235159817351598
0.8613013698630136
0.9032534246575342
0.867865296803653
0.8553082191780822
0.7411529680365296
0.9554794520547946
0.9409246575342466
0.8239155251141552
0.7796803652968036
0.8852739726027398
0.8524543378995434
0.7876712328767124
0.9101027397260274
0.7579908675799086
0.764554794520548
0.7990867579908676
0.9694634703196348
0.8912671232876712
0.89412100456621
0.8906963470319634
0.9226598173515982
0.9246575342465754
0.8070776255707762
0.8301940639269406
0.8396118721461188
0.8504566210045662
0.8204908675799086
0.8396118721461188
0.9260844748858448
0.9309360730593608
0.8247716894977168
0.8350456621004566
0.771404109589041
0.9486301369863014
0.8127853881278538
0.8758561643835616
0.9560502283105022
0.6649543378995434
0.7756849315068494
0.925513698630137
0.886986301369863
0.853595890410959
0.7816780821917808
0.8881278538812786
0.9417808219178082
0.6606735159817352
0.9003995433789954
0.8949771689497716
0.7745433789954338
0.8855593607305936
0.9780251141552512
0.8735730593607306
0.9072488584474886
0.9432077625570776
0.8712899543378996
0.9457762557077626
0.8230593607305936
0.959189497716895
0.911244292237443
0.9292237442922374
0.9257990867579908
0.7822488584474886
0.961472602739726
0.8732876712328768
0.9620433789954338
0.7120433789954338
0.7046232876712328
0.8632990867579908
0.8672945205479452
0.9289383561643836
0.728310502283105
0.8946917808219178
0.8504566210045662
0.9115296803652968
0.8353310502283106
0.8715753424657534
0.8401826484018264
0.788527397260274
0.8764269406392694
0.872431506849315
0.4931506849315068
0.8898401826484018
0.6903538812785388
0.8310502283105022
0.891837899543379
0.8464611872146118
0.889554794520548
0.8290525114155252
0.797945205479452
0.8524543378995434
0.8986872146118722
0.9123858447488584
0.9375
0.8136415525114156
0.9335045662100456
0.6198630136986302
0.910958904109589
0.9089611872146118
0.8747146118721462
0.8593036529680366
0.910958904109589
0.8695776255707762
0.7639840182648402
0.925513698630137
0.9175228310502284
0.8590182648401826
0.9172374429223744
0.9275114155251142
0.8618721461187214
0.8855593607305936
0.8210616438356164
0.805365296803653
0.7711187214611872
0.5833333333333334
0.8975456621004566
0.9651826484018264
0.8618721461187214
0.956906392694064
0.7902397260273972
0.8972602739726028
0.9103881278538812
0.934931506849315
0.910958904109589
0.889554794520548
0.8421803652968036
0.8113584474885844
0.8456050228310502
0.9409246575342466
0.9175228310502284
0.8464611872146118
0.8478881278538812
0.7665525114155252
0.8167808219178082
0.8045091324200914
0.9058219178082192
0.7945205479452054
0.740582191780822
0.836472602739726
0.7731164383561644
0.9337899543378996
0.925513698630137
0.8336187214611872
0.8530251141552512
0.8333333333333334
0.939783105022831
0.7702625570776256
0.8981164383561644
0.8658675799086758
0.946917808219178
0.8239155251141552
0.8501712328767124
0.8281963470319634
0.8921232876712328
0.8224885844748858
0.958904109589041
0.8527397260273972
0.9337899543378996
0.9657534246575342
0.8376141552511416
0.809931506849315
0.8995433789954338
0.8059360730593608
0.9143835616438356
0.8978310502283106
0.9797374429223744
0.9694634703196348
0.891837899543379
0.8344748858447488
0.8299086757990868
0.9606164383561644
0.952054794520548
0.8926940639269406
0.7722602739726028
0.9126712328767124
0.8872716894977168
0.8515981735159818
0.9178082191780822
0.85074200913242
0.911244292237443
0.9226598173515982
0.7873858447488584
0.9335045662100456
0.8715753424657534
0.8039383561643836
0.8575913242009132
0.9001141552511416
0.7445776255707762
0.9058219178082192
0.7251712328767124
0.9380707762557078
0.8013698630136986
0.8958333333333334
0.7297374429223744
0.898972602739726
0.8924086757990868
0.901541095890411
0.898972602739726
0.9694634703196348
0.8661529680365296
0.8501712328767124
0.7340182648401826
0.8949771689497716
0.848458904109589
0.8792808219178082
0.8632990867579908
0.8698630136986302
0.8504566210045662
0.9055365296803652
0.8204908675799086
0.884703196347032
0.8704337899543378
0.85587899543379
0.8952625570776256
0.7656963470319634
0.9003995433789954
0.8755707762557078
0.8085045662100456
0.8664383561643836
0.8333333333333334
0.7993721461187214
0.7023401826484018
0.9023972602739726
0.8504566210045662
0.8789954337899544
0.8952625570776256
0.8935502283105022
0.8333333333333334
0.8912671232876712
0.9066780821917808
0.9212328767123288
0.8792808219178082
0.8815639269406392
0.9794520547945206
0.833904109589041
0.8881278538812786
0.9049657534246576
0.9166666666666666
0.9009703196347032
0.7688356164383562
0.8670091324200914
0.7919520547945206
0.8553082191780822
0.7676940639269406
0.8664383561643836
0.8464611872146118
0.8969748858447488
0.7074771689497716
0.7893835616438356
0.889269406392694
0.8087899543378996
0.884703196347032
0.9383561643835616
0.7802511415525114
0.8193493150684932
0.9506278538812786
0.8938356164383562
0.9426369863013698
0.8530251141552512
0.5727739726027398
0.5402397260273972
0.9437785388127854
0.935216894977169
0.8978310502283106
0.8430365296803652
0.9149543378995434
0.9417808219178082
0.7246004566210046
0.8912671232876712
0.8972602739726028
0.7337328767123288
0.8327625570776256
0.9774543378995434
0.9009703196347032
0.9480593607305936
0.9101027397260274
0.8912671232876712
0.9103881278538812
0.9238013698630136
0.8998287671232876
0.9009703196347032
0.8613013698630136
0.865296803652968
0.8684360730593608
0.7831050228310502
0.9480593607305936
0.9454908675799086
0.791095890410959
0.8938356164383562
0.8336187214611872
0.8667237442922374
0.8216324200913242
0.7928082191780822
0.860730593607306
0.978595890410959
0.9129566210045662
0.886986301369863
0.9403538812785388
0.9263698630136986
0.8715753424657534
0.9631849315068494
0.867865296803653
0.9323630136986302
0.8926940639269406
0.8350456621004566
0.7873858447488584
0.9260844748858448
0.8955479452054794
0.8176369863013698
0.8110730593607306
0.8938356164383562
0.9292237442922374
0.89925799086758
0.9055365296803652
0.798230593607306
0.9563356164383562
0.930079908675799
0.764269406392694
0.8290525114155252
0.8122146118721462
0.7679794520547946
0.9551940639269406
0.8698630136986302
0.8955479452054794
0.7776826484018264
0.9098173515981736
0.8661529680365296
0.754851598173516
0.8290525114155252
0.8187785388127854
0.7031963470319634
0.963755707762557
0.7465753424657534
0.8416095890410958
0.8478881278538812
0.882420091324201
0.9791666666666666
0.89925799086758
0.8809931506849316
0.898972602739726
0.9740296803652968
0.843607305936073
0.9101027397260274
0.886986301369863
0.8336187214611872
0.8690068493150684
0.8521689497716894
0.8969748858447488
0.9118150684931506
0.6863584474885844
0.8033675799086758
0.9726027397260274
0.9335045662100456
0.8578767123287672
0.928082191780822
0.8144977168949772
0.8490296803652968
0.9654680365296804
0.9143835616438356
0.809931506849315
0.7879566210045662
0.7557077625570776
0.9118150684931506
0.925513698630137
0.8832762557077626
0.9009703196347032
0.8047945205479452
0.886986301369863
0.7665525114155252
0.9043949771689498
0.9195205479452054
0.8815639269406392
0.8481735159817352
0.8022260273972602
0.8259132420091324
0.8613013698630136
0.8039383561643836
0.8313356164383562
0.8573059360730594
0.9480593607305936
0.7608447488584474
0.8393264840182648
0.8404680365296804
0.8007990867579908
0.9375
0.8632990867579908
0.9006849315068494
0.9101027397260274
0.8924086757990868
0.821917808219178
0.8393264840182648
0.8704337899543378
0.8681506849315068
0.8410388127853882
0.817351598173516
0.8421803652968036
0.9249429223744292
0.841324200913242
0.8042237442922374
0.8915525114155252
0.9375
0.8955479452054794
0.8299086757990868
0.9003995433789954
0.7902397260273972
0.9003995433789954
0.9363584474885844
0.8441780821917808
0.8350456621004566
0.9571917808219178
0.9166666666666666
0.8929794520547946
0.8687214611872146
0.8758561643835616
0.8958333333333334
0.947203196347032
0.8530251141552512
0.8664383561643836
0.7922374429223744
0.8381849315068494
0.9223744292237442
0.901541095890411
0.7936643835616438
0.8524543378995434
0.7928082191780822
0.1158675799086758
0.903824200913242
0.8410388127853882
0.9095319634703196
0.9594748858447488
0.7577054794520548
0.7123287671232876
0.9092465753424658
0.8521689497716894
0.9103881278538812
0.8384703196347032
0.9948630136986302
0.83162100456621
0.8176369863013698
0.9426369863013698
0.9223744292237442
0.8122146118721462
0.4520547945205479
0.9634703196347032
0.8464611872146118
0.9574771689497716
0.8752853881278538
0.822203196347032
0.9417808219178082
0.9497716894977168
0.8958333333333334
0.8901255707762558
0.9101027397260274
0.8122146118721462
0.6675228310502284
0.870148401826484
0.75
0.8544520547945206
0.8995433789954338
0.7959474885844748
0.939783105022831
0.6529680365296804
0.894406392694064
0.843607305936073
0.8998287671232876
0.946917808219178
0.8838470319634704
0.7711187214611872
0.928082191780822
0.8062214611872146
0.8695776255707762
0.9583333333333334
0.8045091324200914
0.9081050228310502
0.8190639269406392
0.839041095890411
0.8647260273972602
0.8059360730593608
0.9437785388127854
0.853310502283105
0.9500570776255708
0.8179223744292238
0.7617009132420092
0.9072488584474886
0.8421803652968036
0.9046803652968036
0.9289383561643836
0.8458904109589042
0.9195205479452054
0.9523401826484018
0.7922374429223744
0.8924086757990868
0.9072488584474886
0.8547374429223744
0.8441780821917808
0.9103881278538812
0.882134703196347
0.9032534246575342
0.8541666666666666
0.9095319634703196
0.7728310502283106
0.8156392694063926
0.827054794520548
0.9454908675799086
0.9009703196347032
0.9198059360730594
0.8501712328767124
0.884417808219178
0.9126712328767124
0.9106735159817352
0.841324200913242
0.8427511415525114
0.8687214611872146
0.9106735159817352
0.8424657534246576
0.925513698630137
0.9089611872146118
0.9580479452054794
0.932648401826484
0.9223744292237442
0.951769406392694
0.9166666666666666
0.7962328767123288
0.9583333333333334
0.805365296803653
0.886986301369863
0.8872716894977168
0.9203767123287672
0.9069634703196348
0.8504566210045662
0.96175799086758
0.8313356164383562
0.8418949771689498
0.898972602739726
0.9355022831050228
0.9363584474885844
0.8764269406392694
0.958904109589041
0.8889840182648402
0.8595890410958904
0.9035388127853882
0.8915525114155252
0.834189497716895
0.9029680365296804
0.8547374429223744
0.8381849315068494
0.8661529680365296
0.790810502283105
0.8344748858447488
0.8769977168949772
0.9560502283105022
0.91837899543379
0.7320205479452054
0.8007990867579908
0.882134703196347
0.8370433789954338
0.8496004566210046
0.9032534246575342
0.8290525114155252
0.4937214611872146
0.8170662100456622
0.9557648401826484
0.9115296803652968
0.7879566210045662
0.8952625570776256
0.9289383561643836
0.855593607305936
0.9340753424657534
0.8730022831050228
0.9178082191780822
0.91324200913242
0.891837899543379
0.9706050228310502
0.8570205479452054
0.884703196347032
0.7771118721461188
0.9152397260273972
0.8946917808219178
0.747431506849315
0.9549086757990868
0.9095319634703196
0.9477739726027398
0.8613013698630136
0.6618150684931506
0.8852739726027398
0.8852739726027398
0.7288812785388128
0.8912671232876712
0.889269406392694
0.7990867579908676
0.9055365296803652
0.9052511415525114
0.9152397260273972
0.8107876712328768
0.8638698630136986
0.9460616438356164
0.9549086757990868
0.8889840182648402
0.8952625570776256
0.8210616438356164
0.954337899543379
0.9072488584474886
0.9666095890410958
0.9032534246575342
0.8986872146118722
0.851027397260274
0.9289383561643836
0.9366438356164384
0.843607305936073
0.8924086757990868
0.9078196347031964
0.7936643835616438
0.8807077625570776
0.8898401826484018
0.9195205479452054
0.8789954337899544
0.8421803652968036
0.8998287671232876
0.925513698630137
0.831906392694064
0.882134703196347
0.9306506849315068
0.9006849315068494
0.8764269406392694
0.9740296803652968
0.8906963470319634
0.8250570776255708
0.8481735159817352
0.8498858447488584
0.8809931506849316
0.889269406392694
0.8781392694063926
0.8393264840182648
0.916095890410959
0.9009703196347032
0.8861301369863014
0.8901255707762558
0.7916666666666666
0.8356164383561644
0.923230593607306
0.8156392694063926
0.8598744292237442
0.8093607305936074
0.853595890410959
0.824486301369863
0.9243721461187214
0.9409246575342466
0.930365296803653
0.9001141552511416
0.783675799086758
0.8393264840182648
0.7890981735159818
0.8273401826484018
0.7280251141552512
0.9620433789954338
0.8858447488584474
0.96175799086758
0.8301940639269406
0.79337899543379
0.7916666666666666
0.9714611872146118
0.8418949771689498
0.8321917808219178
0.89412100456621
0.8715753424657534
0.6720890410958904
0.97574200913242
0.9372146118721462
0.8504566210045662
0.9066780821917808
0.9143835616438356
0.75
0.978310502283105
0.9240867579908676
0.8872716894977168
0.9072488584474886
0.7833904109589042
0.9149543378995434
0.85074200913242
0.8838470319634704
0.9252283105022832
0.8350456621004566
0.764554794520548
0.841324200913242
0.8564497716894978
0.9218036529680366
0.8105022831050228
0.8019406392694064
0.7816780821917808
0.8107876712328768
0.7368721461187214
0.8838470319634704
0.9098173515981736
0.8575913242009132
0.8875570776255708
0.8045091324200914
0.867865296803653
0.8444634703196348
0.9620433789954338
0.7893835616438356
0.9386415525114156
0.916095890410959
0.91837899543379
0.8730022831050228
0.8207762557077626
0.8590182648401826
0.9703196347031964
0.9263698630136986
0.8444634703196348
0.810216894977169
0.89412100456621
0.9628995433789954
0.9172374429223744
0.9871575342465754
0.875
0.9026826484018264
0.8884132420091324
0.843892694063927
0.872716894977169
0.9437785388127854
0.8504566210045662
0.886986301369863
0.894406392694064
0.8995433789954338
0.8915525114155252
0.8818493150684932
0.8627283105022832
0.9215182648401826
0.8453196347031964
0.8224885844748858
0.8307648401826484
0.8002283105022832
0.9026826484018264
0.9212328767123288
0.7480022831050228
0.9369292237442922
0.781392694063927
0.9052511415525114
0.8638698630136986
0.858162100456621
0.884703196347032
0.8647260273972602
0.8886986301369864
0.96175799086758
0.783675799086758
0.8567351598173516
0.9200913242009132
0.865582191780822
0.7671232876712328
0.6932077625570776
0.7988013698630136
0.9317922374429224
0.9226598173515982
0.9480593607305936
0.7771118721461188
0.9497716894977168
0.8924086757990868
0.663527397260274
0.8190639269406392
0.9323630136986302
0.8752853881278538
0.9363584474885844
0.944634703196347
0.7808219178082192
0.910958904109589
0.8721461187214612
0.9035388127853882
0.9032534246575342
0.8764269406392694
0.0037100456621004564
0.8498858447488584
0.7873858447488584
0.8627283105022832
0.788527397260274
0.8250570776255708
0.8136415525114156
0.8838470319634704
0.8327625570776256
0.9266552511415526
0.699486301369863
0.8207762557077626
0.9289383561643836
0.8544520547945206
0.9089611872146118
0.8079337899543378
0.9123858447488584
0.8490296803652968
0.9443493150684932
0.8119292237442922
0.8852739726027398
0.7816780821917808
0.8473173515981736
0.9620433789954338
0.9238013698630136
0.7996575342465754
0.8861301369863014
0.9155251141552512
0.7502853881278538
0.9483447488584474
0.8644406392694064
0.9143835616438356
0.8350456621004566
0.9272260273972602
0.9483447488584474
0.8718607305936074
0.8938356164383562
0.9409246575342466
0.973744292237443
0.8296232876712328
0.8804223744292238
0.8972602739726028
0.9492009132420092
0.8590182648401826
0.9121004566210046
0.8929794520547946
0.884417808219178
0.8712899543378996
0.8587328767123288
0.8958333333333334
0.8079337899543378
0.833904109589041
0.8801369863013698
0.8695776255707762
0.8070776255707762
0.9611872146118722
0.9023972602739726
0.723744292237443
0.9377853881278538
0.8122146118721462
0.9343607305936074
0.8961187214611872
0.7494292237442922
0.7502853881278538
0.9437785388127854
0.976027397260274
0.851027397260274
0.8404680365296804
0.7134703196347032
0.8755707762557078
0.8958333333333334
0.942351598173516
0.896689497716895
0.978595890410959
0.9312214611872146
0.9032534246575342
0.7999429223744292
0.8912671232876712
0.8781392694063926
0.9452054794520548
0.8247716894977168
0.9026826484018264
0.8518835616438356
0.8204908675799086
0.934931506849315
0.8969748858447488
0.9726027397260274
0.7437214611872146
0.771404109589041
0.906392694063927
0.8250570776255708
0.8170662100456622
0.8501712328767124
0.8304794520547946
0.860445205479452
0.9289383561643836
0.8521689497716894
0.8299086757990868
0.8056506849315068
0.7517123287671232
0.8550228310502284
0.9055365296803652
0.7993721461187214
0.9052511415525114
0.8524543378995434
0.7605593607305936
0.944920091324201
0.89925799086758
0.9434931506849316
0.8070776255707762
0.8807077625570776
0.7993721461187214
0.8904109589041096
0.6090182648401826
0.7756849315068494
0.9346461187214612
0.9249429223744292
0.8247716894977168
0.8359018264840182
0.8321917808219178
0.8130707762557078
0.9203767123287672
0.8042237442922374
0.9049657534246576
0.8849885844748858
0.9440639269406392
0.954337899543379
0.865582191780822
0.7973744292237442
0.8832762557077626
0.7519977168949772
0.9021118721461188
0.906392694063927
0.8105022831050228
0.958904109589041
0.940068493150685
0.9340753424657534
0.9357876712328768
0.9343607305936074
0.9238013698630136
0.91837899543379
0.9026826484018264
0.8513127853881278
0.9557648401826484
0.8130707762557078
0.8981164383561644
0.8595890410958904
0.9700342465753424
0.9597602739726028
0.7973744292237442
0.934931506849315
0.9323630136986302
0.8704337899543378
0.9372146118721462
0.930365296803653
0.689783105022831
0.9309360730593608
0.8527397260273972
0.8818493150684932
0.9295091324200914
0.8179223744292238
0.7611301369863014
0.8886986301369864
0.935216894977169
0.9009703196347032
0.8610159817351598
0.916095890410959
0.9075342465753424
0.8170662100456622
0.8867009132420092
0.891837899543379
0.8881278538812786
0.9708904109589042
0.8518835616438356
0.9286529680365296
0.8787100456621004
0.9634703196347032
0.7263127853881278
0.8578767123287672
0.8698630136986302
0.8732876712328768
0.7756849315068494
0.661244292237443
0.8984018264840182
0.6509703196347032
0.8618721461187214
0.7031963470319634
0.884703196347032
0.7639840182648402
0.8715753424657534
0.9609018264840182
0.9606164383561644
0.8047945205479452
0.8162100456621004
0.8541666666666666
0.8598744292237442
0.8924086757990868
0.8313356164383562
0.949486301369863
0.8986872146118722
0.8792808219178082
0.9021118721461188
0.9295091324200914
0.8650114155251142
0.810216894977169
0.9021118721461188
0.9403538812785388
0.7868150684931506
0.7471461187214612
0.9152397260273972
0.8730022831050228
0.8904109589041096
0.8872716894977168
0.8336187214611872
0.8624429223744292
0.8547374429223744
0.9346461187214612
0.8361872146118722
0.7385844748858448
0.8715753424657534
0.7939497716894978
0.821917808219178
0.903824200913242
0.8236301369863014
0.415810502283105
0.8981164383561644
0.8207762557077626
0.8490296803652968
0.7291666666666666
0.9357876712328768
0.9263698630136986
0.8287671232876712
0.9432077625570776
0.8247716894977168
0.9363584474885844
0.8906963470319634
0.8730022831050228
0.9095319634703196
0.9235159817351598
0.761986301369863
0.8307648401826484
0.8718607305936074
0.7531392694063926
0.8324771689497716
0.911244292237443
0.7343036529680366
0.8672945205479452
0.8496004566210046
0.8978310502283106
0.9235159817351598
0.8929794520547946
0.9774543378995434
0.9360730593607306
0.9178082191780822
0.8093607305936074
0.536244292237443
0.8570205479452054
0.8575913242009132
0.8450342465753424
0.9240867579908676
0.9392123287671232
0.8832762557077626
0.9018264840182648
0.8664383561643836
0.8784246575342466
0.7773972602739726
0.8707191780821918
0.9052511415525114
0.903824200913242
0.8384703196347032
0.8433219178082192
0.8261986301369864
0.8921232876712328
0.8969748858447488
0.781107305936073
0.7605593607305936
0.8393264840182648
0.9126712328767124
0.9257990867579908
0.8087899543378996
0.9697488584474886
0.9209474885844748
0.9534817351598174
0.7617009132420092
0.8904109589041096
0.6158675799086758
0.817351598173516
0.8227739726027398
0.8838470319634704
0.8122146118721462
0.872716894977169
0.8838470319634704
0.8444634703196348
0.7508561643835616
0.7936643835616438
0.918093607305936
0.8712899543378996
0.9163812785388128
0.8299086757990868
0.723458904109589
0.9492009132420092
0.8493150684931506
0.9557648401826484
0.8613013698630136
0.766837899543379
0.8807077625570776
0.8447488584474886
0.9794520547945206
0.8767123287671232
0.7825342465753424
0.9049657534246576
0.9175228310502284
0.9029680365296804
0.8732876712328768
0.8344748858447488
0.8838470319634704
0.819634703196347
0.8758561643835616
0.7879566210045662
0.7948059360730594
0.8353310502283106
0.7531392694063926
0.3381849315068493
0.8575913242009132
0.819920091324201
0.9443493150684932
0.7676940639269406
0.833904109589041
0.6954908675799086
0.8518835616438356
0.9406392694063926
0.7685502283105022
0.6954908675799086
0.896689497716895
0.8085045662100456
0.8904109589041096
0.803082191780822
0.9317922374429224
0.95662100456621
0.8441780821917808
0.8835616438356164
0.9203767123287672
0.738013698630137
0.8998287671232876
0.935216894977169
0.8107876712328768
0.822203196347032
0.7636986301369864
0.9360730593607306
0.9920091324200914
0.903824200913242
0.9477739726027398
0.935216894977169
0.8755707762557078
0.8450342465753424
0.8378995433789954
0.7265981735159818
0.7785388127853882
0.9403538812785388
0.8915525114155252
0.9106735159817352
0.898972602739726
0.966324200913242
0.8595890410958904
0.956906392694064
0.8935502283105022
0.9149543378995434
0.8835616438356164
0.9340753424657534
0.9118150684931506
0.877283105022831
0.858162100456621
0.7639840182648402
0.908675799086758
0.8855593607305936
0.9332191780821918
0.9049657534246576
0.7808219178082192
0.7440068493150684
0.781392694063927
0.9483447488584474
0.9003995433789954
0.8670091324200914
0.735730593607306
0.8356164383561644
0.9660388127853882
0.822203196347032
0.9029680365296804
0.863013698630137
0.8952625570776256
0.783675799086758
0.8224885844748858
0.8353310502283106
0.9765981735159818
0.8527397260273972
0.8906963470319634
0.9226598173515982
0.8230593607305936
0.8827054794520548
0.8878424657534246
0.8929794520547946
0.9403538812785388
0.9292237442922374
0.8812785388127854
0.884703196347032
0.8541666666666666
0.8946917808219178
0.8133561643835616
0.8122146118721462
0.913527397260274
0.9175228310502284
0.8239155251141552
0.9366438356164384
0.9075342465753424
0.7919520547945206
0.8515981735159818
0.7539954337899544
0.952054794520548
0.7537100456621004
0.9046803652968036
0.906392694063927
0.7577054794520548
0.8013698630136986
0.9660388127853882
0.8105022831050228
0.8416095890410958
0.7993721461187214
0.9454908675799086
0.9263698630136986
0.8921232876712328
0.8093607305936074
0.791095890410959
0.8955479452054794
0.778824200913242
0.9178082191780822
0.9092465753424658
0.9275114155251142
0.9426369863013698
0.8698630136986302
0.8687214611872146
0.9346461187214612
0.7208904109589042
0.8827054794520548
0.9103881278538812
0.9243721461187214
0.9765981735159818
0.8969748858447488
0.9257990867579908
0.8287671232876712
0.7228881278538812
0.8978310502283106
0.9586187214611872
0.8952625570776256
0.8490296803652968
0.8755707762557078
0.9677511415525114
0.7688356164383562
0.9360730593607306
0.5764840182648402
0.8564497716894978
0.9355022831050228
0.809931506849315
0.7437214611872146
0.8841324200913242
0.9092465753424658
0.9337899543378996
0.8912671232876712
0.8090753424657534
0.7845319634703196
0.8598744292237442
0.8376141552511416
0.8153538812785388
0.7768264840182648
0.8998287671232876
0.7905251141552512
0.865582191780822
0.954337899543379
0.8904109589041096
0.8450342465753424
0.9192351598173516
0.791095890410959
0.9392123287671232
0.8381849315068494
0.769406392694064
0.8835616438356164
0.860445205479452
0.8404680365296804
0.8875570776255708
0.7557077625570776
0.839041095890411
0.9357876712328768
0.9369292237442922
0.8838470319634704
0.925513698630137
0.8932648401826484
0.896689497716895
0.901541095890411
0.9149543378995434
0.9009703196347032
0.8921232876712328
0.9103881278538812
0.901541095890411
0.8515981735159818
0.8710045662100456
0.9155251141552512
0.7734018264840182
0.959189497716895
0.9309360730593608
0.781392694063927
0.8433219178082192
0.8804223744292238
0.815068493150685
0.9043949771689498
0.9243721461187214
0.7559931506849316
0.8247716894977168
0.9198059360730594
0.7831050228310502
0.944634703196347
0.915810502283105
0.9474885844748858
0.9551940639269406
0.8393264840182648
0.8593036529680366
0.8735730593607306
0.7363013698630136
0.8242009132420092
0.8299086757990868
0.841324200913242
0.848744292237443
0.8961187214611872
0.7251712328767124
0.8624429223744292
0.966324200913242
0.8047945205479452
0.9363584474885844
0.8136415525114156
0.8164954337899544
0.8835616438356164
0.843892694063927
0.9046803652968036
0.8142123287671232
0.863013698630137
0.9069634703196348
0.8179223744292238
0.9483447488584474
0.8849885844748858
0.6843607305936074
0.8647260273972602
0.9292237442922374
0.9001141552511416
0.8621575342465754
0.9392123287671232
0.819920091324201
0.867865296803653
0.8281963470319634
0.8310502283105022
0.9066780821917808
0.831906392694064
0.9200913242009132
0.7582762557077626
0.9531963470319634
0.7899543378995434
0.8852739726027398
0.9429223744292238
0.9272260273972602
0.8407534246575342
0.8995433789954338
0.8881278538812786
0.8353310502283106
0.889269406392694
0.9426369863013698
0.9235159817351598
0.8807077625570776
0.8407534246575342
0.9032534246575342
0.8416095890410958
0.9098173515981736
0.7491438356164384
0.9257990867579908
0.8301940639269406
0.8658675799086758
0.9743150684931506
0.9203767123287672
0.8253424657534246
0.9611872146118722
0.8113584474885844
0.8019406392694064
0.8013698630136986
0.879851598173516
0.8687214611872146
0.91837899543379
0.9315068493150684
0.8167808219178082
0.7879566210045662
0.6877853881278538
0.9272260273972602
0.9115296803652968
0.853310502283105
0.9006849315068494
0.911244292237443
0.8827054794520548
0.9249429223744292
0.9003995433789954
0.8504566210045662
0.8347602739726028
0.9029680365296804
0.9215182648401826
0.8047945205479452
0.9143835616438356
0.8373287671232876
0.9489155251141552
0.773972602739726
0.8889840182648402
0.826769406392694
0.85587899543379
0.9106735159817352
0.870148401826484
0.8418949771689498
0.7968036529680366
0.875
0.8975456621004566
0.814783105022831
0.951769406392694
0.8906963470319634
0.8398972602739726
0.8062214611872146
0.9700342465753424
0.8530251141552512
0.8658675799086758
0.8809931506849316
0.8359018264840182
0.8301940639269406
0.8242009132420092
0.9072488584474886
0.8926940639269406
0.9095319634703196
0.9297945205479452
0.7460045662100456
0.9195205479452054
0.781392694063927
0.9018264840182648
0.8550228310502284
0.8184931506849316
0.8935502283105022
0.8898401826484018
0.9343607305936074
0.8079337899543378
0.9078196347031964
0.8447488584474886
0.8067922374429224
0.956906392694064
0.8838470319634704
0.8929794520547946
0.860445205479452
0.8758561643835616
0.8207762557077626
0.851027397260274
0.9198059360730594
0.91837899543379
0.8490296803652968
0.7648401826484018
0.9272260273972602
0.91324200913242
0.8453196347031964
0.7617009132420092
0.8122146118721462
0.978595890410959
0.9283675799086758
0.8065068493150684
0.7745433789954338
0.8210616438356164
0.6797945205479452
0.9021118721461188
0.91837899543379
0.7819634703196348
0.879851598173516
0.8458904109589042
0.795662100456621
0.9748858447488584
0.7488584474885844
0.8921232876712328
0.9178082191780822
0.9101027397260274
0.8624429223744292
0.9680365296803652
0.7808219178082192
0.9683219178082192
0.7534246575342466
0.797945205479452
0.7782534246575342
0.9320776255707762
0.8162100456621004
0.9437785388127854
0.9848744292237442
0.9249429223744292
0.8829908675799086
0.9403538812785388
0.8119292237442922
0.9106735159817352
0.9101027397260274
0.747431506849315
0.8769977168949772
0.9003995433789954
0.819634703196347
0.9275114155251142
0.8875570776255708
0.9155251141552512
0.8393264840182648
0.9551940639269406
0.860730593607306
0.9023972602739726
0.8164954337899544
0.9203767123287672
0.9257990867579908
0.8752853881278538
0.8638698630136986
0.964041095890411
0.9888698630136986
0.8059360730593608
0.956906392694064
0.9078196347031964
0.8909817351598174
0.884703196347032
0.8116438356164384
0.7970890410958904
0.8575913242009132
0.9865867579908676
0.894406392694064
0.9026826484018264
0.959189497716895
0.89925799086758
0.9289383561643836
0.9260844748858448
0.922945205479452
0.946917808219178
0.7599885844748858
0.8841324200913242
0.8407534246575342
0.9466324200913242
0.8681506849315068
0.9600456621004566
0.894406392694064
0.9383561643835616
0.9606164383561644
0.898972602739726
0.8667237442922374
0.8047945205479452
0.9140981735159818
0.896689497716895
0.9531963470319634
0.9203767123287672
0.8167808219178082
0.9143835616438356
0.9392123287671232
0.9166666666666666
0.8804223744292238
0.9648972602739726
0.963755707762557
0.9172374429223744
0.9312214611872146
0.961472602739726
0.9383561643835616
0.896404109589041
0.8972602739726028
0.889269406392694
0.9380707762557078
0.9934360730593608
0.9409246575342466
0.9526255707762558
0.923230593607306
0.928082191780822
0.9571917808219178
0.8447488584474886
0.7071917808219178
0.8684360730593608
0.918093607305936
0.8752853881278538
0.9003995433789954
0.9414954337899544
0.8504566210045662
0.889554794520548
0.8718607305936074
0.916095890410959
0.9095319634703196
0.7337328767123288
0.9089611872146118
0.8858447488584474
0.9001141552511416
0.9369292237442922
0.8567351598173516
0.8321917808219178
0.723458904109589
0.9671803652968036
0.8250570776255708
0.9332191780821918
0.7323059360730594
0.8144977168949772
0.7876712328767124
0.8650114155251142
0.8672945205479452
0.971175799086758
0.8949771689497716
0.8090753424657534
0.7896689497716894
0.9474885844748858
0.9392123287671232
0.8827054794520548
0.9714611872146118
0.8381849315068494
0.9055365296803652
0.9055365296803652
0.903824200913242
0.7785388127853882
0.9046803652968036
0.8732876712328768
0.8961187214611872
0.7896689497716894
0.89925799086758
0.803082191780822
0.9526255707762558
0.8478881278538812
0.8370433789954338
0.8336187214611872
0.7722602739726028
0.8827054794520548
0.7537100456621004
0.7622716894977168
0.8230593607305936
0.8884132420091324
0.9095319634703196
0.76912100456621
0.8929794520547946
0.8924086757990868
0.7206050228310502
0.798230593607306
0.901541095890411
0.9078196347031964
0.947203196347032
0.7819634703196348
0.9155251141552512
0.8809931506849316
0.7665525114155252
0.7945205479452054
0.8444634703196348
0.7985159817351598
0.8524543378995434
0.790810502283105
0.8087899543378996
0.968892694063927
0.4837328767123288
0.7896689497716894
0.805365296803653
0.9386415525114156
0.7585616438356164
0.9026826484018264
0.7531392694063926
0.8033675799086758
0.8635844748858448
0.846175799086758
0.8333333333333334
0.8747146118721462
0.8216324200913242
0.9286529680365296
0.8761415525114156
0.9058219178082192
0.843892694063927
0.8224885844748858
0.8912671232876712
0.9335045662100456
0.8938356164383562
0.785958904109589
0.9200913242009132
0.9283675799086758
0.8087899543378996
0.7265981735159818
0.901255707762557
0.752283105022831
0.9406392694063926
0.8404680365296804
0.8955479452054794
0.9432077625570776
0.8644406392694064
0.8718607305936074
0.805365296803653
0.7651255707762558
0.9238013698630136
0.7277397260273972
0.9021118721461188
0.6686643835616438
0.8204908675799086
0.8130707762557078
0.9840182648401826
0.8861301369863014
0.8681506849315068
0.8741438356164384
0.8730022831050228
0.9252283105022832
0.8590182648401826
0.903824200913242
0.8915525114155252
0.9289383561643836
0.9414954337899544
0.7682648401826484
0.930079908675799
0.807648401826484
0.8133561643835616
0.7674086757990868
0.8370433789954338
0.8045091324200914
0.9272260273972602
0.865296803652968
0.9389269406392694
0.6983447488584474
0.8590182648401826
0.8935502283105022
0.7343036529680366
0.8501712328767124
0.942351598173516
0.903824200913242
0.9554794520547946
0.9146689497716894
0.7382990867579908
0.867865296803653
0.7705479452054794
0.8065068493150684
0.9315068493150684
0.8116438356164384
0.9497716894977168
0.7394406392694064
0.952054794520548
0.8838470319634704
0.8224885844748858
0.8441780821917808
0.8350456621004566
0.9295091324200914
0.8975456621004566
0.8864155251141552
0.8975456621004566
0.8644406392694064
0.7226027397260274
0.8792808219178082
0.8647260273972602
0.8570205479452054
0.9366438356164384
0.8815639269406392
0.896689497716895
0.9272260273972602
0.8253424657534246
0.8016552511415526
0.8886986301369864
0.9289383561643836
0.8550228310502284
0.7280251141552512
0.877283105022831
0.8664383561643836
0.8156392694063926
0.910958904109589
0.9203767123287672
0.908675799086758
0.9220890410958904
0.8550228310502284
0.9043949771689498
0.9323630136986302
0.886986301369863
0.9668949771689498
0.8815639269406392
0.7682648401826484
0.8301940639269406
0.8590182648401826
0.916095890410959
0.8521689497716894
0.7799657534246576
0.9346461187214612
0.0014269406392694063
0.9694634703196348
0.9001141552511416
0.7585616438356164
0.9606164383561644
0.838755707762557
0.855593607305936
0.800513698630137
0.863013698630137
0.8635844748858448
0.9312214611872146
0.853595890410959
0.9146689497716894
0.8647260273972602
0.8538812785388128
0.9571917808219178
0.9660388127853882
0.9203767123287672
0.8530251141552512
0.985445205479452
0.8190639269406392
0.8995433789954338
0.8404680365296804
0.896689497716895
0.706906392694064
0.6992009132420092
0.8618721461187214
0.9406392694063926
0.949486301369863
0.8898401826484018
0.8304794520547946
0.7902397260273972
0.8498858447488584
0.872431506849315
0.8079337899543378
0.8378995433789954
0.9009703196347032
0.8593036529680366
0.9198059360730594
0.9540525114155252
0.6629566210045662
0.8187785388127854
0.9126712328767124
0.9660388127853882
0.865582191780822
0.9355022831050228
0.6980593607305936
0.9001141552511416
0.7166095890410958
0.8784246575342466
0.8610159817351598
0.8353310502283106
0.8924086757990868
0.9297945205479452
0.7990867579908676
0.870148401826484
0.7003424657534246
0.9492009132420092
0.7782534246575342
0.8744292237442922
0.8541666666666666
0.805079908675799
0.8901255707762558
0.9671803652968036
0.9055365296803652
0.8752853881278538
0.8884132420091324
0.884417808219178
0.8969748858447488
0.8476027397260274
0.934931506849315
0.9372146118721462
0.7343036529680366
0.836472602739726
0.8524543378995434
0.7833904109589042
0.8787100456621004
0.8242009132420092
0.829337899543379
0.9098173515981736
0.9098173515981736
0.860445205479452
0.911244292237443
0.9506278538812786
0.8704337899543378
0.9297945205479452
0.9648972602739726
0.7514269406392694
0.9021118721461188
0.7397260273972602
0.91324200913242
0.9209474885844748
0.8182077625570776
0.7528538812785388
0.8921232876712328
0.6115867579908676
0.9243721461187214
0.7922374429223744
0.9803082191780822
0.8715753424657534
0.8396118721461188
0.9023972602739726
