0.5201042442293373
0.8670886075949367
0.840282948622487
0.8782576321667908
0.776247207743857
0.8518242740134029
0.7907669396872673
0.9128816083395384
0.7930007446016382
0.8678332092330603
0.9061801935964259
0.8860759493670886
0.7650781831720029
0.7036485480268057
0.7349218168279971
0.8257632166790767
0.8317200297840656
0.8857036485480269
0.815711094564408
0.8644825018615041
0.537602382725242
0.7300819061801936
0.8618763961280714
0.6679076693968726
0.8090096798212956
0.8678332092330603
0.8037974683544303
0.7747580044676098
0.909903201787044
0.8294862248696947
0.8075204765450484
0.7907669396872673
0.8086373790022338
0.8451228592702904
0.6872673119880863
0.9177215189873418
0.8492181682799702
0.8257632166790767
0.8551749813849591
0.8745346239761728
0.686150409530901
0.8622486969471332
0.9017125837676843
0.8354430379746836
0.8860759493670886
0.8339538346984363
0.8972449739389426
0.9076693968726731
0.7665673864482502
0.8466120625465376
0.7795979151154132
0.7866716306775875
0.8198064035740878
0.6150409530900968
0.8186895011169024
0.7985852568875651
0.7591213700670142
0.7170513775130305
0.7278481012658228
0.7784810126582279
0.8618763961280714
0.8544303797468354
0.8689501116902457
0.8756515264333582
0.819434102755026
0.8518242740134029
0.8842144452717796
0.8324646314221892
0.7341772151898734
0.7885331347728965
0.883469843633656
0.8052866716306776
0.8309754281459419
0.8633655994043187
0.7382725241995532
0.8566641846612063
0.8521965748324646
0.7926284437825764
0.7282204020848846
0.7974683544303798
0.8518242740134029
0.7620997766195086
0.8413998510796724
0.4657483246463142
0.7691734921816828
0.797096053611318
0.7390171258376769
0.8034251675353685
0.7963514519731943
0.9415487714072971
0.8592702903946389
0.8886820551005212
0.9456440804169769
0.8298585256887565
0.7810871183916605
0.8711839166046166
0.753909158600149
0.9091586001489204
0.7911392405063291
0.7844378257632166
0.7326880119136262
0.896500372300819
0.8250186150409531
0.7818317200297841
0.8745346239761728
0.8116157855547282
0.9147431124348474
0.9095309009679822
0.819434102755026
0.7795979151154132
0.8674609084139985
0.815711094564408
0.7758749069247952
0.7490692479523455
0.9076693968726731
0.9512285927029039
0.8268801191362621
0.8574087862993298
0.8283693224125093
0.9072970960536113
0.8469843633655995
0.8432613551749814
0.45420699925539837
0.8354430379746836
0.8726731198808637
0.8711839166046166
0.8186895011169024
0.8216679076693969
0.8108711839166046
0.7736411020104245
0.836559940431869
0.8518242740134029
0.779970215934475
0.8220402084884587
0.7628443782576322
0.7758749069247952
0.768801191362621
0.8149664929262844
0.8436336559940432
0.8566641846612063
0.7941176470588235
0.7170513775130305
0.8261355174981385
0.947505584512286
0.7151898734177216
0.8548026805658973
0.7043931496649293
0.823157110945644
0.9307520476545048
0.8682055100521221
0.8346984363365599
0.8361876396128072
0.8682055100521221
0.8920327624720774
0.8730454206999255
0.7825763216679077
0.9225614296351452
0.7263588979895755
0.733060312732688
0.8376768428890543
0.9333581533879375
0.7628443782576322
0.77066269545793
0.8819806403574088
0.8149664929262844
0.919210722263589
0.6790766939687267
0.7446016381236039
0.7937453462397617
0.7598659717051377
0.8562918838421445
0.8175725986597171
0.8209233060312733
0.7408786299329858
0.8670886075949367
0.7773641102010425
0.8514519731943411
0.7401340282948623
0.9162323157110945
0.7922561429635145
0.7680565897244974
0.8983618763961281
0.697319434102755
0.7643335815338794
0.842144452717796
0.7431124348473567
0.9385703648548027
0.9612807148175726
0.8600148920327625
0.7665673864482502
0.8279970215934475
0.7892777364110201
0.9206999255398362
0.8693224125093075
0.7479523454951601
0.800819061801936
0.800819061801936
0.7259865971705137
0.8443782576321668
0.7315711094564408
0.7922561429635145
0.9058078927773641
0.7505584512285927
0.7985852568875651
0.9527177959791512
0.8730454206999255
0.8838421444527178
0.8287416232315711
0.7788533134772897
0.763216679076694
0.8104988830975428
0.7885331347728965
0.8399106478034252
0.8447505584512286
0.8432613551749814
0.8391660461653015
0.776247207743857
0.7390171258376769
0.8946388682055101
0.8212956068503351
0.7844378257632166
0.8019359642591214
0.7650781831720029
0.6489203276247207
0.8235294117647058
0.7915115413253909
0.8410275502606106
0.919210722263589
0.9262844378257632
0.7077438570364855
0.6303052866716307
0.943782576321668
0.7818317200297841
0.9117647058823529
0.4631422189128816
0.8160833953834699
0.8265078183172003
0.8723008190618019
0.7732688011913627
0.8938942665673865
0.6664184661206255
0.7051377513030529
0.7952345495160089
0.8860759493670886
0.81198808637379
0.7978406552494416
0.8212956068503351
0.892777364110201
0.8332092330603127
0.8049143708116158
0.772524199553239
0.8678332092330603
0.7691734921816828
0.7271034996276992
0.8629932985852569
0.889054355919583
0.8108711839166046
0.7818317200297841
0.7930007446016382
0.6891288160833954
0.8037974683544303
0.8384214445271779
0.6671630677587491
0.7006701414743113
0.8488458674609084
0.7408786299329858
0.9069247952345495
0.8447505584512286
0.7501861504095308
0.8905435591958303
0.8953834698436337
0.9102755026061057
0.8279970215934475
0.7766195085629188
0.7892777364110201
0.8838421444527178
0.7412509307520476
0.8183172002978406
0.8425167535368577
0.7982129560685034
0.8004467609828742
0.8041697691734921
0.7691734921816828
0.9032017870439315
0.7680565897244974
0.7110945644080418
0.7110945644080418
0.7635889798957558
0.8019359642591214
0.7922561429635145
0.9128816083395384
0.887192851824274
0.8767684288905435
0.7438570364854803
0.956813104988831
0.7788533134772897
0.766939687267312
0.8387937453462397
0.8149664929262844
0.7233804914370812
0.9206999255398362
0.9218168279970216
0.8198064035740878
0.8749069247952346
0.9653760238272524
0.7304542069992555
0.8484735666418466
0.7911392405063291
0.8991064780342517
0.8633655994043187
0.5685033507073716
0.7620997766195086
0.6180193596425912
0.8901712583767685
0.7099776619508563
0.8205510052122115
0.779970215934475
0.8901712583767685
0.8514519731943411
0.7844378257632166
0.9013402829486225
0.7740134028294863
0.7308265078183172
0.7617274758004468
0.8235294117647058
0.774385703648548
0.757632166790767
0.8116157855547282
0.8622486969471332
0.6340282948622487
0.8618763961280714
0.7650781831720029
0.7751303052866716
0.7650781831720029
0.8492181682799702
0.8399106478034252
0.9679821295606851
0.7777364110201043
0.7967237527922562
0.7620997766195086
0.9046909903201787
0.7565152643335815
0.6995532390171258
0.5707371556217423
0.8354430379746836
0.8123603871928519
0.7628443782576322
0.7572598659717051
0.8481012658227848
0.8011913626209978
0.7721518987341772
0.7892777364110201
0.6664184661206255
0.8369322412509308
0.8551749813849591
0.8071481757259866
0.8830975428145942
0.8548026805658973
0.8514519731943411
0.7531645569620253
0.8953834698436337
0.7676842889054356
0.9043186895011169
0.8253909158600149
0.8622486969471332
0.7472077438570365
0.8652271034996277
0.6708860759493671
0.9072970960536113
0.7017870439314966
0.7807148175725986
0.7944899478778853
0.8979895755770663
0.8663440059568132
0.8551749813849591
0.7859270290394639
0.7580044676098288
0.7781087118391661
0.7185405807892777
0.7043931496649293
0.947505584512286
0.8384214445271779
0.8652271034996277
0.7881608339538347
0.7717795979151154
0.7877885331347729
0.7844378257632166
0.8399106478034252
0.7829486224869695
0.8432613551749814
0.7937453462397617
0.8622486969471332
0.8801191362620998
0.9184661206254654
0.808265078183172
0.9121370067014147
0.836559940431869
0.8548026805658973
0.9288905435591959
0.8168279970215935
0.8507073715562175
0.8328369322412509
0.8555472822040209
0.7524199553239017
0.9043186895011169
0.9184661206254654
0.9218168279970216
0.8749069247952346
0.9065524944154877
0.857036485480268
0.7840655249441548
0.7542814594192108
0.8343261355174981
0.9218168279970216
0.7267311988086373
0.8306031273268801
0.8525688756515264
0.8574087862993298
0.7244973938942666
0.857036485480268
0.8023082650781832
0.7766195085629188
0.8086373790022338
0.8726731198808637
0.827252419955324
0.7107222635889799
0.8752792256142964
0.8510796723752793
0.7613551749813849
0.8093819806403574
0.9091586001489204
0.7077438570364855
0.8328369322412509
0.8771407297096053
0.8168279970215935
0.8916604616530156
0.9195830230826508
0.8644825018615041
0.7483246463142219
0.8108711839166046
0.8507073715562175
0.7915115413253909
0.8153387937453462
0.8343261355174981
0.8514519731943411
0.7751303052866716
0.9102755026061057
0.7881608339538347
0.650409530900968
0.8354430379746836
0.8600148920327625
0.8302308265078183
0.8343261355174981
0.9426656738644825
0.890915860014892
0.7941176470588235
0.8376768428890543
0.7944899478778853
0.8670886075949367
0.9314966492926284
0.8432613551749814
0.8172002978406553
0.8104988830975428
0.7851824274013403
0.8551749813849591
0.7714072970960536
0.8283693224125093
0.8801191362620998
0.9255398361876396
0.7505584512285927
0.7602382725241995
0.9426656738644825
0.9054355919583023
0.9344750558451228
0.8373045420699926
0.768801191362621
0.8015636634400596
0.8332092330603127
0.8894266567386448
0.9486224869694714
0.8752792256142964
0.9743112434847356
0.8209233060312733
0.9225614296351452
0.7438570364854803
0.9128816083395384
0.8250186150409531
0.6150409530900968
0.7486969471332837
0.7546537602382726
0.7933730454207
0.7516753536857781
0.8607594936708861
0.8905435591958303
0.8172002978406553
0.8209233060312733
0.6589724497393894
0.8339538346984363
0.7542814594192108
0.7956068503350707
0.7997021593447505
0.7110945644080418
0.6943410275502606
0.8294862248696947
0.7583767684288906
0.9307520476545048
0.8469843633655995
0.823157110945644
0.836559940431869
0.7129560685033507
0.6939687267311988
0.7140729709605361
0.8164556962025317
0.8659717051377513
0.7982129560685034
0.779970215934475
0.7862993298585257
0.9314966492926284
0.9087862993298585
0.9616530156366344
0.7747580044676098
0.7494415487714073
0.8771407297096053
0.8242740134028295
0.7900223380491437
0.7926284437825764
0.7390171258376769
0.8309754281459419
0.8994787788533135
0.8466120625465376
0.9020848845867461
0.7531645569620253
0.7494415487714073
0.8116157855547282
0.740506329113924
0.7364110201042442
0.7144452717795979
0.8034251675353685
0.6016381236038719
0.7051377513030529
0.7993298585256887
0.7088607594936709
0.9277736411020104
0.8644825018615041
0.8387937453462397
0.7133283693224125
0.8652271034996277
0.7356664184661206
0.8875651526433358
0.7810871183916605
0.8086373790022338
0.8652271034996277
0.8462397617274758
0.7464631422189129
0.8968726731198808
0.8510796723752793
0.768801191362621
0.8771407297096053
0.7211466865227103
0.9002233804914371
0.8492181682799702
0.8525688756515264
0.8812360387192851
0.8291139240506329
0.8268801191362621
0.6854058078927774
0.840282948622487
0.8104988830975428
0.8629932985852569
0.7937453462397617
0.8916604616530156
0.7550260610573343
0.819434102755026
0.7483246463142219
0.7877885331347729
0.8216679076693969
0.7397617274758005
0.8250186150409531
0.6094564408041697
0.7978406552494416
0.8481012658227848
0.7431124348473567
0.9121370067014147
0.7349218168279971
0.8056589724497394
0.8346984363365599
0.7937453462397617
0.7416232315711094
0.877885331347729
0.7985852568875651
0.8454951600893522
0.7956068503350707
0.7617274758004468
0.7043931496649293
0.7427401340282949
0.857036485480268
0.7997021593447505
0.7144452717795979
0.8350707371556217
0.8332092330603127
0.9102755026061057
0.9307520476545048
0.8104988830975428
0.7862993298585257
0.8667163067758749
0.8384214445271779
0.7043931496649293
0.9184661206254654
0.8224125093075205
0.7982129560685034
0.8696947133283693
0.808265078183172
0.8652271034996277
0.7825763216679077
0.8562918838421445
0.9084139985107967
0.8536857781087118
0.9117647058823529
0.7866716306775875
0.8108711839166046
0.804542069992554
0.836559940431869
0.7769918093819806
0.8525688756515264
0.8335815338793745
0.7531645569620253
0.8134772896500372
0.77066269545793
0.9106478034251675
0.8883097542814594
0.8734177215189873
0.8819806403574088
0.8920327624720774
0.840282948622487
0.8376768428890543
0.9084139985107967
0.7781087118391661
0.8611317944899479
0.7230081906180194
0.9296351451973194
0.8104988830975428
0.7267311988086373
0.7937453462397617
0.8931496649292628
0.8380491437081161
0.8071481757259866
0.8302308265078183
0.8551749813849591
0.8473566641846612
0.7918838421444527
0.8216679076693969
0.7896500372300819
0.8220402084884587
0.8499627699180938
0.8585256887565152
0.8629932985852569
0.676842889054356
0.8544303797468354
0.8123603871928519
0.8071481757259866
0.8216679076693969
0.6690245718540581
0.8514519731943411
0.8916604616530156
0.8976172747580045
0.8808637379002234
0.913626209977662
0.892777364110201
0.7803425167535368
0.8127326880119137
0.819434102755026
0.7728965003723008
0.720029784065525
0.8763961280714817
0.8540580789277736
0.8536857781087118
0.8298585256887565
0.797096053611318
0.6712583767684289
0.9329858525688757
0.8994787788533135
0.7185405807892777
0.8410275502606106
0.840282948622487
0.7572598659717051
0.8417721518987342
0.8469843633655995
0.9717051377513031
0.8015636634400596
0.8842144452717796
0.7163067758749069
0.8745346239761728
0.8663440059568132
0.7449739389426657
0.8346984363365599
0.8998510796723753
0.8592702903946389
0.8912881608339538
0.8562918838421445
0.8153387937453462
0.8358153387937454
0.842144452717796
0.695457930007446
0.7073715562174236
0.8868205510052122
0.7654504839910647
0.890915860014892
0.725614296351452
0.7658227848101266
0.9132539091586002
0.8250186150409531
0.7021593447505584
0.7676842889054356
0.8912881608339538
0.8413998510796724
0.8078927773641102
0.7561429635145197
0.7568875651526433
0.806403574087863
0.48659717051377516
0.8391660461653015
0.48175725986597173
0.9527177959791512
0.7680565897244974
0.7974683544303798
0.8756515264333582
0.8585256887565152
0.8265078183172003
0.8711839166046166
0.8086373790022338
0.7073715562174236
0.8548026805658973
0.953090096798213
0.7509307520476545
0.8689501116902457
0.8484735666418466
0.813849590469099
0.8384214445271779
0.7795979151154132
0.840282948622487
0.7308265078183172
0.7870439314966493
0.8395383469843634
0.8373045420699926
0.9043186895011169
0.8004467609828742
0.766939687267312
0.8186895011169024
0.8436336559940432
0.5997766195085629
0.823157110945644
0.8387937453462397
0.776247207743857
0.7453462397617274
0.8164556962025317
0.7408786299329858
0.81198808637379
0.7982129560685034
0.8224125093075205
0.6921072226358898
0.8585256887565152
0.8659717051377513
0.7810871183916605
0.8257632166790767
0.8406552494415488
0.8469843633655995
0.8953834698436337
0.8417721518987342
0.8086373790022338
0.885331347728965
0.7967237527922562
0.7967237527922562
0.7922561429635145
0.9125093075204765
0.7434847356664185
0.4240506329113924
0.7457185405807892
0.8529411764705882
0.7933730454207
0.6329113924050633
0.8574087862993298
0.7591213700670142
0.7148175725986597
0.6738644825018615
0.6723752792256142
0.8756515264333582
0.9072970960536113
0.8376768428890543
0.8473566641846612
0.8186895011169024
0.7501861504095308
0.7769918093819806
0.8391660461653015
0.7769918093819806
0.8354430379746836
0.8112434847356664
0.7557706626954579
0.6839166046165301
0.896500372300819
0.8298585256887565
0.8086373790022338
0.9084139985107967
0.8763961280714817
0.9061801935964259
0.8425167535368577
0.8521965748324646
0.7732688011913627
0.8037974683544303
0.9102755026061057
0.8525688756515264
0.7051377513030529
0.7624720774385704
0.7568875651526433
0.8097542814594192
0.8830975428145942
0.7755026061057334
0.7140729709605361
0.7769918093819806
0.7159344750558452
0.8380491437081161
0.7982129560685034
0.7334326135517498
0.9061801935964259
0.8004467609828742
0.8037974683544303
0.7922561429635145
0.5685033507073716
0.8488458674609084
0.8540580789277736
0.7758749069247952
0.7464631422189129
0.8030528667163068
0.7833209233060313
0.9158600148920327
0.9017125837676843
0.8473566641846612
0.8730454206999255
0.9400595681310498
0.8384214445271779
0.7859270290394639
0.870439314966493
0.9251675353685778
0.7989575577066269
0.5815338793745346
0.8548026805658973
0.7609828741623231
0.8104988830975428
0.8920327624720774
0.7792256142963514
0.7810871183916605
0.8023082650781832
0.7643335815338794
0.7040208488458675
0.9020848845867461
0.6965748324646315
0.8108711839166046
0.9460163812360387
0.8060312732688012
0.8972449739389426
0.625837676842889
0.8875651526433358
0.7587490692479524
0.823157110945644
0.8131049888309755
0.7732688011913627
0.8179448994787789
0.8529411764705882
0.7937453462397617
0.753909158600149
0.8953834698436337
0.9020848845867461
0.9002233804914371
0.7892777364110201
0.6883842144452718
0.8641102010424423
0.7393894266567387
0.8994787788533135
0.9039463886820551
0.7546537602382726
0.9002233804914371
0.7881608339538347
0.8127326880119137
0.797096053611318
0.467982129560685
0.8328369322412509
0.7524199553239017
0.8317200297840656
0.7717795979151154
0.7490692479523455
0.8294862248696947
0.8387937453462397
0.686150409530901
0.9032017870439315
0.8257632166790767
0.8991064780342517
0.8514519731943411
0.8067758749069248
0.7710349962769918
0.8261355174981385
0.7673119880863738
0.8306031273268801
0.8332092330603127
0.804542069992554
0.847728965003723
0.7699180938198064
0.6526433358153388
0.8801191362620998
0.8186895011169024
0.879746835443038
0.7963514519731943
0.7490692479523455
0.6895011169024572
0.8324646314221892
0.8417721518987342
0.8112434847356664
0.8298585256887565
0.7606105733432613
0.7784810126582279
0.7736411020104245
0.8875651526433358
0.7267311988086373
0.8302308265078183
0.7025316455696202
0.8041697691734921
0.813849590469099
0.7833209233060313
0.8503350707371556
0.815711094564408
0.8596425912137007
0.8451228592702904
0.8346984363365599
0.8897989575577067
0.8607594936708861
0.7520476545048399
0.7140729709605361
0.7535368577810871
0.8596425912137007
0.8529411764705882
0.8410275502606106
0.8287416232315711
0.806403574087863
0.8030528667163068
0.8443782576321668
0.8011913626209978
0.7896500372300819
0.8618763961280714
0.8246463142218913
0.8481012658227848
0.8503350707371556
0.8116157855547282
0.6664184661206255
0.8659717051377513
0.7740134028294863
0.8652271034996277
0.7881608339538347
0.7769918093819806
0.8276247207743858
0.8239017125837677
0.8723008190618019
0.8369322412509308
0.8183172002978406
0.8734177215189873
0.7784810126582279
0.9728220402084885
0.8968726731198808
0.8998510796723753
0.827252419955324
0.772524199553239
0.9095309009679822
0.7892777364110201
0.6530156366344005
0.7520476545048399
0.7226358897989575
0.7431124348473567
0.8521965748324646
0.9162323157110945
0.8548026805658973
0.8767684288905435
0.8131049888309755
0.5904690990320178
0.5785554728220402
0.813849590469099
0.8093819806403574
0.827252419955324
0.7963514519731943
0.8998510796723753
0.7665673864482502
0.586373790022338
0.7587490692479524
0.6571109456440805
0.7062546537602383
0.8816083395383469
0.7341772151898734
0.7755026061057334
0.6913626209977662
0.8942665673864483
0.8172002978406553
0.7088607594936709
0.7702903946388682
0.7565152643335815
0.8916604616530156
0.8410275502606106
0.870439314966493
0.7993298585256887
0.766939687267312
0.8842144452717796
0.763216679076694
0.857036485480268
0.8019359642591214
0.5282948622486969
0.9139985107967238
0.7747580044676098
0.7568875651526433
0.7758749069247952
0.9009679821295606
0.8343261355174981
0.8361876396128072
0.8224125093075205
0.8000744601638123
0.885331347728965
0.7952345495160089
0.9143708116157856
0.836559940431869
0.815711094564408
0.8030528667163068
0.8473566641846612
0.6507818317200298
0.9482501861504096
0.774385703648548
0.7620997766195086
0.8376768428890543
0.8052866716306776
0.7609828741623231
0.8056589724497394
0.8953834698436337
0.7825763216679077
0.8637379002233805
0.7550260610573343
0.890915860014892
0.8905435591958303
0.7386448250186151
0.8983618763961281
0.8723008190618019
0.740506329113924
0.7788533134772897
0.808265078183172
0.806403574087863
0.7985852568875651
0.7695457930007445
0.8358153387937454
0.8749069247952346
0.8116157855547282
0.840282948622487
0.9162323157110945
0.6686522710349962
0.8220402084884587
0.8093819806403574
0.8380491437081161
0.7803425167535368
0.7814594192107223
0.8320923306031274
0.8979895755770663
0.7803425167535368
0.819434102755026
0.8771407297096053
0.8763961280714817
0.7501861504095308
0.8075204765450484
0.7319434102755026
0.8131049888309755
0.8469843633655995
0.62397617274758
0.9195830230826508
0.7944899478778853
0.8160833953834699
0.943782576321668
0.8413998510796724
0.7989575577066269
0.8060312732688012
0.8696947133283693
0.8443782576321668
0.7859270290394639
0.7777364110201043
0.896500372300819
0.8410275502606106
0.7747580044676098
0.6943410275502606
0.8179448994787789
0.8559195830230827
0.8503350707371556
0.8168279970215935
0.8976172747580045
0.7472077438570365
0.9072970960536113
0.9233060312732688
0.8633655994043187
0.7416232315711094
0.810126582278481
0.8723008190618019
0.862620997766195
0.8503350707371556
0.8574087862993298
0.7364110201042442
0.4825018615040953
0.7829486224869695
0.6906180193596426
0.815711094564408
0.7680565897244974
0.6641846612062546
0.7844378257632166
0.8030528667163068
0.6846612062546538
0.7840655249441548
0.7769918093819806
0.7721518987341772
0.8544303797468354
0.8201787043931497
0.8566641846612063
0.7807148175725986
0.7088607594936709
0.7836932241250931
0.8905435591958303
0.8078927773641102
0.9393149664929263
0.8950111690245719
0.823157110945644
0.8860759493670886
0.8905435591958303
0.7818317200297841
0.8425167535368577
0.7196574832464632
0.8015636634400596
0.8730454206999255
0.7810871183916605
0.7889054355919582
0.7870439314966493
0.8786299329858526
0.8730454206999255
0.8387937453462397
0.8938942665673865
0.8577810871183916
0.6760982874162323
0.8581533879374534
0.8868205510052122
0.6492926284437825
0.8838421444527178
0.7550260610573343
0.8644825018615041
0.7948622486969471
0.8350707371556217
0.8857036485480269
0.845867460908414
0.8581533879374534
0.7472077438570365
0.8670886075949367
0.7486969471332837
0.8376768428890543
0.7736411020104245
0.7606105733432613
0.8801191362620998
0.8961280714817572
0.9341027550260611
0.8037974683544303
0.9002233804914371
0.8346984363365599
0.8049143708116158
0.8358153387937454
0.8723008190618019
0.8153387937453462
0.8391660461653015
0.6772151898734177
0.8354430379746836
0.7855547282204021
0.6924795234549516
0.8451228592702904
0.8972449739389426
0.8693224125093075
0.8842144452717796
0.8670886075949367
0.7825763216679077
0.8693224125093075
0.7892777364110201
0.8521965748324646
0.8551749813849591
0.8711839166046166
0.8510796723752793
0.836559940431869
0.7568875651526433
0.8548026805658973
0.9035740878629933
0.8972449739389426
0.939687267311988
0.7933730454207
0.921072226358898
0.8946388682055101
0.8633655994043187
0.8168279970215935
0.8633655994043187
0.7676842889054356
0.8566641846612063
0.9024571854058079
0.7643335815338794
0.7777364110201043
0.7885331347728965
0.8131049888309755
0.7781087118391661
0.8953834698436337
0.8000744601638123
0.8469843633655995
0.8224125093075205
0.9084139985107967
0.7580044676098288
0.819434102755026
0.8745346239761728
0.693596425912137
0.8320923306031274
0.7263588979895755
0.7810871183916605
0.7825763216679077
0.746090841399851
0.8428890543559195
0.6586001489203276
0.6984363365599404
0.8324646314221892
0.8548026805658973
0.7769918093819806
0.8242740134028295
0.9054355919583023
0.8607594936708861
0.7401340282948623
0.7907669396872673
0.7889054355919582
0.7807148175725986
0.6779597915115413
0.7647058823529411
0.8019359642591214
0.8529411764705882
0.7088607594936709
0.8067758749069248
0.7773641102010425
0.8715562174236783
0.8354430379746836
0.8507073715562175
0.8116157855547282
0.9050632911392406
0.7326880119136262
0.9389426656738645
0.7877885331347729
0.6381236038719286
0.6868950111690245
0.8108711839166046
0.7088607594936709
0.8540580789277736
0.8901712583767685
0.7862993298585257
0.7937453462397617
0.8976172747580045
0.8946388682055101
0.8875651526433358
0.774385703648548
0.6883842144452718
0.7434847356664185
0.8600148920327625
0.8093819806403574
0.7840655249441548
0.7862993298585257
0.8164556962025317
0.8708116157855548
0.8134772896500372
0.9017125837676843
0.8775130305286671
0.7915115413253909
0.8145941921072226
0.8097542814594192
0.8198064035740878
0.8108711839166046
0.8425167535368577
0.742367833209233
0.8670886075949367
0.7926284437825764
0.9635145197319435
0.7714072970960536
0.8309754281459419
0.7736411020104245
0.8369322412509308
0.8920327624720774
0.7710349962769918
0.8510796723752793
0.8268801191362621
0.8373045420699926
0.8395383469843634
0.8041697691734921
0.7650781831720029
0.616530156366344
0.6924795234549516
0.8648548026805659
0.8291139240506329
0.7572598659717051
0.8555472822040209
0.7874162323157111
0.7803425167535368
0.8559195830230827
0.9050632911392406
0.815711094564408
0.8075204765450484
0.6779597915115413
0.7930007446016382
0.7982129560685034
0.8391660461653015
0.7494415487714073
0.8775130305286671
0.7959791511541325
0.8376768428890543
0.8268801191362621
0.8276247207743858
0.836559940431869
0.8875651526433358
0.7081161578555473
0.8819806403574088
0.8302308265078183
0.7862993298585257
0.7959791511541325
0.8145941921072226
0.836559940431869
0.6321667907669397
0.7784810126582279
0.7985852568875651
0.797096053611318
0.7658227848101266
0.766939687267312
0.7419955323901712
0.8894266567386448
0.7695457930007445
0.8090096798212956
0.7885331347728965
0.6872673119880863
0.5536113179448995
0.7151898734177216
0.7822040208488459
0.8108711839166046
0.8343261355174981
0.8093819806403574
0.8097542814594192
0.9043186895011169
0.8652271034996277
0.800819061801936
0.8384214445271779
0.9091586001489204
0.7546537602382726
0.8559195830230827
0.8674609084139985
0.8149664929262844
0.8473566641846612
0.9314966492926284
0.8153387937453462
0.8790022338049144
0.9106478034251675
0.9381980640357409
0.9419210722263589
0.9065524944154877
0.8097542814594192
0.870439314966493
0.7635889798957558
0.8011913626209978
0.7501861504095308
0.8864482501861504
0.8466120625465376
0.909903201787044
0.625837676842889
0.819434102755026
0.8946388682055101
0.8179448994787789
0.8667163067758749
0.8812360387192851
0.7840655249441548
0.8153387937453462
0.9158600148920327
0.7531645569620253
0.7628443782576322
0.7974683544303798
0.8652271034996277
0.7408786299329858
0.7788533134772897
0.8175725986597171
0.6392405063291139
0.8153387937453462
0.5487714072970961
0.8227848101265823
0.810126582278481
0.9169769173492182
0.8112434847356664
0.8466120625465376
0.7982129560685034
0.8611317944899479
0.7844378257632166
0.8227848101265823
0.9225614296351452
0.7315711094564408
0.8801191362620998
0.8555472822040209
0.9087862993298585
0.8052866716306776
0.800819061801936
0.8700670141474312
0.9117647058823529
0.7877885331347729
0.8756515264333582
0.8265078183172003
0.4977661950856292
0.885331347728965
0.8454951600893522
0.8019359642591214
0.8678332092330603
0.8536857781087118
0.7446016381236039
0.8235294117647058
0.7896500372300819
0.9501116902457185
0.7974683544303798
0.8961280714817572
0.857036485480268
0.7606105733432613
0.8112434847356664
0.8905435591958303
0.7918838421444527
0.8406552494415488
0.7896500372300819
0.7810871183916605
0.8034251675353685
0.806403574087863
0.7684288905435592
0.909903201787044
0.7271034996276992
0.7639612807148176
0.8172002978406553
0.9352196574832464
0.7933730454207
0.772524199553239
0.7769918093819806
0.7952345495160089
0.8149664929262844
0.49441548771407295
0.9225614296351452
0.586373790022338
0.849590469099032
0.8000744601638123
0.7259865971705137
0.8968726731198808
0.7836932241250931
0.8838421444527178
0.8503350707371556
0.7952345495160089
0.8804914370811616
0.7498138495904692
0.8924050632911392
0.9311243484735666
0.772524199553239
0.8875651526433358
0.7777364110201043
0.8410275502606106
0.7498138495904692
0.8883097542814594
0.7185405807892777
0.8131049888309755
0.8864482501861504
0.9262844378257632
0.7609828741623231
0.7393894266567387
0.7691734921816828
0.7881608339538347
0.8536857781087118
0.7803425167535368
0.870439314966493
0.5990320178704394
0.8950111690245719
0.7040208488458675
0.8931496649292628
0.8723008190618019
0.7360387192851824
0.8373045420699926
0.8265078183172003
0.8049143708116158
0.8354430379746836
0.9139985107967238
0.7304542069992555
0.8395383469843634
0.7758749069247952
0.7084884586746091
0.7673119880863738
0.7892777364110201
0.8168279970215935
0.8540580789277736
0.7285927029039464
0.6902457185405808
0.7822040208488459
0.8868205510052122
0.7665673864482502
0.7948622486969471
0.7784810126582279
0.6772151898734177
0.7829486224869695
0.8268801191362621
0.7486969471332837
0.7933730454207
0.8279970215934475
0.8060312732688012
0.8287416232315711
0.8946388682055101
0.845867460908414
0.9106478034251675
0.7751303052866716
0.842144452717796
0.8015636634400596
0.7379002233804914
0.7635889798957558
0.8611317944899479
0.68801191362621
0.8648548026805659
0.7561429635145197
0.8302308265078183
0.827252419955324
0.8227848101265823
0.48175725986597173
0.800819061801936
0.8253909158600149
0.7062546537602383
0.7892777364110201
0.7766195085629188
0.7319434102755026
0.7665673864482502
0.7561429635145197
0.6809381980640358
0.9542069992553983
0.7870439314966493
0.4076693968726731
0.8715562174236783
0.823157110945644
0.7326880119136262
0.883469843633656
0.8920327624720774
0.9061801935964259
0.87602382725242
0.7907669396872673
0.9400595681310498
0.7408786299329858
0.7230081906180194
0.9121370067014147
0.9162323157110945
0.9463886820551005
0.9009679821295606
0.7416232315711094
0.7740134028294863
0.7349218168279971
0.7922561429635145
0.845867460908414
0.7982129560685034
0.7248696947133284
0.7386448250186151
0.8886820551005212
0.9139985107967238
0.8488458674609084
0.7732688011913627
0.8462397617274758
0.8413998510796724
0.7550260610573343
0.8108711839166046
0.8678332092330603
0.8332092330603127
0.8149664929262844
0.8935219657483247
0.7099776619508563
0.8611317944899479
0.8149664929262844
0.7635889798957558
0.7323157110945644
0.697319434102755
0.9214445271779598
0.8399106478034252
0.9039463886820551
0.8469843633655995
0.800819061801936
0.8384214445271779
0.7155621742367834
0.776247207743857
0.746090841399851
0.680565897244974
0.8562918838421445
0.8436336559940432
0.9329858525688757
0.8011913626209978
0.7937453462397617
0.7483246463142219
0.8518242740134029
0.7550260610573343
0.7628443782576322
0.7877885331347729
0.8644825018615041
0.8451228592702904
0.72933730454207
0.896500372300819
0.7952345495160089
0.8644825018615041
0.6660461653015637
0.827252419955324
0.7505584512285927
0.6552494415487714
0.6787043931496649
0.8916604616530156
0.8261355174981385
0.6813104988830976
0.9132539091586002
0.7326880119136262
0.7699180938198064
0.8682055100521221
0.8023082650781832
0.8529411764705882
0.8317200297840656
0.8559195830230827
0.8168279970215935
0.6057334326135517
0.8354430379746836
0.7974683544303798
0.8819806403574088
0.8090096798212956
0.8168279970215935
0.8548026805658973
0.9344750558451228
0.8466120625465376
0.7546537602382726
0.8417721518987342
0.7520476545048399
0.7840655249441548
0.819434102755026
0.9002233804914371
0.7241250930752048
0.7531645569620253
0.9657483246463142
0.8369322412509308
0.85331347728965
0.9314966492926284
0.7889054355919582
0.9087862993298585
0.8968726731198808
0.7717795979151154
0.8276247207743858
0.8816083395383469
0.9017125837676843
0.6526433358153388
0.8737900223380491
0.9516008935219658
0.8670886075949367
0.6854058078927774
0.72933730454207
0.9419210722263589
0.8540580789277736
0.8380491437081161
0.808265078183172
0.8205510052122115
0.8261355174981385
0.7587490692479524
0.8611317944899479
0.7758749069247952
0.8317200297840656
0.8172002978406553
0.8011913626209978
0.9106478034251675
0.7654504839910647
0.7833209233060313
0.8585256887565152
0.7680565897244974
0.8265078183172003
0.6347728965003723
0.8380491437081161
0.8734177215189873
0.8067758749069248
0.8849590469099032
0.7974683544303798
0.7855547282204021
0.8160833953834699
0.7948622486969471
0.7665673864482502
0.797096053611318
0.7565152643335815
0.7911392405063291
0.8239017125837677
0.753909158600149
0.7915115413253909
0.8391660461653015
0.8384214445271779
0.842144452717796
0.8897989575577067
0.9262844378257632
0.7163067758749069
0.8034251675353685
0.6969471332836932
0.7982129560685034
0.7025316455696202
0.7714072970960536
0.9095309009679822
0.964259121370067
0.8075204765450484
0.7397617274758005
0.8037974683544303
0.8291139240506329
0.802680565897245
0.6716306775874907
0.7900223380491437
0.8212956068503351
0.8920327624720774
0.742367833209233
0.9054355919583023
0.9095309009679822
0.7006701414743113
0.9020848845867461
0.7464631422189129
0.7196574832464632
0.7483246463142219
0.693596425912137
0.8525688756515264
0.8830975428145942
0.8175725986597171
0.8417721518987342
0.7613551749813849
0.7926284437825764
0.8633655994043187
0.9002233804914371
0.7922561429635145
0.8060312732688012
0.8745346239761728
0.9143708116157856
0.6950856291883842
0.8261355174981385
0.85331347728965
0.8879374534623976
0.7926284437825764
0.8294862248696947
0.8644825018615041
0.7974683544303798
0.8905435591958303
0.7840655249441548
0.896500372300819
0.8644825018615041
0.81198808637379
0.9087862993298585
0.8428890543559195
0.7814594192107223
0.797096053611318
0.6772151898734177
0.7661950856291884
0.8011913626209978
0.8060312732688012
0.7587490692479524
0.879746835443038
0.7620997766195086
0.8816083395383469
0.9601638123603872
0.9020848845867461
0.8708116157855548
0.8823529411764706
0.8793745346239762
0.9389426656738645
0.8819806403574088
0.8205510052122115
0.9244229337304543
0.8469843633655995
0.8812360387192851
0.8134772896500372
0.9352196574832464
0.8581533879374534
0.8603871928518243
0.8775130305286671
0.8481012658227848
0.8343261355174981
0.8901712583767685
0.8611317944899479
0.797096053611318
0.5867460908413998
0.6020104244229337
0.9072970960536113
0.7844378257632166
0.890915860014892
0.8577810871183916
0.9076693968726731
0.7356664184661206
0.8484735666418466
0.919210722263589
0.8868205510052122
0.7557706626954579
0.8279970215934475
0.9206999255398362
0.842144452717796
0.9002233804914371
0.8745346239761728
0.8723008190618019
0.8894266567386448
0.8160833953834699
0.7997021593447505
0.7684288905435592
0.7218912881608339
0.823157110945644
0.8544303797468354
0.9020848845867461
0.7352941176470589
0.7051377513030529
0.8049143708116158
0.8879374534623976
0.847728965003723
0.8756515264333582
0.8220402084884587
0.8104988830975428
0.9032017870439315
0.8551749813849591
0.9314966492926284
0.7717795979151154
0.8350707371556217
0.7531645569620253
0.8257632166790767
0.862620997766195
0.9028294862248697
0.7844378257632166
0.7959791511541325
0.7386448250186151
0.8548026805658973
0.7803425167535368
0.8592702903946389
0.8358153387937454
0.7978406552494416
0.6950856291883842
0.9393149664929263
0.8454951600893522
0.7855547282204021
0.720029784065525
0.8302308265078183
0.6656738644825019
0.7944899478778853
0.8160833953834699
0.7345495160089353
0.7948622486969471
0.7907669396872673
0.8745346239761728
0.8942665673864483
0.7721518987341772
0.7297096053611318
0.8030528667163068
0.746090841399851
0.9039463886820551
0.742367833209233
0.5416976917349218
0.8287416232315711
0.7546537602382726
0.7390171258376769
0.849590469099032
0.8596425912137007
0.8659717051377513
0.8443782576321668
0.9285182427401341
0.9158600148920327
0.9158600148920327
0.8041697691734921
0.810126582278481
0.8164556962025317
0.8682055100521221
0.7263588979895755
0.8562918838421445
0.9594192107222635
0.810126582278481
0.8086373790022338
0.7494415487714073
0.845867460908414
0.7922561429635145
0.6496649292628444
0.7948622486969471
0.4992553983618764
0.8172002978406553
0.8417721518987342
0.8548026805658973
0.7978406552494416
0.7479523454951601
0.889054355919583
0.8678332092330603
0.7907669396872673
0.813849590469099
0.7781087118391661
0.6384959046909903
0.8201787043931497
0.7676842889054356
0.8391660461653015
0.9069247952345495
0.7892777364110201
0.753909158600149
0.8090096798212956
0.7241250930752048
0.8942665673864483
0.8507073715562175
0.9017125837676843
0.8763961280714817
0.8771407297096053
0.650409530900968
0.8536857781087118
0.8644825018615041
0.8585256887565152
0.8067758749069248
0.7855547282204021
0.8950111690245719
0.7773641102010425
0.8320923306031274
0.9467609828741623
0.8049143708116158
0.8279970215934475
0.8600148920327625
0.6969471332836932
0.7527922561429635
0.9244229337304543
0.7133283693224125
0.8075204765450484
0.8912881608339538
0.9002233804914371
0.7881608339538347
0.845867460908414
0.7881608339538347
0.8387937453462397
0.8190618019359642
0.9240506329113924
0.8883097542814594
0.8994787788533135
0.9467609828741623
0.8611317944899479
0.8160833953834699
0.9225614296351452
0.836559940431869
0.8410275502606106
0.7557706626954579
0.772524199553239
0.7620997766195086
0.7997021593447505
0.909903201787044
0.8696947133283693
0.8946388682055101
0.7684288905435592
0.8413998510796724
0.8309754281459419
0.7833209233060313
0.7379002233804914
0.7334326135517498
0.8938942665673865
0.6615785554728221
0.776247207743857
0.9046909903201787
0.763216679076694
0.7263588979895755
0.8901712583767685
0.7885331347728965
0.7792256142963514
0.6653015636634401
0.8484735666418466
0.7390171258376769
0.9046909903201787
0.870439314966493
0.8719285182427401
0.8034251675353685
0.885331347728965
0.8186895011169024
0.5785554728220402
0.8209233060312733
0.7267311988086373
0.8588979895755771
0.7155621742367834
0.8916604616530156
0.823157110945644
0.7870439314966493
0.8168279970215935
0.7349218168279971
0.8041697691734921
0.885331347728965
0.7565152643335815
0.8897989575577067
0.8205510052122115
0.8276247207743858
0.7833209233060313
0.8060312732688012
0.7862993298585257
0.6556217423678332
0.9162323157110945
0.7844378257632166
0.720029784065525
0.800819061801936
0.8298585256887565
0.7788533134772897
0.8358153387937454
0.8023082650781832
0.7822040208488459
0.8734177215189873
0.7442293373045421
0.8566641846612063
0.849590469099032
0.8979895755770663
0.9032017870439315
0.8309754281459419
0.849590469099032
0.8611317944899479
0.8279970215934475
0.9113924050632911
0.746090841399851
0.7755026061057334
0.7624720774385704
0.8220402084884587
0.7900223380491437
0.8592702903946389
0.8041697691734921
0.7609828741623231
0.874162323157111
0.779970215934475
0.8931496649292628
0.8521965748324646
0.8011913626209978
0.9244229337304543
0.8350707371556217
0.8953834698436337
0.8507073715562175
0.8104988830975428
0.9080416976917349
0.8265078183172003
0.6749813849590469
0.909903201787044
0.697319434102755
0.9519731943410276
0.8905435591958303
0.819434102755026
0.8827252419955324
0.7892777364110201
0.8168279970215935
0.7047654504839911
0.8049143708116158
0.8473566641846612
0.8041697691734921
0.5160089352196575
0.8023082650781832
0.731198808637379
0.8525688756515264
0.7267311988086373
0.8499627699180938
0.8164556962025317
0.896500372300819
0.7680565897244974
0.8499627699180938
0.7870439314966493
0.8212956068503351
0.6630677587490692
0.6749813849590469
0.8864482501861504
0.8983618763961281
0.7825763216679077
0.7769918093819806
0.8801191362620998
0.8346984363365599
0.8968726731198808
0.836559940431869
0.8097542814594192
0.742367833209233
0.8090096798212956
0.8164556962025317
0.8134772896500372
0.7602382725241995
0.8719285182427401
0.921072226358898
0.7397617274758005
0.9102755026061057
0.8198064035740878
0.8067758749069248
0.7561429635145197
0.840282948622487
0.8752792256142964
0.7985852568875651
0.8588979895755771
0.8868205510052122
0.5994043186895012
0.8790022338049144
0.8790022338049144
0.7401340282948623
0.7851824274013403
0.815711094564408
0.6548771407297096
0.7859270290394639
0.7684288905435592
0.8417721518987342
0.7654504839910647
0.8242740134028295
0.7077438570364855
0.7807148175725986
0.7393894266567387
0.8812360387192851
0.7978406552494416
0.8384214445271779
0.7159344750558452
0.8276247207743858
0.8339538346984363
0.7974683544303798
0.8369322412509308
0.7710349962769918
0.7959791511541325
0.7903946388682055
0.8354430379746836
0.8306031273268801
0.7673119880863738
0.8361876396128072
0.7747580044676098
0.8767684288905435
0.9043186895011169
0.9676098287416233
0.8361876396128072
0.8019359642591214
0.8253909158600149
0.7248696947133284
0.8734177215189873
0.654132539091586
0.8052866716306776
0.8752792256142964
0.9314966492926284
0.849590469099032
0.7412509307520476
0.6332836932241251
0.8518242740134029
0.9087862993298585
0.7818317200297841
0.8373045420699926
0.9043186895011169
0.7419955323901712
0.7609828741623231
0.8097542814594192
0.7862993298585257
0.7565152643335815
0.7088607594936709
0.8901712583767685
0.8782576321667908
0.8380491437081161
0.9139985107967238
0.7338049143708116
0.7017870439314966
0.947505584512286
0.5685033507073716
0.8201787043931497
0.6232315711094565
0.7911392405063291
0.9009679821295606
0.7989575577066269
0.776247207743857
0.8845867460908414
0.8350707371556217
0.8700670141474312
0.7654504839910647
0.7680565897244974
0.883469843633656
0.5253164556962026
0.8957557706626954
0.746090841399851
0.8350707371556217
0.9348473566641846
0.8037974683544303
0.6794489947877885
0.8674609084139985
0.8715562174236783
0.7401340282948623
0.6720029784065525
0.8559195830230827
0.7166790766939687
0.7956068503350707
0.813849590469099
0.7866716306775875
0.8071481757259866
0.7937453462397617
0.8406552494415488
0.8659717051377513
0.8466120625465376
0.8659717051377513
0.625837676842889
0.7781087118391661
0.8320923306031274
0.823157110945644
0.8131049888309755
0.7695457930007445
0.8942665673864483
0.7732688011913627
0.8581533879374534
0.8585256887565152
0.8670886075949367
0.77066269545793
0.9009679821295606
0.8763961280714817
0.7974683544303798
0.8544303797468354
0.7911392405063291
0.827252419955324
0.8469843633655995
0.8265078183172003
0.7520476545048399
0.827252419955324
0.844005956813105
0.8261355174981385
0.7565152643335815
0.845867460908414
0.9594192107222635
0.9005956813104988
0.8916604616530156
0.8942665673864483
0.9370811615785555
0.8212956068503351
0.8041697691734921
0.8912881608339538
0.9307520476545048
0.9139985107967238
0.6839166046165301
0.8641102010424423
0.8399106478034252
0.9080416976917349
0.8131049888309755
0.7840655249441548
0.8615040953090097
0.8004467609828742
0.9061801935964259
0.8782576321667908
0.7334326135517498
0.6358897989575577
0.7781087118391661
0.9020848845867461
0.8127326880119137
0.7468354430379747
0.7122114668652271
0.8566641846612063
0.8868205510052122
0.7580044676098288
0.8052866716306776
0.8131049888309755
0.8332092330603127
0.823157110945644
0.8786299329858526
0.8521965748324646
0.7728965003723008
0.7755026061057334
0.8447505584512286
0.7248696947133284
0.9482501861504096
0.8998510796723753
0.8938942665673865
0.8998510796723753
0.8868205510052122
0.7792256142963514
0.8700670141474312
0.8086373790022338
0.8521965748324646
0.8142218912881608
0.7963514519731943
0.8071481757259866
0.8354430379746836
0.885331347728965
0.844005956813105
0.7673119880863738
0.7647058823529411
0.8447505584512286
0.7680565897244974
0.7941176470588235
0.7930007446016382
0.5227103499627699
0.8715562174236783
0.7062546537602383
0.7379002233804914
0.7844378257632166
0.8540580789277736
0.8153387937453462
0.8708116157855548
0.7531645569620253
0.8049143708116158
0.8093819806403574
0.8339538346984363
0.8313477289650038
0.8164556962025317
0.8179448994787789
0.844005956813105
0.7658227848101266
0.8488458674609084
0.8830975428145942
0.8361876396128072
0.8235294117647058
0.8857036485480269
0.8283693224125093
0.7323157110945644
0.8037974683544303
0.9039463886820551
0.7866716306775875
0.85331347728965
0.7390171258376769
0.7810871183916605
0.8410275502606106
0.7382725241995532
0.7472077438570365
0.8183172002978406
0.6794489947877885
0.802680565897245
0.8417721518987342
0.7930007446016382
0.8592702903946389
0.8373045420699926
0.8011913626209978
0.7714072970960536
0.8361876396128072
0.9363365599404319
0.9717051377513031
0.7892777364110201
0.8905435591958303
0.8205510052122115
0.8175725986597171
0.8998510796723753
0.7002978406552495
0.9050632911392406
0.8417721518987342
0.7624720774385704
0.6682799702159344
0.8801191362620998
0.8897989575577067
0.8845867460908414
0.8886820551005212
0.913626209977662
0.8373045420699926
0.9095309009679822
0.9188384214445272
0.7166790766939687
0.7096053611317945
0.8622486969471332
0.9106478034251675
0.8190618019359642
0.8436336559940432
0.93596425912137
0.8041697691734921
0.8179448994787789
0.7639612807148176
0.8287416232315711
0.7315711094564408
0.8548026805658973
0.8086373790022338
0.8361876396128072
0.9151154132539091
0.7513030528667163
0.7714072970960536
0.8220402084884587
0.8462397617274758
0.7889054355919582
0.7319434102755026
0.849590469099032
0.5990320178704394
0.8328369322412509
0.779970215934475
0.9341027550260611
0.9046909903201787
0.8205510052122115
0.8737900223380491
0.8097542814594192
0.8142218912881608
0.9110201042442293
0.879746835443038
0.9158600148920327
0.8819806403574088
0.7803425167535368
0.8015636634400596
0.7777364110201043
0.8067758749069248
0.8845867460908414
0.8823529411764706
0.840282948622487
0.8790022338049144
0.8406552494415488
0.7297096053611318
0.7903946388682055
0.8972449739389426
0.892777364110201
0.9199553239017125
0.8131049888309755
0.8276247207743858
0.8771407297096053
0.6336559940431868
0.844005956813105
0.7498138495904692
0.8503350707371556
0.7974683544303798
0.8838421444527178
0.9046909903201787
0.9009679821295606
0.768801191362621
0.9080416976917349
0.7520476545048399
0.8097542814594192
0.8369322412509308
0.7583767684288906
0.836559940431869
0.87602382725242
0.7963514519731943
0.8373045420699926
0.8354430379746836
0.686150409530901
0.8413998510796724
0.806403574087863
0.849590469099032
0.8116157855547282
0.7654504839910647
0.7781087118391661
0.7583767684288906
0.9277736411020104
0.772524199553239
0.7684288905435592
0.8682055100521221
0.7807148175725986
0.8425167535368577
0.8145941921072226
0.7978406552494416
0.8979895755770663
0.81198808637379
0.7736411020104245
0.7010424422933731
0.7862993298585257
0.8104988830975428
0.8663440059568132
0.8212956068503351
0.9326135517498139
0.8607594936708861
0.8790022338049144
0.810126582278481
0.7546537602382726
0.7177959791511541
0.7941176470588235
0.9069247952345495
0.7609828741623231
0.8328369322412509
0.815711094564408
0.8369322412509308
0.8011913626209978
0.7129560685033507
0.8719285182427401
0.8205510052122115
0.7442293373045421
0.9095309009679822
0.8726731198808637
0.8655994043186895
0.9326135517498139
0.7721518987341772
0.8335815338793745
0.7881608339538347
0.8775130305286671
0.7680565897244974
0.7862993298585257
0.8629932985852569
0.8086373790022338
0.7777364110201043
0.8067758749069248
0.9110201042442293
0.8771407297096053
0.7058823529411765
0.8279970215934475
0.7397617274758005
0.8629932985852569
0.823157110945644
0.8172002978406553
0.8875651526433358
0.797096053611318
0.6854058078927774
0.8436336559940432
0.9177215189873418
0.9020848845867461
0.6098287416232315
0.4415487714072971
0.7803425167535368
0.887192851824274
0.9117647058823529
0.8332092330603127
0.7379002233804914
0.7088607594936709
0.6939687267311988
0.7848101265822784
0.8957557706626954
0.8309754281459419
0.9508562918838421
0.7613551749813849
0.8339538346984363
0.7319434102755026
0.9162323157110945
0.8510796723752793
0.8801191362620998
0.9158600148920327
0.8905435591958303
0.8652271034996277
0.8588979895755771
0.8279970215934475
0.8957557706626954
0.8332092330603127
0.8428890543559195
0.7431124348473567
0.7695457930007445
0.8961280714817572
0.6720029784065525
0.8090096798212956
0.8823529411764706
0.9255398361876396
0.849590469099032
0.842144452717796
0.7948622486969471
0.8257632166790767
0.8752792256142964
0.725614296351452
0.8953834698436337
0.8153387937453462
0.8160833953834699
0.8950111690245719
0.797096053611318
0.9240506329113924
0.8652271034996277
0.8436336559940432
0.9333581533879375
0.81198808637379
0.8395383469843634
0.6440804169769173
0.7792256142963514
0.8715562174236783
0.740506329113924
0.7814594192107223
0.7568875651526433
0.7717795979151154
0.7624720774385704
0.7773641102010425
0.9538346984363366
0.8302308265078183
0.9013402829486225
0.8253909158600149
0.8715562174236783
0.8916604616530156
0.823157110945644
0.8358153387937454
0.8804914370811616
0.8268801191362621
0.7386448250186151
0.8938942665673865
0.8160833953834699
0.8756515264333582
0.823157110945644
0.9370811615785555
0.6787043931496649
0.8142218912881608
0.7282204020848846
0.9184661206254654
0.5774385703648548
0.7870439314966493
0.8685778108711839
0.827252419955324
0.7881608339538347
0.7606105733432613
0.8737900223380491
0.6433358153387937
0.7475800446760983
0.8395383469843634
0.733060312732688
0.7382725241995532
0.7457185405807892
0.7453462397617274
0.684288905435592
0.9463886820551005
0.8700670141474312
0.8749069247952346
0.842144452717796
0.7915115413253909
0.8466120625465376
0.8540580789277736
0.815711094564408
0.7896500372300819
0.9095309009679822
0.8149664929262844
0.8168279970215935
0.8131049888309755
0.6102010424422933
0.7978406552494416
0.7565152643335815
0.890915860014892
0.8700670141474312
0.7527922561429635
0.7974683544303798
0.7527922561429635
0.9188384214445272
0.7081161578555473
0.8454951600893522
0.9110201042442293
0.7300819061801936
0.7535368577810871
0.842144452717796
0.8618763961280714
0.7784810126582279
0.8302308265078183
0.8168279970215935
0.5699925539836188
0.9158600148920327
0.7036485480268057
0.7829486224869695
0.8164556962025317
0.7691734921816828
0.8920327624720774
0.8432613551749814
0.7740134028294863
0.9542069992553983
0.797096053611318
0.8332092330603127
0.7758749069247952
0.9095309009679822
0.7550260610573343
0.8987341772151899
0.7535368577810871
0.7174236783320923
0.8987341772151899
0.8473566641846612
0.9039463886820551
0.8432613551749814
0.6943410275502606
0.9147431124348474
0.806403574087863
0.9002233804914371
0.7691734921816828
0.7431124348473567
0.8730454206999255
0.8097542814594192
0.7937453462397617
0.8644825018615041
0.7118391660461653
0.8812360387192851
0.7103499627699181
0.8987341772151899
0.7982129560685034
0.7848101265822784
0.8652271034996277
0.7818317200297841
0.7650781831720029
0.7758749069247952
0.9032017870439315
0.7207743857036486
0.6943410275502606
0.7728965003723008
0.7520476545048399
0.7788533134772897
0.8246463142218913
0.7334326135517498
0.8592702903946389
0.7099776619508563
0.8112434847356664
0.8052866716306776
0.802680565897245
0.8555472822040209
0.8350707371556217
0.8387937453462397
0.8935219657483247
0.8935219657483247
0.7531645569620253
0.8320923306031274
0.8641102010424423
0.8536857781087118
0.8827252419955324
0.797096053611318
0.9054355919583023
0.6775874906924795
0.8037974683544303
0.7848101265822784
0.6928518242740134
0.8358153387937454
0.8454951600893522
0.7643335815338794
0.8566641846612063
0.8212956068503351
0.7877885331347729
0.9005956813104988
0.7721518987341772
0.8972449739389426
0.85331347728965
0.8093819806403574
0.8775130305286671
0.9166046165301563
0.8145941921072226
0.8399106478034252
0.8212956068503351
0.7747580044676098
0.7926284437825764
0.7457185405807892
0.8644825018615041
0.8395383469843634
0.6645569620253164
0.7997021593447505
0.8324646314221892
0.8015636634400596
0.9035740878629933
0.7803425167535368
0.7665673864482502
0.9262844378257632
0.7338049143708116
0.8894266567386448
0.804542069992554
0.7338049143708116
0.8793745346239762
0.9125093075204765
0.8112434847356664
0.7989575577066269
0.7922561429635145
0.7498138495904692
0.8562918838421445
0.8399106478034252
0.7557706626954579
0.8123603871928519
0.6816827997021594
0.8499627699180938
0.763216679076694
0.7170513775130305
0.845867460908414
0.7099776619508563
0.7941176470588235
0.8782576321667908
0.7110945644080418
0.7192851824274014
0.8979895755770663
0.8845867460908414
0.7349218168279971
0.810126582278481
0.7907669396872673
0.7602382725241995
0.8682055100521221
0.7922561429635145
0.8201787043931497
0.7740134028294863
0.7140729709605361
0.8726731198808637
0.7736411020104245
0.8216679076693969
0.8708116157855548
0.8894266567386448
0.7486969471332837
0.7915115413253909
0.7877885331347729
0.8239017125837677
0.45569620253164556
0.8250186150409531
0.7702903946388682
0.9314966492926284
0.8093819806403574
0.7922561429635145
0.8812360387192851
0.9240506329113924
0.8041697691734921
0.8052866716306776
0.6839166046165301
0.746090841399851
0.8373045420699926
0.7375279225614296
0.9113924050632911
0.7352941176470589
0.9154877140729709
0.7840655249441548
0.8901712583767685
0.8097542814594192
0.8715562174236783
0.939687267311988
0.8991064780342517
0.8205510052122115
0.7613551749813849
0.813849590469099
0.7565152643335815
0.6243484735666418
0.7732688011913627
0.9318689501116902
0.823157110945644
0.9005956813104988
0.7196574832464632
0.849590469099032
0.8544303797468354
0.8417721518987342
0.8540580789277736
0.808265078183172
0.8723008190618019
0.9024571854058079
0.4430379746835443
0.7129560685033507
0.8819806403574088
0.7926284437825764
0.7490692479523455
0.7509307520476545
0.8592702903946389
0.7431124348473567
0.8268801191362621
0.5402084884586746
0.9113924050632911
0.7222635889798957
0.8328369322412509
0.6723752792256142
0.8183172002978406
0.8172002978406553
0.8198064035740878
0.7855547282204021
0.8830975428145942
0.7959791511541325
0.8663440059568132
0.8596425912137007
0.9307520476545048
0.8078927773641102
0.8376768428890543
0.8715562174236783
0.9694713328369322
0.7721518987341772
0.8097542814594192
0.8521965748324646
0.8655994043186895
0.823157110945644
0.8544303797468354
0.8104988830975428
0.8160833953834699
0.7963514519731943
0.8246463142218913
0.8104988830975428
0.8641102010424423
0.8983618763961281
0.7874162323157111
0.8484735666418466
0.77066269545793
0.8037974683544303
0.8104988830975428
0.7431124348473567
0.7639612807148176
0.8689501116902457
0.85331347728965
0.8361876396128072
0.8827252419955324
0.7695457930007445
0.8160833953834699
0.8454951600893522
0.7565152643335815
0.8149664929262844
0.8708116157855548
0.7795979151154132
0.7922561429635145
0.7196574832464632
0.8868205510052122
0.7840655249441548
0.7308265078183172
0.768801191362621
0.774385703648548
0.8883097542814594
0.702903946388682
0.8428890543559195
0.845867460908414
0.6176470588235294
0.8786299329858526
0.8097542814594192
0.8521965748324646
0.8801191362620998
0.85331347728965
0.8283693224125093
0.9184661206254654
0.7784810126582279
0.8830975428145942
0.8481012658227848
0.7766195085629188
0.8466120625465376
0.8700670141474312
0.862620997766195
0.7691734921816828
0.8953834698436337
0.819434102755026
0.8212956068503351
0.7408786299329858
0.6824274013402829
0.7326880119136262
0.8250186150409531
0.8734177215189873
0.8611317944899479
0.7978406552494416
0.7836932241250931
0.8261355174981385
0.7468354430379747
0.8432613551749814
0.8134772896500372
0.87602382725242
0.7915115413253909
0.8611317944899479
0.8030528667163068
0.723752792256143
0.8086373790022338
0.7434847356664185
0.7397617274758005
0.8544303797468354
0.7643335815338794
0.8443782576321668
0.8845867460908414
0.8972449739389426
0.7822040208488459
0.725614296351452
0.7427401340282949
0.8968726731198808
0.9274013402829486
0.8994787788533135
0.7885331347728965
0.7974683544303798
0.8551749813849591
0.797096053611318
0.7617274758004468
0.7207743857036486
0.7438570364854803
0.8726731198808637
0.8689501116902457
0.7792256142963514
0.5930752047654505
0.7844378257632166
0.6154132539091586
0.9631422189128817
0.847728965003723
0.9017125837676843
0.7851824274013403
0.8875651526433358
0.8291139240506329
0.5156366344005957
0.8548026805658973
0.8894266567386448
0.7732688011913627
0.7825763216679077
0.8164556962025317
0.7587490692479524
0.7408786299329858
0.8298585256887565
0.7382725241995532
0.8633655994043187
0.8916604616530156
0.8629932985852569
0.6723752792256142
0.8279970215934475
0.7702903946388682
0.7472077438570365
0.753909158600149
0.759493670886076
0.9452717795979151
0.8507073715562175
0.815711094564408
0.9039463886820551
0.9043186895011169
0.8879374534623976
0.8622486969471332
0.8395383469843634
0.9564408041697692
0.9147431124348474
0.8246463142218913
0.5778108711839166
0.8279970215934475
0.8562918838421445
0.7822040208488459
0.8819806403574088
0.8350707371556217
0.7218912881608339
0.8179448994787789
0.7870439314966493
0.7989575577066269
0.8875651526433358
0.879746835443038
0.8335815338793745
0.7609828741623231
0.9158600148920327
0.7896500372300819
0.8291139240506329
0.8618763961280714
0.7017870439314966
0.8384214445271779
0.8034251675353685
0.8160833953834699
0.883469843633656
0.7211466865227103
0.924795234549516
0.8339538346984363
0.8544303797468354
0.779970215934475
0.8827252419955324
0.8577810871183916
0.8466120625465376
0.7133283693224125
0.757632166790767
0.774385703648548
0.9005956813104988
0.7714072970960536
0.8897989575577067
0.7814594192107223
0.77066269545793
0.8034251675353685
0.8067758749069248
0.9374534623976173
0.8473566641846612
0.7334326135517498
0.8123603871928519
0.9255398361876396
0.7751303052866716
0.8507073715562175
0.953090096798213
0.6269545793000745
0.8164556962025317
0.8514519731943411
0.8075204765450484
0.840282948622487
0.7870439314966493
0.7736411020104245
0.8406552494415488
0.8849590469099032
0.8555472822040209
0.6809381980640358
0.8603871928518243
0.7382725241995532
0.9285182427401341
0.8775130305286671
0.8164556962025317
0.35480268056589725
0.8268801191362621
0.7997021593447505
0.8067758749069248
0.9024571854058079
0.8693224125093075
0.7501861504095308
0.7583767684288906
0.7546537602382726
0.7941176470588235
0.9028294862248697
0.9024571854058079
0.7308265078183172
0.8473566641846612
0.6667907669396873
0.7263588979895755
0.8782576321667908
0.8413998510796724
0.7937453462397617
0.8250186150409531
0.9080416976917349
0.7047654504839911
0.8454951600893522
0.6444527177959791
0.8644825018615041
0.8920327624720774
0.740506329113924
0.7393894266567387
0.7073715562174236
0.757632166790767
0.8123603871928519
0.9143708116157856
0.6868950111690245
0.7278481012658228
0.8674609084139985
0.7751303052866716
0.815711094564408
0.874162323157111
0.6895011169024572
0.7866716306775875
0.8224125093075205
0.8317200297840656
0.7691734921816828
0.8685778108711839
0.8454951600893522
0.7862993298585257
0.7148175725986597
0.8294862248696947
0.8801191362620998
0.7885331347728965
0.7926284437825764
0.7740134028294863
0.8447505584512286
0.8250186150409531
0.7516753536857781
0.7959791511541325
0.8186895011169024
0.8603871928518243
0.8198064035740878
0.7892777364110201
0.8611317944899479
0.7702903946388682
0.8715562174236783
0.7952345495160089
0.7710349962769918
0.7777364110201043
0.8023082650781832
0.8071481757259866
0.874162323157111
0.7866716306775875
0.7661950856291884
0.9032017870439315
0.7520476545048399
0.7606105733432613
0.889054355919583
0.6846612062546538
0.8723008190618019
0.8387937453462397
0.8019359642591214
0.8220402084884587
0.8894266567386448
0.887192851824274
0.842144452717796
0.8641102010424423
0.7397617274758005
0.7915115413253909
0.779970215934475
0.7982129560685034
0.8588979895755771
0.8291139240506329
0.8298585256887565
0.8574087862993298
0.7658227848101266
0.7985852568875651
0.8201787043931497
0.7915115413253909
0.8227848101265823
0.8559195830230827
0.8354430379746836
0.9087862993298585
0.7542814594192108
0.7755026061057334
0.9169769173492182
0.7248696947133284
0.7524199553239017
0.7650781831720029
0.8603871928518243
0.8670886075949367
0.8726731198808637
0.7710349962769918
0.9720774385703649
0.7911392405063291
0.7803425167535368
0.8205510052122115
0.740506329113924
0.7803425167535368
0.8961280714817572
0.8696947133283693
0.7639612807148176
0.8298585256887565
0.7784810126582279
0.9017125837676843
0.7855547282204021
0.9084139985107967
0.7479523454951601
0.8023082650781832
0.7896500372300819
0.7364110201042442
0.8198064035740878
0.9110201042442293
0.759493670886076
0.8298585256887565
0.8938942665673865
0.7833209233060313
0.8544303797468354
0.7803425167535368
0.8242740134028295
0.7926284437825764
0.8112434847356664
0.7661950856291884
0.892777364110201
0.7881608339538347
0.6969471332836932
0.8149664929262844
0.7974683544303798
0.8037974683544303
0.8086373790022338
0.8931496649292628
0.774385703648548
0.731198808637379
0.8615040953090097
0.8212956068503351
0.757632166790767
0.819434102755026
0.5618019359642591
0.9151154132539091
0.7658227848101266
0.9091586001489204
0.890915860014892
0.8030528667163068
0.8112434847356664
0.7907669396872673
0.5912137006701415
0.7930007446016382
0.8462397617274758
0.7717795979151154
0.9281459419210722
0.7978406552494416
0.9553239017125837
0.7881608339538347
0.9024571854058079
0.7300819061801936
0.8399106478034252
0.849590469099032
0.7535368577810871
0.7442293373045421
0.85331347728965
0.857036485480268
0.8763961280714817
0.9005956813104988
0.8503350707371556
0.8730454206999255
0.8663440059568132
0.813849590469099
0.8637379002233805
0.8164556962025317
0.8093819806403574
0.8291139240506329
0.8838421444527178
0.8425167535368577
0.8600148920327625
0.8596425912137007
0.723752792256143
0.5722263588979896
0.7587490692479524
0.8019359642591214
0.7877885331347729
0.9132539091586002
0.8920327624720774
0.7464631422189129
0.815711094564408
0.8860759493670886
0.800819061801936
0.8518242740134029
0.8633655994043187
0.810126582278481
0.7323157110945644
0.7635889798957558
0.7524199553239017
0.885331347728965
0.8931496649292628
0.9270290394638868
0.9259121370067014
0.8912881608339538
0.924795234549516
0.885331347728965
0.8428890543559195
0.7959791511541325
0.7792256142963514
0.8905435591958303
0.757632166790767
0.7866716306775875
0.8183172002978406
0.862620997766195
0.7591213700670142
0.9028294862248697
0.877885331347729
0.740506329113924
0.9367088607594937
0.8265078183172003
0.8235294117647058
0.8257632166790767
0.8466120625465376
0.8756515264333582
0.7077438570364855
0.9113924050632911
0.8562918838421445
0.930379746835443
0.7944899478778853
0.8291139240506329
0.8953834698436337
0.7769918093819806
0.7997021593447505
0.8693224125093075
0.8127326880119137
0.877885331347729
0.8224125093075205
0.8682055100521221
0.7501861504095308
0.7784810126582279
0.8629932985852569
0.8212956068503351
0.8641102010424423
0.691734921816828
0.7892777364110201
0.8737900223380491
0.7755026061057334
0.7680565897244974
0.8473566641846612
0.8354430379746836
0.8320923306031274
0.7918838421444527
0.8242740134028295
0.7505584512285927
0.8216679076693969
0.766939687267312
0.8674609084139985
0.7907669396872673
0.8253909158600149
0.7680565897244974
0.8019359642591214
0.8682055100521221
0.8268801191362621
0.9058078927773641
0.7848101265822784
0.8306031273268801
0.8700670141474312
0.8700670141474312
0.8942665673864483
0.921072226358898
0.8380491437081161
0.8354430379746836
0.7777364110201043
0.8011913626209978
0.874162323157111
0.7613551749813849
0.9106478034251675
0.8030528667163068
0.9519731943410276
0.8428890543559195
0.813849590469099
0.7170513775130305
0.6749813849590469
0.8413998510796724
0.8306031273268801
0.6556217423678332
0.8566641846612063
0.8503350707371556
0.8417721518987342
0.8380491437081161
0.731198808637379
0.7956068503350707
0.8879374534623976
0.7926284437825764
0.7267311988086373
0.7665673864482502
0.9061801935964259
0.9233060312732688
0.5815338793745346
0.8224125093075205
0.5986597170513775
0.8328369322412509
0.7058823529411765
0.7937453462397617
0.874162323157111
0.8443782576321668
0.9139985107967238
0.8104988830975428
0.8123603871928519
0.8183172002978406
0.8451228592702904
0.8749069247952346
0.7516753536857781
0.8320923306031274
0.9151154132539091
0.5234549516008935
0.924795234549516
0.7967237527922562
0.8358153387937454
0.8246463142218913
0.8473566641846612
0.766939687267312
0.7859270290394639
0.8250186150409531
0.8793745346239762
0.7643335815338794
0.8309754281459419
0.797096053611318
0.7978406552494416
0.7937453462397617
0.8696947133283693
0.857036485480268
0.8075204765450484
0.9300074460163812
0.8518242740134029
0.7565152643335815
0.7822040208488459
0.8242740134028295
0.8447505584512286
0.8410275502606106
0.8682055100521221
0.7948622486969471
0.7747580044676098
0.8737900223380491
0.7810871183916605
0.757632166790767
0.8179448994787789
0.8637379002233805
0.8313477289650038
0.8447505584512286
0.7784810126582279
0.7513030528667163
0.8265078183172003
0.7952345495160089
0.800819061801936
0.8023082650781832
0.723752792256143
0.7583767684288906
0.7598659717051377
0.8667163067758749
0.8216679076693969
0.8752792256142964
0.8991064780342517
0.6883842144452718
0.8581533879374534
0.7710349962769918
0.8574087862993298
0.806403574087863
0.7617274758004468
0.8097542814594192
0.7572598659717051
0.8343261355174981
0.7553983618763961
0.939687267311988
0.8425167535368577
0.8823529411764706
0.8968726731198808
0.7822040208488459
0.7952345495160089
0.8518242740134029
0.962397617274758
0.8116157855547282
0.964259121370067
0.8946388682055101
0.7803425167535368
0.8603871928518243
0.7833209233060313
0.5610573343261355
0.8462397617274758
0.8514519731943411
0.7803425167535368
0.943782576321668
0.8931496649292628
0.7300819061801936
0.8912881608339538
0.8916604616530156
0.725614296351452
0.513030528667163
0.9352196574832464
0.8655994043186895
0.8492181682799702
0.8298585256887565
0.7639612807148176
0.823157110945644
0.7647058823529411
0.8358153387937454
0.6686522710349962
0.8369322412509308
0.9054355919583023
0.8239017125837677
0.7122114668652271
0.8078927773641102
0.7673119880863738
0.7300819061801936
0.8220402084884587
0.7859270290394639
0.7784810126582279
0.48659717051377516
0.6947133283693224
0.7818317200297841
0.7989575577066269
0.8205510052122115
0.7702903946388682
0.7862993298585257
0.8518242740134029
0.8220402084884587
0.7967237527922562
0.567758749069248
0.819434102755026
0.8034251675353685
0.8432613551749814
0.7810871183916605
0.9072970960536113
0.7509307520476545
0.8175725986597171
0.8875651526433358
0.7885331347728965
0.8510796723752793
0.8186895011169024
0.819434102755026
0.8473566641846612
0.8071481757259866
0.8771407297096053
0.9385703648548027
0.8756515264333582
0.8209233060312733
0.8253909158600149
0.7922561429635145
0.9147431124348474
0.896500372300819
0.7531645569620253
0.7714072970960536
0.8637379002233805
0.9620253164556962
0.8667163067758749
0.7967237527922562
0.7833209233060313
0.8469843633655995
0.8968726731198808
0.8220402084884587
0.8306031273268801
0.8641102010424423
0.8953834698436337
0.8235294117647058
0.8172002978406553
0.8689501116902457
0.8469843633655995
0.844005956813105
0.7877885331347729
0.7658227848101266
0.8607594936708861
0.8793745346239762
0.8145941921072226
0.8201787043931497
0.7151898734177216
0.7862993298585257
0.8179448994787789
0.7628443782576322
0.7900223380491437
0.7795979151154132
0.8183172002978406
0.8488458674609084
0.6887565152643336
0.8376768428890543
0.8413998510796724
0.8335815338793745
0.8525688756515264
0.7617274758004468
0.8097542814594192
0.8291139240506329
0.9128816083395384
0.7416232315711094
0.4813849590469099
0.8786299329858526
0.847728965003723
0.7941176470588235
0.7892777364110201
0.7069992553983618
0.8399106478034252
0.6593447505584512
0.9184661206254654
0.8875651526433358
0.9139985107967238
0.8037974683544303
0.7408786299329858
0.8879374534623976
0.8481012658227848
0.8406552494415488
0.8864482501861504
0.7166790766939687
0.7580044676098288
0.8034251675353685
0.6142963514519731
0.8261355174981385
0.8790022338049144
0.8924050632911392
0.8596425912137007
0.887192851824274
0.9095309009679822
0.740506329113924
0.9009679821295606
0.8521965748324646
0.8164556962025317
0.889054355919583
0.8655994043186895
0.8726731198808637
0.7453462397617274
0.7911392405063291
0.7520476545048399
0.7818317200297841
0.7941176470588235
0.746090841399851
0.7181682799702159
0.5956813104988831
0.7922561429635145
0.8462397617274758
0.7676842889054356
0.808265078183172
0.8172002978406553
0.5681310498883098
0.6921072226358898
0.8090096798212956
0.847728965003723
0.7784810126582279
0.8916604616530156
0.7583767684288906
0.8615040953090097
0.7542814594192108
0.9087862993298585
0.8585256887565152
0.7833209233060313
0.7628443782576322
0.8466120625465376
0.9080416976917349
0.7483246463142219
0.827252419955324
0.7989575577066269
0.8242740134028295
0.9378257632166791
0.8361876396128072
0.7565152643335815
0.6042442293373046
0.8037974683544303
0.7170513775130305
0.9128816083395384
0.7680565897244974
0.8961280714817572
0.7818317200297841
0.9221891288160834
0.5372300819061802
0.48399106478034254
0.8633655994043187
0.8950111690245719
0.8804914370811616
0.9169769173492182
0.8667163067758749
0.8521965748324646
0.8976172747580045
0.8410275502606106
0.9482501861504096
0.7192851824274014
0.8376768428890543
0.7639612807148176
0.8983618763961281
0.7740134028294863
0.8413998510796724
0.8559195830230827
0.7494415487714073
0.8387937453462397
0.8816083395383469
0.7494415487714073
0.8845867460908414
0.7982129560685034
0.85331347728965
0.766939687267312
0.7531645569620253
0.913626209977662
0.8201787043931497
0.7468354430379747
0.9214445271779598
0.6716306775874907
0.8276247207743858
0.8685778108711839
0.7963514519731943
0.8041697691734921
0.7364110201042442
0.763216679076694
0.9169769173492182
0.8328369322412509
0.8432613551749814
0.7602382725241995
0.9132539091586002
0.8067758749069248
0.7479523454951601
0.8644825018615041
0.6705137751303053
0.9065524944154877
0.7282204020848846
0.7334326135517498
0.885331347728965
0.9374534623976173
0.7825763216679077
0.9032017870439315
0.7963514519731943
0.663440059568131
0.8354430379746836
0.885331347728965
0.9095309009679822
0.8961280714817572
0.8521965748324646
0.9534623976172748
0.8201787043931497
0.8172002978406553
0.7900223380491437
0.7926284437825764
0.8652271034996277
0.7736411020104245
0.8004467609828742
0.8935219657483247
0.6046165301563663
0.8447505584512286
0.8979895755770663
0.7959791511541325
0.819434102755026
0.9463886820551005
0.7166790766939687
0.7032762472077438
0.8488458674609084
0.8577810871183916
0.8536857781087118
0.7513030528667163
0.7963514519731943
0.7896500372300819
0.7684288905435592
0.6962025316455697
0.7777364110201043
0.8849590469099032
0.8734177215189873
0.823157110945644
0.7524199553239017
0.5856291883842144
0.7922561429635145
0.8678332092330603
0.8294862248696947
0.870439314966493
0.8350707371556217
0.7948622486969471
0.8615040953090097
0.7941176470588235
0.7490692479523455
0.8994787788533135
0.8291139240506329
0.7822040208488459
0.7550260610573343
0.9344750558451228
0.7699180938198064
0.7244973938942666
0.8488458674609084
0.8261355174981385
0.9032017870439315
0.7639612807148176
0.8443782576321668
0.7807148175725986
0.7974683544303798
0.9091586001489204
0.8667163067758749
0.8309754281459419
0.8086373790022338
0.7572598659717051
0.8041697691734921
0.8667163067758749
0.6478034251675354
0.8894266567386448
0.8090096798212956
0.9214445271779598
0.9393149664929263
0.7784810126582279
0.7137006701414743
0.8216679076693969
0.6965748324646315
0.8279970215934475
0.6794489947877885
0.7174236783320923
0.7691734921816828
0.874162323157111
0.8734177215189873
0.7926284437825764
0.9314966492926284
0.8540580789277736
0.9151154132539091
0.87602382725242
0.885331347728965
0.7241250930752048
0.8410275502606106
0.8603871928518243
0.9061801935964259
0.8179448994787789
0.8961280714817572
0.7661950856291884
0.8920327624720774
0.8239017125837677
0.9087862993298585
0.8279970215934475
0.8879374534623976
0.87602382725242
0.7006701414743113
0.9069247952345495
0.9139985107967238
0.4467609828741623
0.939687267311988
0.85331347728965
0.7155621742367834
0.896500372300819
0.8611317944899479
0.5364854802680565
0.8369322412509308
0.8216679076693969
0.8816083395383469
0.8127326880119137
0.6801935964259122
0.6790766939687267
0.7025316455696202
0.5688756515264334
0.7985852568875651
0.8845867460908414
0.836559940431869
0.8574087862993298
0.7903946388682055
0.9214445271779598
0.7788533134772897
0.8897989575577067
0.8373045420699926
0.8306031273268801
0.8804914370811616
0.8719285182427401
0.8205510052122115
0.815711094564408
0.9389426656738645
0.8153387937453462
0.8804914370811616
0.8320923306031274
0.7788533134772897
0.8145941921072226
0.9434102755026061
0.746090841399851
0.7922561429635145
0.8164556962025317
0.772524199553239
0.8060312732688012
0.7449739389426657
0.8112434847356664
0.7449739389426657
0.7848101265822784
0.8246463142218913
0.776247207743857
0.823157110945644
0.9422933730454207
0.9292628443782577
0.7561429635145197
0.6924795234549516
0.8041697691734921
0.8283693224125093
0.8354430379746836
0.8183172002978406
0.720029784065525
0.890915860014892
0.806403574087863
0.8257632166790767
0.8674609084139985
0.8142218912881608
0.8425167535368577
0.8004467609828742
0.932241250930752
0.7609828741623231
0.8592702903946389
0.922933730454207
0.7084884586746091
0.7661950856291884
0.8328369322412509
0.8410275502606106
0.8678332092330603
0.8339538346984363
0.7647058823529411
0.808265078183172
0.7680565897244974
0.797096053611318
0.8559195830230827
0.8023082650781832
0.7736411020104245
0.8987341772151899
0.7721518987341772
0.7107222635889799
0.8198064035740878
0.8093819806403574
0.7658227848101266
0.8868205510052122
0.8328369322412509
0.7040208488458675
0.8577810871183916
0.7792256142963514
0.8514519731943411
0.7967237527922562
0.7047654504839911
0.8901712583767685
0.8983618763961281
0.7386448250186151
0.7829486224869695
0.772524199553239
0.9058078927773641
0.8004467609828742
0.8384214445271779
0.7613551749813849
0.8715562174236783
0.7810871183916605
0.7948622486969471
0.8179448994787789
0.9139985107967238
0.8808637379002234
0.6772151898734177
0.8629932985852569
0.7948622486969471
0.8309754281459419
0.7822040208488459
0.7889054355919582
0.8324646314221892
0.8160833953834699
0.45569620253164556
0.8577810871183916
0.8413998510796724
0.6801935964259122
0.8220402084884587
0.8447505584512286
0.8324646314221892
0.8838421444527178
0.8172002978406553
0.8536857781087118
0.9646314221891288
0.8726731198808637
0.8451228592702904
0.7066269545793
0.6772151898734177
0.7058823529411765
0.8056589724497394
0.7215189873417721
0.8659717051377513
0.7103499627699181
0.9076693968726731
0.727475800446761
0.8905435591958303
0.8481012658227848
0.8436336559940432
0.8037974683544303
0.836559940431869
0.8376768428890543
0.7196574832464632
0.9162323157110945
0.8484735666418466
0.877885331347729
0.8786299329858526
0.7665673864482502
0.8253909158600149
0.8309754281459419
0.8279970215934475
0.8659717051377513
0.8540580789277736
0.8306031273268801
0.9333581533879375
0.7084884586746091
0.8265078183172003
0.8071481757259866
0.9180938198064036
0.8931496649292628
0.8406552494415488
0.7643335815338794
0.9326135517498139
0.8998510796723753
0.9206999255398362
0.8324646314221892
0.6068503350707372
0.896500372300819
0.7661950856291884
0.8015636634400596
0.8298585256887565
0.7989575577066269
0.8380491437081161
0.8239017125837677
0.663440059568131
0.7591213700670142
0.7702903946388682
0.8600148920327625
0.819434102755026
0.8767684288905435
0.7982129560685034
0.8507073715562175
0.8116157855547282
0.7479523454951601
0.6943410275502606
0.4973938942665674
0.8827252419955324
0.8682055100521221
0.7014147431124349
0.9084139985107967
0.7609828741623231
0.6850335070737156
0.7304542069992555
0.8164556962025317
0.7851824274013403
0.7442293373045421
0.7647058823529411
0.81198808637379
0.9746835443037974
0.8075204765450484
0.7792256142963514
0.8466120625465376
0.8708116157855548
0.8268801191362621
0.813849590469099
0.7922561429635145
0.8190618019359642
0.7840655249441548
0.8916604616530156
0.7997021593447505
0.8358153387937454
0.8391660461653015
0.7449739389426657
0.7617274758004468
0.7066269545793
0.7870439314966493
0.7922561429635145
0.740506329113924
0.8339538346984363
0.7397617274758005
0.637379002233805
0.7676842889054356
0.7788533134772897
0.7349218168279971
0.7889054355919582
0.7379002233804914
0.8067758749069248
0.9050632911392406
0.8227848101265823
0.6667907669396873
0.7736411020104245
0.7874162323157111
0.7524199553239017
0.7122114668652271
0.870439314966493
0.9393149664929263
0.7784810126582279
0.8205510052122115
0.8711839166046166
0.7379002233804914
0.8678332092330603
0.49888309754281457
0.919210722263589
0.7844378257632166
0.7870439314966493
0.693596425912137
0.9032017870439315
0.8339538346984363
0.964259121370067
0.8317200297840656
0.8991064780342517
0.9251675353685778
0.8328369322412509
0.7375279225614296
0.8227848101265823
0.823157110945644
0.7285927029039464
0.663440059568131
0.7587490692479524
0.9128816083395384
0.8655994043186895
0.8756515264333582
0.8883097542814594
0.8659717051377513
0.8574087862993298
0.8763961280714817
0.953090096798213
0.7822040208488459
0.8179448994787789
0.9262844378257632
0.8108711839166046
0.8521965748324646
0.8175725986597171
0.8931496649292628
0.8283693224125093
0.804542069992554
0.8529411764705882
0.8938942665673865
0.8291139240506329
0.909903201787044
0.8212956068503351
0.9381980640357409
0.8220402084884587
0.8328369322412509
0.8711839166046166
0.8060312732688012
0.7196574832464632
0.7051377513030529
0.8190618019359642
0.8875651526433358
0.8037974683544303
0.7661950856291884
0.7807148175725986
0.7944899478778853
0.7285927029039464
0.7818317200297841
0.6083395383469844
0.9381980640357409
0.7915115413253909
0.8384214445271779
0.7907669396872673
0.8242740134028295
0.7993298585256887
0.7766195085629188
0.8413998510796724
0.9448994787788533
0.797096053611318
0.7516753536857781
0.8466120625465376
0.8749069247952346
0.7889054355919582
0.7967237527922562
0.8425167535368577
0.8413998510796724
0.8629932985852569
0.8131049888309755
0.7542814594192108
0.7379002233804914
0.460536113179449
0.8060312732688012
0.7613551749813849
0.7036485480268057
0.776247207743857
0.7952345495160089
0.874162323157111
0.8030528667163068
0.909903201787044
0.909903201787044
0.746090841399851
0.8670886075949367
0.8719285182427401
0.7442293373045421
0.723752792256143
0.6924795234549516
0.8730454206999255
0.8544303797468354
0.7051377513030529
0.8555472822040209
0.8320923306031274
0.7803425167535368
0.9203276247207743
0.7617274758004468
0.7792256142963514
0.8466120625465376
0.7088607594936709
0.8343261355174981
0.8961280714817572
0.7717795979151154
0.774385703648548
0.7185405807892777
0.757632166790767
0.7438570364854803
0.7580044676098288
0.9307520476545048
0.8596425912137007
0.9575577066269546
0.8786299329858526
0.840282948622487
0.7889054355919582
0.8190618019359642
0.7222635889798957
0.8335815338793745
0.736783320923306
0.8350707371556217
0.8592702903946389
0.8250186150409531
0.7911392405063291
0.8052866716306776
0.8860759493670886
0.9128816083395384
0.8123603871928519
0.7755026061057334
0.8775130305286671
0.8049143708116158
0.8224125093075205
0.6950856291883842
0.7393894266567387
0.8845867460908414
0.7498138495904692
0.8346984363365599
0.8652271034996277
0.8324646314221892
0.9564408041697692
0.7773641102010425
0.8950111690245719
0.9214445271779598
0.68801191362621
0.8655994043186895
0.9214445271779598
0.7822040208488459
0.8339538346984363
0.8723008190618019
0.7356664184661206
0.9527177959791512
0.8559195830230827
0.7609828741623231
0.8257632166790767
0.7159344750558452
0.8209233060312733
0.9084139985107967
0.889054355919583
0.7993298585256887
0.7323157110945644
0.802680565897245
0.768801191362621
0.9080416976917349
0.8667163067758749
0.8209233060312733
0.7583767684288906
0.7903946388682055
0.823157110945644
0.7449739389426657
0.7874162323157111
0.8153387937453462
0.8261355174981385
0.7341772151898734
0.8052866716306776
0.7639612807148176
0.7840655249441548
0.7572598659717051
0.8294862248696947
0.8961280714817572
0.8071481757259866
0.8306031273268801
0.922933730454207
0.8023082650781832
0.691734921816828
0.8525688756515264
0.7014147431124349
0.8857036485480269
0.8693224125093075
0.800819061801936
0.7084884586746091
0.8168279970215935
0.8298585256887565
0.766939687267312
0.883469843633656
0.7877885331347729
0.8164556962025317
0.7278481012658228
0.8812360387192851
0.8332092330603127
0.9203276247207743
0.8734177215189873
0.5833953834698437
0.8994787788533135
0.889054355919583
0.8987341772151899
0.8369322412509308
0.8190618019359642
0.8451228592702904
0.8380491437081161
0.7792256142963514
0.7825763216679077
0.8492181682799702
0.8503350707371556
0.808265078183172
0.5755770662695457
0.8588979895755771
0.87602382725242
0.8387937453462397
0.766939687267312
0.9214445271779598
0.8864482501861504
0.7795979151154132
0.8131049888309755
0.8116157855547282
0.7598659717051377
0.8689501116902457
0.8172002978406553
0.6686522710349962
0.8030528667163068
0.8510796723752793
0.7982129560685034
0.7282204020848846
0.9326135517498139
0.8756515264333582
0.8920327624720774
0.9132539091586002
0.8302308265078183
0.7498138495904692
0.8276247207743858
0.695457930007446
0.9255398361876396
0.8257632166790767
0.8559195830230827
0.7699180938198064
0.6980640357408786
0.8678332092330603
0.8283693224125093
0.8253909158600149
0.9285182427401341
0.7609828741623231
0.8011913626209978
0.9013402829486225
0.7591213700670142
0.819434102755026
0.8212956068503351
0.81198808637379
0.836559940431869
0.8443782576321668
0.8056589724497394
0.9035740878629933
0.8406552494415488
0.6548771407297096
0.8551749813849591
0.870439314966493
0.862620997766195
0.797096053611318
0.8346984363365599
0.8339538346984363
0.8469843633655995
0.5740878629932986
0.7862993298585257
0.7892777364110201
0.77066269545793
0.8190618019359642
0.8682055100521221
0.7602382725241995
0.8987341772151899
0.64668652271035
0.8123603871928519
0.8957557706626954
0.8894266567386448
0.7572598659717051
0.6846612062546538
0.7926284437825764
0.7844378257632166
0.763216679076694
0.7177959791511541
0.8443782576321668
0.8536857781087118
0.8093819806403574
0.8168279970215935
0.8953834698436337
0.8719285182427401
0.8131049888309755
0.7475800446760983
0.7438570364854803
0.8507073715562175
0.8358153387937454
0.7401340282948623
0.8097542814594192
0.7047654504839911
0.31124348473566643
0.8726731198808637
0.5681310498883098
0.8306031273268801
0.8611317944899479
0.9385703648548027
0.8968726731198808
0.8782576321667908
0.836559940431869
0.7795979151154132
0.9061801935964259
0.8093819806403574
0.7300819061801936
0.8454951600893522
0.862620997766195
0.8521965748324646
0.8588979895755771
0.8562918838421445
0.7922561429635145
0.8942665673864483
0.7915115413253909
0.8525688756515264
0.8920327624720774
0.8030528667163068
0.8380491437081161
0.7944899478778853
0.8983618763961281
0.7338049143708116
0.8451228592702904
0.8175725986597171
0.8696947133283693
0.8726731198808637
0.8201787043931497
0.7315711094564408
0.877885331347729
0.8373045420699926
0.8745346239761728
0.8220402084884587
0.693596425912137
0.6868950111690245
0.8819806403574088
0.8235294117647058
0.9069247952345495
0.7606105733432613
0.8283693224125093
0.7877885331347729
0.7859270290394639
0.7401340282948623
0.8648548026805659
0.7643335815338794
0.8823529411764706
0.7982129560685034
0.8373045420699926
0.889054355919583
0.7553983618763961
0.9143708116157856
0.8350707371556217
0.9370811615785555
0.7792256142963514
0.7818317200297841
0.7829486224869695
0.9355919583023082
0.8056589724497394
0.810126582278481
0.8492181682799702
0.802680565897245
0.8641102010424423
0.7531645569620253
0.7606105733432613
0.8521965748324646
0.8641102010424423
0.8641102010424423
0.847728965003723
0.8924050632911392
0.7546537602382726
0.889054355919583
0.7349218168279971
0.8581533879374534
0.8387937453462397
0.7326880119136262
0.8198064035740878
0.836559940431869
0.8209233060312733
0.7297096053611318
0.8387937453462397
0.892777364110201
0.7930007446016382
0.842144452717796
0.8015636634400596
0.8380491437081161
0.7855547282204021
0.8503350707371556
0.8384214445271779
0.806403574087863
0.8086373790022338
0.4370811615785555
0.7974683544303798
0.797096053611318
0.7546537602382726
0.8912881608339538
0.8432613551749814
0.7736411020104245
0.8019359642591214
0.8447505584512286
0.8957557706626954
0.8536857781087118
0.8540580789277736
0.7185405807892777
0.8049143708116158
0.8756515264333582
0.9460163812360387
0.8056589724497394
0.9106478034251675
0.7933730454207
0.7546537602382726
0.7434847356664185
0.9102755026061057
0.7248696947133284
0.7654504839910647
0.845867460908414
0.8090096798212956
0.7792256142963514
0.7948622486969471
0.8961280714817572
0.8410275502606106
0.8994787788533135
0.7889054355919582
0.9061801935964259
0.7483246463142219
0.8481012658227848
0.8767684288905435
0.810126582278481
0.7941176470588235
0.9188384214445272
0.742367833209233
0.9419210722263589
0.7889054355919582
0.7163067758749069
0.7665673864482502
0.7151898734177216
0.8369322412509308
0.797096053611318
0.8428890543559195
0.964259121370067
0.8845867460908414
0.9032017870439315
0.8034251675353685
0.8845867460908414
0.8030528667163068
0.8432613551749814
0.8819806403574088
0.8540580789277736
0.8153387937453462
0.8875651526433358
0.7911392405063291
0.8175725986597171
0.8384214445271779
0.7494415487714073
0.9035740878629933
0.8041697691734921
0.81198808637379
0.693596425912137
0.7736411020104245
0.7092330603127327
0.8633655994043187
0.7758749069247952
0.8447505584512286
0.930379746835443
0.8172002978406553
0.7740134028294863
0.9426656738644825
0.9821295606850335
0.7658227848101266
0.9028294862248697
0.8808637379002234
0.7781087118391661
0.7620997766195086
0.7546537602382726
0.7825763216679077
0.921072226358898
0.7948622486969471
0.9296351451973194
0.8358153387937454
0.8674609084139985
0.8253909158600149
0.9065524944154877
0.8931496649292628
0.8715562174236783
0.8179448994787789
0.8730454206999255
0.6518987341772152
0.7985852568875651
0.8015636634400596
0.8346984363365599
0.8801191362620998
0.9143708116157856
0.779970215934475
0.7866716306775875
0.8525688756515264
0.8168279970215935
0.921072226358898
0.8719285182427401
0.8104988830975428
0.7580044676098288
0.8358153387937454
0.7803425167535368
0.8555472822040209
0.8730454206999255
0.9143708116157856
0.7825763216679077
0.779970215934475
0.808265078183172
0.9061801935964259
0.8689501116902457
0.7062546537602383
0.8994787788533135
0.8562918838421445
0.8588979895755771
0.93596425912137
0.9452717795979151
0.8536857781087118
0.7073715562174236
0.7498138495904692
0.9221891288160834
0.9274013402829486
0.8983618763961281
0.823157110945644
0.9091586001489204
0.8242740134028295
0.9221891288160834
0.9746835443037974
0.8685778108711839
0.9363365599404319
0.8510796723752793
0.8897989575577067
0.8168279970215935
0.8767684288905435
0.8976172747580045
0.8976172747580045
0.7769918093819806
0.7267311988086373
0.8242740134028295
0.8670886075949367
0.7408786299329858
0.8845867460908414
0.877885331347729
0.9002233804914371
0.7851824274013403
0.8652271034996277
0.8711839166046166
0.8682055100521221
0.8306031273268801
0.8320923306031274
0.8484735666418466
0.8090096798212956
0.8413998510796724
0.9072970960536113
0.7442293373045421
0.7781087118391661
0.6705137751303053
0.9516008935219658
0.8373045420699926
0.8521965748324646
0.7155621742367834
0.7751303052866716
0.6958302308265079
0.7769918093819806
0.7967237527922562
0.9478778853313478
0.6005212211466865
0.7714072970960536
0.7658227848101266
0.7297096053611318
0.9087862993298585
0.8481012658227848
0.8373045420699926
0.9489947877885332
0.8019359642591214
0.804542069992554
0.836559940431869
0.8719285182427401
0.8436336559940432
0.8183172002978406
0.8391660461653015
0.7851824274013403
0.8242740134028295
0.6478034251675354
0.8592702903946389
0.7740134028294863
0.8399106478034252
0.7304542069992555
0.8391660461653015
0.7602382725241995
0.8935219657483247
0.7877885331347729
0.7699180938198064
0.8492181682799702
0.731198808637379
0.849590469099032
0.8525688756515264
0.8670886075949367
0.7226358897989575
0.8313477289650038
0.8023082650781832
0.7386448250186151
0.612807148175726
0.7386448250186151
0.847728965003723
0.7952345495160089
0.8663440059568132
0.7598659717051377
0.5461653015636634
0.8201787043931497
0.8399106478034252
0.8380491437081161
0.840282948622487
0.7513030528667163
0.7077438570364855
0.8384214445271779
0.8551749813849591
0.8663440059568132
0.847728965003723
0.7431124348473567
0.7691734921816828
0.7740134028294863
0.8499627699180938
0.7862993298585257
0.7617274758004468
0.7963514519731943
0.8153387937453462
0.8235294117647058
0.8860759493670886
0.7684288905435592
0.676842889054356
0.930379746835443
0.49664929262844376
0.8239017125837677
0.7877885331347729
0.8782576321667908
0.7717795979151154
0.8104988830975428
0.8659717051377513
0.7289650037230082
0.81198808637379
0.7382725241995532
0.7635889798957558
0.8361876396128072
0.7944899478778853
0.9128816083395384
0.813849590469099
0.7233804914370812
0.7583767684288906
0.7844378257632166
0.8670886075949367
0.7505584512285927
0.8276247207743858
0.9005956813104988
0.8313477289650038
0.8052866716306776
0.7755026061057334
0.8306031273268801
0.8875651526433358
0.806403574087863
0.8104988830975428
0.8845867460908414
0.8972449739389426
0.8224125093075205
0.7215189873417721
0.6057334326135517
0.7490692479523455
0.8801191362620998
0.7915115413253909
0.8071481757259866
0.8842144452717796
0.776247207743857
0.7989575577066269
0.8514519731943411
0.7881608339538347
0.8417721518987342
0.7140729709605361
0.845867460908414
0.9102755026061057
0.845867460908414
0.7419955323901712
0.840282948622487
0.7699180938198064
0.7092330603127327
0.8179448994787789
0.6444527177959791
0.8510796723752793
0.7524199553239017
0.7900223380491437
0.7717795979151154
0.9802680565897245
0.8488458674609084
0.8432613551749814
0.7747580044676098
0.7948622486969471
0.7937453462397617
0.6876396128071481
0.7959791511541325
0.8693224125093075
0.8287416232315711
0.8413998510796724
0.9035740878629933
0.7118391660461653
0.8823529411764706
0.7829486224869695
0.8037974683544303
0.736783320923306
0.810126582278481
0.7877885331347729
0.8417721518987342
0.8358153387937454
0.7535368577810871
0.9184661206254654
0.6310498883097543
0.8239017125837677
0.823157110945644
0.7602382725241995
0.813849590469099
0.8503350707371556
0.7807148175725986
0.9065524944154877
0.8190618019359642
0.8842144452717796
0.7788533134772897
0.7017870439314966
0.7665673864482502
0.8361876396128072
0.7740134028294863
0.8023082650781832
0.8086373790022338
0.8711839166046166
0.772524199553239
0.9043186895011169
0.7818317200297841
0.926656738644825
0.8961280714817572
0.8056589724497394
0.8354430379746836
0.7848101265822784
0.8611317944899479
0.8585256887565152
0.5145197319434103
0.4873417721518987
0.8860759493670886
0.8730454206999255
0.8350707371556217
0.836559940431869
0.7486969471332837
0.7848101265822784
0.7818317200297841
0.8469843633655995
0.8078927773641102
0.7647058823529411
0.8071481757259866
0.7665673864482502
0.7963514519731943
0.6753536857781087
0.797096053611318
0.8447505584512286
0.8481012658227848
0.87602382725242
0.8279970215934475
0.7650781831720029
0.8220402084884587
0.753909158600149
0.8034251675353685
0.8931496649292628
0.8190618019359642
0.7755026061057334
0.9720774385703649
0.8380491437081161
0.759493670886076
0.8462397617274758
0.8071481757259866
0.8711839166046166
0.8399106478034252
0.8201787043931497
0.7974683544303798
0.8883097542814594
0.8525688756515264
0.8503350707371556
0.8935219657483247
0.48585256887565154
0.804542069992554
0.9154877140729709
0.8320923306031274
0.7170513775130305
0.8514519731943411
0.7900223380491437
0.857036485480268
0.8786299329858526
0.8224125093075205
0.7285927029039464
0.889054355919583
0.8417721518987342
0.9139985107967238
0.8816083395383469
0.72933730454207
0.9456440804169769
0.7836932241250931
0.7948622486969471
0.740506329113924
0.8250186150409531
0.7911392405063291
0.8894266567386448
0.7572598659717051
0.8581533879374534
0.8320923306031274
0.7836932241250931
0.8153387937453462
0.7151898734177216
0.8067758749069248
0.926656738644825
0.806403574087863
0.924795234549516
0.8804914370811616
0.8883097542814594
0.8566641846612063
0.7531645569620253
0.7985852568875651
0.9750558451228593
0.8172002978406553
0.842144452717796
0.725614296351452
0.9352196574832464
0.7520476545048399
0.823157110945644
0.8667163067758749
0.7740134028294863
0.5454206999255399
0.922933730454207
0.7736411020104245
0.9087862993298585
0.8968726731198808
0.8916604616530156
0.8577810871183916
0.8648548026805659
0.7885331347728965
0.8052866716306776
0.6950856291883842
0.7699180938198064
0.890915860014892
0.8883097542814594
0.7546537602382726
0.7412509307520476
0.8749069247952346
0.9363365599404319
0.8726731198808637
0.8492181682799702
0.8976172747580045
0.9348473566641846
0.7204020848845868
0.776247207743857
0.8134772896500372
0.9281459419210722
0.8685778108711839
0.7591213700670142
0.9158600148920327
0.7680565897244974
0.8808637379002234
0.8670886075949367
0.8771407297096053
0.7498138495904692
0.6209977661950856
0.8361876396128072
0.8548026805658973
0.8287416232315711
0.8425167535368577
0.909903201787044
0.7643335815338794
0.5189873417721519
0.7017870439314966
0.9009679821295606
0.7896500372300819
0.6757259865971705
0.8555472822040209
0.8034251675353685
0.7695457930007445
0.8592702903946389
0.7412509307520476
0.9102755026061057
0.845867460908414
0.8425167535368577
0.8946388682055101
0.8577810871183916
0.8168279970215935
0.8678332092330603
0.7859270290394639
0.9080416976917349
0.7230081906180194
0.8142218912881608
0.8682055100521221
0.874162323157111
0.6656738644825019
0.7855547282204021
0.8473566641846612
0.8306031273268801
0.8529411764705882
0.7300819061801936
0.7319434102755026
0.5886075949367089
0.7944899478778853
0.8335815338793745
0.8916604616530156
0.8950111690245719
0.845867460908414
0.7557706626954579
0.8387937453462397
0.9166046165301563
0.7792256142963514
0.6131794489947878
0.7032762472077438
0.8373045420699926
0.8361876396128072
0.8961280714817572
0.8510796723752793
0.7598659717051377
0.8931496649292628
0.9244229337304543
0.7755026061057334
0.889054355919583
0.6872673119880863
0.890915860014892
0.8447505584512286
0.8994787788533135
0.8410275502606106
0.7412509307520476
0.836559940431869
0.8090096798212956
0.8719285182427401
0.7915115413253909
0.9575577066269546
0.8324646314221892
0.8600148920327625
0.8577810871183916
0.8711839166046166
