0.8790832455216017
0.9296628029504742
0.8804004214963119
0.7834562697576396
0.8875131717597471
0.8287671232876712
0.9191253951527925
0.9488935721812434
0.9373024236037935
0.7768703898840885
0.8661749209694415
0.8948893572181243
0.8714436248682824
0.9596944151738672
0.8543203371970495
0.8501053740779768
0.6412012644889358
0.8021601685985248
0.9130663856691253
0.8535300316122234
0.9033192834562698
0.821917808219178
0.95231822971549
0.8177028451001054
0.9262381454162276
0.8669652265542677
0.8327186512118019
0.8609062170706007
0.8353530031612223
0.8940990516332982
0.7568493150684932
0.9312434141201265
0.886722866174921
0.9104320337197049
0.7110115911485775
0.9296628029504742
0.9438883034773445
0.8129610115911485
0.9238672286617492
0.9536354056902002
0.8429926238145417
0.9496838777660696
0.8661749209694415
0.8282402528977871
0.8440463645943098
0.8458904109589042
0.8943624868282403
0.8740779768177028
0.8361433087460485
0.7636986301369864
0.7776606954689147
0.9043730242360379
0.9027924130663857
0.928872497365648
0.8933087460484721
0.8983140147523709
0.8335089567966281
0.9154373024236038
0.804004214963119
0.832982086406744
0.9056902002107482
0.8129610115911485
0.8933087460484721
0.9499473129610115
0.8954162276080084
0.7576396206533192
0.8756585879873551
0.8962065331928346
0.9481032665964173
0.9193888303477344
0.7845100105374078
0.8237618545837724
0.8311380400421496
0.8959430979978925
0.9030558482613277
0.9575869336143309
0.8746048472075869
0.9199157007376185
0.9499473129610115
0.8559009483667018
0.8350895679662803
0.9088514225500527
0.9041095890410958
0.8790832455216017
0.8940990516332982
0.839304531085353
0.9726027397260274
0.9546891464699684
0.8732876712328768
0.922286617492097
0.8424657534246576
0.8298208640674394
0.7874077976817703
0.9375658587987356
0.9625922023182297
0.8443097997892518
0.7402528977871443
0.8638040042149632
0.8535300316122234
0.9546891464699684
0.9083245521601686
0.8854056902002108
0.845100105374078
0.8740779768177028
0.7365648050579557
0.8177028451001054
0.8825079030558483
0.8192834562697576
0.8253424657534246
0.8279768177028451
0.8556375131717597
0.89304531085353
0.9088514225500527
0.8074288724973656
0.6978398314014752
0.8321917808219178
0.96390937829294
0.9062170706006323
0.8342992623814541
0.9610115911485775
0.9014752370916754
0.8840885142255005
0.8582718651211801
0.886722866174921
0.8730242360379347
0.9365121180189674
0.8659114857744995
0.9631190727081138
0.8959430979978925
0.7555321390937829
0.8695995785036881
0.9470495258166491
0.8084826132771338
0.9246575342465754
0.7676501580611169
0.8411485774499473
0.7871443624868283
0.7125922023182297
0.791886195995785
0.8119072708113804
0.8564278187565859
0.8659114857744995
0.7768703898840885
0.898840885142255
0.8461538461538461
0.6638566912539515
0.9452054794520548
0.8682824025289779
0.9241306638566913
0.7887249736564805
0.9091148577449948
0.8013698630136986
0.708904109589041
0.9836670179135932
0.8408851422550052
0.9017386722866175
0.7787144362486829
0.9478398314014752
0.910168598524763
0.7239199157007377
0.8179662802950474
0.8414120126448894
0.8948893572181243
0.7787144362486829
0.8661749209694415
0.95231822971549
0.8079557428872497
0.976290832455216
0.934668071654373
0.9301896733403583
0.8561643835616438
0.7900421496311907
0.8314014752370916
0.8888303477344573
0.8609062170706007
0.8308746048472075
0.8985774499473129
0.839304531085353
0.9710221285563752
0.8532665964172813
0.8227081138040042
0.8111169652265543
0.8914646996838778
0.8851422550052687
0.9507376185458377
0.7175974710221286
0.9178082191780822
0.9668071654373024
0.9691780821917808
0.8458904109589042
0.8685458377239199
0.9220231822971549
0.8801369863013698
0.7505268703898841
0.9149104320337197
0.7128556375131717
0.8648577449947313
0.8553740779768177
0.8113804004214963
0.8532665964172813
0.9333508956796628
0.8603793466807166
0.7968914646996839
0.934141201264489
0.8029504741833509
0.8063751317175974
0.9099051633298209
0.9293993677555321
0.910695468914647
0.6409378292939937
0.7855637513171759
0.8582718651211801
0.8400948366701791
0.8103266596417281
0.9188619599578504
0.94072708113804
0.9059536354056902
0.9233403582718651
0.9212328767123288
0.797154899894626
0.8880400421496312
0.845100105374078
0.89304531085353
0.8250790305584826
0.8532665964172813
0.85695468914647
0.9201791359325606
0.8250790305584826
0.7573761854583773
0.8527397260273972
0.839831401475237
0.8466807165437302
0.9315068493150684
0.9312434141201265
0.8975237091675448
0.7228661749209695
0.9747102212855637
0.7702845100105374
0.8374604847207587
0.7571127502634352
0.8788198103266597
0.7834562697576396
0.9575869336143309
0.9544257112750263
0.9894625922023182
0.7758166491043204
0.21654373024236037
0.9325605900948367
0.8551106427818757
0.9154373024236038
0.9191253951527925
0.9062170706006323
0.9117492096944152
0.9357218124341412
0.7547418335089568
0.7850368809272918
0.7816122233930453
0.9254478398314014
0.8656480505795574
0.8026870389884089
0.9473129610115911
0.7555321390937829
0.9041095890410958
0.6775553213909379
0.880927291886196
0.8279768177028451
0.791622760800843
0.8279768177028451
0.8047945205479452
0.8580084299262382
0.7837197049525817
0.8806638566912539
0.886986301369863
0.9894625922023182
0.8042676501580611
0.875131717597471
0.9473129610115911
0.678082191780822
0.7847734457323499
0.9164910432033719
0.8327186512118019
0.7702845100105374
0.7289251844046365
0.8411485774499473
0.7579030558482613
0.8464172813487882
0.8292939936775553
0.8308746048472075
0.8709167544783983
0.9196522655426765
0.8414120126448894
0.9265015806111696
0.9438883034773445
0.8977871443624869
0.9723393045310853
0.9322971548998946
0.8248155953635405
0.9085879873551106
0.8306111696522656
0.18651211801896733
0.7937302423603794
0.8132244467860906
0.8993677555321391
0.9365121180189674
0.9164910432033719
0.8495785036880927
0.8437829293993677
0.881190727081138
0.8896206533192834
0.7824025289778714
0.8669652265542677
0.8635405690200211
0.8416754478398314
0.9014752370916754
0.8535300316122234
0.9383561643835616
0.9304531085353003
0.8772391991570073
0.9496838777660696
0.8801369863013698
0.9604847207586934
0.8925184404636459
0.9027924130663857
0.7921496311907271
0.910958904109589
0.9728661749209695
0.9383561643835616
0.9059536354056902
0.9565331928345627
0.8711801896733403
0.7610642781875658
0.899104320337197
0.7183877766069547
0.6635932560590094
0.9009483667017913
0.8730242360379347
0.8437829293993677
0.8250790305584826
0.9025289778714436
0.8166491043203372
0.8166491043203372
0.9104320337197049
0.832982086406744
0.9175447839831401
0.7544783983140148
0.9238672286617492
0.8659114857744995
0.9178082191780822
0.9114857744994731
0.827186512118019
0.8237618545837724
0.8682824025289779
0.8208640674394099
0.8709167544783983
0.9180716543730242
0.8435194942044257
0.9504741833508957
0.8126975763962065
0.9030558482613277
0.8695995785036881
0.9133298208640674
0.9712855637513171
0.8638040042149632
0.8427291886195996
0.9212328767123288
0.8340358271865121
0.8479978925184405
0.8735511064278187
0.8709167544783983
0.8806638566912539
0.8885669125395153
0.9296628029504742
0.9599578503688093
0.8034773445732349
0.8445732349841939
0.9747102212855637
0.91622760800843
0.9683877766069547
0.8535300316122234
0.8290305584826133
0.8925184404636459
0.8996311907270811
0.981822971548999
0.9059536354056902
0.8427291886195996
0.9259747102212855
0.9570600632244468
0.8416754478398314
0.7942571127502634
0.7547418335089568
0.8408851422550052
0.9499473129610115
0.8859325605900948
0.7597471022128557
0.7502634351949421
0.863277133825079
0.8279768177028451
0.7513171759747103
0.8234984193888304
0.9623287671232876
0.8872497365648051
0.8943624868282403
0.7842465753424658
0.839041095890411
0.8769757639620653
0.8909378292939937
0.8256059009483667
0.8258693361433087
0.9670706006322445
0.9367755532139094
0.9805057955742887
0.7966280295047419
0.8082191780821918
0.9217597471022129
0.9220231822971549
0.779768177028451
0.8237618545837724
0.9620653319283456
0.8084826132771338
0.7465753424657534
0.850895679662803
0.7244467860906217
0.8730242360379347
0.869072708113804
0.9552160168598525
0.89304531085353
0.7908324552160169
0.8424657534246576
0.9388830347734457
0.8345626975763962
0.827186512118019
0.8954162276080084
0.7710748155953635
0.934141201264489
0.851159114857745
0.8079557428872497
0.9478398314014752
0.8079557428872497
0.934141201264489
0.8904109589041096
0.9172813487881981
0.8237618545837724
0.8148050579557429
0.7636986301369864
0.898840885142255
0.9315068493150684
0.8975237091675448
0.8274499473129611
0.8472075869336143
0.8667017913593256
0.8190200210748156
0.8485247629083246
0.9083245521601686
0.7636986301369864
0.91622760800843
0.850895679662803
0.8053213909378293
0.7357744994731296
0.8364067439409906
0.9035827186512118
0.8116438356164384
0.916754478398314
0.20706006322444678
0.8738145416227608
0.8335089567966281
0.678609062170706
0.7326132771338251
0.8856691253951527
0.8458904109589042
0.8898840885142255
0.8732876712328768
0.9428345626975764
0.958113804004215
0.779768177028451
0.9423076923076923
0.7481559536354057
0.8830347734457323
0.9178082191780822
0.8224446786090621
0.8925184404636459
0.7818756585879874
0.9396733403582719
0.9438883034773445
0.9117492096944152
0.9488935721812434
0.9567966280295047
0.8448366701791359
0.8693361433087461
0.8403582718651211
0.9025289778714436
0.8366701791359326
0.8616965226554267
0.9001580611169653
0.8292939936775553
0.9014752370916754
0.9533719704952581
0.9444151738672286
0.791886195995785
0.9386195995785037
0.8556375131717597
0.9425711275026344
0.726027397260274
0.9309799789251844
0.6917808219178082
0.9183350895679663
0.6983667017913593
0.7431506849315068
0.8954162276080084
0.8561643835616438
0.7771338250790305
0.8746048472075869
0.8996311907270811
0.8904109589041096
0.8348261327713382
0.7602739726027398
0.8250790305584826
0.8746048472075869
0.899104320337197
0.910168598524763
0.9091148577449948
0.7776606954689147
0.9394099051633298
0.7655426765015806
0.8883034773445733
0.9236037934668072
0.9457323498419389
0.934931506849315
0.9157007376185459
0.726027397260274
0.8590621707060063
0.8501053740779768
0.8466807165437302
0.6628029504741834
0.898840885142255
0.9062170706006323
0.8880400421496312
0.8888303477344573
0.07613277133825079
0.9565331928345627
0.9135932560590094
0.8266596417281349
0.8680189673340358
0.934931506849315
0.8553740779768177
0.8764488935721813
0.89304531085353
0.9755005268703899
0.7816122233930453
0.8593256059009484
0.9375658587987356
0.8724973656480506
0.9567966280295047
0.9072708113804004
0.9333508956796628
0.8917281348788199
0.8738145416227608
0.9112223393045311
0.6385669125395153
0.946259220231823
0.7947839831401475
0.9697049525816649
0.9059536354056902
0.7481559536354057
0.9067439409905164
0.8659114857744995
0.8279768177028451
0.36538461538461536
0.9120126448893572
0.8382507903055848
0.9243940990516333
0.9062170706006323
0.9149104320337197
0.8827713382507903
0.7341938883034773
0.969968387776607
0.8406217070600632
0.8653846153846154
0.8893572181243414
0.8616965226554267
0.7594836670179136
0.8843519494204426
0.8119072708113804
0.8245521601685986
0.8472075869336143
0.8711801896733403
0.9278187565858799
0.8053213909378293
0.8946259220231823
0.8261327713382508
0.8664383561643836
0.8693361433087461
0.809799789251844
0.738145416227608
0.8840885142255005
0.7908324552160169
0.83377239199157
0.8134878819810326
0.9014752370916754
0.8685458377239199
0.8890937829293993
0.9359852476290832
0.8561643835616438
0.9133298208640674
0.8140147523709168
0.8727608008429927
0.9797154899894626
0.8003161222339304
0.6936248682824026
0.9041095890410958
0.845100105374078
0.9396733403582719
0.7937302423603794
0.8619599578503688
0.8943624868282403
0.7597471022128557
0.8580084299262382
0.940200210748156
0.9009483667017913
0.9357218124341412
0.8780295047418335
0.9117492096944152
0.8379873551106428
0.7584299262381454
0.7810853530031612
0.8580084299262382
0.8414120126448894
0.8335089567966281
0.6875658587987356
0.9415173867228662
0.8066385669125395
0.8018967334035827
0.945995785036881
0.9236037934668072
0.9457323498419389
0.8680189673340358
0.9125395152792413
0.8724973656480506
0.8856691253951527
0.9293993677555321
0.7413066385669126
0.7312961011591148
0.7663329820864068
0.8474710221285564
0.9304531085353003
0.8124341412012644
0.761854583772392
0.8074288724973656
0.9080611169652265
0.8111169652265543
0.7149631190727082
0.8983140147523709
0.8735511064278187
0.8553740779768177
0.9030558482613277
0.8445732349841939
0.8090094836670179
0.8395679662802951
0.8827713382507903
0.9315068493150684
0.9546891464699684
0.8732876712328768
0.8582718651211801
0.9607481559536354
0.9510010537407798
0.7818756585879874
0.9370389884088515
0.874868282402529
0.7610642781875658
0.9262381454162276
0.7995258166491043
0.8495785036880927
0.8142781875658588
0.8561643835616438
0.7270811380400422
0.7950474183350895
0.9562697576396206
0.7995258166491043
0.6696522655426765
0.8145416227608009
0.874868282402529
0.8640674394099052
0.8740779768177028
0.8474710221285564
0.7939936775553214
0.9420442571127503
0.85695468914647
0.9183350895679663
0.7987355110642782
0.9549525816649105
0.934931506849315
0.8179662802950474
0.9070073761854583
0.8498419388830347
0.7742360379346681
0.886986301369863
0.8382507903055848
0.7900421496311907
0.8896206533192834
0.8738145416227608
0.8709167544783983
0.9133298208640674
0.7399894625922023
0.9436248682824026
0.8282402528977871
0.9433614330874605
0.8640674394099052
0.8656480505795574
0.8232349841938883
0.8385142255005269
0.8227081138040042
0.916754478398314
0.8769757639620653
0.910168598524763
0.7160168598524763
0.9328240252897787
0.8564278187565859
0.8956796628029505
0.89304531085353
0.922286617492097
0.8767123287671232
0.8311380400421496
0.8132244467860906
0.9004214963119073
0.6633298208640674
0.8574815595363541
0.7671232876712328
0.8601159114857745
0.2631717597471022
0.9112223393045311
0.79768177028451
0.678082191780822
0.9080611169652265
0.8227081138040042
0.9212328767123288
0.8619599578503688
0.7921496311907271
0.7615911485774499
0.8061116965226555
0.8635405690200211
0.9020021074815595
0.89304531085353
0.9088514225500527
0.8717070600632244
0.8909378292939937
0.8242887249736565
0.9072708113804004
0.9017386722866175
0.910168598524763
0.8587987355110642
0.9454689146469969
0.8530031612223393
0.7655426765015806
0.7845100105374078
0.8743414120126449
0.9618018967334035
0.9217597471022129
0.9646996838777661
0.7813487881981033
0.9567966280295047
0.922813487881981
0.8983140147523709
0.8303477344573235
0.9328240252897787
0.8424657534246576
0.6446259220231823
0.7413066385669126
0.8587987355110642
0.8743414120126449
0.9251844046364595
0.8440463645943098
0.9088514225500527
0.940463645943098
0.589304531085353
0.8327186512118019
0.8730242360379347
0.8466807165437302
0.9051633298208641
0.7502634351949421
0.8469441517386723
0.7947839831401475
0.7810853530031612
0.7684404636459431
0.9220231822971549
0.8556375131717597
0.7542149631190727
0.863277133825079
0.9004214963119073
0.8382507903055848
0.9367755532139094
0.8003161222339304
0.9157007376185459
0.9241306638566913
0.7871443624868283
0.9059536354056902
0.827713382507903
0.9135932560590094
0.8977871443624869
0.8743414120126449
0.797154899894626
0.8071654373024236
0.9623287671232876
0.8659114857744995
0.803740779768177
0.8522128556375131
0.8472075869336143
0.660695468914647
0.9752370916754478
0.8132244467860906
0.886986301369863
0.7744994731296101
0.9017386722866175
0.9233403582718651
0.8959430979978925
0.9014752370916754
0.8403582718651211
0.9409905163329821
0.9320337197049526
0.9154373024236038
0.815331928345627
0.6775553213909379
0.8706533192834562
0.8825079030558483
0.8667017913593256
0.9088514225500527
0.9452054794520548
0.7252370916754478
0.8838250790305585
0.9686512118018967
0.47154899894625923
0.9193888303477344
0.8922550052687039
0.8972602739726028
0.8345626975763962
0.9565331928345627
0.8514225500526871
0.8653846153846154
0.9025289778714436
0.9067439409905164
0.8661749209694415
0.8543203371970495
0.2528977871443625
0.791095890410959
0.8767123287671232
0.8103266596417281
0.8832982086406744
0.9623287671232876
0.9146469968387777
0.8746048472075869
0.8045310853530031
0.9157007376185459
0.8611696522655427
0.8822444678609063
0.79768177028451
0.9212328767123288
0.8940990516332982
0.8717070600632244
0.8548472075869337
0.8682824025289779
0.9278187565858799
0.863277133825079
0.9599578503688093
0.7974183350895679
0.9383561643835616
0.9254478398314014
0.8975237091675448
0.6377766069546892
0.9085879873551106
0.9091148577449948
0.8956796628029505
0.8967334035827187
0.7355110642781876
0.7984720758693361
0.7655426765015806
0.7900421496311907
0.7671232876712328
0.8645943097997892
0.8580084299262382
0.6654373024236038
0.7884615384615384
0.868809272918862
0.8880400421496312
0.8967334035827187
0.8648577449947313
0.8084826132771338
0.8730242360379347
0.9615384615384616
0.898840885142255
0.8514225500526871
0.9417808219178082
0.7929399367755532
0.8798735511064278
0.8993677555321391
0.8234984193888304
0.7900421496311907
0.9483667017913593
0.9180716543730242
0.8996311907270811
0.8996311907270811
0.8461538461538461
0.8919915700737618
0.928609062170706
0.7123287671232876
0.9143835616438356
0.8622233930453108
0.8516859852476291
0.8859325605900948
0.8585353003161222
0.8933087460484721
0.9494204425711275
0.892781875658588
0.9185985247629084
0.9246575342465754
0.9433614330874605
0.9093782929399368
0.8250790305584826
0.9275553213909379
0.9307165437302424
0.8661749209694415
0.8975237091675448
0.6699157007376185
0.928609062170706
0.7924130663856691
0.7281348788198103
0.8445732349841939
0.8935721812434141
0.9293993677555321
0.8996311907270811
0.8163856691253951
0.9607481559536354
0.9217597471022129
0.8896206533192834
0.7568493150684932
0.868809272918862
0.8854056902002108
0.8877766069546892
0.8717070600632244
0.8537934668071654
0.7929399367755532
0.9307165437302424
0.9230769230769231
0.9475763962065332
0.7982086406743941
0.9596944151738672
0.8814541622760801
0.8403582718651211
0.9428345626975764
0.7708113804004215
0.9141201264488936
0.9391464699683878
0.7734457323498419
0.8519494204425712
0.8045310853530031
0.9188619599578504
0.8677555321390937
0.8627502634351949
0.934668071654373
0.7808219178082192
0.869072708113804
0.8983140147523709
0.744204425711275
0.839304531085353
0.7394625922023182
0.8830347734457323
0.8116438356164384
0.8954162276080084
0.553740779768177
0.7710748155953635
0.821127502634352
0.8959430979978925
0.8050579557428873
0.9533719704952581
0.8058482613277134
0.7997892518440464
0.8619599578503688
0.7431506849315068
0.7571127502634352
0.8582718651211801
0.7853003161222339
0.8440463645943098
0.9059536354056902
0.8727608008429927
0.9004214963119073
0.6930979978925185
0.9275553213909379
0.9712855637513171
0.7932033719704953
0.8126975763962065
0.8519494204425712
0.7663329820864068
0.8872497365648051
0.9275553213909379
0.8285036880927292
0.8661749209694415
0.9359852476290832
0.9412539515279241
0.8851422550052687
0.767913593256059
0.660958904109589
0.7697576396206534
0.7937302423603794
0.8266596417281349
0.821390937829294
0.8896206533192834
0.8414120126448894
0.868809272918862
0.9149104320337197
0.8975237091675448
0.8464172813487882
0.8316649104320337
0.8740779768177028
0.845100105374078
0.8977871443624869
0.6425184404636459
0.8875131717597471
0.8587987355110642
0.7065331928345627
0.851159114857745
0.8227081138040042
0.8000526870389885
0.9423076923076923
0.7721285563751317
0.952054794520548
0.8772391991570073
0.8519494204425712
0.8385142255005269
0.6512118018967334
0.6699157007376185
0.9391464699683878
0.8519494204425712
0.85695468914647
0.8482613277133825
0.9133298208640674
0.9336143308746049
0.8479978925184405
0.8601159114857745
0.6938883034773445
0.8577449947312961
0.8269230769230769
0.7773972602739726
0.910695468914647
0.8516859852476291
0.9020021074815595
0.839304531085353
0.7766069546891464
0.7866174920969442
0.8790832455216017
0.8595890410958904
0.8962065331928346
0.8353530031612223
0.9091148577449948
0.8245521601685986
0.8788198103266597
0.8933087460484721
0.8477344573234984
0.8377239199157007
0.8340358271865121
0.6983667017913593
0.8706533192834562
0.7489462592202318
0.8635405690200211
0.8598524762908325
0.8316649104320337
0.8379873551106428
0.8777660695468915
0.9117492096944152
0.910958904109589
0.8861959957850368
0.9560063224446786
0.9196522655426765
0.9399367755532139
0.9544257112750263
0.9670706006322445
0.9502107481559536
0.8498419388830347
0.9091148577449948
0.8414120126448894
0.8814541622760801
0.7874077976817703
0.8922550052687039
0.9351949420442571
0.9452054794520548
0.904899894625922
0.9367755532139094
0.9259747102212855
0.8674920969441517
0.9399367755532139
0.5397787144362487
0.9560063224446786
0.8825079030558483
0.8287671232876712
0.7942571127502634
0.9249209694415174
0.7550052687038988
0.9083245521601686
0.8319283456269758
0.904899894625922
0.8477344573234984
0.9567966280295047
0.9038461538461539
0.8587987355110642
0.8914646996838778
0.8419388830347735
0.9051633298208641
0.9417808219178082
0.7568493150684932
0.9322971548998946
0.9322971548998946
0.8527397260273972
0.8877766069546892
0.8087460484720759
0.9322971548998946
0.9646996838777661
0.8090094836670179
0.9272918861959958
0.8825079030558483
0.839041095890411
0.9275553213909379
0.9128029504741834
0.7523709167544784
0.9172813487881981
0.8645943097997892
0.9863013698630136
0.8253424657534246
0.9072708113804004
0.8564278187565859
0.803740779768177
0.8645943097997892
0.9035827186512118
0.8187565858798735
0.9114857744994731
0.8458904109589042
0.8514225500526871
0.886986301369863
0.7773972602739726
0.8253424657534246
0.8427291886195996
0.9072708113804004
0.9515279241306639
0.8206006322444679
0.8282402528977871
0.8124341412012644
0.8648577449947313
0.8335089567966281
0.6894099051633298
0.8234984193888304
0.8016332982086407
0.9070073761854583
0.7958377239199157
0.922813487881981
0.8100632244467861
0.9499473129610115
0.9420442571127503
0.9304531085353003
0.7955742887249737
0.9278187565858799
0.8066385669125395
0.9409905163329821
0.9697049525816649
0.7845100105374078
0.8224446786090621
0.8503688092729189
0.8798735511064278
0.9017386722866175
0.9312434141201265
0.7457850368809273
0.9357218124341412
0.9072708113804004
0.8184931506849316
0.9041095890410958
0.8564278187565859
0.797154899894626
0.8943624868282403
0.9549525816649105
0.851159114857745
0.7879346680716544
0.8295574288724974
0.7729188619599578
0.8709167544783983
0.8806638566912539
0.8711801896733403
0.9386195995785037
0.7236564805057956
0.8904109589041096
0.7924130663856691
0.8746048472075869
0.9025289778714436
0.9510010537407798
0.9159641728134879
0.8651211801896733
0.8126975763962065
0.7323498419388831
0.9085879873551106
0.6335616438356164
0.9141201264488936
0.8148050579557429
0.9199157007376185
0.8514225500526871
0.8946259220231823
0.791095890410959
0.8506322444678609
0.8240252897787145
0.8659114857744995
0.756059009483667
0.9691780821917808
0.8379873551106428
0.8677555321390937
0.8996311907270811
0.910695468914647
0.9359852476290832
0.9088514225500527
0.9536354056902002
0.773709167544784
0.8126975763962065
0.4391464699683878
0.7420969441517387
0.7447312961011591
0.8501053740779768
0.8835616438356164
0.8261327713382508
0.9320337197049526
0.9291359325605901
0.8400948366701791
0.8756585879873551
0.8735511064278187
0.7987355110642782
0.934404636459431
0.7876712328767124
0.9296628029504742
0.9183350895679663
0.9433614330874605
0.7895152792413066
0.9236037934668072
0.8964699683877766
0.803740779768177
0.7615911485774499
0.6116965226554267
0.95231822971549
0.8975237091675448
0.9438883034773445
0.9399367755532139
0.8132244467860906
0.8969968387776607
0.809799789251844
0.8295574288724974
0.8224446786090621
0.6496311907270811
0.9565331928345627
0.8790832455216017
0.7934668071654373
0.7257639620653319
0.8661749209694415
0.7813487881981033
0.8485247629083246
0.7760800842992623
0.880927291886196
0.7629083245521602
0.940463645943098
0.7697576396206534
0.8427291886195996
0.7773972602739726
0.7044257112750263
0.8379873551106428
0.8514225500526871
0.9483667017913593
0.8400948366701791
0.8975237091675448
0.9009483667017913
0.8959430979978925
0.886722866174921
0.8804004214963119
0.7816122233930453
0.8622233930453108
0.8685458377239199
0.9322971548998946
0.8682824025289779
0.839041095890411
0.8345626975763962
0.9560063224446786
0.7921496311907271
0.5424130663856691
0.7839831401475237
0.9778714436248683
0.8775026343519494
0.8790832455216017
0.8171759747102213
0.9199157007376185
0.9246575342465754
0.9020021074815595
0.8851422550052687
0.8962065331928346
0.9067439409905164
0.7531612223393045
0.9549525816649105
0.9259747102212855
0.8830347734457323
0.8616965226554267
0.8229715489989463
0.886986301369863
0.940200210748156
0.8777660695468915
0.8640674394099052
0.8946259220231823
0.9238672286617492
0.7721285563751317
0.8627502634351949
0.8667017913593256
0.8593256059009484
0.9354583772391991
0.9330874604847208
0.8574815595363541
0.9662802950474183
0.8706533192834562
0.7660695468914647
0.8274499473129611
0.8084826132771338
0.8306111696522656
0.8029504741833509
0.8069020021074815
0.8962065331928346
0.9697049525816649
0.8116438356164384
0.8437829293993677
0.797154899894626
0.8738145416227608
0.910695468914647
0.9041095890410958
0.9778714436248683
0.7663329820864068
0.9826132771338251
0.8345626975763962
0.7808219178082192
0.9470495258166491
0.9810326659641728
0.8530031612223393
0.7597471022128557
0.8195468914646997
0.8432560590094836
0.8522128556375131
0.9075342465753424
0.9299262381454162
0.9604847207586934
0.7784510010537408
0.8042676501580611
0.8761854583772392
0.8922550052687039
0.8566912539515279
0.8485247629083246
0.7239199157007377
0.8993677555321391
0.8248155953635405
0.8364067439409906
0.9565331928345627
0.9320337197049526
0.11116965226554268
0.8761854583772392
0.8830347734457323
0.8698630136986302
0.8013698630136986
0.8772391991570073
0.8888303477344573
0.9204425711275026
0.8772391991570073
0.8914646996838778
0.8643308746048473
0.8722339304531085
0.9320337197049526
0.8701264488935722
0.8727608008429927
0.7046891464699684
0.874868282402529
0.8530031612223393
0.8013698630136986
0.9272918861959958
0.8082191780821918
0.804004214963119
0.976290832455216
0.9017386722866175
0.8954162276080084
0.9159641728134879
0.9718124341412012
0.9243940990516333
0.8983140147523709
0.9628556375131717
0.9225500526870389
0.9710221285563752
0.9083245521601686
0.9004214963119073
0.8782929399367756
0.8746048472075869
0.8998946259220232
0.940200210748156
0.7634351949420443
0.9259747102212855
0.8943624868282403
0.6730769230769231
0.9625922023182297
0.8764488935721813
0.9383561643835616
0.9183350895679663
0.7536880927291886
0.9114857744994731
0.9652265542676501
0.8374604847207587
0.9452054794520548
0.9307165437302424
0.8877766069546892
0.9251844046364595
0.8864594309799789
0.8379873551106428
0.8593256059009484
0.9325605900948367
0.9017386722866175
0.9483667017913593
0.7989989462592202
0.8437829293993677
0.9312434141201265
0.9093782929399368
0.8819810326659642
0.8619599578503688
0.916754478398314
0.9051633298208641
0.9660168598524763
0.791622760800843
0.8827713382507903
0.762118018967334
0.9262381454162276
0.9296628029504742
0.9412539515279241
0.8108535300316122
0.886986301369863
0.90463645943098
0.899104320337197
0.8804004214963119
0.7220758693361433
0.9781348788198103
0.89304531085353
0.7763435194942044
0.7175974710221286
0.8253424657534246
0.8385142255005269
0.6707060063224447
0.7995258166491043
0.8551106427818757
0.8240252897787145
0.8487881981032666
0.8785563751317176
0.9243940990516333
0.8764488935721813
0.839831401475237
0.8593256059009484
0.7415700737618546
0.922813487881981
0.7853003161222339
0.8287671232876712
0.8047945205479452
0.803213909378293
0.8643308746048473
0.922813487881981
0.9367755532139094
0.8519494204425712
0.9470495258166491
0.881190727081138
0.7708113804004215
0.7997892518440464
0.8775026343519494
0.922286617492097
0.9718124341412012
0.8759220231822972
0.7942571127502634
0.8440463645943098
0.8616965226554267
0.7531612223393045
0.9014752370916754
0.8514225500526871
0.9512644889357218
0.9035827186512118
0.8461538461538461
0.8411485774499473
0.8124341412012644
0.886722866174921
0.8464172813487882
0.7568493150684932
0.8775026343519494
0.9365121180189674
0.7721285563751317
0.8403582718651211
0.8208640674394099
0.8574815595363541
0.9178082191780822
0.8998946259220232
0.9022655426765016
0.8353530031612223
0.9199157007376185
0.8769757639620653
0.9064805057955743
0.8680189673340358
0.8972602739726028
0.9236037934668072
0.8250790305584826
0.768177028451001
0.976027397260274
0.8701264488935722
0.8917281348788199
0.9004214963119073
0.8047945205479452
0.7210221285563752
0.9615384615384616
0.7065331928345627
0.8198103266596417
0.9660168598524763
0.8914646996838778
0.8743414120126449
0.9694415173867229
0.892781875658588
0.9125395152792413
0.970231822971549
0.8706533192834562
0.9507376185458377
0.8896206533192834
0.8148050579557429
0.7863540569020021
0.8406217070600632
0.7942571127502634
0.8003161222339304
0.8616965226554267
0.9267650158061117
0.9122760800842993
0.8798735511064278
0.744204425711275
0.7639620653319283
0.9620653319283456
0.7926765015806112
0.7924130663856691
0.9423076923076923
0.9138566912539515
0.8846153846153846
0.857218124341412
0.7102212855637513
0.9154373024236038
0.9367755532139094
0.9333508956796628
0.7824025289778714
0.8954162276080084
0.904899894625922
0.8440463645943098
0.7813487881981033
0.8445732349841939
0.7565858798735511
0.9077976817702845
0.8445732349841939
0.8761854583772392
0.7839831401475237
0.8698630136986302
0.9006849315068494
0.7631717597471022
0.8435194942044257
0.91622760800843
0.8285036880927292
0.8234984193888304
0.809799789251844
0.9027924130663857
0.910168598524763
0.9517913593256059
0.7226027397260274
0.8980505795574288
0.8456269757639621
0.7597471022128557
0.9135932560590094
0.7889884088514225
0.8287671232876712
0.9014752370916754
0.8724973656480506
0.9465226554267651
0.8643308746048473
0.9080611169652265
0.934141201264489
0.8161222339304531
0.8163856691253951
0.8448366701791359
0.7744994731296101
0.8893572181243414
0.7384088514225501
0.839304531085353
0.8501053740779768
0.7489462592202318
0.9267650158061117
0.9088514225500527
0.8429926238145417
0.9383561643835616
0.8353530031612223
0.9446786090621707
0.945995785036881
0.8998946259220232
0.6396206533192834
0.9180716543730242
0.71390937829294
0.9815595363540569
0.9135932560590094
0.9027924130663857
0.8777660695468915
0.8024236037934668
0.8087460484720759
0.8063751317175974
0.8651211801896733
0.7974183350895679
0.7939936775553214
0.797945205479452
0.8943624868282403
0.7876712328767124
0.8701264488935722
0.9359852476290832
0.3609062170706006
0.7892518440463646
0.6770284510010537
0.8956796628029505
0.9217597471022129
0.8669652265542677
0.9328240252897787
0.8601159114857745
0.9146469968387777
0.7926765015806112
0.7863540569020021
0.7394625922023182
0.815595363540569
0.9546891464699684
0.7052160168598525
0.9188619599578504
0.9383561643835616
0.9351949420442571
0.8308746048472075
0.8814541622760801
0.9267650158061117
0.8922550052687039
0.9362486828240253
0.9338777660695469
0.8479978925184405
0.8775026343519494
0.898840885142255
0.755795574288725
0.8943624868282403
0.7694942044257113
0.9296628029504742
0.9128029504741834
0.8875131717597471
0.8047945205479452
0.9191253951527925
0.8400948366701791
0.8843519494204426
0.7310326659641728
0.8661749209694415
0.8382507903055848
0.83377239199157
0.89304531085353
0.9236037934668072
0.9765542676501581
0.9799789251844047
0.8250790305584826
0.8005795574288725
0.9183350895679663
0.7708113804004215
0.9217597471022129
0.8967334035827187
0.7802950474183351
0.9001580611169653
0.9233403582718651
0.8069020021074815
0.8024236037934668
0.9272918861959958
0.8203371970495258
0.7513171759747103
0.9544257112750263
0.9246575342465754
0.8938356164383562
0.9538988408851422
0.7766069546891464
0.6412012644889358
0.9673340358271865
0.8769757639620653
0.845100105374078
0.8437829293993677
0.9322971548998946
0.8582718651211801
0.9175447839831401
0.910958904109589
0.8998946259220232
0.7486828240252897
0.7947839831401475
0.9430979978925185
0.7750263435194942
0.8627502634351949
0.8076923076923077
0.9612750263435195
0.8954162276080084
0.41201264488935724
0.8996311907270811
0.8016332982086407
0.9146469968387777
0.4791886195995785
0.5250263435194942
0.8890937829293993
0.8295574288724974
0.8522128556375131
0.875131717597471
0.9175447839831401
0.8967334035827187
0.899104320337197
0.8790832455216017
0.8530031612223393
0.8835616438356164
0.8295574288724974
0.9441517386722866
0.8403582718651211
0.9275553213909379
0.8964699683877766
0.8943624868282403
0.8069020021074815
0.922813487881981
0.9051633298208641
0.8411485774499473
0.7555321390937829
0.869072708113804
0.8458904109589042
0.7210221285563752
0.8969968387776607
0.8535300316122234
0.863277133825079
0.8361433087460485
0.9805057955742887
0.8969968387776607
0.9259747102212855
0.9304531085353003
0.9689146469968388
0.8735511064278187
0.8951527924130663
0.9441517386722866
0.8548472075869337
0.9336143308746049
0.6288198103266597
0.9246575342465754
0.8846153846153846
0.9544257112750263
0.8985774499473129
0.8667017913593256
0.917017913593256
0.9172813487881981
0.8242887249736565
0.7075869336143309
0.9351949420442571
0.8553740779768177
0.7953108535300316
0.797945205479452
0.8904109589041096
0.7010010537407798
0.8614330874604847
0.7210221285563752
0.8695995785036881
0.8938356164383562
0.8659114857744995
0.8522128556375131
0.9728661749209695
0.928872497365648
0.8977871443624869
0.9104320337197049
0.9212328767123288
0.9330874604847208
0.7386722866174921
0.928609062170706
0.8735511064278187
0.8727608008429927
0.8161222339304531
0.8609062170706007
0.9386195995785037
0.8946259220231823
0.8540569020021075
0.8169125395152792
0.7642255005268704
0.8964699683877766
0.8711801896733403
0.7365648050579557
0.875131717597471
0.8227081138040042
0.9633825079030558
0.7349841938883035
0.7420969441517387
0.8674920969441517
0.8435194942044257
0.8875131717597471
0.8951527924130663
0.8532665964172813
0.7494731296101159
0.9212328767123288
0.9035827186512118
0.8743414120126449
0.9554794520547946
0.8717070600632244
0.8901475237091675
0.7357744994731296
0.8714436248682824
0.8082191780821918
0.7170706006322445
0.7349841938883035
0.9104320337197049
0.7565858798735511
0.9006849315068494
0.7818756585879874
0.8282402528977871
0.7874077976817703
0.90463645943098
0.8898840885142255
0.8635405690200211
0.8111169652265543
0.8883034773445733
0.9620653319283456
0.9839304531085353
0.7228661749209695
0.8875131717597471
0.8759220231822972
0.9006849315068494
0.9275553213909379
0.7792413066385669
0.9465226554267651
0.7600105374077977
0.9225500526870389
0.7449947312961012
0.8735511064278187
0.8435194942044257
0.9412539515279241
0.9025289778714436
0.9449420442571127
0.9525816649104321
0.8598524762908325
0.9536354056902002
0.8946259220231823
0.821917808219178
0.821127502634352
0.7125922023182297
0.8854056902002108
0.9415173867228662
0.9612750263435195
0.8263962065331928
0.904899894625922
0.815858798735511
0.8861959957850368
0.7787144362486829
0.880927291886196
0.7513171759747103
0.9623287671232876
0.8108535300316122
0.7876712328767124
0.8735511064278187
0.8967334035827187
0.8769757639620653
0.8237618545837724
0.7866174920969442
0.8919915700737618
0.8743414120126449
0.9562697576396206
0.9336143308746049
0.8925184404636459
0.8706533192834562
0.916754478398314
0.8832982086406744
0.9475763962065332
0.8348261327713382
0.9080611169652265
0.8371970495258166
0.9085879873551106
0.7982086406743941
0.916754478398314
0.9312434141201265
0.9478398314014752
0.8743414120126449
0.8893572181243414
0.7492096944151738
0.8024236037934668
0.8424657534246576
0.9604847207586934
0.7181243414120126
0.9481032665964173
0.8801369863013698
0.8740779768177028
0.9196522655426765
0.8506322444678609
0.9241306638566913
0.9091148577449948
0.9417808219178082
0.9030558482613277
0.8925184404636459
0.94072708113804
0.8864594309799789
0.8785563751317176
0.8003161222339304
0.8985774499473129
0.9196522655426765
0.8400948366701791
0.8169125395152792
0.8848788198103267
0.7473656480505796
0.8938356164383562
0.8951527924130663
0.8100632244467861
0.7974183350895679
0.9594309799789252
0.8295574288724974
0.7876712328767124
0.7389357218124342
0.9030558482613277
0.9128029504741834
0.8659114857744995
0.7752897787144363
0.6994204425711275
0.8034773445732349
0.8161222339304531
0.8498419388830347
0.9386195995785037
0.9183350895679663
0.8237618545837724
0.8237618545837724
0.7950474183350895
0.8564278187565859
0.8877766069546892
0.8076923076923077
0.8985774499473129
0.8703898840885143
0.8263962065331928
0.7128556375131717
0.8909378292939937
0.8856691253951527
0.9386195995785037
0.9056902002107482
0.8435194942044257
0.9394099051633298
0.8234984193888304
0.9191253951527925
0.8198103266596417
0.7755532139093783
0.9333508956796628
0.8788198103266597
0.8559009483667018
0.9425711275026344
0.9196522655426765
0.7128556375131717
0.7787144362486829
0.8864594309799789
0.8835616438356164
0.8353530031612223
0.9338777660695469
0.8495785036880927
0.7168071654373024
0.9599578503688093
0.8919915700737618
0.9357218124341412
0.9357218124341412
0.9278187565858799
0.8764488935721813
0.7610642781875658
0.7626448893572181
0.7705479452054794
0.9257112750263435
0.850895679662803
0.9704952581664911
0.8379873551106428
0.9033192834562698
0.9723393045310853
0.8896206533192834
0.9578503688092729
0.8940990516332982
0.8408851422550052
0.8819810326659642
0.9483667017913593
0.8801369863013698
0.8888303477344573
0.7291886195995785
0.3724973656480506
0.23603793466807166
0.8832982086406744
0.9320337197049526
0.9602212855637513
0.8851422550052687
0.8406217070600632
0.8382507903055848
0.9054267650158061
0.9149104320337197
0.785827186512118
0.934141201264489
0.8382507903055848
0.9154373024236038
0.7908324552160169
0.8885669125395153
0.7997892518440464
0.9660168598524763
0.8221812434141201
0.7995258166491043
0.7449947312961012
0.7876712328767124
0.7334035827186512
0.8777660695468915
0.9596944151738672
0.8880400421496312
0.886722866174921
0.8906743940990516
0.8788198103266597
0.8925184404636459
0.8972602739726028
0.9035827186512118
0.7428872497365648
0.9059536354056902
0.8775026343519494
0.9038461538461539
0.8740779768177028
0.9517913593256059
0.8169125395152792
0.7162802950474183
0.9378292939936775
0.8922550052687039
0.7710748155953635
0.9420442571127503
0.8263962065331928
0.7212855637513171
0.8980505795574288
0.8169125395152792
0.7471022128556375
0.8909378292939937
0.7694942044257113
0.7573761854583773
0.7552687038988409
0.8306111696522656
0.7231296101159115
0.9660168598524763
0.8951527924130663
0.8535300316122234
0.8548472075869337
0.9083245521601686
0.9104320337197049
0.7987355110642782
0.9022655426765016
0.8314014752370916
0.7091675447839831
0.815858798735511
0.8258693361433087
0.9270284510010537
0.8985774499473129
0.7839831401475237
0.821917808219178
0.821917808219178
0.9386195995785037
0.79768177028451
0.8856691253951527
0.9541622760800843
0.7218124341412012
0.8003161222339304
0.9243940990516333
0.8940990516332982
0.8472075869336143
0.839041095890411
0.9033192834562698
0.7104847207586934
0.8888303477344573
0.8906743940990516
0.8361433087460485
0.8245521601685986
0.9815595363540569
0.9138566912539515
0.9438883034773445
0.9062170706006323
0.946259220231823
0.7779241306638567
0.9602212855637513
0.7220758693361433
0.8977871443624869
0.9114857744994731
0.9391464699683878
0.9149104320337197
0.7534246575342466
0.9670706006322445
0.8469441517386723
0.7505268703898841
0.7776606954689147
0.8740779768177028
0.8709167544783983
0.9415173867228662
0.7286617492096944
0.8975237091675448
0.9072708113804004
0.8764488935721813
0.9112223393045311
0.7874077976817703
0.815595363540569
0.90463645943098
0.7839831401475237
0.8013698630136986
0.9143835616438356
0.6182824025289779
0.8653846153846154
0.8935721812434141
0.8933087460484721
0.8864594309799789
0.8208640674394099
0.8730242360379347
0.8084826132771338
0.7913593256059009
0.8585353003161222
0.8940990516332982
0.928345626975764
0.9004214963119073
0.809536354056902
0.928345626975764
0.7824025289778714
0.9254478398314014
0.8582718651211801
0.8582718651211801
0.9175447839831401
0.8764488935721813
0.8635405690200211
0.8872497365648051
0.8142781875658588
0.7845100105374078
0.9546891464699684
0.9265015806111696
0.8574815595363541
0.9093782929399368
0.9351949420442571
0.8543203371970495
0.8909378292939937
0.7895152792413066
0.7871443624868283
0.7626448893572181
0.8917281348788199
0.7418335089567967
0.6572708113804004
0.8356164383561644
0.8962065331928346
0.9554794520547946
0.8345626975763962
0.8680189673340358
0.9533719704952581
0.7294520547945206
0.9320337197049526
0.8777660695468915
0.910958904109589
0.9454689146469969
0.8530031612223393
0.8635405690200211
0.8000526870389885
0.899104320337197
0.8432560590094836
0.7038988408851422
0.8203371970495258
0.7489462592202318
0.8898840885142255
0.7278714436248683
0.7629083245521602
0.9365121180189674
0.8327186512118019
0.7684404636459431
0.9433614330874605
0.9172813487881981
0.8063751317175974
0.8353530031612223
0.8516859852476291
0.8061116965226555
0.9315068493150684
0.8300842992623815
0.8893572181243414
0.8224446786090621
0.9491570073761855
0.8166491043203372
0.84536354056902
0.8714436248682824
0.7663329820864068
0.886722866174921
0.804004214963119
0.9441517386722866
0.8377239199157007
0.9257112750263435
0.9533719704952581
0.8203371970495258
0.7997892518440464
0.8190200210748156
0.815068493150685
0.7526343519494204
0.8203371970495258
0.9333508956796628
0.9009483667017913
0.976290832455216
0.958904109589041
0.8714436248682824
0.8248155953635405
0.8606427818756586
0.8163856691253951
0.9444151738672286
0.8943624868282403
0.7644889357218124
0.9499473129610115
0.8806638566912539
0.7368282402528978
0.8964699683877766
0.8761854583772392
0.8972602739726028
0.8227081138040042
0.8556375131717597
0.9309799789251844
0.7824025289778714
0.9164910432033719
0.8848788198103267
0.7702845100105374
0.8553740779768177
0.8227081138040042
0.8980505795574288
0.7755532139093783
0.7291886195995785
0.7550052687038988
0.8761854583772392
0.6975763962065332
0.9025289778714436
0.8898840885142255
0.8919915700737618
0.9146469968387777
0.9088514225500527
0.964172813487882
0.8883034773445733
0.8985774499473129
0.9839304531085353
0.809536354056902
0.821917808219178
0.9001580611169653
0.8190200210748156
0.8746048472075869
0.8298208640674394
0.8477344573234984
0.8053213909378293
0.8709167544783983
0.8458904109589042
0.8566912539515279
0.8985774499473129
0.8303477344573235
0.8977871443624869
0.8898840885142255
0.7413066385669126
0.9188619599578504
0.8537934668071654
0.8585353003161222
0.7839831401475237
0.8590621707060063
0.797945205479452
0.8788198103266597
0.9438883034773445
0.8545837723919916
0.7961011591148578
0.7426238145416227
0.9120126448893572
0.8461538461538461
0.9025289778714436
0.7355110642781876
0.8714436248682824
0.8285036880927292
0.9072708113804004
0.8859325605900948
0.9270284510010537
0.8901475237091675
0.8901475237091675
0.9731296101159115
0.8269230769230769
0.8772391991570073
0.8980505795574288
0.8917281348788199
0.9183350895679663
0.9091148577449948
0.8005795574288725
0.7204952581664911
0.7552687038988409
0.8556375131717597
0.7687038988408852
0.8282402528977871
0.8693361433087461
0.8603793466807166
0.9214963119072708
0.815068493150685
0.7816122233930453
0.9325605900948367
0.7526343519494204
0.7850368809272918
0.9488935721812434
0.9394099051633298
0.9420442571127503
0.8951527924130663
0.6319810326659642
0.7650158061116965
0.9365121180189674
0.9452054794520548
0.9183350895679663
0.8319283456269758
0.892781875658588
0.9507376185458377
0.7913593256059009
0.6765015806111696
0.8479978925184405
0.9075342465753424
0.8909378292939937
0.8614330874604847
0.7779241306638567
0.8011064278187566
0.9749736564805058
0.8948893572181243
0.868809272918862
0.9188619599578504
0.85695468914647
0.8798735511064278
0.6930979978925185
0.8256059009483667
0.922286617492097
0.9009483667017913
0.8904109589041096
0.8543203371970495
0.779768177028451
0.8806638566912539
0.8119072708113804
0.9546891464699684
0.9436248682824026
0.8864594309799789
0.9020021074815595
0.797154899894626
0.8400948366701791
0.7974183350895679
0.7452581664910432
0.7787144362486829
0.9847207586933614
0.863277133825079
0.8606427818756586
0.9307165437302424
0.922286617492097
0.8883034773445733
0.9686512118018967
0.9662802950474183
0.8395679662802951
0.8946259220231823
0.9041095890410958
0.8764488935721813
0.803740779768177
0.8919915700737618
0.8234984193888304
0.83377239199157
0.9083245521601686
0.9386195995785037
0.892781875658588
0.8983140147523709
0.8055848261327714
0.9678609062170705
0.8253424657534246
0.9254478398314014
0.5982613277133825
0.8013698630136986
0.8353530031612223
0.8730242360379347
0.791886195995785
0.9565331928345627
0.8804004214963119
0.7805584826132771
0.8980505795574288
0.8382507903055848
0.8906743940990516
0.8116438356164384
0.8182297154899895
0.9022655426765016
0.7513171759747103
0.9494204425711275
0.7913593256059009
0.839041095890411
0.8018967334035827
0.8445732349841939
0.9844573234984194
0.8954162276080084
0.8371970495258166
0.8780295047418335
0.8540569020021075
0.8985774499473129
0.9757639620653319
0.8846153846153846
0.7866174920969442
0.857218124341412
0.8951527924130663
0.868809272918862
0.8938356164383562
0.8980505795574288
0.7924130663856691
0.9649631190727082
0.9317702845100105
0.928345626975764
0.7502634351949421
0.9320337197049526
0.91622760800843
0.8348261327713382
0.8295574288724974
0.958904109589041
0.9307165437302424
0.7544783983140148
0.8740779768177028
0.7521074815595363
0.7636986301369864
0.9001580611169653
0.8796101159114857
0.8827713382507903
0.875131717597471
0.9175447839831401
0.8996311907270811
0.7887249736564805
0.9030558482613277
0.7418335089567967
0.9125395152792413
0.9391464699683878
0.8743414120126449
0.8342992623814541
0.7552687038988409
0.827186512118019
0.8682824025289779
0.9444151738672286
0.7368282402528978
0.8024236037934668
0.8203371970495258
0.869072708113804
0.9394099051633298
0.7265542676501581
0.8335089567966281
0.8975237091675448
0.18308746048472077
0.9236037934668072
0.8680189673340358
0.8464172813487882
0.910168598524763
0.8303477344573235
0.8408851422550052
0.85695468914647
0.8593256059009484
0.8740779768177028
0.8047945205479452
0.8179662802950474
0.9201791359325606
0.8258693361433087
0.8935721812434141
0.8045310853530031
0.9035827186512118
0.9157007376185459
0.899104320337197
0.8706533192834562
0.803213909378293
0.898840885142255
0.9299262381454162
0.9241306638566913
0.8638040042149632
0.9378292939936775
0.9373024236037935
0.8912012644889358
0.8740779768177028
0.8959430979978925
0.8925184404636459
0.9357218124341412
0.7539515279241307
0.7821390937829295
0.773709167544784
0.8503688092729189
0.91622760800843
0.8922550052687039
0.8535300316122234
0.8537934668071654
0.2476290832455216
0.8954162276080084
0.8590621707060063
0.9183350895679663
0.9483667017913593
0.9473129610115911
0.7312961011591148
0.7252370916754478
0.8269230769230769
0.8967334035827187
0.8469441517386723
0.9262381454162276
0.8206006322444679
0.9873551106427819
0.8166491043203372
0.7652792413066386
0.8184931506849316
0.8242887249736565
0.8888303477344573
0.803213909378293
0.79768177028451
0.8124341412012644
0.9607481559536354
0.8564278187565859
0.8582718651211801
0.8506322444678609
0.9212328767123288
0.9441517386722866
0.8724973656480506
0.8746048472075869
0.899104320337197
0.8300842992623815
0.7328767123287672
0.7038988408851422
0.7963645943097998
0.8551106427818757
0.7773972602739726
0.9122760800842993
0.6385669125395153
0.8775026343519494
0.8593256059009484
0.8258693361433087
0.8919915700737618
0.9391464699683878
0.8416754478398314
0.7689673340358272
0.9054267650158061
0.7913593256059009
0.26159114857745
0.958904109589041
0.8182297154899895
0.9262381454162276
0.738145416227608
0.874868282402529
0.8105900948366702
0.7853003161222339
0.8503688092729189
0.8306111696522656
0.9291359325605901
0.9654899894625922
0.8250790305584826
0.7913593256059009
0.9315068493150684
0.7771338250790305
0.8667017913593256
0.9183350895679663
0.8137513171759747
0.8993677555321391
0.8432560590094836
0.9425711275026344
0.8132244467860906
0.934141201264489
0.9388830347734457
0.8066385669125395
0.9143835616438356
0.8909378292939937
0.7884615384615384
0.9062170706006323
0.8767123287671232
0.9083245521601686
0.8806638566912539
0.910168598524763
0.8358798735511064
0.7955742887249737
0.8053213909378293
0.9446786090621707
0.9075342465753424
0.9251844046364595
0.8846153846153846
0.9099051633298209
0.8374604847207587
0.8348261327713382
0.8548472075869337
0.9241306638566913
0.9185985247629084
0.9425711275026344
0.9657534246575342
0.958113804004215
0.940200210748156
0.9544257112750263
0.8985774499473129
0.8838250790305585
0.946259220231823
0.8018967334035827
0.8429926238145417
0.8669652265542677
0.7955742887249737
0.8827713382507903
0.9488935721812434
0.8804004214963119
0.7945205479452054
0.9099051633298209
0.9241306638566913
0.7315595363540569
0.9549525816649105
0.9117492096944152
0.9538988408851422
0.8785563751317176
0.8121707060063225
0.934668071654373
0.8933087460484721
0.8300842992623815
0.8890937829293993
0.8261327713382508
0.6562170706006323
0.8124341412012644
0.8890937829293993
0.9093782929399368
0.7384088514225501
0.9001580611169653
0.7563224446786091
0.7968914646996839
0.9204425711275026
0.8804004214963119
0.8342992623814541
0.797154899894626
0.8050579557428873
0.8611696522655427
0.8614330874604847
0.9446786090621707
0.7953108535300316
0.8935721812434141
0.7700210748155953
0.9159641728134879
0.821127502634352
0.9254478398314014
0.821917808219178
0.9099051633298209
0.9120126448893572
0.8859325605900948
0.9712855637513171
0.8885669125395153
0.8735511064278187
0.7613277133825079
0.9012118018967334
0.8495785036880927
0.9386195995785037
0.9125395152792413
0.9525816649104321
0.8682824025289779
0.9180716543730242
0.6859852476290832
0.8743414120126449
0.7391991570073762
0.8933087460484721
0.8656480505795574
0.7802950474183351
0.9035827186512118
0.8983140147523709
0.8664383561643836
0.9114857744994731
0.8427291886195996
0.7966280295047419
0.928609062170706
0.95231822971549
0.8590621707060063
0.8985774499473129
0.21153846153846154
0.8084826132771338
0.9270284510010537
0.9623287671232876
0.8735511064278187
0.8619599578503688
0.8232349841938883
0.8163856691253951
0.8964699683877766
0.9201791359325606
0.7842465753424658
0.7903055848261328
0.8595890410958904
0.8872497365648051
0.9006849315068494
0.8611696522655427
0.8303477344573235
0.9027924130663857
0.9357218124341412
0.8898840885142255
0.863013698630137
0.8548472075869337
0.9236037934668072
0.8801369863013698
0.9726027397260274
0.8896206533192834
0.8506322444678609
0.8656480505795574
0.3714436248682824
0.8498419388830347
0.8403582718651211
0.8706533192834562
0.7465753424657534
0.8611696522655427
0.7989989462592202
0.9133298208640674
0.8609062170706007
0.9009483667017913
0.8664383561643836
0.7908324552160169
0.9099051633298209
0.8648577449947313
0.7968914646996839
0.7399894625922023
0.8350895679662803
0.7792413066385669
0.9138566912539515
0.9267650158061117
0.9270284510010537
0.94072708113804
0.8906743940990516
0.7752897787144363
0.9088514225500527
0.8087460484720759
0.821390937829294
0.7478925184404637
0.8938356164383562
0.8732876712328768
0.9185985247629084
0.9475763962065332
0.8087460484720759
0.7900421496311907
0.8324552160168599
0.9739199157007377
0.9873551106427819
0.922813487881981
0.8350895679662803
0.8361433087460485
0.8701264488935722
0.7428872497365648
0.9143835616438356
0.9625922023182297
0.9225500526870389
0.7584299262381454
0.9093782929399368
0.9241306638566913
0.9733930453108536
0.922286617492097
0.8350895679662803
0.8946259220231823
0.7492096944151738
0.8693361433087461
0.8938356164383562
0.8901475237091675
0.8996311907270811
0.8013698630136986
0.7146996838777661
0.8250790305584826
0.8250790305584826
0.8967334035827187
0.8224446786090621
0.8000526870389885
0.7513171759747103
0.850895679662803
0.6643835616438356
0.8627502634351949
0.8983140147523709
0.904899894625922
0.8566912539515279
0.8767123287671232
0.8300842992623815
0.9652265542676501
0.7974183350895679
0.934668071654373
0.9072708113804004
0.8519494204425712
0.9030558482613277
0.8664383561643836
0.7510537407797682
0.8693361433087461
0.976290832455216
0.9012118018967334
0.8232349841938883
0.7868809272918862
0.8292939936775553
0.8790832455216017
0.964172813487882
0.91622760800843
0.8819810326659642
0.8756585879873551
0.7568493150684932
0.8627502634351949
0.8461538461538461
0.8635405690200211
0.9091148577449948
0.80927291886196
0.9383561643835616
0.8664383561643836
0.8817175974710221
0.8848788198103267
0.8877766069546892
0.9017386722866175
0.8564278187565859
0.8198103266596417
0.9088514225500527
0.9602212855637513
0.8659114857744995
0.8253424657534246
0.7692307692307693
0.8917281348788199
0.9178082191780822
0.7610642781875658
0.9199157007376185
0.8045310853530031
0.857218124341412
0.8846153846153846
0.8801369863013698
0.8946259220231823
0.958113804004215
0.8416754478398314
0.9004214963119073
0.8464172813487882
0.8282402528977871
0.6641201264488936
0.7589567966280295
0.9330874604847208
0.910168598524763
0.9433614330874605
0.8651211801896733
0.9365121180189674
0.9183350895679663
0.9220231822971549
0.9265015806111696
0.6770284510010537
0.7897787144362487
0.7961011591148578
0.8519494204425712
0.9291359325605901
0.8730242360379347
0.9291359325605901
0.9517913593256059
0.7968914646996839
0.9051633298208641
0.851159114857745
0.904899894625922
0.8985774499473129
0.8769757639620653
0.7660695468914647
0.8669652265542677
0.7671232876712328
0.8124341412012644
0.7523709167544784
0.8324552160168599
0.7162802950474183
0.815595363540569
0.9394099051633298
0.6999473129610115
0.7423603793466808
0.863277133825079
0.922813487881981
0.857218124341412
0.9054267650158061
0.7781875658587988
0.8419388830347735
0.934931506849315
0.7660695468914647
0.9088514225500527
0.7984720758693361
0.8058482613277134
0.9370389884088515
0.7702845100105374
0.809536354056902
0.863277133825079
0.8698630136986302
0.7481559536354057
0.9330874604847208
0.8100632244467861
0.8912012644889358
0.9133298208640674
0.9473129610115911
0.9230769230769231
0.9304531085353003
0.9546891464699684
0.8761854583772392
0.8983140147523709
0.9380927291886196
0.9070073761854583
0.9823498419388831
0.8055848261327714
0.8969968387776607
0.8753951527924131
0.9423076923076923
0.8395679662802951
0.8772391991570073
0.9204425711275026
0.720231822971549
0.8730242360379347
0.8875131717597471
0.9293993677555321
0.696786090621707
0.8516859852476291
0.863013698630137
0.6867755532139094
0.8126975763962065
0.910958904109589
0.8440463645943098
0.8706533192834562
0.8922550052687039
0.8840885142255005
0.8790832455216017
0.7334035827186512
0.7789778714436248
0.9541622760800843
0.8772391991570073
0.899104320337197
0.7015279241306639
0.8013698630136986
0.9315068493150684
0.9025289778714436
0.7534246575342466
0.8113804004214963
0.9491570073761855
0.9778714436248683
0.8477344573234984
0.8013698630136986
0.6981032665964173
0.8732876712328768
0.9080611169652265
0.9199157007376185
0.89304531085353
0.9449420442571127
0.9025289778714436
0.9805057955742887
0.9204425711275026
0.8890937829293993
0.8179662802950474
0.910168598524763
0.8780295047418335
0.8253424657534246
0.9515279241306639
0.8432560590094836
0.8664383561643836
0.9275553213909379
0.9715489989462592
0.7265542676501581
0.7721285563751317
0.8975237091675448
0.8946259220231823
0.8192834562697576
0.7874077976817703
0.8366701791359326
0.8111169652265543
0.02528977871443625
0.9359852476290832
0.857218124341412
0.7539515279241307
0.7531612223393045
0.8798735511064278
0.7563224446786091
0.8703898840885143
0.8819810326659642
0.821654373024236
0.785827186512118
0.9246575342465754
0.8514225500526871
0.7563224446786091
0.9454689146469969
0.9099051633298209
0.821390937829294
0.9625922023182297
0.839304531085353
0.89304531085353
0.8137513171759747
0.8482613277133825
0.7850368809272918
0.8917281348788199
0.8137513171759747
0.7273445732349842
0.9296628029504742
0.9375658587987356
0.8319283456269758
0.8227081138040042
0.827713382507903
0.8134878819810326
0.8169125395152792
0.9051633298208641
0.6812434141201265
0.8875131717597471
0.9438883034773445
0.9681243414120126
0.8556375131717597
0.7299789251844047
0.7934668071654373
0.7228661749209695
0.7924130663856691
0.9070073761854583
0.8901475237091675
0.7721285563751317
0.9525816649104321
0.8964699683877766
0.9552160168598525
0.9304531085353003
0.9275553213909379
0.9378292939936775
0.9175447839831401
0.9159641728134879
0.9502107481559536
0.945995785036881
0.7771338250790305
0.9112223393045311
0.7787144362486829
0.9747102212855637
0.8796101159114857
0.9662802950474183
0.8761854583772392
0.7987355110642782
0.9265015806111696
0.9262381454162276
0.934668071654373
0.9157007376185459
0.6996838777660696
0.934931506849315
0.8875131717597471
0.928872497365648
0.8574815595363541
0.8998946259220232
0.8883034773445733
0.7110115911485775
0.7226027397260274
0.6498946259220232
0.8680189673340358
0.9412539515279241
0.898840885142255
0.8419388830347735
0.9241306638566913
0.8906743940990516
0.7866174920969442
0.8464172813487882
0.8904109589041096
0.7989989462592202
0.7218124341412012
0.9718124341412012
0.9251844046364595
0.9059536354056902
0.8522128556375131
0.9654899894625922
0.7881981032665965
0.8485247629083246
0.8693361433087461
0.8593256059009484
0.7855637513171759
0.6596417281348789
0.8967334035827187
0.6622760800842993
0.7049525816649105
0.8229715489989463
0.7436775553213909
0.8545837723919916
0.7810853530031612
0.8582718651211801
0.96390937829294
0.9649631190727082
0.7763435194942044
0.7721285563751317
0.8601159114857745
0.8559009483667018
0.8593256059009484
0.7924130663856691
0.9525816649104321
0.863277133825079
0.8906743940990516
0.9396733403582719
0.8556375131717597
0.8574815595363541
0.8893572181243414
0.7932033719704953
0.9062170706006323
0.9357218124341412
0.6804531085353003
0.768177028451001
0.9112223393045311
0.8548472075869337
0.8996311907270811
0.8419388830347735
0.832982086406744
0.9391464699683878
0.755795574288725
0.8263962065331928
0.7853003161222339
0.9017386722866175
0.8532665964172813
0.8962065331928346
0.8998946259220232
0.7789778714436248
0.8174394099051633
0.7360379346680717
0.9133298208640674
0.9243940990516333
0.7826659641728135
0.9312434141201265
0.7824025289778714
0.9325605900948367
0.8980505795574288
0.8580084299262382
0.9180716543730242
0.9415173867228662
0.809799789251844
0.8324552160168599
0.8638040042149632
0.7563224446786091
0.7049525816649105
0.8719704952581665
0.9017386722866175
0.6796628029504742
0.8535300316122234
0.8919915700737618
0.9001580611169653
0.9009483667017913
0.9794520547945206
0.934668071654373
0.9128029504741834
0.8005795574288725
0.9265015806111696
0.7336670179135932
0.892781875658588
0.8585353003161222
0.9320337197049526
0.9301896733403583
0.8806638566912539
0.8603793466807166
0.8100632244467861
0.8983140147523709
0.7270811380400422
0.9436248682824026
0.9128029504741834
0.9125395152792413
0.8366701791359326
0.8403582718651211
0.8501053740779768
0.8248155953635405
0.8830347734457323
0.8804004214963119
0.8387776606954689
0.7507903055848262
0.8656480505795574
0.9449420442571127
0.9154373024236038
0.9056902002107482
0.7926765015806112
0.9533719704952581
0.9499473129610115
0.9351949420442571
0.9570600632244468
0.7228661749209695
0.8624868282402529
0.2982086406743941
0.7929399367755532
0.9452054794520548
0.8132244467860906
0.809799789251844
0.8206006322444679
0.8522128556375131
0.8798735511064278
0.7194415173867229
0.7547418335089568
0.9249209694415174
0.898840885142255
0.9135932560590094
0.809799789251844
0.839831401475237
0.8440463645943098
0.7850368809272918
0.7995258166491043
0.9570600632244468
0.8253424657534246
0.8129610115911485
0.7671232876712328
0.8798735511064278
0.7818756585879874
0.7331401475237092
0.803740779768177
0.7605374077976818
0.9823498419388831
0.8545837723919916
0.803740779768177
0.8959430979978925
0.9307165437302424
0.881190727081138
0.8735511064278187
0.8227081138040042
0.8746048472075869
0.8559009483667018
0.8962065331928346
0.9004214963119073
0.8890937829293993
0.7294520547945206
0.7204952581664911
0.8290305584826133
0.7658061116965227
0.8400948366701791
0.8593256059009484
0.9093782929399368
0.8245521601685986
0.8358798735511064
0.7473656480505796
0.8490516332982087
0.9272918861959958
0.8063751317175974
0.7247102212855637
0.07007376185458378
0.8888303477344573
0.815858798735511
0.934668071654373
0.8005795574288725
0.9077976817702845
0.9610115911485775
0.8946259220231823
0.90463645943098
0.6767650158061117
0.9130663856691253
0.9059536354056902
0.9491570073761855
0.7921496311907271
0.8295574288724974
0.9293993677555321
0.993940990516333
0.8851422550052687
0.9536354056902002
0.934668071654373
0.9394099051633298
0.8677555321390937
0.8045310853530031
0.821917808219178
0.6772918861959958
0.7402528977871443
0.9275553213909379
0.9130663856691253
0.9122760800842993
0.8943624868282403
0.9362486828240253
0.7536880927291886
0.8983140147523709
0.9646996838777661
0.8714436248682824
0.9546891464699684
0.8645943097997892
0.9030558482613277
0.9315068493150684
0.9027924130663857
0.8187565858798735
0.8335089567966281
0.8856691253951527
0.9428345626975764
0.8825079030558483
0.8163856691253951
0.9233403582718651
0.8872497365648051
0.8503688092729189
0.7908324552160169
0.7255005268703899
0.9446786090621707
0.8804004214963119
0.3601159114857745
0.8727608008429927
0.7231296101159115
0.7471022128556375
0.7884615384615384
0.6517386722866175
0.96390937829294
0.9012118018967334
0.8619599578503688
0.8743414120126449
0.7236564805057956
0.8174394099051633
0.8740779768177028
0.9739199157007377
0.8559009483667018
0.8906743940990516
0.8996311907270811
0.8371970495258166
0.8543203371970495
0.8883034773445733
0.8806638566912539
0.9301896733403583
0.9225500526870389
0.8885669125395153
0.5287144362486829
0.874868282402529
0.863013698630137
0.8885669125395153
0.7966280295047419
0.8474710221285564
0.7795047418335089
0.9481032665964173
0.9180716543730242
0.904899894625922
0.8013698630136986
0.7347207586933614
0.9491570073761855
0.8983140147523709
0.7457850368809273
0.9004214963119073
0.8785563751317176
0.9625922023182297
0.827713382507903
0.845100105374078
0.8198103266596417
0.958904109589041
0.78609062170706
0.3119072708113804
0.8061116965226555
0.7660695468914647
0.7705479452054794
0.7787144362486829
0.946786090621707
0.9296628029504742
0.94072708113804
0.8274499473129611
0.868809272918862
0.7112750263435195
0.8993677555321391
0.8962065331928346
0.899104320337197
0.9204425711275026
0.9309799789251844
0.8693361433087461
0.8187565858798735
0.9143835616438356
0.7692307692307693
0.7062697576396206
0.928872497365648
0.7937302423603794
0.8904109589041096
0.9196522655426765
0.9736564805057956
0.9006849315068494
0.9328240252897787
0.2889884088514226
0.7505268703898841
0.7639620653319283
0.7613277133825079
0.8782929399367756
0.9620653319283456
0.8909378292939937
0.8595890410958904
0.8756585879873551
0.9786617492096944
0.8308746048472075
0.9370389884088515
0.8556375131717597
0.9275553213909379
0.8119072708113804
0.8137513171759747
0.8730242360379347
0.8848788198103267
0.9351949420442571
0.8975237091675448
0.845100105374078
0.7571127502634352
0.8933087460484721
0.6917808219178082
0.8559009483667018
0.8872497365648051
0.8011064278187566
0.8042676501580611
0.7700210748155953
0.8993677555321391
0.9214963119072708
0.8479978925184405
0.9623287671232876
0.8640674394099052
0.7955742887249737
0.9035827186512118
0.6975763962065332
0.928345626975764
0.8485247629083246
0.9020021074815595
0.8379873551106428
0.8474710221285564
0.8559009483667018
0.7365648050579557
0.8933087460484721
0.8342992623814541
0.9317702845100105
0.9510010537407798
0.9438883034773445
0.9257112750263435
0.8832982086406744
0.809536354056902
0.9064805057955743
0.9030558482613277
0.9001580611169653
0.9056902002107482
0.8840885142255005
0.8593256059009484
0.7995258166491043
0.9138566912539515
0.7810853530031612
0.9557428872497366
0.9367755532139094
0.7586933614330874
0.83377239199157
0.8669652265542677
0.7837197049525817
0.8959430979978925
0.90463645943098
0.7600105374077977
0.8171759747102213
0.904899894625922
0.7810853530031612
0.9470495258166491
0.928609062170706
0.9425711275026344
0.9610115911485775
0.8556375131717597
0.8767123287671232
0.8627502634351949
0.696259220231823
0.9370389884088515
0.8314014752370916
0.34351949420442573
0.8590621707060063
0.8993677555321391
0.4470495258166491
0.8677555321390937
0.9652265542676501
0.7255005268703899
0.7903055848261328
0.946259220231823
0.8163856691253951
0.804004214963119
0.8487881981032666
0.8464172813487882
0.8738145416227608
0.8527397260273972
0.8593256059009484
0.8893572181243414
0.7755532139093783
0.9573234984193888
0.8769757639620653
0.6830874604847208
0.8996311907270811
0.9296628029504742
0.9009483667017913
0.8142781875658588
0.9267650158061117
0.839041095890411
0.8877766069546892
0.8045310853530031
0.8274499473129611
0.84536354056902
0.9257112750263435
0.7747629083245522
0.9259747102212855
0.898840885142255
0.9544257112750263
0.9204425711275026
0.6530558482613277
0.7542149631190727
0.8977871443624869
0.880927291886196
0.8126975763962065
0.8342992623814541
0.8706533192834562
0.928609062170706
0.8400948366701791
0.8854056902002108
0.9333508956796628
0.928872497365648
0.8240252897787145
0.815595363540569
0.8477344573234984
0.9083245521601686
0.8184931506849316
0.8888303477344573
0.7041622760800843
0.9164910432033719
0.8350895679662803
0.8503688092729189
0.9707586933614331
0.934141201264489
0.9623287671232876
0.8011064278187566
0.958904109589041
0.7805584826132771
0.7410432033719705
0.821390937829294
0.8793466807165438
0.9054267650158061
0.9122760800842993
0.7892518440463646
0.7528977871443625
0.9191253951527925
0.851159114857745
0.8593256059009484
0.9201791359325606
0.8914646996838778
0.8967334035827187
0.8535300316122234
0.922813487881981
0.12592202318229714
0.8714436248682824
0.9214963119072708
0.916754478398314
0.7492096944151738
0.7399894625922023
0.8985774499473129
0.928082191780822
0.8669652265542677
0.619072708113804
0.9062170706006323
0.8353530031612223
0.9441517386722866
0.7705479452054794
0.8969968387776607
0.8437829293993677
0.84536354056902
0.8076923076923077
0.7010010537407798
0.8648577449947313
0.875131717597471
0.8685458377239199
0.9473129610115911
0.8864594309799789
0.7787144362486829
0.7755532139093783
0.9633825079030558
0.8306111696522656
0.8300842992623815
0.8200737618545838
0.8406217070600632
0.809536354056902
0.7231296101159115
0.910695468914647
0.8079557428872497
0.9006849315068494
0.9315068493150684
0.7592202318229716
0.910168598524763
0.7523709167544784
0.8883034773445733
0.8282402528977871
0.7252370916754478
0.8269230769230769
0.8369336143308747
0.9135932560590094
0.7118018967334035
0.9259747102212855
0.7781875658587988
0.8556375131717597
0.791095890410959
0.9307165437302424
0.8643308746048473
0.8124341412012644
0.5210748155953635
0.8553740779768177
0.8290305584826133
0.83377239199157
0.9125395152792413
0.8977871443624869
0.8003161222339304
0.8316649104320337
0.9525816649104321
0.8972602739726028
0.8993677555321391
0.8580084299262382
0.6865121180189674
0.8706533192834562
0.9625922023182297
0.9765542676501581
0.8793466807165438
0.9409905163329821
0.8108535300316122
0.84536354056902
0.6354056902002108
0.9085879873551106
0.9196522655426765
0.8300842992623815
0.8300842992623815
0.8242887249736565
0.9275553213909379
0.9212328767123288
0.8140147523709168
0.8161222339304531
0.7531612223393045
0.9243940990516333
0.8996311907270811
0.892781875658588
0.7821390937829295
0.7684404636459431
0.9662802950474183
0.7455216016859852
0.7471022128556375
0.9373024236037935
0.755795574288725
0.9486301369863014
0.9855110642781876
0.9251844046364595
0.8485247629083246
0.9299262381454162
0.7547418335089568
0.9062170706006323
0.9004214963119073
0.8124341412012644
0.8885669125395153
0.8245521601685986
0.9257112750263435
0.8827713382507903
0.8983140147523709
0.7789778714436248
0.9354583772391991
0.8922550052687039
0.9193888303477344
0.9128029504741834
0.804004214963119
0.9251844046364595
0.886986301369863
0.8527397260273972
0.9683877766069547
0.9889357218124342
0.8321917808219178
0.9383561643835616
0.8972602739726028
0.8724973656480506
0.8506322444678609
0.8580084299262382
0.7086406743940991
0.8503688092729189
0.981822971548999
0.9077976817702845
0.8840885142255005
0.9494204425711275
0.8906743940990516
0.8877766069546892
0.9185985247629084
0.5013171759747103
0.9083245521601686
0.7239199157007377
0.8693361433087461
0.8551106427818757
0.9567966280295047
0.8611696522655427
0.8969968387776607
0.928872497365648
0.9683877766069547
0.9159641728134879
0.910695468914647
0.9009483667017913
0.9430979978925185
0.815331928345627
0.8224446786090621
0.9236037934668072
0.9262381454162276
0.946786090621707
0.9033192834562698
0.8772391991570073
0.9741833508956796
0.9644362486828241
0.9236037934668072
0.7294520547945206
0.9104320337197049
0.9625922023182297
0.922813487881981
0.8883034773445733
0.8962065331928346
0.7802950474183351
0.9217597471022129
0.9315068493150684
0.9670706006322445
0.9373024236037935
0.9607481559536354
0.8303477344573235
0.6699157007376185
0.8888303477344573
0.8909378292939937
0.9012118018967334
0.8503688092729189
0.7829293993677555
0.8651211801896733
0.8919915700737618
0.9149104320337197
0.8922550052687039
0.9694415173867229
0.8780295047418335
0.8890937829293993
0.8677555321390937
0.8503688092729189
0.946259220231823
0.839304531085353
0.8179662802950474
0.7610642781875658
0.8485247629083246
0.9373024236037935
0.7323498419388831
0.8377239199157007
0.6496311907270811
0.815595363540569
0.8445732349841939
0.9728661749209695
0.8806638566912539
0.9038461538461539
0.7932033719704953
0.9265015806111696
0.9502107481559536
0.8909378292939937
0.8609062170706007
0.7950474183350895
0.8969968387776607
0.9207060063224447
0.9027924130663857
0.8896206533192834
0.8495785036880927
0.9128029504741834
0.8601159114857745
0.869072708113804
0.7839831401475237
0.9014752370916754
0.7418335089567967
0.8163856691253951
0.8140147523709168
0.7576396206533192
0.9262381454162276
0.7855637513171759
0.8195468914646997
0.934404636459431
0.8374604847207587
0.7434141201264489
0.7486828240252897
0.8105900948366702
0.8890937829293993
0.9151738672286618
0.8477344573234984
0.8735511064278187
0.904899894625922
0.7644889357218124
0.6704425711275026
0.7626448893572181
0.9075342465753424
0.8946259220231823
0.9425711275026344
0.8767123287671232
0.9033192834562698
0.8303477344573235
0.8946259220231823
0.8169125395152792
0.9823498419388831
0.8034773445732349
0.839831401475237
0.8574815595363541
0.7989989462592202
0.3116438356164384
0.970231822971549
0.8919915700737618
0.7924130663856691
0.9317702845100105
0.7552687038988409
0.8909378292939937
0.7921496311907271
0.8034773445732349
0.7839831401475237
0.8171759747102213
0.8350895679662803
0.8427291886195996
0.8477344573234984
0.78609062170706
0.9267650158061117
0.8951527924130663
0.8777660695468915
0.8285036880927292
0.7816122233930453
0.9178082191780822
0.8909378292939937
0.9188619599578504
0.7668598524762908
0.8830347734457323
0.9307165437302424
0.7795047418335089
0.7334035827186512
0.9128029504741834
0.8087460484720759
0.8253424657534246
0.8843519494204426
0.9146469968387777
0.8703898840885143
0.9020021074815595
0.8777660695468915
0.8416754478398314
0.7418335089567967
0.9209694415173867
0.6991570073761855
0.9025289778714436
0.8263962065331928
0.8764488935721813
0.8735511064278187
0.8466807165437302
0.9001580611169653
0.9262381454162276
0.8379873551106428
0.8242887249736565
0.9027924130663857
0.8785563751317176
0.9259747102212855
0.9438883034773445
0.7610642781875658
0.9517913593256059
0.8026870389884089
0.7078503688092729
0.7881981032665965
0.9249209694415174
0.8395679662802951
0.9320337197049526
0.7091675447839831
0.832982086406744
0.8901475237091675
0.7584299262381454
0.8350895679662803
0.9378292939936775
0.9077976817702845
0.9478398314014752
0.8574815595363541
0.8458904109589042
0.7766069546891464
0.8148050579557429
0.9151738672286618
0.780031612223393
0.945995785036881
0.8345626975763962
0.952845100105374
0.34009483667017915
0.78609062170706
0.8983140147523709
0.8669652265542677
0.7658061116965227
0.9012118018967334
0.9151738672286618
0.8685458377239199
0.9093782929399368
0.8234984193888304
0.7518440463645943
0.8635405690200211
0.8585353003161222
0.7834562697576396
0.8382507903055848
0.9320337197049526
0.8883034773445733
0.8556375131717597
0.9091148577449948
0.8045310853530031
0.8472075869336143
0.821390937829294
0.9193888303477344
0.8653846153846154
0.6801896733403583
0.9844573234984194
0.8695995785036881
0.8182297154899895
0.934931506849315
0.9164910432033719
0.8440463645943098
0.9043730242360379
0.8719704952581665
0.9644362486828241
0.8793466807165438
0.7850368809272918
0.8856691253951527
0.8619599578503688
0.8890937829293993
0.9117492096944152
0.7768703898840885
0.946786090621707
0.892781875658588
0.9633825079030558
0.922813487881981
0.7710748155953635
0.96390937829294
0.8177028451001054
0.7997892518440464
0.8574815595363541
0.9444151738672286
0.9238672286617492
0.839304531085353
0.8324552160168599
0.8192834562697576
0.8838250790305585
0.9618018967334035
0.9433614330874605
0.9196522655426765
0.85695468914647
0.7523709167544784
0.988145416227608
0.8269230769230769
0.8724973656480506
0.7415700737618546
0.8279768177028451
0.8680189673340358
0.6588514225500527
0.9475763962065332
0.815331928345627
0.9428345626975764
0.9457323498419389
0.8980505795574288
0.8693361433087461
0.8996311907270811
0.684141201264489
0.827713382507903
0.9122760800842993
0.8419388830347735
0.65463645943098
0.8021601685985248
0.9064805057955743
0.95231822971549
0.8132244467860906
0.9259747102212855
0.9636459430979979
0.7874077976817703
0.9054267650158061
0.9599578503688093
0.8195468914646997
0.9351949420442571
0.001053740779768177
0.89304531085353
0.9030558482613277
0.8756585879873551
0.8577449947312961
0.8087460484720759
0.8798735511064278
0.9359852476290832
0.8163856691253951
0.8498419388830347
0.7415700737618546
0.9531085353003161
0.8682824025289779
0.7579030558482613
0.8819810326659642
0.8667017913593256
0.8084826132771338
0.9088514225500527
0.8008429926238145
0.9620653319283456
0.910695468914647
0.8959430979978925
0.8843519494204426
0.8195468914646997
0.9017386722866175
0.910958904109589
0.7405163329820864
0.8308746048472075
0.9296628029504742
0.7233930453108536
0.8735511064278187
0.8406217070600632
0.8469441517386723
0.7845100105374078
0.8846153846153846
0.6873024236037935
0.7961011591148578
0.8487881981032666
0.9093782929399368
0.9027924130663857
0.8922550052687039
0.9565331928345627
0.8208640674394099
0.7036354056902002
0.8888303477344573
0.827713382507903
0.9517913593256059
0.8890937829293993
0.9191253951527925
0.9715489989462592
0.6915173867228662
0.9135932560590094
0.7384088514225501
0.8998946259220232
0.9293993677555321
0.8137513171759747
0.7120653319283456
0.8709167544783983
0.8422023182297155
0.9183350895679663
0.7795047418335089
0.9807692307692307
0.886722866174921
0.9062170706006323
0.922286617492097
