0.7388481084133258
0.6439864483342744
0.7298136645962733
0.642292490118577
0.6837944664031621
0.7312252964426877
0.7258610954263128
0.7831733483907397
0.8819875776397516
0.8139469226425748
0.7123094297007341
0.6634669678147939
0.7577639751552795
0.7128740824392998
0.8560135516657256
0.6880293619424054
0.7018633540372671
0.6380575945793338
0.6806888763410502
0.6383399209486166
0.6253529079616036
0.6832298136645962
0.7814793901750423
0.668266516092603
0.7676453980801807
0.8274985883681536
0.7425183512140033
0.6349520045172219
0.6482213438735178
0.4991530208921513
0.6428571428571429
0.7871259175607002
0.6349520045172219
0.6103896103896104
0.7905138339920948
0.5547713156408809
0.8407679277244494
0.7156973461321288
0.8049124788255223
0.8749294184076792
0.6871823828345568
0.8622247317899492
0.7075098814229249
0.6634669678147939
0.36900056465273856
0.678994918125353
0.704686617730096
0.6504799548277809
0.6544325239977414
0.5146809712027103
0.61914172783738
0.6905702992659515
0.6736307171089779
0.7552230378317335
0.7100508187464709
0.7535290796160361
0.720214568040655
0.7605872388481084
0.7608695652173914
0.653020892151327
0.6253529079616036
0.6973461321287409
0.7106154714850367
0.808300395256917
0.5926030491247882
0.758893280632411
0.7961603613777527
0.7552230378317335
0.7430830039525692
0.5711462450592886
0.6369282891022021
0.6507622811970638
0.7464709203839639
0.7811970638057595
0.7312252964426877
0.564652738565782
0.7334839073969509
0.6199887069452287
0.6411631846414455
0.8647656691134952
0.7171089779785432
0.7659514398644833
0.8802936194240542
0.7159796725014116
0.5499717673630717
0.6826651609260305
0.5194805194805194
0.8066064370412197
0.668548842461886
0.6640316205533597
0.7580463015245624
0.6854884246188594
0.6936758893280632
0.6691134952004517
0.9150197628458498
0.8258046301524562
0.7509881422924901
0.6177300959909655
0.7380011293054771
0.6679841897233202
0.6612083568605308
0.6809712027103332
0.8430265386787126
0.9201016374929418
0.7027103331451158
0.6956521739130435
0.7893845285149633
0.6462450592885376
0.8560135516657256
0.7185206098249577
0.7656691134952005
0.8153585544889893
0.6705251270468662
0.7775268210050819
0.7038396386222473
0.7368718238283456
0.5522303783173348
0.6569734613212874
0.6979107848673066
0.7210615471485037
0.6931112365894975
0.6143421795595708
0.7069452286843592
0.8097120271033315
0.6233766233766234
0.7179559570863918
0.906832298136646
0.6307171089779785
0.8441558441558441
0.7363071710897798
0.6970638057594579
0.7221908526256352
0.7250141163184641
0.676171654432524
0.8162055335968379
0.7315076228119707
0.6953698475437606
0.8958215697346132
0.6151891586674195
0.6614906832298136
0.6315640880858272
0.7188029361942405
0.8399209486166008
0.6219649915302089
0.7027103331451158
0.7574816487859967
0.6312817617165444
0.8306041784302653
0.5959909655561829
0.6547148503670243
0.6473743647656691
0.5948616600790514
0.730660643704122
0.6352343308865048
0.616318464144551
0.7292490118577075
0.730660643704122
0.7103331451157539
0.8616600790513834
0.6273291925465838
0.5307735742518351
0.8297571993224168
0.6722190852625636
0.9107848673066065
0.7749858836815359
0.7690570299265952
0.678994918125353
0.8040654997176736
0.8430265386787126
0.4613212874082439
0.6389045736871823
0.6490683229813664
0.7298136645962733
0.7298136645962733
0.6504799548277809
0.7549407114624506
0.7885375494071146
0.6996047430830039
0.935347261434218
0.8176171654432524
0.751270468661773
0.7555053642010163
0.6643139469226426
0.577922077922078
0.6245059288537549
0.652738565782044
0.655561829474873
0.7343308865047995
0.6767363071710898
0.5996612083568605
0.7334839073969509
0.6852060982495765
0.567193675889328
0.7295313382269905
0.6640316205533597
0.5948616600790514
0.6665725578769057
0.6414455110107284
0.7063805759457933
0.6228119706380576
0.6572557876905702
0.7843026538678712
0.8616600790513834
0.6225296442687747
0.7391304347826086
0.8958215697346132
0.65527950310559
0.8068887634105025
0.7795031055900621
0.8512140033879164
0.6798418972332015
0.7312252964426877
0.7241671372106154
0.6600790513833992
0.7134387351778656
0.6188594014680971
0.6654432523997741
0.7820440429136082
0.6832298136645962
0.715132693393563
0.5954263128176172
0.7501411631846414
0.8427442123094298
0.743647656691135
0.6019198193111237
0.6482213438735178
0.7944664031620553
0.6414455110107284
0.5804630152456239
0.7125917560700169
0.7955957086391869
0.6564088085827217
0.6516092603049125
0.6835121400338792
0.7196499153020892
0.7134387351778656
0.5367024280067758
0.6284584980237155
0.7360248447204969
0.5793337097684924
0.7100508187464709
0.5319028797289667
0.8080180688876341
0.6860530773574252
0.5697346132128741
0.6981931112365894
0.8111236589497459
0.6931112365894975
0.6866177300959909
0.6693958215697347
0.7058159232072275
0.7478825522303784
0.5581592320722756
0.8035008469791078
0.6487859966120836
0.525974025974026
0.6767363071710898
0.7162619988706945
0.7608695652173914
0.8534726143421796
0.805759457933371
0.6261998870694523
0.9178430265386787
0.549407114624506
0.790231507622812
0.7309429700734048
0.7405420666290231
0.8286278938452851
0.6544325239977414
0.6247882552230378
0.8879164313946922
0.6369282891022021
0.7396950875211745
0.7348955392433654
0.7763975155279503
0.7769621682665161
0.8193111236589498
0.678994918125353
0.7015810276679841
0.8416149068322981
0.769621682665161
0.8243929983060417
0.6278938452851497
0.6869000564652739
0.5527950310559007
0.5937323546019199
0.6578204404291361
0.6987577639751553
0.6939582156973462
0.6564088085827217
0.6081309994353472
0.6510446075663467
0.6290231507622812
0.6417278373800113
0.7315076228119707
0.9446640316205533
0.6391869000564653
0.8404856013551666
0.5909090909090909
0.7027103331451158
0.5206098249576511
0.7670807453416149
0.7004517221908526
0.5734048560135516
0.6857707509881423
0.61914172783738
0.6318464144551101
0.5957086391869001
0.7891022021456804
0.6411631846414455
0.8622247317899492
0.7862789384528515
0.777244494635799
0.8740824392998306
0.7845849802371542
0.8190287972896668
0.6956521739130435
0.7557876905702993
0.720214568040655
0.6524562394127611
0.6360813099943535
0.7919254658385093
0.650197628458498
0.6815358554488989
0.7060982495765105
0.6818181818181818
0.7131564088085828
0.7761151891586674
0.468944099378882
0.6171654432523997
0.5660643704121965
0.9031620553359684
0.6806888763410502
0.6885940146809713
0.5629587803500847
0.6341050254093732
0.6564088085827217
0.6276115189158668
0.6597967250141163
0.7972896668548842
0.5691699604743083
0.764257481648786
0.7416713721061547
0.5909090909090909
0.8639186900056465
0.7882552230378317
0.629305477131564
0.7207792207792207
0.6722190852625636
0.5844155844155844
0.8661773009599096
0.5612648221343873
0.753811405985319
0.717391304347826
0.769621682665161
0.5784867306606437
0.7857142857142857
0.8910220214568041
0.8286278938452851
0.7583286278938453
0.8997741389045737
0.7721626199887069
0.6716544325239977
0.6730660643704122
0.8387916431394692
0.6821005081874647
0.5152456239412762
0.8128176171654432
0.6629023150762281
0.5942970073404856
0.6764539808018069
0.7447769621682665
0.6894409937888198
0.7766798418972332
0.7230378317334839
0.6341050254093732
0.5556182947487295
0.7396950875211745
0.6064370412196499
0.7190852625635235
0.6713721061547149
0.7834556747600225
0.8557312252964426
0.7769621682665161
0.6976284584980237
0.7024280067758328
0.6391869000564653
0.5714285714285714
0.6705251270468662
0.7213438735177866
0.8712591756070017
0.6750423489553924
0.8012422360248447
0.6101072840203275
0.7614342179559571
0.7261434217955957
0.7041219649915302
0.7803500846979108
0.8757763975155279
0.6154714850367025
0.6925465838509317
0.8003952569169961
0.8839638622247318
0.6671372106154715
0.7188029361942405
0.7368718238283456
0.6106719367588933
0.7896668548842461
0.717673630717109
0.8633540372670807
0.6089779785431959
0.7241671372106154
0.8961038961038961
0.8119706380575946
0.896386222473179
0.632128740824393
0.7165443252399775
0.7092038396386222
0.7394127611518916
0.9271597967250141
0.7727272727272727
0.9443817052512705
0.6677018633540373
0.7684923771880293
0.7557876905702993
0.7188029361942405
0.6245059288537549
0.5920383963862225
0.6981931112365894
0.5629587803500847
0.6197063805759458
0.7337662337662337
0.8136645962732919
0.7337662337662337
0.6818181818181818
0.6420101637492942
0.41417278373800115
0.3091473743647657
0.7168266516092603
0.7117447769621683
0.6645962732919255
0.5186335403726708
0.9020327498588369
0.7987012987012987
0.7747035573122529
0.7024280067758328
0.6253529079616036
0.7179559570863918
0.7199322416713722
0.6744776962168266
0.8825522303783173
0.7907961603613778
0.9203839638622248
0.6129305477131564
0.6403162055335968
0.6253529079616036
0.5598531902879729
0.7747035573122529
0.6829474872953134
0.7010163749294184
0.7699040090344438
0.7250141163184641
0.8695652173913043
0.6363636363636364
0.5948616600790514
0.6866177300959909
0.5798983625070582
0.6078486730660644
0.632128740824393
0.6911349520045172
0.6513269339356296
0.6038961038961039
0.885940146809712
0.7055335968379447
0.6606437041219649
0.6547148503670243
0.7456239412761152
0.6041784302653868
0.8546019198193111
0.5827216261998871
0.6933935629587803
0.7783738001129306
0.6329757199322417
0.7586109542631282
0.5601355166572558
0.6758893280632411
0.8294748729531338
0.7811970638057595
0.7871259175607002
0.7775268210050819
0.6561264822134387
0.6758893280632411
0.7086391869000565
0.7865612648221344
0.7289666854884246
0.7377188029361943
0.6784302653867871
0.6914172783738001
0.6103896103896104
0.7730095990965556
0.5917560700169395
0.7504234895539243
0.704686617730096
0.6089779785431959
0.7817617165443252
0.5573122529644269
0.6614906832298136
0.7269904009034444
0.6564088085827217
0.6233766233766234
0.7984189723320159
0.650197628458498
0.6795595708639187
0.6933935629587803
0.6984754376058724
0.5869565217391305
0.5711462450592886
0.7651044607566346
0.6753246753246753
0.6304347826086957
0.5705815923207228
0.743365330321852
0.8390739695087521
0.896386222473179
0.5756634669678148
0.640033879164314
0.6970638057594579
0.5626764539808018
0.8356860530773574
0.6005081874647092
0.7611518915866742
0.7936194240542067
0.7018633540372671
0.6908526256352343
0.5920383963862225
0.7495765104460757
0.834274421230943
0.8263692828910221
0.7365894974590627
0.6561264822134387
0.730378317334839
0.7080745341614907
0.7385657820440429
0.6674195369847544
0.6606437041219649
0.8184641445511011
0.7504234895539243
0.8421795595708639
0.746188594014681
0.7653867871259176
0.6629023150762281
0.7747035573122529
0.7255787690570299
0.8063241106719368
0.5818746470920384
0.5217391304347826
0.6674195369847544
0.8435911914172783
0.7430830039525692
0.6058723884810842
0.7504234895539243
0.6677018633540373
0.7159796725014116
0.6804065499717674
0.6775832862789385
0.6648785996612083
0.7413890457368718
0.805759457933371
0.6022021456804065
0.7523997741389046
0.7241671372106154
0.577639751552795
0.7481648785996612
0.7876905702992659
0.7837380011293055
0.8063241106719368
0.8294748729531338
0.7586109542631282
0.8040654997176736
0.6804065499717674
0.6733483907396951
0.6428571428571429
0.6959345002823264
0.6016374929418408
0.8035008469791078
0.7670807453416149
0.6770186335403726
0.663184641445511
0.6727837380011293
0.5719932241671372
0.9102202145680407
0.8190287972896668
0.6456804065499717
0.5663466967814794
0.7216261998870694
0.7560700169395822
0.7905138339920948
0.6298701298701299
0.7967250141163185
0.5988142292490118
0.5451722190852626
0.7950310559006211
0.6976284584980237
0.7399774138904573
0.7941840767927725
0.7783738001129306
0.7780914737436476
0.7984189723320159
0.7213438735177866
0.7574816487859967
0.7473178994918125
0.6815358554488989
0.7267080745341615
0.743647656691135
0.784867306606437
0.7159796725014116
0.6592320722755506
0.8495200451722191
0.8099943534726144
0.5846979107848673
0.7891022021456804
0.6674195369847544
0.6990400903444381
0.6118012422360248
0.5965556182947487
0.5135516657255788
0.37775268210050816
0.64257481648786
0.8842461885940147
0.606154714850367
0.6933935629587803
0.7396950875211745
0.7377188029361943
0.7699040090344438
0.7382834556747601
0.5965556182947487
0.6888763410502541
0.9088085827216262
0.7456239412761152
0.7809147374364765
0.6586674195369847
0.7204968944099379
0.5381140598531903
0.7012987012987013
0.6798418972332015
0.6558441558441559
0.6487859966120836
0.6394692264257482
0.7108977978543196
0.7012987012987013
0.7029926595143986
0.6693958215697347
0.7405420666290231
0.6623376623376623
0.6335403726708074
0.5863918690005646
0.6216826651609261
0.7007340485601355
0.7066629023150762
0.6595143986448334
0.8466967814793902
0.6922642574816488
0.6801242236024845
0.7131564088085828
0.7679277244494636
0.6182947487295314
0.7947487295313382
0.6264822134387352
0.7182382834556748
0.6733483907396951
0.6586674195369847
0.6129305477131564
0.5570299265951439
0.8066064370412197
0.704686617730096
0.7501411631846414
0.8201581027667985
0.6900056465273856
0.7701863354037267
0.8743647656691135
0.7123094297007341
0.707227555053642
0.7162619988706945
0.5135516657255788
0.6795595708639187
0.6318464144551101
0.5502540937323546
0.6064370412196499
0.5604178430265386
0.8495200451722191
0.7845849802371542
0.753811405985319
0.6470920383963862
0.6880293619424054
0.6931112365894975
0.7752682100508187
0.7659514398644833
0.7521174477696216
0.5660643704121965
0.6962168266516092
0.7913608130999435
0.6462450592885376
0.4601919819311124
0.7603049124788255
0.6053077357425184
0.5821569734613213
0.8613777526821005
0.7275550536420101
0.7103331451157539
0.6637492941840768
0.6998870694522868
0.7382834556747601
0.6996047430830039
0.61914172783738
0.5638057594579333
0.6645962732919255
0.8156408808582721
0.7690570299265952
0.7868435911914172
0.6496329757199323
0.8503670242800677
0.6736307171089779
0.7679277244494636
0.8136645962732919
0.6569734613212874
0.6160361377752682
0.5694522868435912
0.7459062676453981
0.7975719932241672
0.6098249576510446
0.7001693958215698
0.7077922077922078
0.7038396386222473
0.6324110671936759
0.5818746470920384
0.7044042913608131
0.6719367588932806
0.6725014116318464
0.9088085827216262
0.6504799548277809
0.8560135516657256
0.676171654432524
0.8054771315640881
0.6465273856578204
0.5590062111801242
0.7029926595143986
0.7117447769621683
0.7213438735177866
0.6053077357425184
0.8421795595708639
0.7470355731225297
0.6005081874647092
0.8074534161490683
0.590626764539808
0.8156408808582721
0.8229813664596274
0.6405985319028797
0.7992659514398645
0.6953698475437606
0.8119706380575946
0.722755505364201
0.7168266516092603
0.6835121400338792
0.6157538114059853
0.6741953698475438
0.7715979672501412
0.6516092603049125
0.580180688876341
0.7272727272727273
0.5700169395821569
0.8565782044042913
0.7526821005081875
0.8224167137210615
0.5485601355166573
0.7456239412761152
0.5872388481084133
0.7343308865047995
0.7236024844720497
0.6959345002823264
0.640033879164314
0.7603049124788255
0.758893280632411
0.663184641445511
0.7507058159232072
0.6188594014680971
0.5042348955392434
0.7905138339920948
0.7715979672501412
0.6987577639751553
0.7123094297007341
0.7298136645962733
0.6964991530208922
0.84472049689441
0.6885940146809713
0.531055900621118
0.67871259175607
0.7250141163184641
0.577639751552795
0.7117447769621683
0.6357989836250706
0.709768492377188
0.629587803500847
0.8164878599661208
0.756352343308865
0.7278373800112931
0.6482213438735178
0.5846979107848673
0.6439864483342744
0.7117447769621683
0.743365330321852
0.7114624505928854
0.7778091473743648
0.8071710897797855
0.7018633540372671
0.7114624505928854
0.6420101637492942
0.6476566911349521
0.7583286278938453
0.7495765104460757
0.6643139469226426
0.6304347826086957
0.694240542066629
0.8235460191981931
0.7402597402597403
0.7015810276679841
0.6569734613212874
0.792772444946358
0.5770750988142292
0.7154150197628458
0.7605872388481084
0.8043478260869565
0.5654997176736307
0.9432523997741389
0.8297571993224168
0.8003952569169961
0.7972896668548842
0.6996047430830039
0.7546583850931677
0.6976284584980237
0.7984189723320159
0.7117447769621683
0.6863354037267081
0.7086391869000565
0.7859966120835686
0.2950310559006211
0.7464709203839639
0.6869000564652739
0.7010163749294184
0.7128740824392998
0.6518915866741953
0.7128740824392998
0.7950310559006211
0.6710897797854319
0.5804630152456239
0.6098249576510446
0.6182947487295314
0.7905138339920948
0.6386222473178995
0.7224731789949181
0.6185770750988142
0.79785431959345
0.67871259175607
0.6245059288537549
0.6256352343308865
0.6078486730660644
0.6084133258046301
0.7236024844720497
0.7831733483907397
0.6318464144551101
0.5573122529644269
0.7868435911914172
0.6549971767363072
0.7478825522303784
0.7179559570863918
0.7854319593450029
0.7549407114624506
0.6496329757199323
0.8018068887634106
0.6538678712591756
0.7196499153020892
0.6693958215697347
0.8300395256916996
0.7247317899491813
0.7419536984754376
0.665725578769057
0.6583850931677019
0.8785996612083569
0.6448334274421231
0.6287408243929983
0.6154714850367025
0.6578204404291361
0.8178994918125353
0.6863354037267081
0.7490118577075099
0.7605872388481084
0.792772444946358
0.8037831733483908
0.6722190852625636
0.733201581027668
0.7478825522303784
0.6434217955957087
0.6318464144551101
0.7365894974590627
0.7185206098249577
0.6979107848673066
0.4923771880293619
0.668266516092603
0.8068887634105025
0.8012422360248447
0.5567476002258611
0.7964426877470355
0.764257481648786
0.7879728966685489
0.7069452286843592
0.6315640880858272
0.8204404291360813
0.7058159232072275
0.6931112365894975
0.8049124788255223
0.7786561264822134
0.6485036702428006
0.5714285714285714
0.6499153020892151
0.7831733483907397
0.6007905138339921
0.8512140033879164
0.7131564088085828
0.8698475437605873
0.7673630717108978
0.7478825522303784
0.7001693958215698
0.7876905702992659
0.7123094297007341
0.694240542066629
0.6448334274421231
0.7840203274985884
0.6821005081874647
0.7535290796160361
0.6626199887069453
0.7267080745341615
0.6956521739130435
0.7837380011293055
0.8365330321852061
0.6417278373800113
0.8306041784302653
0.8283455674760023
0.730378317334839
0.5090344438170525
0.6510446075663467
0.7600225861095427
0.7343308865047995
0.6349520045172219
0.6928289102202145
0.7334839073969509
0.590626764539808
0.7628458498023716
0.4816487859966121
0.6634669678147939
0.7185206098249577
0.5290796160361377
0.6922642574816488
0.6566911349520045
0.6840767927724449
0.6614906832298136
0.6589497459062676
0.8328627893845285
0.7145680406549971
0.34105025409373235
0.6885940146809713
0.5513833992094862
0.6614906832298136
0.7792207792207793
0.6852060982495765
0.746188594014681
0.7893845285149633
0.7625635234330886
0.2326369282891022
0.7422360248447205
0.6564088085827217
0.7507058159232072
0.7255787690570299
0.5813099943534726
0.6629023150762281
0.8274985883681536
0.7597402597402597
0.7182382834556748
0.7272727272727273
0.6843591191417279
0.5632411067193676
0.722755505364201
0.8088650479954828
0.5832862789384529
0.7413890457368718
0.6629023150762281
0.5920383963862225
0.65527950310559
0.8035008469791078
0.6897233201581028
0.6459627329192547
0.790231507622812
0.7058159232072275
0.7481648785996612
0.7168266516092603
0.7148503670242801
0.7244494635798984
0.779785431959345
0.7010163749294184
0.7354601919819311
0.7103331451157539
0.572557876905703
0.8280632411067194
0.7783738001129306
0.6981931112365894
0.6157538114059853
0.7428006775832863
0.6852060982495765
0.5242800677583286
0.7583286278938453
0.6809712027103332
0.7670807453416149
0.8337097684923772
0.7029926595143986
0.6482213438735178
0.7001693958215698
0.6668548842461886
0.7676453980801807
0.7831733483907397
0.6564088085827217
0.6496329757199323
0.7783738001129306
0.8385093167701864
0.8198757763975155
0.8673066064370413
0.8410502540937324
0.8661773009599096
0.6919819311123659
0.7329192546583851
0.46386222473178995
0.7871259175607002
0.8032185206098249
0.7108977978543196
0.5962732919254659
0.6936758893280632
0.6019198193111237
0.7899491812535291
0.7631281761716544
0.6998870694522868
0.6894409937888198
0.7987012987012987
0.650197628458498
0.6880293619424054
0.8051948051948052
0.5846979107848673
0.7224731789949181
0.6205533596837944
0.7492941840767928
0.6569734613212874
0.6055900621118012
0.5756634669678148
0.66600790513834
0.6067193675889329
0.6871823828345568
0.730660643704122
0.7854319593450029
0.6171654432523997
0.626764539808018
0.6973461321287409
0.8001129305477132
0.6264822134387352
0.6456804065499717
0.6976284584980237
0.771880293619424
0.6857707509881423
0.6276115189158668
0.24421230942970074
0.7758328627893846
0.7605872388481084
0.7769621682665161
0.5688876341050254
0.6747600225861096
0.5045172219085262
0.8785996612083569
0.6301524562394127
0.577639751552795
0.6806888763410502
0.7653867871259176
0.821005081874647
0.7258610954263128
0.5626764539808018
0.831733483907397
0.7275550536420101
0.7857142857142857
0.6081309994353472
0.6250705815923208
0.7083568605307736
0.6298701298701299
0.7622811970638057
0.4723320158102767
0.7605872388481084
0.5951439864483343
0.7676453980801807
0.8399209486166008
0.7713156408808582
0.637210615471485
0.5875211744776963
0.7639751552795031
0.7360248447204969
0.746188594014681
0.5897797854319593
0.7075098814229249
0.9138904573687182
0.6064370412196499
0.6228119706380576
0.7571993224167137
0.575098814229249
0.8040654997176736
0.5940146809712027
0.7292490118577075
0.6964991530208922
0.7337662337662337
0.6964991530208922
0.7264257481648786
0.32156973461321287
0.769621682665161
0.7467532467532467
0.7312252964426877
0.7171089779785432
0.7354601919819311
0.79785431959345
0.844438170525127
0.6561264822134387
0.764257481648786
0.6086956521739131
0.733201581027668
0.6284584980237155
0.6067193675889329
0.6648785996612083
0.7399774138904573
0.7817617165443252
0.7049689440993789
0.7137210615471485
0.5496894409937888
0.7617165443252399
0.6863354037267081
0.6044607566346697
0.7137210615471485
0.6544325239977414
0.7622811970638057
0.6620553359683794
0.7549407114624506
0.7267080745341615
0.6888763410502541
0.6900056465273856
0.7413890457368718
0.6849237718802936
0.6287408243929983
0.6996047430830039
0.6482213438735178
0.6722190852625636
0.668548842461886
0.7137210615471485
0.6744776962168266
0.5903444381705252
0.7348955392433654
0.7236024844720497
0.5686053077357425
0.7862789384528515
0.7284020327498588
0.728119706380576
0.7312252964426877
0.8650479954827781
0.4632975719932242
0.7543760587238848
0.8294748729531338
0.8458498023715415
0.8337097684923772
0.7145680406549971
0.7586109542631282
0.7134387351778656
0.6648785996612083
0.67871259175607
0.663184641445511
0.7741389045736872
0.5584415584415584
0.8345567476002259
0.6708074534161491
0.7323546019198193
0.7267080745341615
0.7557876905702993
0.8283455674760023
0.7876905702992659
0.6355166572557877
0.7871259175607002
0.6216826651609261
0.5468661773009599
0.694240542066629
0.6216826651609261
0.7998306041784302
0.7543760587238848
0.6671372106154715
0.7495765104460757
0.6730660643704122
0.7617165443252399
0.6798418972332015
0.730660643704122
0.7701863354037267
0.5892151326933935
0.766798418972332
0.8348390739695087
0.7402597402597403
0.6770186335403726
0.7416713721061547
0.8427442123094298
0.5316205533596838
0.8035008469791078
0.6710897797854319
0.5350084697910785
0.771880293619424
0.7724449463579899
0.6809712027103332
0.7859966120835686
0.6939582156973462
0.6973461321287409
0.6795595708639187
0.6219649915302089
0.9150197628458498
0.6614906832298136
0.7123094297007341
0.7295313382269905
0.6832298136645962
0.7086391869000565
0.7888198757763976
0.6456804065499717
0.730660643704122
0.7100508187464709
0.5745341614906833
0.7083568605307736
0.6230942970073405
0.709768492377188
0.7425183512140033
0.67871259175607
0.7140033879164314
0.709768492377188
0.8582721626199887
0.6964991530208922
0.5968379446640316
0.717673630717109
0.6007905138339921
0.8263692828910221
0.7843026538678712
0.5429136081309994
0.7786561264822134
0.577922077922078
0.8291925465838509
0.7608695652173914
0.8204404291360813
0.8289102202145681
0.7896668548842461
0.8466967814793902
0.7377188029361943
0.5787690570299266
0.6725014116318464
0.8032185206098249
0.6592320722755506
0.6394692264257482
0.6620553359683794
0.9040090344438171
0.6739130434782609
0.6216826651609261
0.5601355166572558
0.6883116883116883
0.627046866177301
0.6708074534161491
0.7707509881422925
0.6394692264257482
0.8331451157538114
0.769339356295878
0.6253529079616036
0.689158667419537
0.6524562394127611
0.676171654432524
0.8565782044042913
0.7182382834556748
0.7326369282891022
0.7275550536420101
0.5782044042913608
0.6919819311123659
0.6092603049124788
0.598531902879729
0.49604743083003955
0.7055335968379447
0.818746470920384
0.6964991530208922
0.4932241671372106
0.7024280067758328
0.5014116318464145
0.6521739130434783
0.665725578769057
0.6233766233766234
0.8520609824957651
0.663184641445511
0.8379446640316206
0.6693958215697347
0.652738565782044
0.6956521739130435
0.7185206098249577
0.6109542631281761
0.8145115753811406
0.5954263128176172
0.7803500846979108
0.7622811970638057
0.6564088085827217
0.7428006775832863
0.7628458498023716
0.7346132128740824
0.6561264822134387
0.6338226990400904
0.8178994918125353
0.8932806324110671
0.6925465838509317
0.792772444946358
0.7752682100508187
0.7041219649915302
0.6747600225861096
0.756352343308865
0.7125917560700169
0.8961038961038961
0.5911914172783738
0.8466967814793902
0.8921513269339356
0.9020327498588369
0.6391869000564653
0.6247882552230378
0.6205533596837944
0.689158667419537
0.6341050254093732
0.6211180124223602
0.4113495200451722
0.8433088650479955
0.7044042913608131
0.8325804630152456
0.6877470355731226
0.668266516092603
0.8382269904009034
0.5081874647092038
0.792772444946358
0.771880293619424
0.6962168266516092
0.7893845285149633
0.6558441558441559
0.6411631846414455
0.6640316205533597
0.5434782608695652
0.870412196499153
0.7309429700734048
0.79785431959345
0.6665725578769057
0.5844155844155844
0.6609260304912479
0.5533596837944664
0.7159796725014116
0.8243929983060417
0.6792772444946358
0.8241106719367589
0.6211180124223602
0.5330321852060983
0.733201581027668
0.6304347826086957
0.6826651609260305
0.6928289102202145
0.6273291925465838
0.7532467532467533
0.7348955392433654
0.6137775268210051
0.8661773009599096
0.640033879164314
0.6276115189158668
0.6634669678147939
0.7035573122529645
0.6832298136645962
0.7049689440993789
0.6086956521739131
0.6727837380011293
0.7509881422924901
0.7044042913608131
0.8385093167701864
0.6171654432523997
0.5561829474872954
0.7721626199887069
0.7402597402597403
0.7467532467532467
0.7879728966685489
0.7851496329757199
0.455957086391869
0.7481648785996612
0.5957086391869001
0.6332580463015246
0.7447769621682665
0.8526256352343309
0.6933935629587803
0.5979672501411631
0.6702428006775832
0.6837944664031621
0.7521174477696216
0.6691134952004517
0.9042913608130999
0.7111801242236024
0.7744212309429701
0.792772444946358
0.7298136645962733
0.7552230378317335
0.6885940146809713
0.6747600225861096
0.7631281761716544
0.6233766233766234
0.818746470920384
0.746188594014681
0.8427442123094298
0.8907396950875212
0.8035008469791078
0.6278938452851497
0.8881987577639752
0.650197628458498
0.7027103331451158
0.7989836250705816
0.7442123094297007
0.7857142857142857
0.6112365894974591
0.7405420666290231
0.7117447769621683
0.7871259175607002
0.6925465838509317
0.7207792207792207
0.6888763410502541
0.7236024844720497
0.8150762281197064
0.7874082439299831
0.735742518351214
0.8537549407114624
0.7224731789949181
0.6214003387916431
0.616318464144551
0.6199887069452287
0.6324110671936759
0.4720496894409938
0.7193675889328063
0.9121964991530209
0.6050254093732355
0.6821005081874647
0.6885940146809713
0.7060982495765105
0.7504234895539243
0.7326369282891022
0.854884246188594
0.6439864483342744
0.5742518351214003
0.8461321287408244
0.6792772444946358
0.6792772444946358
0.629587803500847
0.8529079616036138
0.8876341050254094
0.6905702992659515
0.5878035008469791
0.6693958215697347
0.717673630717109
0.8365330321852061
0.6496329757199323
0.7673630717108978
0.7018633540372671
0.8032185206098249
0.7639751552795031
0.8486730660643704
0.5635234330886505
0.5731225296442688
0.305759457933371
0.6199887069452287
0.6485036702428006
0.7044042913608131
0.7103331451157539
0.704686617730096
0.6589497459062676
0.5378317334839074
0.67871259175607
0.7662337662337663
0.7439299830604178
0.665725578769057
0.6493506493506493
0.8644833427442123
0.7682100508187465
0.6171654432523997
0.7272727272727273
0.5807453416149069
0.8178994918125353
0.7131564088085828
0.6750423489553924
0.8740824392998306
0.6849237718802936
0.7727272727272727
0.7614342179559571
0.8481084133258047
0.6524562394127611
0.7337662337662337
0.6058723884810842
0.6290231507622812
0.7148503670242801
0.6679841897233202
0.7012987012987013
0.8249576510446076
0.6902879728966685
0.8910220214568041
0.8331451157538114
0.7509881422924901
0.7834556747600225
0.8949745906267645
0.7941840767927725
0.7789384528514963
0.7874082439299831
0.6645962732919255
0.6287408243929983
0.6575381140598532
0.8630717108977979
0.7038396386222473
0.7252964426877471
0.6857707509881423
0.6301524562394127
0.5962732919254659
0.7806324110671937
0.6318464144551101
0.7018633540372671
0.6716544325239977
0.8198757763975155
0.6038961038961039
0.7481648785996612
0.8562958780350085
0.7761151891586674
0.7495765104460757
0.8644833427442123
0.7843026538678712
0.6132128740824393
0.6840767927724449
0.8862224731789949
0.6959345002823264
0.7910784867306606
0.7893845285149633
0.8306041784302653
0.6626199887069453
0.6849237718802936
0.6355166572557877
0.8077357425183512
0.7252964426877471
0.8178994918125353
0.7300959909655562
0.66600790513834
0.7673630717108978
0.6939582156973462
0.7334839073969509
0.7363071710897798
0.6860530773574252
0.7416713721061547
0.7758328627893846
0.8952569169960475
0.7368718238283456
0.7603049124788255
0.7354601919819311
0.7075098814229249
0.743365330321852
0.810841332580463
0.6860530773574252
0.6287408243929983
0.7495765104460757
0.55957086391869
0.7583286278938453
0.7100508187464709
0.6778656126482213
0.9361942405420667
0.810841332580463
0.6290231507622812
0.5530773574251835
0.6880293619424054
0.572557876905703
0.6434217955957087
0.6343873517786561
0.717673630717109
0.6702428006775832
0.6871823828345568
0.7515527950310559
0.8099943534726144
0.7117447769621683
0.6369282891022021
0.7300959909655562
0.6699604743083004
0.8068887634105025
0.6479390175042349
0.8306041784302653
0.6510446075663467
0.5169395821569734
0.7241671372106154
0.6569734613212874
0.8743647656691135
0.6324110671936759
0.7851496329757199
0.6784302653867871
0.7199322416713722
0.7789384528514963
0.7975719932241672
0.5547713156408809
0.7645398080180689
0.8783173348390739
0.6513269339356296
0.7106154714850367
0.655561829474873
0.66600790513834
0.7947487295313382
0.5753811405985318
0.7730095990965556
0.7354601919819311
0.717391304347826
0.7137210615471485
0.590626764539808
0.8133822699040091
0.6809712027103332
0.6795595708639187
0.691699604743083
0.6408808582721626
0.6278938452851497
0.7238848108413326
0.7913608130999435
0.6775832862789385
0.6973461321287409
0.6976284584980237
0.6815358554488989
0.7659514398644833
0.5996612083568605
0.7557876905702993
0.8035008469791078
0.7080745341614907
0.6612083568605308
0.7509881422924901
0.7010163749294184
0.6070016939582157
0.7190852625635235
0.9336533032185206
0.7555053642010163
0.5962732919254659
0.7004517221908526
0.6287408243929983
0.8893280632411067
0.6470920383963862
0.704686617730096
0.8099943534726144
0.8269339356295878
0.7628458498023716
0.6589497459062676
0.7171089779785432
0.7444946357989837
0.831451157538114
0.7207792207792207
0.7843026538678712
0.7690570299265952
0.7583286278938453
0.8811405985319029
0.7052512704686618
0.6487859966120836
0.6168831168831169
0.6149068322981367
0.7439299830604178
0.7532467532467533
0.7619988706945229
0.7605872388481084
0.7029926595143986
0.5592885375494071
0.6496329757199323
0.5770750988142292
0.6931112365894975
0.5782044042913608
0.7312252964426877
0.6846414455110107
0.6456804065499717
0.5505364201016375
0.5742518351214003
0.7744212309429701
0.7961603613777527
0.5959909655561829
0.6905702992659515
0.7140033879164314
0.6773009599096556
0.6019198193111237
0.6931112365894975
0.7656691134952005
0.7190852625635235
0.668266516092603
0.6911349520045172
0.6521739130434783
0.6341050254093732
0.6643139469226426
0.7015810276679841
0.735742518351214
0.7484472049689441
0.6993224167137211
0.7168266516092603
0.5197628458498024
0.8509316770186336
0.7425183512140033
0.6533032185206098
0.6654432523997741
0.7394127611518916
0.7080745341614907
0.5454545454545454
0.7995482778091474
0.5700169395821569
0.7950310559006211
0.8071710897797855
0.6993224167137211
0.7286843591191418
0.6180124223602484
0.836815358554489
0.6558441558441559
0.6482213438735178
0.6854884246188594
0.7526821005081875
0.6185770750988142
0.6860530773574252
0.7526821005081875
0.6171654432523997
0.8145115753811406
0.6962168266516092
0.7939017504234895
0.7120271033314511
0.6837944664031621
0.65527950310559
0.717391304347826
0.8610954263128177
0.7546583850931677
0.8633540372670807
0.7125917560700169
0.5894974590626765
0.7964426877470355
0.5917560700169395
0.9130434782608695
0.7676453980801807
0.6589497459062676
0.6180124223602484
0.668266516092603
0.7529644268774703
0.7651044607566346
0.6586674195369847
0.743365330321852
0.7594579333709769
0.5926030491247882
0.7159796725014116
0.7936194240542067
0.6332580463015246
0.689158667419537
0.6329757199322417
0.6973461321287409
0.5875211744776963
0.5937323546019199
0.7060982495765105
0.7080745341614907
0.6058723884810842
0.8080180688876341
0.7614342179559571
0.7439299830604178
0.577922077922078
0.5926030491247882
0.6261998870694523
0.7092038396386222
0.7419536984754376
0.6566911349520045
0.6634669678147939
0.6544325239977414
0.7312252964426877
0.8204404291360813
0.5708639186900056
0.6120835686053078
0.6795595708639187
0.6815358554488989
0.8280632411067194
0.6143421795595708
0.6273291925465838
0.8080180688876341
0.8385093167701864
0.751270468661773
0.6112365894974591
0.6355166572557877
0.6722190852625636
0.6939582156973462
0.6343873517786561
0.717673630717109
0.5189158667419537
0.7761151891586674
0.6197063805759458
0.7140033879164314
0.7247317899491813
0.7044042913608131
0.6335403726708074
0.7348955392433654
0.7193675889328063
0.6773009599096556
0.5098814229249012
0.722755505364201
0.7207792207792207
0.7744212309429701
0.6499153020892151
0.7148503670242801
0.7656691134952005
0.6391869000564653
0.6854884246188594
0.756634669678148
0.7854319593450029
0.9028797289666854
0.6914172783738001
0.6710897797854319
0.7024280067758328
0.7224731789949181
0.7004517221908526
0.7631281761716544
0.8489553924336533
0.6956521739130435
0.6922642574816488
0.7817617165443252
0.6739130434782609
0.8495200451722191
0.6962168266516092
0.795313382269904
0.7529644268774703
0.6058723884810842
0.6473743647656691
0.7278373800112931
0.6120835686053078
0.7704686617730095
0.7295313382269905
0.7583286278938453
0.8226990400903444
0.6024844720496895
0.6047430830039525
0.8402032749858837
0.7241671372106154
0.6823828345567476
0.6439864483342744
0.7123094297007341
0.689158667419537
0.8136645962732919
0.7628458498023716
0.7795031055900621
0.6360813099943535
0.5900621118012422
0.8091473743647657
0.5005646527385658
0.8416149068322981
0.7120271033314511
0.6597967250141163
0.7930547713156408
0.6476566911349521
0.6823828345567476
0.7317899491812535
0.6352343308865048
0.7380011293054771
0.6617730095990966
0.562394127611519
0.6716544325239977
0.6578204404291361
0.7140033879164314
0.6301524562394127
0.7857142857142857
0.8266516092603049
0.8015245623941276
0.7236024844720497
0.7442123094297007
0.6837944664031621
0.665725578769057
0.7165443252399775
0.7320722755505364
0.7156973461321288
0.7442123094297007
0.6727837380011293
0.7605872388481084
0.7989836250705816
0.7348955392433654
0.6829474872953134
0.7964426877470355
0.6846414455110107
0.6442687747035574
0.7676453980801807
0.6284584980237155
0.7419536984754376
0.6894409937888198
0.5990965556182948
0.7140033879164314
0.7156973461321288
0.6710897797854319
0.9133258046301524
0.6815358554488989
0.8156408808582721
0.8924336533032186
0.766798418972332
0.6075663466967814
0.8927159796725014
0.7188029361942405
0.5731225296442688
0.7012987012987013
0.6962168266516092
0.854884246188594
0.7092038396386222
0.6733483907396951
0.82128740824393
0.6482213438735178
0.5522303783173348
0.7365894974590627
0.7027103331451158
0.5962732919254659
0.5581592320722756
0.7526821005081875
0.7264257481648786
0.5575945793337098
0.7684923771880293
0.5573122529644269
0.7255787690570299
0.7343308865047995
0.6431394692264257
0.5652173913043478
0.7555053642010163
0.6826651609260305
0.8935629587803501
0.751270468661773
0.7532467532467533
0.8184641445511011
0.8133822699040091
0.7041219649915302
0.7713156408808582
0.730660643704122
0.7416713721061547
0.6389045736871823
0.6857707509881423
0.743365330321852
0.8226990400903444
0.8241106719367589
0.7312252964426877
0.544042913608131
0.6640316205533597
0.6564088085827217
0.7210615471485037
0.7334839073969509
0.7123094297007341
0.6583850931677019
0.6894409937888198
0.8430265386787126
0.6278938452851497
0.5632411067193676
0.5951439864483343
0.7789384528514963
0.689158667419537
0.7269904009034444
0.7354601919819311
0.6078486730660644
0.7634105025409373
0.746188594014681
0.6691134952004517
0.7236024844720497
0.8060417843026538
0.6996047430830039
0.6888763410502541
0.7108977978543196
0.759175607001694
0.6242236024844721
0.7597402597402597
0.668266516092603
0.6414455110107284
0.7207792207792207
0.5914737436476567
0.572557876905703
0.6651609260304913
0.6496329757199323
0.6346696781479391
0.6640316205533597
0.7041219649915302
0.6931112365894975
0.6815358554488989
0.8983625070581592
0.9031620553359684
0.7190852625635235
0.6753246753246753
0.7343308865047995
0.6629023150762281
0.769621682665161
0.5968379446640316
0.7645398080180689
0.6363636363636364
0.6905702992659515
0.7094861660079052
0.8049124788255223
0.6750423489553924
0.8026538678712591
0.846979107848673
0.64257481648786
0.7913608130999435
0.6691134952004517
0.6386222473178995
0.6976284584980237
0.5429136081309994
0.7219085262563524
0.8927159796725014
0.7326369282891022
0.6750423489553924
0.8605307735742518
0.6679841897233202
0.6259175607001694
0.7625635234330886
0.6996047430830039
0.7317899491812535
0.6860530773574252
0.8221343873517787
0.7111801242236024
0.7230378317334839
0.7368718238283456
0.6987577639751553
0.7360248447204969
0.7083568605307736
0.6468097120271034
0.7171089779785432
0.7422360248447205
0.8215697346132129
0.7648221343873518
0.7402597402597403
0.5951439864483343
0.5993788819875776
0.6487859966120836
0.846979107848673
0.6702428006775832
0.6871823828345568
0.7010163749294184
0.7645398080180689
0.8085827216261999
0.8269339356295878
0.8145115753811406
0.7490118577075099
0.7828910220214568
0.676171654432524
0.8458498023715415
0.7868435911914172
0.8557312252964426
0.694240542066629
0.6741953698475438
0.7549407114624506
0.7786561264822134
0.7783738001129306
0.7699040090344438
0.8020892151326934
0.6442687747035574
0.8438735177865613
0.7337662337662337
0.6566911349520045
0.730378317334839
0.5974025974025974
0.6863354037267081
0.7831733483907397
0.6603613777526821
0.70214568040655
0.7188029361942405
0.6027667984189723
0.6459627329192547
0.5968379446640316
0.6439864483342744
0.4776962168266516
0.8018068887634106
0.7018633540372671
0.7571993224167137
0.6137775268210051
0.6993224167137211
0.6719367588932806
0.7447769621682665
0.7058159232072275
0.6922642574816488
0.7337662337662337
0.6679841897233202
0.6730660643704122
0.6719367588932806
0.6933935629587803
0.7210615471485037
0.7075098814229249
0.8531902879728966
0.8085827216261999
0.6679841897233202
0.6767363071710898
0.6767363071710898
0.7690570299265952
0.7058159232072275
0.7027103331451158
0.6806888763410502
0.6905702992659515
0.6835121400338792
0.7323546019198193
0.8235460191981931
0.7371541501976284
0.8644833427442123
0.7651044607566346
0.6826651609260305
0.7862789384528515
0.6103896103896104
0.7555053642010163
0.5911914172783738
0.8094297007340485
0.6513269339356296
0.7806324110671937
0.5886504799548278
0.5798983625070582
0.759175607001694
0.7439299830604178
0.6030491247882552
0.7619988706945229
0.7464709203839639
0.8413325804630153
0.6482213438735178
0.6603613777526821
0.883681535855449
0.717391304347826
0.8139469226425748
0.7492941840767928
0.7707509881422925
0.7922077922077922
0.7168266516092603
0.6256352343308865
0.5694522868435912
0.6634669678147939
0.6112365894974591
0.8068887634105025
0.7075098814229249
0.8721061547148503
0.7631281761716544
0.9017504234895539
0.7368718238283456
0.849802371541502
0.7755505364201016
0.7185206098249577
0.6609260304912479
0.821005081874647
0.7216261998870694
0.6900056465273856
0.6146245059288538
0.7315076228119707
0.8167701863354038
0.6770186335403726
0.7529644268774703
0.8263692828910221
0.872953133822699
0.7365894974590627
0.7334839073969509
0.6950875211744777
0.645115753811406
0.7730095990965556
0.5900621118012422
0.7891022021456804
0.7523997741389046
0.7761151891586674
0.8435911914172783
0.746188594014681
0.7504234895539243
0.7216261998870694
0.7179559570863918
0.8811405985319029
0.709768492377188
0.7594579333709769
0.5790513833992095
0.5796160361377752
0.7659514398644833
0.6959345002823264
0.663184641445511
0.6194240542066629
0.5999435347261434
0.6569734613212874
0.8568605307735743
0.7453416149068323
0.6535855448898927
0.7614342179559571
0.7459062676453981
0.8145115753811406
0.6880293619424054
0.7749858836815359
0.6849237718802936
0.5821569734613213
0.7862789384528515
0.6950875211744777
0.6964991530208922
0.6453980801806889
0.8949745906267645
0.5581592320722756
0.6773009599096556
0.8503670242800677
0.5894974590626765
0.8156408808582721
0.676171654432524
0.6637492941840768
0.7317899491812535
0.5841332580463016
0.7699040090344438
0.5643704121964992
0.6146245059288538
0.5815923207227555
0.6541501976284585
0.5392433653303218
0.8949745906267645
0.7651044607566346
0.6476566911349521
0.6558441558441559
0.7382834556747601
0.7425183512140033
0.8176171654432524
0.7041219649915302
0.764257481648786
0.5979672501411631
0.5700169395821569
0.585544889892716
0.642292490118577
0.5990965556182948
0.7704686617730095
0.7682100508187465
0.6688311688311688
0.6798418972332015
0.6962168266516092
0.6758893280632411
0.8308865047995483
0.49294184076792774
0.6857707509881423
0.8128176171654432
0.6225296442687747
0.6770186335403726
0.7989836250705816
0.7922077922077922
0.6575381140598532
0.6993224167137211
0.8263692828910221
0.6245059288537549
0.7399774138904573
0.6566911349520045
0.7041219649915302
0.7123094297007341
0.8952569169960475
0.6863354037267081
0.7501411631846414
0.7763975155279503
0.7899491812535291
0.9268774703557312
0.707227555053642
0.7673630717108978
0.8351214003387917
0.6053077357425184
0.6747600225861096
0.8819875776397516
0.7752682100508187
0.8037831733483908
0.627046866177301
0.7060982495765105
0.8794466403162056
0.7382834556747601
0.6383399209486166
0.5383963862224732
0.7995482778091474
0.6485036702428006
0.6533032185206098
0.6583850931677019
0.6535855448898927
0.8003952569169961
0.567476002258611
0.6931112365894975
0.7038396386222473
0.8167701863354038
0.5118577075098815
0.7535290796160361
0.6507622811970638
0.6928289102202145
0.7721626199887069
0.629305477131564
0.6939582156973462
0.53613777526821
0.7244494635798984
0.6341050254093732
0.48644833427442125
0.7495765104460757
0.6078486730660644
0.7560700169395822
0.6888763410502541
0.5759457933370977
0.6849237718802936
0.549407114624506
0.779785431959345
0.7241671372106154
0.5609824957651045
0.8300395256916996
0.5951439864483343
0.6027667984189723
0.4082439299830604
0.7199322416713722
0.704686617730096
0.6784302653867871
0.7557876905702993
0.7817617165443252
0.6456804065499717
0.7552230378317335
0.741106719367589
0.6473743647656691
0.7269904009034444
0.7213438735177866
0.6933935629587803
0.6197063805759458
0.61914172783738
0.642292490118577
0.5609824957651045
0.7707509881422925
0.6575381140598532
0.7326369282891022
0.782326369282891
0.7315076228119707
0.8294748729531338
0.7320722755505364
0.753811405985319
0.867871259175607
0.6290231507622812
0.8114059853190287
0.5423489553924337
0.6869000564652739
0.42405420666290233
0.8198757763975155
0.83399209486166
0.7284020327498588
0.6075663466967814
0.6869000564652739
0.7735742518351214
0.538961038961039
0.6925465838509317
0.6284584980237155
0.61914172783738
0.7619988706945229
0.531055900621118
0.637210615471485
0.6837944664031621
0.7721626199887069
0.4184076792772445
0.6815358554488989
0.6727837380011293
0.79785431959345
0.717673630717109
0.6852060982495765
0.6360813099943535
0.8667419536984754
0.6318464144551101
0.6874647092038396
0.7444946357989837
0.715132693393563
0.7233201581027668
0.8910220214568041
0.678994918125353
0.6750423489553924
0.6973461321287409
0.758893280632411
0.6795595708639187
0.6953698475437606
0.5900621118012422
0.6507622811970638
0.6355166572557877
0.7501411631846414
0.7055335968379447
0.7605872388481084
0.901468097120271
0.7933370976849238
0.6688311688311688
0.6312817617165444
0.5403726708074534
0.6569734613212874
0.6595143986448334
0.7015810276679841
0.8517786561264822
0.6352343308865048
0.5869565217391305
0.8142292490118577
0.6744776962168266
0.7224731789949181
0.6118012422360248
0.7735742518351214
0.6677018633540373
0.7970073404856014
0.7162619988706945
0.6612083568605308
0.7605872388481084
0.6699604743083004
0.6871823828345568
0.8102766798418972
0.6019198193111237
0.6668548842461886
0.6109542631281761
0.7063805759457933
0.7219085262563524
0.5858272162619989
0.7879728966685489
0.7862789384528515
0.7086391869000565
0.8241106719367589
0.7007340485601355
0.7348955392433654
0.9057029926595144
0.7123094297007341
0.7340485601355167
0.743647656691135
0.6984754376058724
0.717391304347826
0.7396950875211745
0.7103331451157539
0.7077922077922078
0.6324110671936759
0.6871823828345568
0.7715979672501412
0.7340485601355167
0.730660643704122
0.7467532467532467
0.7063805759457933
0.7247317899491813
0.588085827216262
0.6007905138339921
0.7656691134952005
0.790231507622812
0.5759457933370977
0.7444946357989837
0.6391869000564653
0.6357989836250706
0.6710897797854319
0.707227555053642
0.7868435911914172
0.6250705815923208
0.5976849237718803
0.5547713156408809
0.6840767927724449
0.7035573122529645
0.5900621118012422
0.546583850931677
0.7278373800112931
0.5968379446640316
0.7888198757763976
0.6566911349520045
0.8181818181818182
0.6405985319028797
0.6688311688311688
0.847261434217956
0.6996047430830039
0.764257481648786
0.9175607001693958
0.7080745341614907
0.7586109542631282
0.717391304347826
0.6823828345567476
0.7481648785996612
0.7761151891586674
0.7142857142857143
0.7775268210050819
0.5982495765104461
0.6702428006775832
0.5996612083568605
0.6417278373800113
0.6981931112365894
0.7188029361942405
0.8300395256916996
0.6815358554488989
0.7597402597402597
0.6081309994353472
0.5968379446640316
0.7651044607566346
0.6756070016939583
0.7831733483907397
0.8588368153585545
0.5793337097684924
0.7196499153020892
0.756634669678148
0.7380011293054771
0.8088650479954828
0.8337097684923772
0.6744776962168266
0.5392433653303218
0.7792207792207793
0.790231507622812
0.6973461321287409
0.6496329757199323
0.8718238283455675
0.6826651609260305
0.6979107848673066
0.7899491812535291
0.6843591191417279
0.901468097120271
0.7555053642010163
0.7834556747600225
0.751270468661773
0.743647656691135
0.756352343308865
0.7385657820440429
0.7543760587238848
0.6948051948051948
0.8029361942405421
0.6067193675889329
0.6405985319028797
0.7004517221908526
0.7131564088085828
0.6211180124223602
0.7557876905702993
0.872953133822699
0.759175607001694
0.7035573122529645
0.7651044607566346
0.6702428006775832
0.6911349520045172
0.6352343308865048
0.6592320722755506
0.668548842461886
0.9175607001693958
0.6933935629587803
0.8195934500282326
0.7780914737436476
0.7094861660079052
0.88085827216262
0.8433088650479955
0.6261998870694523
0.7213438735177866
0.7806324110671937
0.4483342744212309
0.7213438735177866
0.6459627329192547
0.6753246753246753
0.7244494635798984
0.3094297007340486
0.7636928289102202
0.782608695652174
0.7876905702992659
0.7247317899491813
0.8557312252964426
0.6261998870694523
0.7795031055900621
0.7442123094297007
0.6719367588932806
0.6253529079616036
0.6103896103896104
0.7560700169395822
0.7156973461321288
0.5965556182947487
0.810841332580463
0.6101072840203275
0.7077922077922078
0.6651609260304913
0.8060417843026538
0.7264257481648786
0.741106719367589
0.6558441558441559
0.7086391869000565
0.7888198757763976
0.6363636363636364
0.6558441558441559
0.6758893280632411
0.6273291925465838
0.9059853190287973
0.8046301524562394
0.6357989836250706
0.7049689440993789
0.8170525127046866
0.6984754376058724
0.6309994353472614
0.7213438735177866
0.8904573687182383
0.6614906832298136
0.6428571428571429
0.6338226990400904
0.7795031055900621
0.6821005081874647
0.7162619988706945
0.7089215132693394
0.7247317899491813
0.6925465838509317
0.5830039525691699
0.8266516092603049
0.8097120271033315
0.6804065499717674
0.6945228684359119
0.7876905702992659
0.7419536984754376
0.645115753811406
0.6575381140598532
0.8088650479954828
0.6713721061547149
0.7083568605307736
0.6067193675889329
0.6273291925465838
0.7456239412761152
0.8466967814793902
0.5223037831733484
0.7103331451157539
0.7230378317334839
0.7653867871259176
0.6428571428571429
0.790231507622812
0.6134952004517222
0.7789384528514963
0.6756070016939583
0.7382834556747601
0.7052512704686618
0.6967814793901751
0.7261434217955957
0.7766798418972332
0.6086956521739131
0.7230378317334839
0.8009599096555619
0.8825522303783173
0.7089215132693394
0.4568040654997177
0.6693958215697347
0.6773009599096556
0.8249576510446076
0.6874647092038396
0.7444946357989837
0.6134952004517222
0.7893845285149633
0.7786561264822134
0.6654432523997741
0.6976284584980237
0.6558441558441559
0.6654432523997741
0.66600790513834
0.6939582156973462
0.606154714850367
0.7811970638057595
0.6188594014680971
0.7049689440993789
0.7117447769621683
0.777244494635799
0.7701863354037267
0.7507058159232072
0.730378317334839
0.7114624505928854
0.7140033879164314
0.6623376623376623
0.8097120271033315
0.48023715415019763
0.7258610954263128
0.8274985883681536
0.6281761716544325
0.6843591191417279
0.7763975155279503
0.7323546019198193
0.7854319593450029
0.7402597402597403
0.771880293619424
0.7171089779785432
0.668266516092603
0.6496329757199323
0.5942970073404856
0.7012987012987013
0.7526821005081875
0.6939582156973462
0.7930547713156408
0.5302089215132694
0.735742518351214
0.6702428006775832
0.7557876905702993
0.5765104460756635
0.6925465838509317
0.7958780350084698
0.6829474872953134
0.6693958215697347
0.8102766798418972
0.5477131564088086
0.5979672501411631
0.6609260304912479
0.7035573122529645
0.810841332580463
0.6465273856578204
0.9424054206662902
0.7216261998870694
0.4435347261434218
0.7007340485601355
0.7843026538678712
0.7840203274985884
0.5406549971767363
0.7092038396386222
0.7055335968379447
0.7368718238283456
0.8433088650479955
0.668548842461886
0.8537549407114624
0.6998870694522868
0.5979672501411631
0.6149068322981367
0.6067193675889329
0.7704686617730095
0.7792207792207793
0.6832298136645962
0.743647656691135
0.743647656691135
0.7275550536420101
0.6612083568605308
0.5
0.7526821005081875
0.668548842461886
0.7224731789949181
0.5815923207227555
0.6561264822134387
0.6623376623376623
0.8063241106719368
0.7216261998870694
0.64257481648786
0.6533032185206098
0.6984754376058724
0.6437041219649915
0.8162055335968379
0.5798983625070582
0.715132693393563
0.6098249576510446
0.6315640880858272
0.9045736871823828
0.6589497459062676
0.7775268210050819
0.7456239412761152
0.6360813099943535
0.7659514398644833
0.6614906832298136
0.7391304347826086
0.7168266516092603
0.7888198757763976
0.642292490118577
0.8605307735742518
0.6860530773574252
0.88085827216262
0.7905138339920948
0.5923207227555054
0.7267080745341615
0.7941840767927725
0.7340485601355167
0.8594014680971203
0.7114624505928854
0.7298136645962733
0.8554488989271598
0.7210615471485037
0.743647656691135
0.6792772444946358
0.6335403726708074
0.7665160926030491
0.7555053642010163
0.7820440429136082
0.6832298136645962
0.616318464144551
0.6843591191417279
0.6597967250141163
0.7964426877470355
0.7560700169395822
0.6708074534161491
0.7806324110671937
0.6956521739130435
0.6699604743083004
0.7651044607566346
0.7532467532467533
0.6070016939582157
0.6756070016939583
0.7552230378317335
0.5790513833992095
0.8291925465838509
0.6307171089779785
0.8961038961038961
0.9023150762281197
0.8162055335968379
0.8636363636363636
0.7117447769621683
0.4644268774703557
0.6964991530208922
0.7106154714850367
0.7891022021456804
0.5818746470920384
0.6476566911349521
0.6826651609260305
0.7413890457368718
0.6103896103896104
0.7196499153020892
0.8218520609824957
0.8407679277244494
0.6795595708639187
0.639751552795031
0.5996612083568605
0.7597402597402597
0.759175607001694
0.8416149068322981
0.46414455110107283
0.8218520609824957
0.6442687747035574
0.733201581027668
0.6561264822134387
0.606154714850367
0.7317899491812535
0.6589497459062676
0.6860530773574252
0.6524562394127611
0.5813099943534726
0.64257481648786
0.7252964426877471
0.7354601919819311
0.8430265386787126
0.5702992659514399
0.6609260304912479
0.7526821005081875
0.6245059288537549
0.7989836250705816
0.7656691134952005
0.70214568040655
0.6784302653867871
0.7092038396386222
0.6377752682100508
0.6823828345567476
0.8489553924336533
0.7476002258610954
0.7320722755505364
0.5618294748729531
0.7608695652173914
0.6335403726708074
0.8311688311688312
0.6564088085827217
0.717673630717109
0.7882552230378317
0.6900056465273856
0.883399209486166
0.8390739695087521
0.717391304347826
0.572557876905703
0.6823828345567476
0.7080745341614907
0.6360813099943535
0.8105590062111802
0.6662902315076228
0.8128176171654432
0.6341050254093732
0.7092038396386222
0.6852060982495765
0.5717108977978543
0.6411631846414455
0.6417278373800113
0.6564088085827217
0.8040654997176736
0.782608695652174
0.6256352343308865
0.6846414455110107
0.7391304347826086
0.7055335968379447
0.6561264822134387
0.7083568605307736
0.6908526256352343
0.7148503670242801
0.790231507622812
0.7029926595143986
0.668266516092603
0.6948051948051948
0.5889328063241107
0.784867306606437
0.844438170525127
0.7416713721061547
0.7374364765669114
0.6629023150762281
0.7899491812535291
0.6414455110107284
0.7699040090344438
0.7052512704686618
0.8540372670807453
0.6389045736871823
0.6352343308865048
0.7490118577075099
0.7523997741389046
0.6981931112365894
0.5883681535855448
0.741106719367589
0.8009599096555619
0.6679841897233202
0.6606437041219649
0.6261998870694523
0.6137775268210051
0.7422360248447205
0.6984754376058724
0.8097120271033315
0.7140033879164314
0.7055335968379447
0.9011857707509882
0.7233201581027668
0.5942970073404856
0.6750423489553924
0.5304912478825522
0.790231507622812
0.5477131564088086
0.7608695652173914
0.6928289102202145
0.6318464144551101
0.8867871259175607
0.6829474872953134
0.6318464144551101
0.7416713721061547
0.7363071710897798
0.6634669678147939
0.7453416149068323
0.7292490118577075
0.5197628458498024
0.8043478260869565
0.7213438735177866
0.722755505364201
0.6693958215697347
0.6730660643704122
0.6566911349520045
0.6459627329192547
0.777244494635799
0.7444946357989837
0.8554488989271598
0.7619988706945229
0.6253529079616036
0.7261434217955957
0.7142857142857143
0.6603613777526821
0.6620553359683794
0.6383399209486166
0.7295313382269905
0.6462450592885376
0.9186900056465274
0.7950310559006211
0.7981366459627329
0.8071710897797855
0.6699604743083004
0.6674195369847544
0.6600790513833992
0.8382269904009034
0.6829474872953134
0.5381140598531903
0.6022021456804065
0.6705251270468662
0.7162619988706945
0.6744776962168266
0.8226990400903444
0.7744212309429701
0.6710897797854319
0.8026538678712591
0.48531902879728966
0.8992094861660079
0.7724449463579899
0.5894974590626765
0.7515527950310559
0.6485036702428006
0.7123094297007341
0.6541501976284585
0.7597402597402597
0.8046301524562394
0.6614906832298136
0.7521174477696216
0.6318464144551101
0.5474308300395256
0.6168831168831169
0.7027103331451158
0.6564088085827217
0.6437041219649915
0.585544889892716
0.6626199887069453
0.7295313382269905
0.5485601355166573
0.756352343308865
0.7783738001129306
0.7089215132693394
0.790231507622812
0.6699604743083004
0.7114624505928854
0.7055335968379447
0.8695652173913043
0.6239412761151891
0.6338226990400904
0.8201581027667985
0.6775832862789385
0.8066064370412197
0.6911349520045172
0.6708074534161491
0.5798983625070582
0.8656126482213439
0.6688311688311688
0.6256352343308865
0.6710897797854319
0.8421795595708639
0.7015810276679841
0.7605872388481084
0.6516092603049125
0.7312252964426877
0.650197628458498
0.9076792772444946
0.6256352343308865
0.6609260304912479
0.8757763975155279
0.6933935629587803
0.6561264822134387
0.740824392998306
0.7800677583286278
0.6933935629587803
0.6792772444946358
0.5245623941276115
0.8097120271033315
0.7399774138904573
0.6518915866741953
0.668548842461886
0.7038396386222473
0.6055900621118012
0.7837380011293055
0.5923207227555054
0.6806888763410502
0.728119706380576
0.650197628458498
0.6366459627329193
0.6725014116318464
0.2834556747600226
0.6897233201581028
0.7724449463579899
0.7456239412761152
0.6318464144551101
0.795313382269904
0.6948051948051948
0.7100508187464709
0.6126482213438735
0.6058723884810842
0.8351214003387917
0.7509881422924901
0.7930547713156408
0.6730660643704122
0.6499153020892151
0.7834556747600225
0.7690570299265952
0.7363071710897798
0.831451157538114
0.7498588368153586
0.6341050254093732
0.6230942970073405
0.6702428006775832
0.8128176171654432
0.7430830039525692
0.6129305477131564
0.8224167137210615
0.7608695652173914
0.7346132128740824
0.7142857142857143
0.7106154714850367
0.6504799548277809
0.4460756634669678
0.7518351214003388
0.55957086391869
0.7425183512140033
0.6561264822134387
0.6417278373800113
0.6671372106154715
0.6569734613212874
0.6758893280632411
0.6050254093732355
0.7089215132693394
0.7385657820440429
0.8306041784302653
0.5434782608695652
0.7295313382269905
0.756352343308865
0.6324110671936759
0.7608695652173914
0.5832862789384529
0.7495765104460757
0.6691134952004517
0.8509316770186336
0.7405420666290231
0.6764539808018069
0.6386222473178995
0.6482213438735178
0.6214003387916431
0.8531902879728966
0.6403162055335968
0.6902879728966685
0.6041784302653868
0.7569169960474308
0.8794466403162056
0.639751552795031
0.6067193675889329
0.8190287972896668
0.6981931112365894
0.6230942970073405
0.7179559570863918
0.7128740824392998
0.7086391869000565
0.7907961603613778
0.8359683794466403
0.6208356860530774
0.743365330321852
0.7252964426877471
0.7490118577075099
0.8557312252964426
0.6699604743083004
0.6832298136645962
0.6679841897233202
0.70214568040655
0.8952569169960475
0.5734048560135516
0.7484472049689441
0.6778656126482213
0.84472049689441
0.6479390175042349
0.7619988706945229
0.7947487295313382
0.6143421795595708
0.5928853754940712
0.7634105025409373
0.7010163749294184
0.629587803500847
0.6854884246188594
0.7947487295313382
0.7193675889328063
0.6939582156973462
0.7382834556747601
0.5355731225296443
0.7806324110671937
0.6869000564652739
0.7295313382269905
0.8094297007340485
0.588085827216262
0.6332580463015246
0.6984754376058724
0.7027103331451158
0.639751552795031
0.601072840203275
0.8348390739695087
0.7967250141163185
0.7396950875211745
0.5782044042913608
0.8390739695087521
0.6462450592885376
0.7987012987012987
0.6112365894974591
0.6357989836250706
0.7100508187464709
0.7634105025409373
0.9121964991530209
0.6569734613212874
0.8167701863354038
0.6654432523997741
0.5875211744776963
0.7092038396386222
0.49209486166007904
0.7117447769621683
0.8229813664596274
0.6993224167137211
0.9178430265386787
0.7862789384528515
0.6911349520045172
0.6662902315076228
0.5206098249576511
0.7012987012987013
0.7094861660079052
0.7947487295313382
0.6171654432523997
0.7413890457368718
0.8051948051948052
0.7289666854884246
0.7156973461321288
0.9121964991530209
0.6072840203274986
0.6247882552230378
0.7795031055900621
0.777244494635799
0.5951439864483343
0.7083568605307736
0.7134387351778656
0.6437041219649915
0.6823828345567476
0.7343308865047995
0.6767363071710898
0.6349520045172219
0.6623376623376623
0.6428571428571429
0.7134387351778656
0.6739130434782609
0.7755505364201016
0.7989836250705816
0.29023150762281197
0.6349520045172219
0.7329192546583851
0.6914172783738001
0.5632411067193676
0.8283455674760023
0.7317899491812535
0.6225296442687747
0.5367024280067758
0.8427442123094298
0.7891022021456804
0.6897233201581028
0.6936758893280632
0.7286843591191418
0.8359683794466403
0.6349520045172219
0.7625635234330886
0.5926030491247882
0.8452851496329757
0.7857142857142857
0.6197063805759458
0.6815358554488989
0.6341050254093732
0.6465273856578204
0.6309994353472614
0.6434217955957087
0.7673630717108978
0.6332580463015246
0.7905138339920948
0.8481084133258047
0.8565782044042913
0.728119706380576
0.5796160361377752
0.6253529079616036
0.689158667419537
0.5683229813664596
0.6355166572557877
0.6809712027103332
0.7111801242236024
0.6691134952004517
0.9127611518915867
0.7865612648221344
0.8430265386787126
0.8128176171654432
0.7783738001129306
0.49294184076792774
0.7865612648221344
0.6888763410502541
0.7526821005081875
0.6273291925465838
0.7459062676453981
0.6874647092038396
0.748729531338227
0.7012987012987013
0.758893280632411
0.8311688311688312
0.743365330321852
0.5561829474872954
0.7478825522303784
0.6897233201581028
0.6284584980237155
0.7540937323546019
0.782608695652174
0.7142857142857143
0.6391869000564653
0.6177300959909655
0.7792207792207793
0.8458498023715415
0.6459627329192547
0.6679841897233202
0.6801242236024845
0.7368718238283456
0.7492941840767928
0.2684923771880294
0.7405420666290231
0.8382269904009034
0.6112365894974591
0.759175607001694
0.8769057029926595
0.6211180124223602
0.8139469226425748
0.7261434217955957
0.7060982495765105
0.8390739695087521
0.65527950310559
0.5784867306606437
0.7179559570863918
0.6239412761151891
0.7577639751552795
0.5951439864483343
0.6513269339356296
0.6956521739130435
0.694240542066629
0.8907396950875212
0.8424618859401468
0.668548842461886
0.733201581027668
0.7529644268774703
0.7495765104460757
0.6801242236024845
0.8983625070581592
0.7645398080180689
0.6900056465273856
0.8433088650479955
0.6902879728966685
0.7484472049689441
0.7216261998870694
0.8582721626199887
0.704686617730096
0.7707509881422925
0.6301524562394127
0.6699604743083004
0.7182382834556748
0.7193675889328063
0.7450592885375494
0.6953698475437606
0.6575381140598532
0.7552230378317335
0.678994918125353
0.665725578769057
0.769621682665161
0.6287408243929983
0.6753246753246753
0.668548842461886
0.5719932241671372
0.7154150197628458
0.6092603049124788
0.5782044042913608
0.8020892151326934
0.7015810276679841
0.735742518351214
0.7571993224167137
0.6504799548277809
0.7766798418972332
0.8243929983060417
0.640033879164314
0.7682100508187465
0.6024844720496895
0.6242236024844721
0.8153585544889893
0.7416713721061547
0.6120835686053078
0.7185206098249577
0.7636928289102202
0.8020892151326934
0.6044607566346697
0.7800677583286278
0.645115753811406
0.5643704121964992
0.7385657820440429
0.5798983625070582
0.5937323546019199
0.6741953698475438
0.593167701863354
0.6948051948051948
0.5954263128176172
0.6668548842461886
0.5626764539808018
0.6823828345567476
0.7334839073969509
0.7092038396386222
0.7250141163184641
0.948051948051948
0.8176171654432524
0.756352343308865
0.6702428006775832
0.8291925465838509
0.6154714850367025
0.6623376623376623
0.6795595708639187
0.7910784867306606
0.6637492941840768
0.8466967814793902
0.8379446640316206
0.7492941840767928
0.7066629023150762
0.5559006211180124
0.7134387351778656
0.5846979107848673
0.5974025974025974
0.8568605307735743
0.678994918125353
0.7975719932241672
0.7727272727272727
0.6928289102202145
0.6575381140598532
0.6880293619424054
0.5561829474872954
0.753811405985319
0.7204968944099379
0.777244494635799
0.629587803500847
0.6109542631281761
0.7035573122529645
0.7481648785996612
0.8452851496329757
0.751270468661773
0.7975719932241672
0.6688311688311688
0.8644833427442123
0.7727272727272727
0.8489553924336533
0.5542066629023151
0.7470355731225297
0.5807453416149069
0.8402032749858837
0.6744776962168266
0.7159796725014116
0.6634669678147939
0.7001693958215698
0.7029926595143986
0.7334839073969509
0.5739695087521175
0.5849802371541502
0.6993224167137211
0.7766798418972332
0.777244494635799
0.7041219649915302
0.7919254658385093
0.6592320722755506
0.6843591191417279
0.8054771315640881
0.795313382269904
0.6109542631281761
0.6487859966120836
0.5974025974025974
0.5937323546019199
0.6352343308865048
0.704686617730096
0.6648785996612083
0.7015810276679841
0.7247317899491813
0.9438170525127046
0.7213438735177866
0.6250705815923208
0.6665725578769057
0.8040654997176736
0.7140033879164314
0.6990400903444381
0.6837944664031621
0.6640316205533597
0.6846414455110107
0.572557876905703
0.6919819311123659
0.6905702992659515
0.7156973461321288
0.6380575945793338
0.717673630717109
0.7258610954263128
0.5886504799548278
0.6866177300959909
0.8376623376623377
0.7391304347826086
0.5426312817617166
0.5866741953698476
0.7077922077922078
0.6919819311123659
0.8201581027667985
0.9028797289666854
0.7219085262563524
0.668548842461886
0.7961603613777527
0.5892151326933935
0.6945228684359119
0.8961038961038961
0.6273291925465838
0.8176171654432524
0.6614906832298136
0.9206662902315076
0.7207792207792207
0.6866177300959909
0.7837380011293055
0.8303218520609825
0.7930547713156408
0.7780914737436476
0.704686617730096
0.5383963862224732
0.5618294748729531
0.8130999435347261
0.655561829474873
0.7252964426877471
0.7004517221908526
0.7634105025409373
0.8272162619988707
0.7577639751552795
0.8644833427442123
0.7244494635798984
0.6485036702428006
0.6626199887069453
0.8308865047995483
0.7560700169395822
0.8023715415019763
0.7811970638057595
0.6922642574816488
0.6756070016939583
0.8074534161490683
0.7154150197628458
0.7634105025409373
0.7337662337662337
0.8018068887634106
0.6902879728966685
0.7947487295313382
0.7939017504234895
0.6408808582721626
0.5914737436476567
0.6561264822134387
0.782326369282891
0.7786561264822134
0.5968379446640316
0.7058159232072275
0.6355166572557877
0.5592885375494071
0.6380575945793338
0.9265951439864484
0.6629023150762281
0.6979107848673066
0.6261998870694523
0.6998870694522868
0.5894974590626765
0.5945793337097685
0.7876905702992659
0.8887634105025409
0.6651609260304913
0.6784302653867871
0.7958780350084698
0.7933370976849238
0.7498588368153586
0.7526821005081875
0.7899491812535291
0.7876905702992659
0.7052512704686618
0.7577639751552795
0.7103331451157539
0.6126482213438735
0.66600790513834
0.7247317899491813
0.7044042913608131
0.6736307171089779
0.7258610954263128
0.6564088085827217
0.7992659514398645
0.8046301524562394
0.5513833992094862
0.7402597402597403
0.7083568605307736
0.8128176171654432
0.8249576510446076
0.640033879164314
0.6880293619424054
0.7377188029361943
0.8263692828910221
0.6806888763410502
0.577922077922078
0.676171654432524
0.6044607566346697
0.6806888763410502
0.872953133822699
0.5708639186900056
0.5166572557876906
0.6459627329192547
0.8927159796725014
0.821005081874647
0.9195369847543761
0.7049689440993789
0.6549971767363072
0.6304347826086957
0.5784867306606437
0.7574816487859967
0.6696781479390175
0.8026538678712591
0.6315640880858272
0.7529644268774703
0.8020892151326934
0.6304347826086957
0.7154150197628458
0.6324110671936759
0.7261434217955957
0.6016374929418408
0.6199887069452287
0.6326933935629587
0.5846979107848673
0.7653867871259176
0.5889328063241107
0.7459062676453981
0.7549407114624506
0.6688311688311688
0.8760587238848109
0.6874647092038396
0.7204968944099379
0.8554488989271598
0.5403726708074534
0.7888198757763976
0.8534726143421796
0.7778091473743648
0.6366459627329193
0.6809712027103332
0.5488424618859401
0.8379446640316206
0.709768492377188
0.7086391869000565
0.7317899491812535
0.65527950310559
0.8054771315640881
0.7631281761716544
0.6205533596837944
0.6346696781479391
0.6925465838509317
0.6586674195369847
0.7309429700734048
0.7732919254658385
0.6908526256352343
0.5533596837944664
0.6233766233766234
0.7210615471485037
0.704686617730096
0.795313382269904
0.6541501976284585
0.6549971767363072
0.629587803500847
0.5790513833992095
0.6439864483342744
0.7365894974590627
0.7419536984754376
0.8667419536984754
0.7029926595143986
0.6919819311123659
0.7123094297007341
0.6668548842461886
0.7340485601355167
0.7394127611518916
0.70214568040655
0.7086391869000565
0.8322981366459627
0.6837944664031621
0.6129305477131564
0.7329192546583851
0.7114624505928854
0.7885375494071146
0.8249576510446076
0.6725014116318464
0.8390739695087521
0.7761151891586674
0.730660643704122
0.7540937323546019
0.7340485601355167
0.7210615471485037
0.7075098814229249
0.6996047430830039
0.6781479390175043
0.7515527950310559
0.6849237718802936
0.7707509881422925
0.5883681535855448
0.7255787690570299
0.6120835686053078
0.8681535855448899
0.7775268210050819
0.6225296442687747
0.7063805759457933
0.7300959909655562
0.6154714850367025
0.753811405985319
0.7752682100508187
0.6950875211744777
0.6129305477131564
0.8977978543195935
0.8037831733483908
0.7851496329757199
0.8359683794466403
0.6038961038961039
0.6575381140598532
0.808300395256917
0.5990965556182948
0.6747600225861096
0.740824392998306
0.7323546019198193
0.6278938452851497
0.598531902879729
0.7447769621682665
0.8424618859401468
0.6516092603049125
0.606154714850367
0.7885375494071146
0.6651609260304913
0.6945228684359119
0.7041219649915302
0.7094861660079052
0.7131564088085828
0.6609260304912479
0.681253529079616
0.792772444946358
0.6846414455110107
0.7385657820440429
0.7634105025409373
0.6970638057594579
0.7323546019198193
0.6835121400338792
0.7535290796160361
0.6468097120271034
0.6806888763410502
0.6490683229813664
0.7546583850931677
0.5920383963862225
0.6185770750988142
0.7255787690570299
0.7783738001129306
0.7224731789949181
0.65527950310559
0.5753811405985318
0.6007905138339921
0.6439864483342744
0.7292490118577075
0.7817617165443252
0.6360813099943535
0.6177300959909655
0.7619988706945229
0.7453416149068323
0.652738565782044
0.7758328627893846
0.7442123094297007
0.6775832862789385
0.6287408243929983
0.593167701863354
0.7092038396386222
0.6747600225861096
0.7701863354037267
0.7032749858836815
0.784867306606437
0.611518915866742
0.6843591191417279
0.6662902315076228
0.862789384528515
0.7605872388481084
0.8529079616036138
0.6566911349520045
0.6437041219649915
0.8441558441558441
0.6134952004517222
0.663184641445511
0.6699604743083004
0.7396950875211745
0.7741389045736872
0.756352343308865
0.5344438170525128
0.7955957086391869
0.7128740824392998
0.831451157538114
0.6033314511575382
0.7679277244494636
0.6869000564652739
0.8162055335968379
0.7027103331451158
0.6428571428571429
0.7975719932241672
0.7134387351778656
0.6725014116318464
0.66600790513834
0.741106719367589
0.7467532467532467
0.7286843591191418
0.6264822134387352
0.6521739130434783
0.7207792207792207
0.7100508187464709
0.6871823828345568
0.7987012987012987
0.6403162055335968
0.7608695652173914
0.6806888763410502
0.6719367588932806
0.6278938452851497
0.7571993224167137
0.6677018633540373
0.8396386222473179
0.8068887634105025
0.7662337662337663
0.841897233201581
0.689158667419537
0.6956521739130435
0.6693958215697347
0.844438170525127
0.6538678712591756
0.6996047430830039
0.6970638057594579
0.6273291925465838
0.6504799548277809
0.7422360248447205
0.6070016939582157
0.7865612648221344
0.5911914172783738
0.7007340485601355
0.6078486730660644
0.6645962732919255
0.6482213438735178
0.7123094297007341
0.7086391869000565
0.8012422360248447
0.7495765104460757
0.5677583286278939
0.7504234895539243
0.6809712027103332
0.6245059288537549
0.7763975155279503
0.7004517221908526
0.7428006775832863
0.6710897797854319
0.7783738001129306
0.6840767927724449
0.6708074534161491
0.6823828345567476
0.7213438735177866
0.7778091473743648
0.6583850931677019
0.6919819311123659
0.8043478260869565
0.5217391304347826
0.5570299265951439
0.4652738565782044
0.8009599096555619
0.8994918125352908
0.7975719932241672
0.7594579333709769
0.7315076228119707
0.6775832862789385
0.8639186900056465
0.5940146809712027
0.7309429700734048
0.8382269904009034
0.639751552795031
0.8077357425183512
0.7766798418972332
0.5830039525691699
0.9124788255223037
0.6182947487295314
0.7459062676453981
0.7967250141163185
0.7509881422924901
0.6558441558441559
0.8738001129305477
0.5954263128176172
0.8997741389045737
0.5762281197063805
0.722755505364201
0.5564652738565782
0.782326369282891
0.598531902879729
0.8193111236589498
0.9237718802936195
0.8026538678712591
0.6993224167137211
0.84472049689441
0.629305477131564
0.7315076228119707
0.7199322416713722
0.7936194240542067
0.728119706380576
0.6634669678147939
0.8266516092603049
0.8009599096555619
0.6908526256352343
0.7286843591191418
0.6617730095990966
0.8529079616036138
0.7185206098249577
0.7639751552795031
0.7075098814229249
0.7552230378317335
0.6801242236024845
0.779785431959345
0.7828910220214568
0.7289666854884246
0.6101072840203275
0.8684359119141728
0.961321287408244
0.6490683229813664
0.8486730660643704
0.8068887634105025
0.7204968944099379
0.6084133258046301
0.6442687747035574
0.7495765104460757
0.7492941840767928
0.8506493506493507
0.6959345002823264
0.9031620553359684
0.7828910220214568
0.756352343308865
0.6473743647656691
0.8853754940711462
0.7899491812535291
0.7007340485601355
0.6154714850367025
0.668266516092603
0.6535855448898927
0.7145680406549971
0.7111801242236024
0.8379446640316206
0.6674195369847544
0.6239412761151891
0.748729531338227
0.9073969508752118
0.8147939017504235
0.7238848108413326
0.645115753811406
0.6792772444946358
0.8035008469791078
0.8080180688876341
0.8941276115189158
0.7075098814229249
0.5423489553924337
0.6764539808018069
0.7351778656126482
0.7800677583286278
0.6064370412196499
0.7580463015245624
0.8001129305477132
0.7190852625635235
0.870412196499153
0.7876905702992659
0.8715415019762845
0.8063241106719368
0.7394127611518916
0.7673630717108978
0.6516092603049125
0.8390739695087521
0.9435347261434218
0.8023715415019763
0.8204404291360813
0.7450592885375494
0.8266516092603049
0.6725014116318464
0.8074534161490683
0.61914172783738
0.8958215697346132
0.6338226990400904
0.7343308865047995
0.83399209486166
0.6894409937888198
0.632128740824393
0.7182382834556748
0.8500846979107849
0.7970073404856014
0.6312817617165444
0.5686053077357425
0.8690005646527386
0.7713156408808582
0.6880293619424054
0.7329192546583851
0.8023715415019763
0.704686617730096
0.9011857707509882
0.7315076228119707
0.7851496329757199
0.5942970073404856
0.6468097120271034
0.6629023150762281
0.7275550536420101
0.7284020327498588
0.888481084133258
0.6431394692264257
0.5878035008469791
0.7603049124788255
0.8074534161490683
0.6533032185206098
0.8690005646527386
0.7190852625635235
0.7213438735177866
0.8396386222473179
0.6998870694522868
0.7213438735177866
0.6374929418407679
0.6349520045172219
0.7207792207792207
0.6883116883116883
0.7453416149068323
0.7444946357989837
0.5818746470920384
0.7651044607566346
0.8376623376623377
0.6366459627329193
0.6674195369847544
0.740824392998306
0.6815358554488989
0.7247317899491813
0.8526256352343309
0.7631281761716544
0.5559006211180124
0.8514963297571994
0.7278373800112931
0.6549971767363072
0.640033879164314
0.7659514398644833
0.7258610954263128
0.7385657820440429
0.6564088085827217
0.7286843591191418
0.6998870694522868
0.6434217955957087
0.7817617165443252
0.7710333145115754
0.8489553924336533
0.7024280067758328
0.5691699604743083
0.7690570299265952
0.5869565217391305
0.7402597402597403
0.6047430830039525
0.8825522303783173
0.6366459627329193
0.7145680406549971
0.715132693393563
0.7758328627893846
0.6318464144551101
0.8788819875776398
0.5375494071146245
0.7425183512140033
0.7939017504234895
0.6041784302653868
0.7526821005081875
0.6174477696216827
0.7329192546583851
0.6691134952004517
0.6702428006775832
0.6945228684359119
0.6784302653867871
0.627046866177301
0.6518915866741953
0.6922642574816488
0.6634669678147939
0.8229813664596274
0.5561829474872954
0.6453980801806889
0.6696781479390175
0.7498588368153586
0.6710897797854319
0.6038961038961039
0.6702428006775832
0.7329192546583851
0.7092038396386222
0.7385657820440429
0.7896668548842461
0.8176171654432524
0.5976849237718803
0.7368718238283456
0.7286843591191418
0.6564088085827217
0.7252964426877471
0.6442687747035574
0.6377752682100508
0.7998306041784302
0.6005081874647092
0.8170525127046866
0.7080745341614907
0.6979107848673066
0.6225296442687747
0.709768492377188
0.7470355731225297
0.6496329757199323
0.6284584980237155
0.7778091473743648
0.6002258610954263
0.7388481084133258
0.626764539808018
0.6716544325239977
0.6411631846414455
0.9590626764539808
0.6914172783738001
0.7289666854884246
0.6456804065499717
0.7360248447204969
0.6490683229813664
0.7888198757763976
0.6442687747035574
0.7252964426877471
0.8063241106719368
0.6120835686053078
0.8376623376623377
0.6338226990400904
0.6933935629587803
0.5598531902879729
0.6775832862789385
0.5409373235460192
0.8105590062111802
0.6956521739130435
0.8258046301524562
0.5352907961603613
0.5367024280067758
0.733201581027668
0.6476566911349521
0.854884246188594
0.6171654432523997
0.8709768492377188
0.603613777526821
0.8407679277244494
0.6764539808018069
0.6953698475437606
0.7154150197628458
0.6606437041219649
0.7504234895539243
0.7165443252399775
0.7831733483907397
0.6564088085827217
0.8455674760022586
0.6773009599096556
0.8622247317899492
0.8122529644268774
0.7190852625635235
0.5124223602484472
0.6905702992659515
0.6592320722755506
0.6575381140598532
0.7182382834556748
0.6535855448898927
0.8181818181818182
0.7701863354037267
0.6482213438735178
0.6346696781479391
0.4937888198757764
0.7396950875211745
0.7058159232072275
0.6809712027103332
0.7905138339920948
0.8046301524562394
0.6962168266516092
0.6363636363636364
0.7430830039525692
0.7504234895539243
0.7845849802371542
0.6431394692264257
0.5383963862224732
0.9192546583850931
0.7094861660079052
0.6880293619424054
0.627046866177301
0.6033314511575382
0.740824392998306
0.7831733483907397
0.614059853190288
0.6549971767363072
0.6219649915302089
0.6798418972332015
0.7916431394692264
0.7080745341614907
0.8051948051948052
0.7252964426877471
0.6228119706380576
0.7100508187464709
0.650197628458498
0.7334839073969509
0.8142292490118577
0.6614906832298136
0.6070016939582157
0.7775268210050819
0.7348955392433654
0.7811970638057595
0.7312252964426877
0.7549407114624506
0.8133822699040091
0.6677018633540373
0.7473178994918125
0.7137210615471485
0.6070016939582157
0.8283455674760023
0.6719367588932806
0.7179559570863918
0.6668548842461886
0.611518915866742
0.7992659514398645
0.8272162619988707
0.7950310559006211
0.7535290796160361
0.769621682665161
0.7049689440993789
0.6072840203274986
0.7131564088085828
0.9212309429700734
0.614059853190288
0.6798418972332015
0.46273291925465837
0.8466967814793902
0.632128740824393
0.7484472049689441
0.7286843591191418
0.6998870694522868
0.6798418972332015
0.7188029361942405
0.5640880858272163
0.782608695652174
0.8193111236589498
0.7377188029361943
0.7261434217955957
0.6739130434782609
0.6408808582721626
0.5635234330886505
0.6092603049124788
0.6549971767363072
0.7574816487859967
0.8390739695087521
0.5962732919254659
0.7998306041784302
0.8972332015810277
0.6775832862789385
0.7092038396386222
0.6846414455110107
0.6518915866741953
0.8435911914172783
0.7735742518351214
0.8373800112930547
0.7286843591191418
0.6911349520045172
0.7481648785996612
0.7103331451157539
0.650197628458498
0.5638057594579333
0.7219085262563524
0.6753246753246753
0.6465273856578204
0.6784302653867871
0.834274421230943
0.7117447769621683
0.5767927724449463
0.8026538678712591
0.7402597402597403
0.7134387351778656
0.6456804065499717
0.6981931112365894
0.7540937323546019
0.668266516092603
0.629305477131564
0.8749294184076792
0.652738565782044
0.7467532467532467
0.7094861660079052
0.6256352343308865
0.7478825522303784
0.769339356295878
0.6160361377752682
0.6696781479390175
0.66600790513834
0.681253529079616
0.7148503670242801
0.7490118577075099
0.6595143986448334
0.717673630717109
0.6716544325239977
0.6225296442687747
0.6832298136645962
0.5951439864483343
0.8351214003387917
0.6863354037267081
0.6301524562394127
0.6544325239977414
0.7286843591191418
0.6064370412196499
0.5971202710333146
0.8246753246753247
0.7117447769621683
0.637210615471485
0.746188594014681
0.8890457368718239
0.5903444381705252
0.6197063805759458
0.7724449463579899
0.26538678712591757
0.8156408808582721
0.6998870694522868
0.7032749858836815
0.7060982495765105
0.5841332580463016
0.8145115753811406
0.6180124223602484
0.536420101637493
0.8416149068322981
0.7447769621682665
