0.8802339901477833
0.9042487684729064
0.8583743842364532
0.8845443349753694
0.8386699507389163
0.9147167487684729
0.9679802955665024
0.8977832512315271
0.8907019704433498
0.9276477832512315
0.833743842364532
0.8636083743842364
0.729371921182266
0.8103448275862069
0.7931034482758621
0.8063423645320197
0.8556034482758621
0.8894704433497537
0.8084975369458128
0.8562192118226601
0.9513546798029556
0.8380541871921182
0.9402709359605911
0.8823891625615764
0.8808497536945813
0.8848522167487685
0.9418103448275862
0.8140394088669951
0.8716133004926109
0.833743842364532
0.7854064039408867
0.9322660098522167
0.8968596059113301
0.8198891625615764
0.8937807881773399
0.8457512315270936
0.9064039408866995
0.9134852216748769
0.7272167487684729
0.916564039408867
0.8429802955665024
0.6936576354679803
0.8722290640394089
0.874384236453202
0.8402093596059114
0.853756157635468
0.9535098522167488
0.8974753694581281
0.9150246305418719
0.9473522167487685
0.8839285714285714
0.9202586206896551
0.8343596059113301
0.8491379310344828
0.8983990147783252
0.8925492610837439
0.8648399014778325
0.9085591133004927
0.8805418719211823
0.9608990147783252
0.9544334975369458
0.8860837438423645
0.7934113300492611
0.9264162561576355
0.8358990147783252
0.8414408866995073
0.7817118226600985
0.9017857142857143
0.8719211822660099
0.8679187192118226
0.9565886699507389
0.9030172413793104
0.8254310344827587
0.8146551724137931
0.8928571428571429
0.9147167487684729
0.7127463054187192
0.8725369458128078
0.9267241379310345
0.8669950738916257
0.9319581280788177
0.9107142857142857
0.8303571428571429
0.8205049261083743
0.8910098522167488
0.9064039408866995
0.8922413793103449
0.9495073891625616
0.8109605911330049
0.8728448275862069
0.8589901477832512
0.8214285714285714
0.812807881773399
0.8565270935960592
0.8100369458128078
0.833743842364532
0.8774630541871922
0.938115763546798
0.8125
0.9408866995073891
0.9830665024630542
0.8826970443349754
0.8435960591133005
0.9464285714285714
0.8269704433497537
0.8722290640394089
0.9079433497536946
0.9070197044334976
0.9402709359605911
0.9088669950738916
0.8762315270935961
0.8168103448275862
0.8682266009852216
0.8663793103448276
0.8060344827586207
0.875307881773399
0.8602216748768473
0.8275862068965517
0.8762315270935961
0.9107142857142857
0.9608990147783252
0.9334975369458128
0.9177955665024631
0.7943349753694581
0.9122536945812808
0.875307881773399
0.8232758620689655
0.8552955665024631
0.8860837438423645
0.8611453201970444
0.8217364532019704
0.8260467980295566
0.8928571428571429
0.8374384236453202
0.9205665024630542
0.9301108374384236
0.8934729064039408
0.8300492610837439
0.8728448275862069
0.8288177339901478
0.7438423645320197
0.9402709359605911
0.9356527093596059
0.8928571428571429
0.9193349753694581
0.9338054187192119
0.8158866995073891
0.916871921182266
0.8642241379310345
0.8531403940886699
0.8411330049261084
0.9224137931034483
0.8232758620689655
0.8371305418719212
0.8866995073891626
0.8759236453201971
0.9251847290640394
0.9353448275862069
0.9181034482758621
0.7552339901477833
0.8673029556650246
0.8866995073891626
0.8512931034482759
0.9282635467980296
0.9415024630541872
0.875307881773399
0.9036330049261084
0.8790024630541872
0.8999384236453202
0.9125615763546798
0.7269088669950738
0.9356527093596059
0.9067118226600985
0.8709975369458128
0.8423645320197044
0.9338054187192119
0.8282019704433498
0.8639162561576355
0.8294334975369458
0.7629310344827587
0.9020935960591133
0.9744458128078818
0.8839285714285714
0.8035714285714286
0.8374384236453202
0.8494458128078818
0.8679187192118226
0.8552955665024631
0.875615763546798
0.8235837438423645
0.9113300492610837
0.9387315270935961
0.9002463054187192
0.9602832512315271
0.8651477832512315
0.9082512315270936
0.7887931034482759
0.9051724137931034
0.7201354679802956
0.7804802955665024
0.8429802955665024
0.9353448275862069
0.9341133004926109
0.9267241379310345
0.8051108374384236
0.9359605911330049
0.8669950738916257
0.8389778325123153
0.8291256157635468
0.8417487684729064
0.8275862068965517
0.8365147783251231
0.8506773399014779
0.9097906403940886
0.8399014778325123
0.9070197044334976
0.9510467980295566
0.8023399014778325
0.8916256157635468
0.8940886699507389
0.9402709359605911
0.9501231527093597
0.9184113300492611
0.9439655172413793
0.854064039408867
0.8857758620689655
0.7931034482758621
0.9396551724137931
0.9036330049261084
0.8516009852216748
0.8716133004926109
0.8583743842364532
0.8940886699507389
0.9233374384236454
0.8919334975369458
0.9134852216748769
0.9048645320197044
0.8171182266009852
0.8697660098522167
0.8171182266009852
0.8556034482758621
0.8703817733990148
0.9184113300492611
0.8402093596059114
0.8713054187192119
0.9602832512315271
0.8716133004926109
0.8799261083743842
0.8315886699507389
0.9079433497536946
0.9550492610837439
0.8408251231527094
0.8429802955665024
0.9316502463054187
0.9011699507389163
0.9485837438423645
0.8177339901477833
0.9507389162561576
0.9248768472906403
0.9661330049261084
0.8740763546798029
0.8734605911330049
0.8937807881773399
0.979679802955665
0.9421182266009852
0.957820197044335
0.8399014778325123
0.8559113300492611
0.833435960591133
0.9288793103448276
0.854679802955665
0.8426724137931034
0.7761699507389163
0.8996305418719212
0.8020320197044335
0.8029556650246306
0.9110221674876847
0.8294334975369458
0.9181034482758621
0.875307881773399
0.8374384236453202
0.8057266009852216
0.9091748768472906
0.9759852216748769
0.8275862068965517
0.8084975369458128
0.8386699507389163
0.7903325123152709
0.8771551724137931
0.9144088669950738
0.874384236453202
0.8004926108374384
0.853756157635468
0.8057266009852216
0.8103448275862069
0.8626847290640394
0.9599753694581281
0.7657019704433498
0.8383620689655172
0.9076354679802956
0.7761699507389163
0.9202586206896551
0.8417487684729064
0.8352832512315271
0.8679187192118226
0.9285714285714286
0.8913177339901478
0.8860837438423645
0.8282019704433498
0.8728448275862069
0.8192733990147784
0.8851600985221675
0.895935960591133
0.8768472906403941
0.8266625615763546
0.9134852216748769
0.7980295566502463
0.8673029556650246
0.8371305418719212
0.7580049261083743
0.9177955665024631
0.7521551724137931
0.8451354679802956
0.8870073891625616
0.8762315270935961
0.8608374384236454
0.9181034482758621
0.8793103448275862
0.7971059113300493
0.7690886699507389
0.9048645320197044
0.8263546798029556
0.8648399014778325
0.8303571428571429
0.9424261083743842
0.8303571428571429
0.9030172413793104
0.8349753694581281
0.8722290640394089
0.8106527093596059
0.9211822660098522
0.9267241379310345
0.8943965517241379
0.8716133004926109
0.8731527093596059
0.8900862068965517
0.8870073891625616
0.8950123152709359
0.8706896551724138
0.917179802955665
0.9113300492610837
0.9122536945812808
0.9177955665024631
0.7940270935960592
0.8063423645320197
0.8796182266009852
0.8177339901477833
0.8928571428571429
0.8556034482758621
0.8143472906403941
0.792179802955665
0.896551724137931
0.8762315270935961
0.8703817733990148
0.6705665024630542
0.8725369458128078
0.9202586206896551
0.9304187192118226
0.8115763546798029
0.8605295566502463
0.8303571428571429
0.8608374384236454
0.7807881773399015
0.9217980295566502
0.8737684729064039
0.9014778325123153
0.8783866995073891
0.9442733990147784
0.9054802955665024
0.7586206896551724
0.8879310344827587
0.8571428571428571
0.8999384236453202
0.9652093596059114
0.8149630541871922
0.9002463054187192
0.8676108374384236
0.8611453201970444
0.9187192118226601
0.9119458128078818
0.9144088669950738
0.7832512315270936
0.9461206896551724
0.8950123152709359
0.8041871921182266
0.7820197044334976
0.8719211822660099
0.895628078817734
0.8423645320197044
0.9233374384236454
0.7777093596059114
0.874384236453202
0.7891009852216748
0.8882389162561576
0.874692118226601
0.9057881773399015
0.8506773399014779
0.8826970443349754
0.9147167487684729
0.8777709359605911
0.8913177339901478
0.8322044334975369
0.8389778325123153
0.750615763546798
0.8885467980295566
0.8389778325123153
0.8845443349753694
0.812807881773399
0.9125615763546798
0.8269704433497537
0.8796182266009852
0.7484605911330049
0.8799261083743842
0.8435960591133005
0.8968596059113301
0.8974753694581281
0.8525246305418719
0.8719211822660099
0.8051108374384236
0.895935960591133
0.9356527093596059
0.8783866995073891
0.8857758620689655
0.8414408866995073
0.8380541871921182
0.7225985221674877
0.8685344827586207
0.8528325123152709
0.875307881773399
0.9067118226600985
0.8694581280788177
0.8808497536945813
0.7309113300492611
0.8038793103448276
0.8217364532019704
0.8802339901477833
0.8035714285714286
0.9088669950738916
0.8688423645320197
0.7626231527093597
0.9233374384236454
0.8897783251231527
0.8463669950738916
0.8565270935960592
0.8229679802955665
0.8592980295566502
0.8109605911330049
0.8897783251231527
0.9064039408866995
0.9488916256157636
0.8765394088669951
0.9479679802955665
0.8051108374384236
0.8516009852216748
0.7678571428571429
0.8817733990147784
0.9599753694581281
0.8519088669950738
0.9301108374384236
0.8032635467980296
0.8383620689655172
0.8525246305418719
0.895320197044335
0.8777709359605911
0.8112684729064039
0.8790024630541872
0.9439655172413793
0.8608374384236454
0.7395320197044335
0.9131773399014779
0.9005541871921182
0.9230295566502463
0.8072660098522167
0.9239532019704434
0.8922413793103449
0.8562192118226601
0.7924876847290641
0.8257389162561576
0.853448275862069
0.8839285714285714
0.9347290640394089
0.8605295566502463
0.9464285714285714
0.8463669950738916
0.8783866995073891
0.8740763546798029
0.895320197044335
0.7952586206896551
0.9054802955665024
0.7530788177339901
0.8220443349753694
0.8020320197044335
0.8685344827586207
0.8759236453201971
0.8300492610837439
0.8762315270935961
0.8922413793103449
0.8294334975369458
0.8694581280788177
0.916564039408867
0.7820197044334976
0.8993226600985221
0.9227216748768473
0.8950123152709359
0.8706896551724138
0.8408251231527094
0.8919334975369458
0.8805418719211823
0.8980911330049262
0.8186576354679803
0.8592980295566502
0.875307881773399
0.9033251231527094
0.7250615763546798
0.8910098522167488
0.7484605911330049
0.8254310344827587
0.9125615763546798
0.9245689655172413
0.8987068965517241
0.8614532019704434
0.916564039408867
0.7931034482758621
0.8161945812807881
0.8516009852216748
0.9100985221674877
0.8820812807881774
0.8765394088669951
0.8494458128078818
0.8346674876847291
0.8091133004926109
0.8023399014778325
0.9227216748768473
0.7897167487684729
0.8389778325123153
0.9319581280788177
0.8241995073891626
0.9418103448275862
0.8851600985221675
0.8891625615763546
0.8685344827586207
0.9562807881773399
0.8238916256157636
0.8509852216748769
0.8054187192118226
0.854679802955665
0.8291256157635468
0.8907019704433498
0.8559113300492611
0.9199507389162561
0.8907019704433498
0.9125615763546798
0.8442118226600985
0.8562192118226601
0.9424261083743842
0.7244458128078818
0.9304187192118226
0.8876231527093597
0.9239532019704434
0.5960591133004927
0.9556650246305419
0.8700738916256158
0.9141009852216748
0.8414408866995073
0.8873152709359606
0.8947044334975369
0.9485837438423645
0.8950123152709359
0.8503694581280788
0.8676108374384236
0.8848522167487685
0.8479064039408867
0.8506773399014779
0.9254926108374384
0.8552955665024631
0.8580665024630542
0.8186576354679803
0.9024014778325123
0.8845443349753694
0.9131773399014779
0.9288793103448276
0.9199507389162561
0.8937807881773399
0.8414408866995073
0.8913177339901478
0.9202586206896551
0.8999384236453202
0.8870073891625616
0.8272783251231527
0.854679802955665
0.8066502463054187
0.7730911330049262
0.9141009852216748
0.8716133004926109
0.8306650246305419
0.8140394088669951
0.9082512315270936
0.8685344827586207
0.9150246305418719
0.937807881773399
0.8448275862068966
0.8168103448275862
0.9116379310344828
0.8377463054187192
0.9036330049261084
0.9150246305418719
0.8857758620689655
0.8934729064039408
0.896551724137931
0.7690886699507389
0.8519088669950738
0.8937807881773399
0.8814655172413793
0.9291871921182266
0.8312807881773399
0.895935960591133
0.8679187192118226
0.9199507389162561
0.8863916256157636
0.8996305418719212
0.8922413793103449
0.8728448275862069
0.9214901477832512
0.8223522167487685
0.9177955665024631
0.9076354679802956
0.8925492610837439
0.9113300492610837
0.9307266009852216
0.8980911330049262
0.8260467980295566
0.8556034482758621
0.853448275862069
0.8666871921182266
0.8983990147783252
0.895935960591133
0.9122536945812808
0.9510467980295566
0.9424261083743842
0.8365147783251231
0.8814655172413793
0.7792487684729064
0.8629926108374384
0.8808497536945813
0.8833128078817734
0.792179802955665
0.8713054187192119
0.9141009852216748
0.7616995073891626
0.8633004926108374
0.8094211822660099
0.8217364532019704
0.8614532019704434
0.6865763546798029
0.8925492610837439
0.8115763546798029
0.8392857142857143
0.9211822660098522
0.9245689655172413
0.8405172413793104
0.791564039408867
0.833435960591133
0.8620689655172413
0.8091133004926109
0.8004926108374384
0.8983990147783252
0.8922413793103449
0.8285098522167488
0.8703817733990148
0.8260467980295566
0.7847906403940886
0.9239532019704434
0.8506773399014779
0.9307266009852216
0.9298029556650246
0.896243842364532
0.8325123152709359
0.7783251231527094
0.8152709359605911
0.8651477832512315
0.8509852216748769
0.8814655172413793
0.8725369458128078
0.8977832512315271
0.938115763546798
0.9082512315270936
0.8722290640394089
0.8845443349753694
0.8722290640394089
0.8716133004926109
0.7367610837438424
0.9451970443349754
0.812807881773399
0.9008620689655172
0.8482142857142857
0.8149630541871922
0.8241995073891626
0.8648399014778325
0.8691502463054187
0.8950123152709359
0.9485837438423645
0.8146551724137931
0.7333743842364532
0.8657635467980296
0.8078817733990148
0.7660098522167488
0.9353448275862069
0.9045566502463054
0.9094827586206896
0.8414408866995073
0.8854679802955665
0.8309729064039408
0.8469827586206896
0.8195812807881774
0.875307881773399
0.9039408866995073
0.895935960591133
0.7244458128078818
0.8488300492610837
0.8482142857142857
0.8355911330049262
0.8592980295566502
0.9100985221674877
0.8931650246305419
0.8833128078817734
0.8629926108374384
0.9473522167487685
0.9396551724137931
0.9636699507389163
0.9221059113300493
0.9184113300492611
0.8512931034482759
0.8238916256157636
0.875307881773399
0.9328817733990148
0.9482758620689655
0.8983990147783252
0.8475985221674877
0.854679802955665
0.9079433497536946
0.7980295566502463
0.8355911330049262
0.9356527093596059
0.9104064039408867
0.8934729064039408
0.8885467980295566
0.9199507389162561
0.8826970443349754
0.9184113300492611
0.8907019704433498
0.9008620689655172
0.9094827586206896
0.7752463054187192
0.8035714285714286
0.915948275862069
0.8786945812807881
0.8374384236453202
0.8620689655172413
0.8358990147783252
0.9713669950738916
0.8700738916256158
0.9125615763546798
0.7875615763546798
0.8251231527093597
0.8574507389162561
0.8626847290640394
0.9532019704433498
0.8282019704433498
0.9387315270935961
0.9224137931034483
0.8500615763546798
0.9024014778325123
0.9184113300492611
0.8722290640394089
0.9230295566502463
0.9294950738916257
0.8780788177339901
0.8205049261083743
0.9301108374384236
0.8285098522167488
0.8177339901477833
0.8913177339901478
0.9153325123152709
0.9147167487684729
0.8522167487684729
0.8466748768472906
0.895628078817734
0.9399630541871922
0.8432881773399015
0.9054802955665024
0.8925492610837439
0.7333743842364532
0.7130541871921182
0.8950123152709359
0.8044950738916257
0.7961822660098522
0.8109605911330049
0.8826970443349754
0.9322660098522167
0.854679802955665
0.8352832512315271
0.8857758620689655
0.7986453201970444
0.8910098522167488
0.9202586206896551
0.8987068965517241
0.8639162561576355
0.9110221674876847
0.7740147783251231
0.7838669950738916
0.9020935960591133
0.9602832512315271
0.8500615763546798
0.9519704433497537
0.7315270935960592
0.9781403940886699
0.9399630541871922
0.7974137931034483
0.7524630541871922
0.8987068965517241
0.8900862068965517
0.9451970443349754
0.8666871921182266
0.8639162561576355
0.9008620689655172
0.7432266009852216
0.9002463054187192
0.8512931034482759
0.7820197044334976
0.7807881773399015
0.8987068965517241
0.9224137931034483
0.8580665024630542
0.832820197044335
0.8503694581280788
0.8205049261083743
0.9384236453201971
0.8392857142857143
0.8620689655172413
0.7376847290640394
0.7718596059113301
0.8780788177339901
0.8968596059113301
0.936884236453202
0.8254310344827587
0.7924876847290641
0.7810960591133005
0.8435960591133005
0.7638546798029556
0.833128078817734
0.8531403940886699
0.8990147783251231
0.8897783251231527
0.9091748768472906
0.9079433497536946
0.9544334975369458
0.8626847290640394
0.8685344827586207
0.8556034482758621
0.9030172413793104
0.9732142857142857
0.8583743842364532
0.8309729064039408
0.8903940886699507
0.9288793103448276
0.854371921182266
0.8928571428571429
0.9088669950738916
0.8934729064039408
0.896243842364532
0.728448275862069
0.9615147783251231
0.8599137931034483
0.8679187192118226
0.8888546798029556
0.8968596059113301
0.8383620689655172
0.8808497536945813
0.8589901477832512
0.8663793103448276
0.9307266009852216
0.8586822660098522
0.9141009852216748
0.8460591133004927
0.9488916256157636
0.8469827586206896
0.8291256157635468
0.8863916256157636
0.8038793103448276
0.7647783251231527
0.7924876847290641
0.8759236453201971
0.8448275862068966
0.8860837438423645
0.8943965517241379
0.7586206896551724
0.8786945812807881
0.8346674876847291
0.8300492610837439
0.9491995073891626
0.853448275862069
0.8691502463054187
0.8088054187192119
0.8583743842364532
0.9091748768472906
0.9288793103448276
0.9596674876847291
0.8395935960591133
0.7472290640394089
0.8863916256157636
0.8460591133004927
0.8830049261083743
0.7475369458128078
0.8454433497536946
0.875
0.9073275862068966
0.8420566502463054
0.8469827586206896
0.9347290640394089
0.8947044334975369
0.7835591133004927
0.8860837438423645
0.7878694581280788
0.9276477832512315
0.9402709359605911
0.9116379310344828
0.8679187192118226
0.7967980295566502
0.7275246305418719
0.8580665024630542
0.9048645320197044
0.9725985221674877
0.9319581280788177
0.9113300492610837
0.9119458128078818
0.8325123152709359
0.8943965517241379
0.8900862068965517
0.9211822660098522
0.9104064039408867
0.8709975369458128
0.9091748768472906
0.8549876847290641
0.771243842364532
0.9008620689655172
0.9042487684729064
0.9510467980295566
0.9144088669950738
0.896551724137931
0.9196428571428571
0.8931650246305419
0.854064039408867
0.8457512315270936
0.8288177339901478
0.8201970443349754
0.8863916256157636
0.9344211822660099
0.8706896551724138
0.8057266009852216
0.8303571428571429
0.9110221674876847
0.9710591133004927
0.9134852216748769
0.8907019704433498
0.9141009852216748
0.9039408866995073
0.7832512315270936
0.7552339901477833
0.8651477832512315
0.8017241379310345
0.9652093596059114
0.9082512315270936
0.8149630541871922
0.8008004926108374
0.8725369458128078
0.7524630541871922
0.8060344827586207
0.8306650246305419
0.8488300492610837
0.8386699507389163
0.7820197044334976
0.9048645320197044
0.9230295566502463
0.7998768472906403
0.9282635467980296
0.8125
0.7820197044334976
0.9365763546798029
0.8722290640394089
0.9301108374384236
0.8651477832512315
0.8531403940886699
0.9461206896551724
0.9504310344827587
0.833435960591133
0.7961822660098522
0.8115763546798029
0.9091748768472906
0.9344211822660099
0.8075738916256158
0.8857758620689655
0.9491995073891626
0.8497536945812808
0.854371921182266
0.9091748768472906
0.8993226600985221
0.9005541871921182
0.8552955665024631
0.9695197044334976
0.8996305418719212
0.9525862068965517
0.7573891625615764
0.9073275862068966
0.874384236453202
0.8645320197044335
0.8916256157635468
0.625615763546798
0.9673645320197044
0.8950123152709359
0.9174876847290641
0.8205049261083743
0.9673645320197044
0.8940886699507389
0.9208743842364532
0.790948275862069
0.7847906403940886
0.8297413793103449
0.8229679802955665
0.8934729064039408
0.8466748768472906
0.812807881773399
0.7807881773399015
0.7943349753694581
0.8146551724137931
0.8870073891625616
0.6699507389162561
0.8389778325123153
0.8907019704433498
0.9273399014778325
0.8497536945812808
0.8854679802955665
0.8106527093596059
0.8796182266009852
0.8448275862068966
0.8522167487684729
0.8402093596059114
0.8272783251231527
0.832820197044335
0.9094827586206896
0.8346674876847291
0.8900862068965517
0.8839285714285714
0.8288177339901478
0.8648399014778325
0.8808497536945813
0.9141009852216748
0.8860837438423645
0.8617610837438424
0.6059113300492611
0.8482142857142857
0.8312807881773399
0.8706896551724138
0.8796182266009852
0.8352832512315271
0.9236453201970444
0.8069581280788177
0.9079433497536946
0.8851600985221675
0.854371921182266
0.8460591133004927
0.8709975369458128
0.9048645320197044
0.896243842364532
0.9319581280788177
0.874384236453202
0.9085591133004927
0.9211822660098522
0.8497536945812808
0.7838669950738916
0.8497536945812808
0.8719211822660099
0.8774630541871922
0.9461206896551724
0.875615763546798
0.8802339901477833
0.7743226600985221
0.9017857142857143
0.9057881773399015
0.9054802955665024
0.7780172413793104
0.8491379310344828
0.8472906403940886
0.9048645320197044
0.9356527093596059
0.8168103448275862
0.9017857142857143
0.9187192118226601
0.9113300492610837
0.8078817733990148
0.8830049261083743
0.9073275862068966
0.9020935960591133
0.8149630541871922
0.9057881773399015
0.6979679802955665
0.9100985221674877
0.8777709359605911
0.7989532019704434
0.8814655172413793
0.9008620689655172
0.8432881773399015
0.8836206896551724
0.8066502463054187
0.8435960591133005
0.9027093596059114
0.6628694581280788
0.9347290640394089
0.9525862068965517
0.833743842364532
0.8399014778325123
0.8907019704433498
0.8660714285714286
0.8041871921182266
0.9027093596059114
0.8300492610837439
0.8993226600985221
0.9310344827586207
0.8257389162561576
0.833128078817734
0.8011083743842364
0.9338054187192119
0.9067118226600985
0.9408866995073891
0.7761699507389163
0.958128078817734
0.8091133004926109
0.916564039408867
0.8562192118226601
0.9073275862068966
0.8790024630541872
0.8519088669950738
0.7379926108374384
0.8928571428571429
0.8500615763546798
0.8913177339901478
0.8947044334975369
0.8977832512315271
0.8660714285714286
0.8423645320197044
0.8574507389162561
0.8977832512315271
0.8916256157635468
0.8269704433497537
0.9202586206896551
0.8106527093596059
0.7540024630541872
0.8759236453201971
0.8494458128078818
0.9762931034482759
0.9565886699507389
0.9137931034482759
0.9485837438423645
0.917179802955665
0.6197660098522167
0.9294950738916257
0.8845443349753694
0.9399630541871922
0.9024014778325123
0.9418103448275862
0.8306650246305419
0.7376847290640394
0.853448275862069
0.8386699507389163
0.8811576354679803
0.7657019704433498
0.7660098522167488
0.8947044334975369
0.8716133004926109
0.7253694581280788
0.7884852216748769
0.9664408866995073
0.9085591133004927
0.9073275862068966
0.9082512315270936
0.8395935960591133
0.9082512315270936
0.8691502463054187
0.7943349753694581
0.8919334975369458
0.9033251231527094
0.8134236453201971
0.8645320197044335
0.957820197044335
0.8174261083743842
0.8774630541871922
0.9060960591133005
0.8783866995073891
0.8599137931034483
0.8694581280788177
0.9436576354679803
0.937807881773399
0.8626847290640394
0.8235837438423645
0.8808497536945813
0.7740147783251231
0.8623768472906403
0.8506773399014779
0.7684729064039408
0.8014162561576355
0.8020320197044335
0.8549876847290641
0.8408251231527094
0.8180418719211823
0.8971674876847291
0.8445197044334976
0.8254310344827587
0.8848522167487685
0.9535098522167488
0.9836822660098522
0.8355911330049262
0.8928571428571429
0.937807881773399
0.7866379310344828
0.9128694581280788
0.9184113300492611
0.9104064039408867
0.9181034482758621
0.9254926108374384
0.8245073891625616
0.9504310344827587
0.9147167487684729
0.8663793103448276
0.8931650246305419
0.7835591133004927
0.8066502463054187
0.8836206896551724
0.8910098522167488
0.7869458128078818
0.8494458128078818
0.8925492610837439
0.8488300492610837
0.9261083743842364
0.9547413793103449
0.8399014778325123
0.8648399014778325
0.9190270935960592
0.9156403940886699
0.8737684729064039
0.8931650246305419
0.8734605911330049
0.8269704433497537
0.8774630541871922
0.8294334975369458
0.9359605911330049
0.8549876847290641
0.875615763546798
0.8389778325123153
0.8823891625615764
0.8968596059113301
0.7854064039408867
0.8642241379310345
0.8848522167487685
0.8472906403940886
0.8405172413793104
0.9390394088669951
0.8485221674876847
0.9208743842364532
0.8143472906403941
0.8103448275862069
0.8562192118226601
0.8220443349753694
0.937807881773399
0.9131773399014779
0.8494458128078818
0.8676108374384236
0.9060960591133005
0.8528325123152709
0.7801724137931034
0.8971674876847291
0.938115763546798
0.8990147783251231
0.9033251231527094
0.9331896551724138
0.8460591133004927
0.8940886699507389
0.8522167487684729
0.9085591133004927
0.8559113300492611
0.9402709359605911
0.7669334975369458
0.8968596059113301
0.8645320197044335
0.9485837438423645
0.7743226600985221
0.8940886699507389
0.9301108374384236
0.915948275862069
0.9341133004926109
0.8599137931034483
0.7894088669950738
0.7490763546798029
0.8411330049261084
0.9270320197044335
0.8158866995073891
0.8155788177339901
0.896551724137931
0.9294950738916257
0.8648399014778325
0.9402709359605911
0.9076354679802956
0.8768472906403941
0.8402093596059114
0.8854679802955665
0.7980295566502463
0.9433497536945813
0.8198891625615764
0.9125615763546798
0.9652093596059114
0.9042487684729064
0.8614532019704434
0.9113300492610837
0.7620073891625616
0.8574507389162561
0.8823891625615764
0.854371921182266
0.8097290640394089
0.9618226600985221
0.8823891625615764
0.7764778325123153
0.8294334975369458
0.8158866995073891
0.7653940886699507
0.7934113300492611
0.8694581280788177
0.8802339901477833
0.8676108374384236
0.8919334975369458
0.8977832512315271
0.8971674876847291
0.9048645320197044
0.8198891625615764
0.9230295566502463
0.8485221674876847
0.9107142857142857
0.9729064039408867
0.8017241379310345
0.8709975369458128
0.9495073891625616
0.8706896551724138
0.8910098522167488
0.8094211822660099
0.9011699507389163
0.8254310344827587
0.7881773399014779
0.7195197044334976
0.9082512315270936
0.9020935960591133
0.8719211822660099
0.8300492610837439
0.9424261083743842
0.833743842364532
0.8318965517241379
0.8599137931034483
0.8673029556650246
0.916256157635468
0.8389778325123153
0.9411945812807881
0.728448275862069
0.9100985221674877
0.9221059113300493
0.7700123152709359
0.7583128078817734
0.8823891625615764
0.8269704433497537
0.9405788177339901
0.7906403940886699
0.8439039408866995
0.9559729064039408
0.8983990147783252
0.9344211822660099
0.9538177339901478
0.7844827586206896
0.9254926108374384
0.9328817733990148
0.9177955665024631
0.8140394088669951
0.9562807881773399
0.8223522167487685
0.8103448275862069
0.895628078817734
0.7823275862068966
0.8897783251231527
0.8368226600985221
0.8457512315270936
0.9039408866995073
0.7974137931034483
0.7657019704433498
0.8790024630541872
0.8713054187192119
0.8786945812807881
0.8950123152709359
0.8405172413793104
0.8322044334975369
0.8928571428571429
0.8408251231527094
0.9147167487684729
0.7518472906403941
0.8592980295566502
0.8768472906403941
0.8759236453201971
0.8411330049261084
0.9141009852216748
0.8996305418719212
0.8983990147783252
0.8589901477832512
0.9328817733990148
0.9251847290640394
0.8682266009852216
0.8990147783251231
0.7601600985221675
0.8288177339901478
0.8448275862068966
0.9150246305418719
0.916871921182266
0.8426724137931034
0.9387315270935961
0.8974753694581281
0.9076354679802956
0.7724753694581281
0.9304187192118226
0.8639162561576355
0.8740763546798029
0.8214285714285714
0.9205665024630542
0.7872536945812808
0.8368226600985221
0.8922413793103449
0.8125
0.9242610837438424
0.7924876847290641
0.8460591133004927
0.8907019704433498
0.8343596059113301
0.7810960591133005
0.9011699507389163
0.8771551724137931
0.8365147783251231
0.8491379310344828
0.8642241379310345
0.8980911330049262
0.958743842364532
0.8497536945812808
0.8402093596059114
0.8552955665024631
0.833435960591133
0.9199507389162561
0.9344211822660099
0.8454433497536946
0.9079433497536946
0.9630541871921182
0.895320197044335
0.8081896551724138
0.8774630541871922
0.7632389162561576
0.8768472906403941
0.9338054187192119
0.8996305418719212
0.8833128078817734
0.8432881773399015
0.9137931034482759
0.9134852216748769
0.9261083743842364
0.8583743842364532
0.8833128078817734
0.8371305418719212
0.9424261083743842
0.7767857142857143
0.8928571428571429
0.8703817733990148
0.8851600985221675
0.9565886699507389
0.8368226600985221
0.875615763546798
0.8636083743842364
0.8780788177339901
0.8506773399014779
0.8429802955665024
0.9270320197044335
0.8836206896551724
0.8694581280788177
0.9027093596059114
0.8940886699507389
0.8195812807881774
0.9048645320197044
0.8876231527093597
0.8894704433497537
0.8174261083743842
0.8574507389162561
0.8947044334975369
0.9024014778325123
0.8482142857142857
0.8605295566502463
0.9181034482758621
0.8740763546798029
0.8882389162561576
0.7213669950738916
0.8866995073891626
0.8993226600985221
0.8282019704433498
0.8913177339901478
0.9565886699507389
0.8445197044334976
0.8836206896551724
0.8734605911330049
0.9085591133004927
0.8322044334975369
0.8968596059113301
0.8642241379310345
0.8075738916256158
0.8054187192118226
0.9024014778325123
0.7281403940886699
0.8371305418719212
0.895935960591133
0.8272783251231527
0.8522167487684729
0.8866995073891626
0.7863300492610837
0.7866379310344828
0.9572044334975369
0.8485221674876847
0.9033251231527094
0.916256157635468
0.9005541871921182
0.8642241379310345
0.8891625615763546
0.7657019704433498
0.8439039408866995
0.8688423645320197
0.8910098522167488
0.8051108374384236
0.9762931034482759
0.8786945812807881
0.9338054187192119
0.9014778325123153
0.8645320197044335
0.9027093596059114
0.875
0.8451354679802956
0.8786945812807881
0.8519088669950738
0.875307881773399
0.8891625615763546
0.8192733990147784
0.8589901477832512
0.8198891625615764
0.8008004926108374
0.7466133004926109
0.9649014778325123
0.8866995073891626
0.8645320197044335
0.9091748768472906
0.8931650246305419
0.8405172413793104
0.8143472906403941
0.8990147783251231
0.9060960591133005
0.7943349753694581
0.8811576354679803
0.8171182266009852
0.7940270935960592
0.8931650246305419
0.8060344827586207
0.9270320197044335
0.8833128078817734
0.9051724137931034
0.7924876847290641
0.9424261083743842
0.854371921182266
0.8866995073891626
0.9436576354679803
0.8395935960591133
0.8830049261083743
0.8919334975369458
0.937192118226601
0.8894704433497537
0.3195812807881773
0.8146551724137931
0.8977832512315271
0.8774630541871922
0.8811576354679803
0.8802339901477833
0.9224137931034483
0.8069581280788177
0.8848522167487685
0.9627463054187192
0.9107142857142857
0.8903940886699507
0.9411945812807881
0.9356527093596059
0.8836206896551724
0.8974753694581281
0.8626847290640394
0.8974753694581281
0.8195812807881774
0.959051724137931
0.8497536945812808
0.9467364532019704
0.8913177339901478
0.7995689655172413
0.8651477832512315
0.9067118226600985
0.8161945812807881
0.8860837438423645
0.8309729064039408
0.7684729064039408
0.9202586206896551
0.8928571428571429
0.8229679802955665
0.9267241379310345
0.770320197044335
0.9048645320197044
0.8263546798029556
0.9217980295566502
0.8457512315270936
0.7838669950738916
0.8066502463054187
0.8439039408866995
0.8642241379310345
0.8232758620689655
0.8910098522167488
0.8134236453201971
0.9402709359605911
0.8673029556650246
0.8614532019704434
0.8873152709359606
0.9024014778325123
0.8703817733990148
0.8651477832512315
0.7940270935960592
0.8620689655172413
0.8109605911330049
0.8894704433497537
0.8454433497536946
0.9073275862068966
0.8660714285714286
0.8931650246305419
0.9107142857142857
0.8399014778325123
0.8285098522167488
0.8559113300492611
0.8716133004926109
0.8688423645320197
0.8060344827586207
0.8149630541871922
0.8583743842364532
0.916871921182266
0.8836206896551724
0.8500615763546798
0.8796182266009852
0.9045566502463054
0.937807881773399
0.7367610837438424
0.8552955665024631
0.8592980295566502
0.8937807881773399
0.8392857142857143
0.8457512315270936
0.6924261083743842
0.8983990147783252
0.7792487684729064
0.8423645320197044
0.9301108374384236
0.8500615763546798
0.8488300492610837
0.8479064039408867
0.8740763546798029
0.9476600985221675
0.8657635467980296
0.9174876847290641
0.8257389162561576
0.8556034482758621
0.7752463054187192
0.8439039408866995
0.8494458128078818
0.8032635467980296
0.9060960591133005
0.8922413793103449
0.8516009852216748
0.9196428571428571
0.9236453201970444
0.8035714285714286
0.8282019704433498
0.8608374384236454
0.8275862068965517
0.8885467980295566
0.7860221674876847
0.9353448275862069
0.7964901477832512
0.9254926108374384
0.9119458128078818
0.7764778325123153
0.8805418719211823
0.7881773399014779
0.8971674876847291
0.8900862068965517
0.9504310344827587
0.8716133004926109
0.917179802955665
0.8722290640394089
0.8916256157635468
0.8297413793103449
0.39655172413793105
0.8943965517241379
0.8177339901477833
0.8577586206896551
0.854371921182266
0.8620689655172413
0.8826970443349754
0.8288177339901478
0.9393472906403941
0.8275862068965517
0.9107142857142857
0.895628078817734
0.8903940886699507
0.8254310344827587
0.8931650246305419
0.9424261083743842
0.9649014778325123
0.9301108374384236
0.9011699507389163
0.8996305418719212
0.8180418719211823
0.8602216748768473
0.9307266009852216
0.8657635467980296
0.9181034482758621
0.8602216748768473
0.9316502463054187
0.8583743842364532
0.8522167487684729
0.9097906403940886
0.8977832512315271
0.8993226600985221
0.8888546798029556
0.9242610837438424
0.7924876847290641
0.8365147783251231
0.8931650246305419
0.8645320197044335
0.8195812807881774
0.8925492610837439
0.9196428571428571
0.7971059113300493
0.8057266009852216
0.9202586206896551
0.8174261083743842
0.8768472906403941
0.8026477832512315
0.8623768472906403
0.7823275862068966
0.9184113300492611
0.9147167487684729
0.8648399014778325
0.8971674876847291
0.8974753694581281
0.9122536945812808
0.8833128078817734
0.8734605911330049
0.9224137931034483
0.7841748768472906
0.8811576354679803
0.8660714285714286
0.7961822660098522
0.8420566502463054
0.854064039408867
0.8990147783251231
0.8371305418719212
0.9119458128078818
0.8888546798029556
0.6967364532019704
0.8565270935960592
0.9224137931034483
0.9433497536945813
0.8568349753694581
0.8549876847290641
0.8054187192118226
0.8999384236453202
0.8198891625615764
0.9107142857142857
0.8423645320197044
0.8980911330049262
0.8848522167487685
0.8500615763546798
0.9033251231527094
0.8469827586206896
0.8599137931034483
0.8826970443349754
0.8500615763546798
0.9131773399014779
0.9482758620689655
0.8645320197044335
0.8044950738916257
0.875307881773399
0.9030172413793104
0.8309729064039408
0.8943965517241379
0.8934729064039408
0.8648399014778325
0.8863916256157636
0.7835591133004927
0.8993226600985221
0.8186576354679803
0.875
0.8152709359605911
0.7826354679802956
0.9177955665024631
0.9094827586206896
0.7967980295566502
0.8549876847290641
0.8402093596059114
0.8097290640394089
0.9618226600985221
0.8608374384236454
0.9094827586206896
0.9224137931034483
0.8466748768472906
0.8429802955665024
0.8925492610837439
0.9572044334975369
0.8512931034482759
0.8057266009852216
0.834051724137931
0.9664408866995073
0.9153325123152709
0.9208743842364532
0.9298029556650246
0.7863300492610837
0.895320197044335
0.8029556650246306
0.9107142857142857
0.8657635467980296
0.9344211822660099
0.8343596059113301
0.8728448275862069
0.7306034482758621
0.8192733990147784
0.7638546798029556
0.8894704433497537
0.9054802955665024
0.7903325123152709
0.8377463054187192
0.9467364532019704
0.7838669950738916
0.9294950738916257
0.9008620689655172
0.7940270935960592
0.8697660098522167
0.728756157635468
0.9501231527093597
0.9057881773399015
0.9094827586206896
0.8833128078817734
0.9054802955665024
0.8882389162561576
0.9134852216748769
0.8725369458128078
0.625
0.8571428571428571
0.8066502463054187
0.8947044334975369
0.7724753694581281
0.8322044334975369
0.9187192118226601
0.896243842364532
0.8559113300492611
0.8987068965517241
0.8411330049261084
0.8389778325123153
0.8565270935960592
0.8349753694581281
0.2650862068965517
0.8897783251231527
0.9344211822660099
0.7955665024630542
0.9248768472906403
0.9199507389162561
0.8140394088669951
0.812192118226601
0.9196428571428571
0.7934113300492611
0.9427339901477833
0.9415024630541872
0.8571428571428571
0.8894704433497537
0.8522167487684729
0.6948891625615764
0.854064039408867
0.7974137931034483
0.8445197044334976
0.8023399014778325
0.8451354679802956
0.8740763546798029
0.7487684729064039
0.8475985221674877
0.9085591133004927
0.7456896551724138
0.9442733990147784
0.8922413793103449
0.8140394088669951
0.9248768472906403
0.8445197044334976
0.8916256157635468
0.8032635467980296
0.9433497536945813
0.8395935960591133
0.8599137931034483
0.9288793103448276
0.8636083743842364
0.9045566502463054
0.9285714285714286
0.936884236453202
0.813115763546798
0.8509852216748769
0.9264162561576355
0.8106527093596059
0.8574507389162561
0.8475985221674877
0.9134852216748769
0.874692118226601
0.8709975369458128
0.8679187192118226
0.7065886699507389
0.8694581280788177
0.9273399014778325
0.8586822660098522
0.8937807881773399
0.8971674876847291
0.8842364532019704
0.8987068965517241
0.8211206896551724
0.9048645320197044
0.8020320197044335
0.8205049261083743
0.8700738916256158
0.9116379310344828
0.7536945812807881
0.8402093596059114
0.9467364532019704
0.9532019704433498
0.8500615763546798
0.8771551724137931
0.8811576354679803
0.8365147783251231
0.8195812807881774
0.8395935960591133
0.9174876847290641
0.7826354679802956
0.7980295566502463
0.8783866995073891
0.9033251231527094
0.8343596059113301
0.8322044334975369
0.8374384236453202
0.8463669950738916
0.8269704433497537
0.9316502463054187
0.8854679802955665
0.8454433497536946
0.7940270935960592
0.8399014778325123
0.9193349753694581
0.8940886699507389
0.875615763546798
0.8103448275862069
0.916256157635468
0.9510467980295566
0.8482142857142857
0.875307881773399
0.7854064039408867
0.8371305418719212
0.895320197044335
0.8044950738916257
0.9251847290640394
0.8556034482758621
0.8389778325123153
0.8263546798029556
0.9199507389162561
0.7798645320197044
0.8993226600985221
0.9532019704433498
0.8479064039408867
0.8599137931034483
0.7669334975369458
0.7801724137931034
0.8125
0.9522783251231527
0.895320197044335
0.9310344827586207
0.9110221674876847
0.9304187192118226
0.8842364532019704
0.915948275862069
0.9544334975369458
0.7989532019704434
0.8020320197044335
0.8990147783251231
0.8266625615763546
0.896243842364532
0.8235837438423645
0.9091748768472906
0.9276477832512315
0.9485837438423645
0.8876231527093597
0.7660098522167488
0.9150246305418719
0.7272167487684729
0.9294950738916257
0.8913177339901478
0.8143472906403941
0.8669950738916257
0.9104064039408867
0.9242610837438424
0.8235837438423645
0.9710591133004927
0.9285714285714286
0.8482142857142857
0.8358990147783252
0.9556650246305419
0.8626847290640394
0.7657019704433498
0.8870073891625616
0.875
0.8823891625615764
0.8371305418719212
0.9522783251231527
0.8205049261083743
0.8765394088669951
0.8451354679802956
0.8737684729064039
0.8731527093596059
0.9501231527093597
0.8614532019704434
0.9079433497536946
0.9227216748768473
0.7810960591133005
0.7989532019704434
0.813115763546798
0.8294334975369458
0.8405172413793104
0.9334975369458128
0.7857142857142857
0.874384236453202
0.7657019704433498
0.8146551724137931
0.8796182266009852
0.8220443349753694
0.9134852216748769
0.7570812807881774
0.7666256157635468
0.9208743842364532
0.9239532019704434
0.7995689655172413
0.9245689655172413
0.9328817733990148
0.8774630541871922
0.9073275862068966
0.7419950738916257
0.8549876847290641
0.8152709359605911
0.8405172413793104
0.8571428571428571
0.9107142857142857
0.9030172413793104
0.8814655172413793
0.9008620689655172
0.7795566502463054
0.8854679802955665
0.771243842364532
0.8288177339901478
0.9060960591133005
0.9439655172413793
0.8100369458128078
0.9110221674876847
0.7841748768472906
0.8790024630541872
0.9008620689655172
0.7626231527093597
0.9442733990147784
0.8866995073891626
0.9128694581280788
0.8586822660098522
0.8814655172413793
0.8940886699507389
0.9008620689655172
0.687807881773399
0.8044950738916257
0.9276477832512315
0.9199507389162561
0.8519088669950738
0.9547413793103449
0.9097906403940886
0.9313423645320197
0.874692118226601
0.8516009852216748
0.8811576354679803
0.8691502463054187
0.8365147783251231
0.8737684729064039
0.8343596059113301
0.7767857142857143
0.9341133004926109
0.8322044334975369
0.8796182266009852
0.8580665024630542
0.8217364532019704
0.9264162561576355
0.8907019704433498
0.7949507389162561
0.8146551724137931
0.7746305418719212
0.8722290640394089
0.8245073891625616
0.8426724137931034
0.8257389162561576
0.834051724137931
0.8934729064039408
0.8146551724137931
0.7755541871921182
0.7838669950738916
0.749692118226601
0.832820197044335
0.7927955665024631
0.7752463054187192
0.7974137931034483
0.896551724137931
0.833435960591133
0.8611453201970444
0.9011699507389163
0.8482142857142857
0.729679802955665
0.895935960591133
0.9572044334975369
0.896551724137931
0.9113300492610837
0.9144088669950738
0.7961822660098522
0.791871921182266
0.8928571428571429
0.9593596059113301
0.8993226600985221
0.9390394088669951
0.8475985221674877
0.8509852216748769
0.8254310344827587
0.9402709359605911
0.9008620689655172
0.9214901477832512
0.9005541871921182
0.8928571428571429
0.9445812807881774
0.8676108374384236
0.9002463054187192
0.8623768472906403
0.8623768472906403
0.9030172413793104
0.7777093596059114
0.8768472906403941
0.9353448275862069
0.8285098522167488
0.9104064039408867
0.916564039408867
0.7974137931034483
0.770320197044335
0.8048029556650246
0.8374384236453202
0.6810344827586207
0.6742610837438424
0.8857758620689655
0.8439039408866995
0.7632389162561576
0.9532019704433498
0.8703817733990148
0.8937807881773399
0.8596059113300493
0.9131773399014779
0.8888546798029556
0.8940886699507389
0.7700123152709359
0.8420566502463054
0.8556034482758621
0.8091133004926109
0.8525246305418719
0.9202586206896551
0.9458128078817734
0.9396551724137931
0.8106527093596059
0.8971674876847291
0.8796182266009852
0.9504310344827587
0.8552955665024631
0.8559113300492611
0.8248152709359606
0.7906403940886699
0.9482758620689655
0.9288793103448276
0.8081896551724138
0.8759236453201971
0.7041256157635468
0.9082512315270936
0.8472906403940886
0.9190270935960592
0.8208128078817734
0.8950123152709359
0.8041871921182266
0.7869458128078818
0.8648399014778325
0.9064039408866995
0.9033251231527094
0.9602832512315271
0.8571428571428571
0.9365763546798029
0.8790024630541872
0.8155788177339901
0.9399630541871922
0.896243842364532
0.8694581280788177
0.8716133004926109
0.9485837438423645
0.9217980295566502
0.8719211822660099
0.8706896551724138
0.8322044334975369
0.9141009852216748
0.8805418719211823
0.8214285714285714
0.8916256157635468
0.7881773399014779
0.7589285714285714
0.7998768472906403
0.8509852216748769
0.8060344827586207
0.7838669950738916
0.9104064039408867
0.8626847290640394
0.7875615763546798
0.7629310344827587
0.875
0.9076354679802956
0.8814655172413793
0.7678571428571429
0.9125615763546798
0.8109605911330049
0.9122536945812808
0.8836206896551724
0.8633004926108374
0.9113300492610837
0.9217980295566502
0.8907019704433498
0.8860837438423645
0.8845443349753694
0.8648399014778325
0.8402093596059114
0.791871921182266
0.9331896551724138
0.9008620689655172
0.8241995073891626
0.8623768472906403
0.875307881773399
0.7213669950738916
0.9116379310344828
0.9559729064039408
0.9328817733990148
0.9424261083743842
0.8408251231527094
0.8657635467980296
0.9513546798029556
0.895628078817734
0.8626847290640394
0.8685344827586207
0.9528940886699507
0.8088054187192119
0.8623768472906403
0.9448891625615764
0.833128078817734
0.8771551724137931
0.8799261083743842
0.8171182266009852
0.8925492610837439
0.8208128078817734
0.9458128078817734
0.896551724137931
0.8740763546798029
0.916256157635468
0.8500615763546798
0.9030172413793104
0.854679802955665
0.8620689655172413
0.8100369458128078
0.8232758620689655
0.9104064039408867
0.8565270935960592
0.7826354679802956
0.8399014778325123
0.9538177339901478
0.6930418719211823
0.8679187192118226
0.895628078817734
0.8980911330049262
0.9073275862068966
0.895320197044335
0.8657635467980296
0.896243842364532
0.9307266009852216
0.7832512315270936
0.8987068965517241
0.9116379310344828
0.8990147783251231
0.9645935960591133
0.8531403940886699
0.8091133004926109
0.9593596059113301
0.8094211822660099
0.7974137931034483
0.8260467980295566
0.8805418719211823
0.8688423645320197
0.9002463054187192
0.8614532019704434
0.9279556650246306
0.8774630541871922
0.9221059113300493
0.8851600985221675
0.916256157635468
0.8913177339901478
0.9144088669950738
0.8497536945812808
0.7983374384236454
0.9147167487684729
0.8783866995073891
0.9205665024630542
0.8054187192118226
0.8155788177339901
0.8454433497536946
0.8420566502463054
0.8888546798029556
0.9027093596059114
0.8987068965517241
0.8454433497536946
0.8165024630541872
0.9701354679802956
0.854679802955665
0.8186576354679803
0.8531403940886699
0.8910098522167488
0.8140394088669951
0.8060344827586207
0.8947044334975369
0.8817733990147784
0.8559113300492611
0.9230295566502463
0.8149630541871922
0.8990147783251231
0.8263546798029556
0.9122536945812808
0.8620689655172413
0.2558497536945813
0.8214285714285714
0.8420566502463054
0.8645320197044335
0.8589901477832512
0.8472906403940886
0.9005541871921182
0.7897167487684729
0.8719211822660099
0.812192118226601
0.8623768472906403
0.9562807881773399
0.8790024630541872
0.8479064039408867
0.9248768472906403
0.7432266009852216
0.9045566502463054
0.8999384236453202
0.7967980295566502
0.875615763546798
0.8694581280788177
0.8937807881773399
0.9193349753694581
0.8100369458128078
0.9541256157635468
0.7844827586206896
0.8238916256157636
0.8260467980295566
0.9177955665024631
0.9707512315270936
0.8854679802955665
0.9273399014778325
0.8497536945812808
0.8980911330049262
0.8762315270935961
0.8999384236453202
0.9233374384236454
0.9036330049261084
0.9344211822660099
0.8165024630541872
0.8368226600985221
0.9122536945812808
0.9334975369458128
0.8075738916256158
0.9455049261083743
0.9926108374384236
0.8315886699507389
0.9205665024630542
0.8879310344827587
0.8241995073891626
0.9298029556650246
0.8950123152709359
0.9633620689655172
0.7102832512315271
0.8790024630541872
0.8891625615763546
0.8716133004926109
0.9522783251231527
0.8740763546798029
0.8583743842364532
0.8740763546798029
0.9298029556650246
0.8294334975369458
0.8155788177339901
0.9144088669950738
0.9094827586206896
0.9455049261083743
0.8149630541871922
0.9030172413793104
0.8980911330049262
0.8870073891625616
0.9134852216748769
0.9547413793103449
0.916256157635468
0.9818349753694581
0.9298029556650246
0.9079433497536946
0.9177955665024631
0.8885467980295566
0.8457512315270936
0.8642241379310345
0.9612068965517241
0.8029556650246306
0.9193349753694581
0.9270320197044335
0.8793103448275862
0.8503694581280788
0.8562192118226601
0.9190270935960592
0.8694581280788177
0.8919334975369458
0.8873152709359606
0.8811576354679803
0.9652093596059114
0.8765394088669951
0.7835591133004927
0.8423645320197044
0.8463669950738916
0.853448275862069
0.9624384236453202
0.9230295566502463
0.8833128078817734
0.9547413793103449
0.8611453201970444
0.854679802955665
0.8278940886699507
0.3192733990147783
0.8282019704433498
0.8783866995073891
0.8722290640394089
0.8322044334975369
0.895320197044335
0.8066502463054187
0.8429802955665024
0.7740147783251231
0.8322044334975369
0.9128694581280788
0.8897783251231527
0.7693965517241379
0.8023399014778325
0.8931650246305419
0.8072660098522167
0.8192733990147784
0.8842364532019704
0.7743226600985221
0.9322660098522167
0.8395935960591133
0.8870073891625616
0.8774630541871922
0.8300492610837439
0.874384236453202
0.875615763546798
0.8786945812807881
0.7721674876847291
0.8201970443349754
0.9113300492610837
0.8245073891625616
0.8457512315270936
0.8780788177339901
0.8355911330049262
0.915948275862069
0.9153325123152709
0.8796182266009852
0.8568349753694581
0.8103448275862069
0.8993226600985221
0.8839285714285714
0.9181034482758621
0.9227216748768473
0.7521551724137931
0.9100985221674877
0.9005541871921182
0.7971059113300493
0.8571428571428571
0.8365147783251231
0.8703817733990148
0.875615763546798
0.8817733990147784
0.7592364532019704
0.9011699507389163
0.9100985221674877
0.8645320197044335
0.8399014778325123
0.9199507389162561
0.8174261083743842
0.9125615763546798
0.8355911330049262
0.9134852216748769
0.8592980295566502
0.7863300492610837
0.7413793103448276
0.9208743842364532
0.6413177339901478
0.8531403940886699
0.896551724137931
0.8405172413793104
0.9307266009852216
0.9060960591133005
0.8506773399014779
0.8586822660098522
0.8245073891625616
0.7995689655172413
0.8312807881773399
0.9436576354679803
0.8275862068965517
0.9282635467980296
0.8660714285714286
0.8525246305418719
0.9190270935960592
0.9039408866995073
0.8805418719211823
0.8583743842364532
0.8691502463054187
0.8571428571428571
0.8411330049261084
0.8420566502463054
0.8863916256157636
0.8371305418719212
0.8885467980295566
0.8503694581280788
0.8278940886699507
0.8143472906403941
0.8503694581280788
0.8971674876847291
0.916871921182266
0.9261083743842364
0.9273399014778325
0.8472906403940886
0.7832512315270936
0.8383620689655172
0.8318965517241379
0.896243842364532
0.8799261083743842
0.8232758620689655
0.9418103448275862
0.8559113300492611
0.8180418719211823
0.8574507389162561
0.8420566502463054
0.9458128078817734
0.9051724137931034
0.792179802955665
0.853756157635468
0.9501231527093597
0.9359605911330049
0.9282635467980296
0.8882389162561576
0.7940270935960592
0.9799876847290641
0.7789408866995073
0.5665024630541872
0.9455049261083743
0.7974137931034483
0.8312807881773399
0.8571428571428571
0.9214901477832512
0.8417487684729064
0.8685344827586207
0.9153325123152709
0.8654556650246306
0.8783866995073891
0.8500615763546798
0.8189655172413793
0.8097290640394089
0.8408251231527094
0.9442733990147784
0.8460591133004927
0.8229679802955665
0.8352832512315271
0.9181034482758621
0.7755541871921182
0.9153325123152709
0.9264162561576355
0.9085591133004927
0.7995689655172413
0.708435960591133
0.8691502463054187
0.8435960591133005
0.8472906403940886
0.8848522167487685
0.9415024630541872
0.8531403940886699
0.8851600985221675
0.8294334975369458
0.8439039408866995
0.8916256157635468
0.6022167487684729
0.8565270935960592
0.8325123152709359
0.9020935960591133
0.8931650246305419
0.7195197044334976
0.8485221674876847
0.875307881773399
0.8371305418719212
0.8820812807881774
0.8365147783251231
0.9362684729064039
0.8633004926108374
0.7891009852216748
0.729371921182266
0.8174261083743842
0.9350369458128078
0.8860837438423645
0.9147167487684729
0.8189655172413793
0.7453817733990148
0.9073275862068966
0.896243842364532
0.8716133004926109
0.8041871921182266
0.9334975369458128
0.9128694581280788
