0.5287380258225739
0.8579758433985839
0.7032486463973344
0.6793002915451894
0.3344439816743024
0.6551436901291129
0.5481049562682215
0.8700541441066223
0.8556851311953353
0.48833819241982507
0.4785506039150354
0.6103706788837984
0.7401082882132445
0.426905456059975
0.8898375676801332
0.770512286547272
0.7646813827571846
0.6103706788837984
0.635985006247397
0.7880049979175343
0.5972511453561016
0.7357351103706788
0.532069970845481
0.6670137442732195
0.7434402332361516
0.8331945022907122
0.7740524781341108
0.7224073302790504
0.7336526447313619
0.7932111620158268
0.6709704289879217
0.7992503123698459
0.6591003748438151
0.6770095793419408
0.8438150770512286
0.882548937942524
0.7921699291961682
0.7386505622657226
0.42586422324031653
0.6118284048313203
0.8186172428154935
0.8450645564348188
0.7498958767180341
0.9339858392336526
0.7698875468554769
0.6615993336109954
0.6763848396501457
0.7115785089546023
0.726780508121616
0.6820074968763016
0.4841732611411912
0.6532694710537276
0.7005414410662224
0.7603082049146189
0.8583923365264473
0.7480216576426489
0.8309037900874635
0.6951270304039984
0.8808829654310704
0.6301541024573094
0.5639316951270305
0.6892961266139108
0.8521449396084965
0.8667221990837152
0.5741357767596834
0.6992919616826322
0.8469387755102041
0.814868804664723
0.8748438150770512
0.7952936276551437
0.6559766763848397
0.612036651395252
0.6503540191586838
0.8502707205331113
0.8912952936276551
0.5818408996251562
0.5814244064972928
0.9254477301124532
0.7092877967513536
0.8113286130778842
0.9064972927946688
0.7057476051645147
0.38900458142440647
0.8746355685131195
0.7344856309870887
0.6640982923781757
0.7925864223240316
0.7290712203248646
0.6857559350270721
0.6674302374010829
0.9171178675551853
0.8842149104539775
0.7725947521865889
0.550603915035402
0.6322365680966264
0.7099125364431487
0.7455226988754685
0.4227405247813411
0.5882965431070387
0.8604748021657642
0.9481466055810079
0.7653061224489796
0.7099125364431487
0.6984589754269055
0.9035818408996251
0.8177842565597667
0.7165764264889629
0.8504789670970428
0.665347771761766
0.8771345272802998
0.5339441899208663
0.3719283631820075
0.7082465639316952
0.8050812161599333
0.550603915035402
0.687838400666389
0.7351103706788839
0.5458142440649729
0.7486463973344439
0.7286547271970012
0.6128696376509788
0.7457309454394002
0.5920449812578092
0.6799250312369846
0.5982923781757601
0.6107871720116618
0.7011661807580175
0.8908788004997917
0.676176593086214
0.8092461474385673
0.7332361516034985
0.9104539775093711
0.7128279883381924
0.7332361516034985
0.717201166180758
0.7473969179508538
0.6980424822990421
0.8109121199500208
0.6872136609745939
0.7911286963765097
0.9400249895876718
0.6545189504373178
0.68304872969596
0.7192836318200749
0.8713036234902124
0.6757600999583507
0.7009579341940858
0.8036234902124115
0.8392336526447314
0.5816326530612245
0.590170762182424
0.6586838817159517
0.5899625156184923
0.6449396084964598
0.5306122448979592
0.45835068721366096
0.7230320699708455
0.25885047896709706
0.6449396084964598
0.8987921699291962
0.7611411911703457
0.7446897126197418
0.8556851311953353
0.6082882132444815
0.731570179092045
0.6436901291128696
0.9375260308204915
0.7757184506455643
0.5041649312786339
0.6686797167846731
0.8173677634319034
0.8086214077467722
0.6470220741357767
0.6247396917950854
0.68304872969596
0.7873802582257393
0.7201166180758017
0.9006663890045814
0.758850478967097
0.6961682632236568
0.9479383590170762
0.8648479800083299
0.7825905872553103
0.7482299042065806
0.6849229487713453
0.7546855476884632
0.6472303206997084
0.6872136609745939
0.7215743440233237
0.693252811328613
0.5905872553102873
0.6422324031653478
0.638692211578509
0.7190753852561432
0.7838400666389005
0.694710537276135
0.7180341524364848
0.5708038317367763
0.6743023740108288
0.9027488546438984
0.8919200333194502
0.5780924614743856
0.8279883381924198
0.917326114119117
0.6128696376509788
0.9435651811745106
0.6513952519783424
0.5851728446480633
0.7436484798000833
0.7988338192419825
0.7423990004164931
0.8002915451895044
0.7528113286130779
0.8007080383173678
0.8467305289462724
0.6122448979591837
0.8336109954185756
0.6222407330279051
0.7771761765930862
0.8090379008746356
0.7111620158267389
0.7865472719700125
0.6940857975843399
0.6955435235318618
0.5553935860058309
0.5753852561432736
0.5581007913369429
0.7603082049146189
0.5414410662224073
0.864014993752603
0.6411911703456893
0.8479800083298625
0.4179508538109121
0.7428154935443565
0.6055810079133694
0.7461474385672636
0.6609745939192003
0.7686380674718867
0.6793002915451894
0.7842565597667639
0.6834652228238234
0.592877967513536
0.6226572261557685
0.6432736359850062
0.7436484798000833
0.8200749687630154
0.8792169929196169
0.8779675135360266
0.629112869637651
0.9019158683881716
0.22907122032486463
0.7336526447313619
0.7809246147438568
0.7282382340691379
0.6012078300708038
0.8792169929196169
0.6561849229487714
0.7155351936693044
0.9616826322365681
0.6305705955851728
0.8325697625989171
0.697417742607247
0.7338608912952936
0.8065389421074552
0.8204914618908788
0.7548937942523949
0.9160766347355269
0.6903373594335693
0.594960433152853
0.6670137442732195
0.8575593502707205
0.6882548937942524
0.6765930862140774
0.8627655143690129
0.6289046230737193
0.6257809246147439
0.7571845064556435
0.4198250728862974
0.6986672219908372
0.6793002915451894
0.5324864639733444
0.6137026239067055
0.7009579341940858
0.5716368179925031
0.6032902957101208
0.7428154935443565
0.9527280299875052
0.5962099125364432
0.6828404831320283
0.7378175760099959
0.9000416493127863
0.20762182423990005
0.7130362349021241
0.8240316534777176
0.44564764681382757
0.7176176593086214
0.6480633069554352
0.6959600166597251
0.6890878800499792
0.26343190337359434
0.5699708454810496
0.8546438983756768
0.5803831736776344
0.8575593502707205
0.8577675968346522
0.7863390254060808
0.9248229904206581
0.7501041232819659
0.846314035818409
0.6857559350270721
0.7613494377342774
0.7975843398583924
0.9329446064139941
0.6570179092044981
0.6951270304039984
0.6895043731778425
0.7078300708038318
0.7613494377342774
0.7169929196168263
0.6622240733027905
0.9056643065389421
0.6582673885880883
0.7698875468554769
0.5174927113702624
0.5893377759266972
0.7769679300291545
0.746563931695127
0.6936693044564765
0.7151187005414411
0.8760932944606414
0.8688046647230321
0.6834652228238234
0.7536443148688047
0.8583923365264473
0.6776343190337359
0.9275301957517701
0.7840483132028322
0.7288629737609329
0.7967513536026656
0.8331945022907122
0.9373177842565598
0.824448146605581
0.6832569762598917
0.8760932944606414
0.936484798000833
0.7197001249479383
0.5970428987921699
0.7873802582257393
0.8234069137859226
0.722615576842982
0.6513952519783424
0.6128696376509788
0.6516034985422741
0.7900874635568513
0.7613494377342774
0.8321532694710537
0.5453977509371095
0.6649312786339026
0.6632653061224489
0.334027488546439
0.8294460641399417
0.8952519783423574
0.8229904206580592
0.7723865056226572
0.736359850062474
0.5689296126613911
0.5974593919200333
0.7113702623906706
0.7840483132028322
0.8138275718450646
0.704914618908788
0.8635985006247396
0.8608912952936276
0.653685964181591
0.8698458975426906
0.7407330279050396
0.7771761765930862
0.9373177842565598
0.697417742607247
0.5276967930029155
0.9148271553519367
0.644106622240733
0.7346938775510204
0.6609745939192003
0.7873802582257393
0.47771761765930865
0.5912119950020824
0.9202415660141607
0.590795501874219
0.9398167430237401
0.8177842565597667
0.8965014577259475
0.4922948771345273
0.6618075801749271
0.6909620991253644
0.6874219075385256
0.8040399833402749
0.9323198667221991
0.8394418992086631
0.9512703040399834
0.7111620158267389
0.7869637650978759
0.8817159516867972
0.6151603498542274
0.6661807580174927
0.6657642648896294
0.7334443981674302
0.5385256143273636
0.7917534360683048
0.8433985839233653
0.6693044564764682
0.7399000416493128
0.5787172011661808
0.4654310703873386
0.7688463140358184
0.7047063723448563
0.6695127030403998
0.6682632236568097
0.6411911703456893
0.3894210745522699
0.9108704706372345
0.6057892544773011
0.46418159100374845
0.7444814660558101
0.8038317367763432
0.6320283215326947
0.8242399000416493
0.635985006247397
0.7086630570595586
0.911911703456893
0.8227821740941275
0.963765097875885
0.690545605997501
0.6420241566014161
0.248646397334444
0.8635985006247396
0.6888796334860475
0.7446897126197418
0.8983756768013328
0.7571845064556435
0.8954602249062891
0.5081216159933362
0.4916701374427322
0.6032902957101208
0.607246980424823
0.6449396084964598
0.8788004997917535
0.6770095793419408
0.814868804664723
0.6711786755518534
0.5943356934610579
0.9481466055810079
0.7217825905872554
0.8352769679300291
0.6809662640566431
0.6180758017492711
0.8152852977925864
0.504789670970429
0.6255726780508122
0.9443981674302374
0.6872136609745939
0.9133694294044148
0.7551020408163265
0.8336109954185756
0.619533527696793
0.6867971678467305
0.6089129529362766
0.8425655976676385
0.5226988754685548
0.8479800083298625
0.7780091628488129
0.5801749271137027
0.6799250312369846
0.734277384423157
0.6961682632236568
0.838817159516868
0.704914618908788
0.5201999167013744
0.7374010828821325
0.7332361516034985
0.6903373594335693
0.8704706372344856
0.6886713869221158
0.7451062057476051
0.6620158267388588
0.7628071636817992
0.7440649729279467
0.7469804248229904
0.6888796334860475
0.5414410662224073
0.7963348604748022
0.5208246563931695
0.6457725947521866
0.6407746772178259
0.7463556851311953
0.9027488546438984
0.9031653477717617
0.5849645980841316
0.446688879633486
0.8300708038317368
0.6553519366930446
0.8202832153269471
0.7671803415243649
0.702207413577676
0.2992503123698459
0.6301541024573094
0.7501041232819659
0.9121199500208247
0.6907538525614327
0.8898375676801332
0.8952519783423574
0.7755102040816326
0.6784673052894628
0.8129945855893378
0.7182423990004165
0.6890878800499792
0.7603082049146189
0.5493544356518117
0.7486463973344439
0.9114952103290296
0.7530195751770096
0.909204498125781
0.8140358184089963
0.8423573511037068
0.7990420658059142
0.7409412744689713
0.9017076218242399
0.4954185755935027
0.6401499375260308
0.6001665972511454
0.6328613077884215
0.5520616409829238
0.8944189920866306
0.7509371095376927
0.6811745106205748
0.7053311120366514
0.54914618908788
0.7369845897542691
0.7811328613077885
0.6455643481882549
0.6559766763848397
0.6715951686797168
0.7457309454394002
0.7996668054977093
0.8848396501457726
0.6236984589754269
0.7857142857142857
0.43960849645980843
0.6595168679716785
0.8082049146189088
0.6513952519783424
0.8702623906705539
0.9031653477717617
0.8381924198250729
0.8588088296543107
0.8188254893794252
0.8365264473136194
0.6343190337359433
0.6095376926280717
0.64618908788005
0.6951270304039984
0.5501874219075386
0.44710537276134943
0.8023740108288213
0.8277800916284881
0.7719700124947938
0.6640982923781757
0.9283631820074969
0.778633902540608
0.4912536443148688
0.7259475218658892
0.9056643065389421
0.7780091628488129
0.7413577675968347
0.8138275718450646
0.963765097875885
0.6109954185755935
0.5822573927530196
0.6478550603915035
0.5978758850478967
0.8658892128279884
0.5718450645564348
0.7394835485214494
0.8967097042898792
0.7823823406913786
0.7542690545605998
0.8583923365264473
0.6453561016243232
0.726780508121616
0.7180341524364848
0.5281132861307788
0.8792169929196169
0.8958767180341525
0.797167846730529
0.6103706788837984
0.8829654310703874
0.8184089962515618
0.5695543523531862
0.7896709704289879
0.8021657642648896
0.7421907538525614
0.592877967513536
0.5733027905039567
0.697417742607247
0.9406497292794669
0.48458975426905454
0.7051228654727197
0.8125780924614744
0.7282382340691379
0.760932944606414
0.750728862973761
0.84152436484798
0.6863806747188671
0.6561849229487714
0.5849645980841316
0.9425239483548521
0.821740941274469
0.7378175760099959
0.8960849645980842
0.7042898792169929
0.6663890045814244
0.5837151187005415
0.7490628904623073
0.40816326530612246
0.6626405664306539
0.7650978758850479
0.6776343190337359
0.5553935860058309
0.6613910870470637
0.7642648896293212
0.44752186588921283
0.7063723448563098
0.7984173261141191
0.6491045397750937
0.6497292794668887
0.6911703456892961
0.6809662640566431
0.7380258225739276
0.7725947521865889
0.6645147855060392
0.8202832153269471
0.7088713036234903
0.7750937109537692
0.5924614743856726
0.700124947938359
0.4995835068721366
0.7513536026655561
0.8621407746772178
0.5426905456059975
0.7571845064556435
0.7190753852561432
0.9471053727613494
0.54914618908788
0.5610162432319866
0.8475635152019991
0.6951270304039984
0.7578092461474386
0.885256143273636
0.6561849229487714
0.661182840483132
0.5849645980841316
0.7319866722199083
0.7642648896293212
0.8159100374843815
0.9014993752603082
0.6774260724698042
0.739067055393586
0.6393169512703041
0.6665972511453561
0.665347771761766
0.7557267805081216
0.6445231153685964
0.7746772178259058
0.8875468554768846
0.8575593502707205
0.8831736776343191
0.7542690545605998
0.7586422324031653
0.7707205331112037
0.7698875468554769
0.8348604748021657
0.6245314452311537
0.6740941274468971
0.7663473552686381
0.7694710537276135
0.6266139108704707
0.24635568513119532
0.71990837151187
0.5718450645564348
0.505414410662224
0.8433985839233653
0.7305289462723865
0.6897126197417742
0.6543107038733861
0.7744689712619742
0.7026239067055393
0.8192419825072886
0.7151187005414411
0.7232403165347772
0.8713036234902124
0.5235318617242816
0.6082882132444815
0.9017076218242399
0.7571845064556435
0.9056643065389421
0.8419408579758434
0.6640982923781757
0.8138275718450646
0.722615576842982
0.4916701374427322
0.7013744273219492
0.6411911703456893
0.6886713869221158
0.7086630570595586
0.6828404831320283
0.5630987088713036
0.678259058725531
0.8194502290712203
0.756143273635985
0.9056643065389421
0.6534777176176593
0.8644314868804664
0.6372344856309871
0.7663473552686381
0.7401082882132445
0.6297376093294461
0.7469804248229904
0.6822157434402333
0.64618908788005
0.7007496876301541
0.4704289879216993
0.5716368179925031
0.8356934610578926
0.7501041232819659
0.5406080799666806
0.806747188671387
0.5497709287796751
0.8508954602249063
0.879841732611412
0.6501457725947521
0.8277800916284881
0.6670137442732195
0.7836318200749688
0.7374010828821325
0.7936276551436902
0.7101207830070804
0.7673885880882966
0.7742607246980425
0.7080383173677635
0.7655143690129113
0.8275718450645564
0.6012078300708038
0.9185755935027072
0.734277384423157
0.8569346105789254
0.6095376926280717
0.8011245314452311
0.5139525197834236
0.7734277384423157
0.6711786755518534
0.27905039566847145
0.7913369429404414
0.627030403998334
0.8269471053727614
0.24947938359017077
0.7503123698458976
0.5814244064972928
0.7961266139108705
0.7894627238650562
0.6172428154935443
0.8057059558517284
0.8883798417326114
0.6826322365680966
0.646813827571845
0.6303623490212411
0.6751353602665556
0.8234069137859226
0.5360266555601833
0.6303623490212411
0.6709704289879217
0.6828404831320283
0.6205747605164514
0.7846730528946272
0.2523948354852145
0.6909620991253644
0.7925864223240316
0.855893377759267
0.7088713036234903
0.6728446480633069
0.6341107871720116
0.7526030820491462
0.7757184506455643
0.8132028321532695
0.7515618492294878
0.8619325281132861
0.753436068304873
0.7692628071636818
0.6470220741357767
0.7092877967513536
0.5535193669304457
0.8556851311953353
0.6409829237817576
0.7755102040816326
0.7742607246980425
0.6116201582673886
0.5660141607663474
0.634527280299875
0.6753436068304873
0.8985839233652645
0.6491045397750937
0.8048729695960016
0.7444814660558101
0.9285714285714286
0.49042065805914203
0.9591836734693877
0.8084131611828405
0.8190337359433569
0.7838400666389005
0.7238650562265723
0.8306955435235318
0.6124531445231154
0.8302790503956685
0.6447313619325281
0.5953769262807164
0.7376093294460642
0.8565181174510621
0.47625989171178673
0.7457309454394002
0.8225739275301958
0.7650978758850479
0.624323198667222
0.7201166180758017
0.71990837151187
0.6118284048313203
0.6788837984173262
0.6936693044564765
0.8592253227821741
0.7232403165347772
0.6568096626405664
0.7086630570595586
0.5543523531861724
0.5705955851728447
0.392753019575177
0.7430237401082882
0.668054977092878
0.8334027488546439
0.6549354435651812
0.5955851728446481
0.6718034152436485
0.553311120366514
0.8629737609329446
0.797167846730529
0.7180341524364848
0.8677634319033736
0.6105789254477301
0.8658892128279884
0.7161599333610995
0.8725531028738026
0.6674302374010829
0.6176593086214077
0.6339025406080799
0.5755935027072053
0.5739275301957518
0.6880466472303207
0.8390254060807997
0.6861724281549354
0.7286547271970012
0.6861724281549354
0.7017909204498126
0.534777176176593
0.9464806330695543
0.6403581840899625
0.7044981257809246
0.5787172011661808
0.6568096626405664
0.45626822157434405
0.5006247396917951
0.6289046230737193
0.8450645564348188
0.8404831320283215
0.693252811328613
0.8860891295293628
0.8450645564348188
0.7369845897542691
0.6430653894210746
0.7865472719700125
0.6193252811328613
0.6661807580174927
0.7834235735110371
0.5891295293627655
0.6876301541024573
0.49812578092461474
0.7428154935443565
0.6693044564764682
0.8944189920866306
0.8446480633069554
0.661182840483132
0.8869221157850895
0.5628904623073719
0.8673469387755102
0.6218242399000417
0.8150770512286547
0.7423990004164931
0.71990837151187
0.8440233236151603
0.6674302374010829
0.8835901707621824
0.8367346938775511
0.6957517700957934
0.638692211578509
0.7936276551436902
0.8477717617659308
0.8723448563098709
0.2830070803831737
0.6915868388171595
0.758850478967097
0.8952519783423574
0.7796751353602666
0.7324031653477717
0.5882965431070387
0.8338192419825073
0.7053311120366514
0.7047063723448563
0.7852977925864223
0.7186588921282799
0.76780508121616
0.6747188671386922
0.7338608912952936
0.8277800916284881
0.8985839233652645
0.6624323198667222
0.7927946688879633
0.6401499375260308
0.8929612661391088
0.8683881715951687
0.7748854643898375
0.7413577675968347
0.7401082882132445
0.626405664306539
0.7661391087047064
0.7738442315701791
0.6403581840899625
0.8877551020408163
0.8246563931695127
0.6628488129945855
0.7174094127446897
0.5816326530612245
0.6426488962932112
0.6632653061224489
0.6361932528113287
0.8275718450645564
0.8252811328613078
0.7215743440233237
0.6828404831320283
0.7644731361932529
0.8127863390254061
0.6613910870470637
0.6395251978342358
0.8161182840483132
0.47188671386922115
0.6836734693877551
0.6965847563515202
0.7257392753019575
0.6478550603915035
0.4100374843815077
0.9033735943356934
0.7634319033735943
0.5903790087463557
0.7690545605997501
0.6541024573094544
0.6786755518533945
0.8471470220741357
0.7072053311120367
0.6580591420241566
0.7748854643898375
0.7484381507705122
0.7546855476884632
0.8723448563098709
0.6805497709287797
0.6682632236568097
0.7784256559766763
0.5045814244064973
0.5966264056643066
0.6859641815910037
0.7815493544356518
0.7607246980424823
0.8342357351103706
0.48771345272802996
0.5624739691795085
0.8406913785922532
0.736359850062474
0.5283215326947105
0.7730112453144523
0.7203248646397334
0.8513119533527697
0.47209496043315285
0.5668471470220742
0.592877967513536
0.7067888379841732
0.6834652228238234
0.7884214910453977
0.8117451062057476
0.7748854643898375
0.6261974177426073
0.6847147022074136
0.594960433152853
0.8102873802582258
0.8881715951686797
0.24593919200333195
0.844231570179092
0.8815077051228655
0.8456892961266139
0.7017909204498126
0.6805497709287797
0.7644731361932529
0.8688046647230321
0.26842982090795503
0.5847563515201999
0.6980424822990421
0.5318617242815493
0.8359017076218243
0.7544773011245315
0.7203248646397334
0.7690545605997501
0.809454394002499
0.6705539358600583
0.7305289462723865
0.7842565597667639
0.5418575593502707
0.7521865889212828
0.7288629737609329
0.5651811745106206
0.37546855476884633
0.5535193669304457
0.6403581840899625
0.8365264473136194
0.824448146605581
0.6551436901291129
0.7911286963765097
0.6101624323198668
0.600374843815077
0.6236984589754269
0.7503123698458976
0.6965847563515202
0.7057476051645147
0.3856726364014994
0.7365680966264057
0.7451062057476051
0.256143273635985
0.8157017909204498
0.5270720533111204
0.9275301957517701
0.47771761765930865
0.6411911703456893
0.7869637650978759
0.5822573927530196
0.6480633069554352
0.6978342357351104
0.7136609745939192
0.8561016243231987
0.7746772178259058
0.6368179925031237
0.8648479800083299
0.7203248646397334
0.8002915451895044
0.5670553935860059
0.6726364014993753
0.534777176176593
0.6157850895460225
0.13806747188671387
0.7825905872553103
0.7961266139108705
0.899625156184923
0.6247396917950854
0.7528113286130779
0.655768429820908
0.7669720949604332
0.5443565181174511
0.7896709704289879
0.9044148271553519
0.7019991670137443
0.6541024573094544
0.6297376093294461
0.8379841732611412
0.4037900874635568
0.8904623073719283
0.717201166180758
0.556018325697626
0.7823823406913786
0.7544773011245315
0.793002915451895
0.5291545189504373
0.6793002915451894
0.7159516867971678
0.8100791336942941
0.8690129112869638
0.7557267805081216
0.6674302374010829
0.6220324864639734
0.6624323198667222
0.7934194085797585
0.23448563098708872
0.7061640982923781
0.4756351520199917
0.8315285297792586
0.7244897959183674
0.8250728862973761
0.7542690545605998
0.22094960433152852
0.7261557684298209
0.6903373594335693
0.7532278217409413
0.5780924614743856
0.7365680966264057
0.7863390254060808
0.7530195751770096
0.6709704289879217
0.673469387755102
0.6788837984173262
0.5830903790087464
0.6336942940441482
0.8090379008746356
0.6709704289879217
0.6972094960433153
0.627030403998334
0.853186172428155
0.6459808413161183
0.5033319450229071
0.8104956268221575
0.8744273219491878
0.7603082049146189
0.8571428571428571
0.7284464806330696
0.853186172428155
0.9054560599750104
0.922740524781341
0.6430653894210746
0.9612661391087047
0.8054977092877967
0.6534777176176593
0.7942523948354853
0.7426072469804248
0.6266139108704707
0.5885047896709704
0.7378175760099959
0.8438150770512286
0.5847563515201999
0.8971261974177426
0.8835901707621824
0.7205331112036651
0.8371511870054145
0.9229487713452728
0.8048729695960016
0.6936693044564765
0.8688046647230321
0.6130778842149105
0.7238650562265723
0.6486880466472303
0.47646813827571843
0.6855476884631404
0.8721366097459392
0.4356518117451062
0.6890878800499792
0.64618908788005
0.6118284048313203
0.7738442315701791
0.7567680133277801
0.885256143273636
0.5718450645564348
0.7351103706788839
0.5091628488129946
0.8733860891295293
0.7444814660558101
0.563515201999167
0.6470220741357767
0.8935860058309038
0.6166180758017493
0.8152852977925864
0.7176176593086214
0.8425655976676385
0.6501457725947521
0.8221574344023324
0.836109954185756
0.6980424822990421
0.9004581424406497
0.6555601832569763
0.7784256559766763
0.8342357351103706
0.6182840483132028
0.7409412744689713
0.7688463140358184
0.6817992503123699
0.7463556851311953
0.6867971678467305
0.7451062057476051
0.6320283215326947
0.6922115785089547
0.5289462723865056
0.8438150770512286
0.7675968346522283
0.6080799666805498
0.6543107038733861
0.6970012494793836
0.7440649729279467
0.529362765514369
0.8458975426905456
0.631820074968763
0.8561016243231987
0.7661391087047064
0.6561849229487714
0.8990004164931279
0.8165347771761766
0.8690129112869638
0.9058725531028738
0.9096209912536443
0.7642648896293212
0.7307371928363182
0.6124531445231154
0.8215326947105372
0.6524364847980009
0.6615993336109954
0.8877551020408163
0.9598084131611828
0.6351520199916701
0.6349437734277384
0.8777592669720949
0.7042898792169929
0.7122032486463973
0.8802582257392753
0.5235318617242816
0.8304872969596002
0.7992503123698459
0.6992919616826322
0.627030403998334
0.743856726364015
0.7344856309870887
0.9044148271553519
0.7159516867971678
0.5766347355268638
0.7044981257809246
0.6407746772178259
0.6899208663057059
0.8146605581007913
0.6239067055393586
0.6768013327780091
0.5643481882548937
0.5720533111203665
0.5256143273635985
0.7426072469804248
0.9067055393586005
0.6074552269887546
0.4441899208663057
0.7219908371511871
0.6380674718867139
0.6463973344439816
0.6343190337359433
0.8240316534777176
0.8931695127030403
0.7178259058725531
0.8648479800083299
0.6049562682215743
0.7042898792169929
0.7015826738858809
0.6009995835068721
0.8296543107038734
0.8127863390254061
0.838817159516868
0.5653894210745523
0.7896709704289879
0.6613910870470637
0.768429820907955
0.7034568929612661
0.7351103706788839
0.6609745939192003
0.6636817992503123
0.6561849229487714
0.6472303206997084
0.5162432319866722
0.9158683881715952
0.6353602665556018
0.5006247396917951
0.5666389004581425
0.8165347771761766
0.6139108704706372
0.7792586422324032
0.5714285714285714
0.9027488546438984
0.8546438983756768
0.8313202832153269
0.8767180341524364
0.6259891711786756
0.9358600583090378
0.8967097042898792
0.8942107455226989
0.590795501874219
0.5820491461890879
0.6053727613494377
0.7344856309870887
0.6384839650145773
0.6678467305289463
0.5832986255726781
0.8300708038317368
0.8967097042898792
0.6849229487713453
0.870887130362349
0.7455226988754685
0.8844231570179092
0.6917950853810912
0.9148271553519367
0.6276551436901291
0.7738442315701791
0.6911703456892961
0.6961682632236568
0.8690129112869638
0.6697209496043315
0.8469387755102041
0.706997084548105
0.6763848396501457
0.48812994585589337
0.8856726364014994
0.7088713036234903
0.834652228238234
0.5351936693044564
0.5860058309037901
0.7392753019575177
0.6513952519783424
0.6582673885880883
0.5918367346938775
0.8298625572678051
0.8592253227821741
0.21491045397750938
0.6849229487713453
0.7380258225739276
0.6378592253227822
0.6578508954602249
0.7067888379841732
0.5872553102873802
0.9075385256143274
0.6187005414410662
0.64618908788005
0.6139108704706372
0.5553935860058309
0.7032486463973344
0.47667638483965014
0.6690962099125365
0.7946688879633486
0.8044564764681382
0.6834652228238234
0.5204081632653061
0.76780508121616
0.8731778425655977
0.7596834652228238
0.5414410662224073
0.8377759266972095
0.7757184506455643
0.7157434402332361
0.6234902124114952
0.6370262390670554
0.5004164931278634
0.8423573511037068
0.5985006247396918
0.6884631403581841
0.7473969179508538
0.8885880882965431
0.6903373594335693
0.2784256559766764
0.9581424406497293
0.6997084548104956
0.8958767180341525
0.7446897126197418
0.4067055393586006
0.7936276551436902
0.7413577675968347
0.7815493544356518
0.8398583923365265
0.7734277384423157
0.782798833819242
0.8315285297792586
0.9073302790503956
0.8173677634319034
0.7471886713869221
0.6820074968763016
0.8740108288213244
0.863390254060808
0.7661391087047064
0.8298625572678051
0.694710537276135
0.7403165347771762
0.685131195335277
0.8738025822573927
0.7284464806330696
0.7623906705539358
0.541649312786339
0.7582257392753019
0.7707205331112037
0.5993336109954186
0.7440649729279467
0.7038733860891295
0.5329029571012078
0.8256976259891712
0.6693044564764682
0.8940024989587672
0.7244897959183674
0.6032902957101208
0.5360266555601833
0.5828821324448147
0.7011661807580175
0.6049562682215743
0.7846730528946272
0.9075385256143274
0.6715951686797168
0.722615576842982
0.543731778425656
0.6568096626405664
0.7723865056226572
0.8017492711370262
0.9387755102040817
0.6391087047063724
0.9675135360266556
0.6630570595585172
0.5843398583923365
0.6553519366930446
0.8908788004997917
0.9496043315285297
0.5593502707205331
0.6434818825489379
0.7122032486463973
0.814868804664723
0.6892961266139108
0.48063306955435237
0.6561849229487714
0.8935860058309038
0.6391087047063724
0.9181591003748438
0.5549770928779675
0.5887130362349021
0.4958350687213661
0.6703456892961266
0.7625989171178675
0.6793002915451894
0.6726364014993753
0.5716368179925031
0.6189087880049979
0.6607663473552686
0.7115785089546023
0.7149104539775094
0.4966680549770929
0.9039983340274885
0.7921699291961682
0.8263223656809663
0.797792586422324
0.7513536026655561
0.7369845897542691
0.6757600999583507
0.6476468138275718
0.8040399833402749
0.6507705122865473
0.8644314868804664
0.7113702623906706
0.7832153269471054
0.9460641399416909
0.7299042065805914
0.6364014993752604
0.71990837151187
0.5487296959600166
0.6436901291128696
0.8631820074968763
0.6305705955851728
0.6876301541024573
0.9460641399416909
0.7694710537276135
0.8525614327363599
0.4410662224073303
0.7713452728029988
0.8021657642648896
0.7942523948354853
0.8086214077467722
0.9335693461057892
0.7119950020824657
0.8990004164931279
0.706997084548105
0.6728446480633069
0.8019575177009579
0.700124947938359
0.7328196584756351
0.76780508121616
0.7530195751770096
0.5957934194085798
0.6084964598084132
0.802582257392753
0.8061224489795918
0.656393169512703
0.697417742607247
0.47209496043315285
0.8944189920866306
0.25281132861307787
0.7349021241149521
0.7898792169929196
0.8981674302374011
0.5229071220324865
0.6101624323198668
0.8421491045397751
0.9164931278633902
0.4681382757184506
0.7969596001665973
0.7101207830070804
0.6334860474802165
0.6901291128696376
0.6899208663057059
0.8496459808413162
0.712411495210329
0.5722615576842982
0.785506039150354
0.6484798000832986
0.7040816326530612
0.8819241982507289
0.7274052478134111
0.5795501874219076
0.6874219075385256
0.85381091211995
0.7746772178259058
0.9110787172011662
0.7126197417742607
0.7815493544356518
0.7017909204498126
0.8306955435235318
0.8486047480216576
0.8159100374843815
0.26613910870470636
0.7149104539775094
0.6205747605164514
0.7734277384423157
0.5379008746355685
0.8344439816743023
0.7559350270720533
0.7307371928363182
0.6409829237817576
0.965847563515202
0.7140774677217826
0.5749687630154102
0.6955435235318618
0.4975010412328197
0.5435235318617243
0.6768013327780091
0.6457725947521866
0.7082465639316952
0.605164514785506
0.8540191586838817
0.7690545605997501
0.7205331112036651
0.6309870887130362
0.6807580174927114
0.836109954185756
0.8556851311953353
0.6476468138275718
0.76780508121616
0.6305705955851728
0.6282798833819242
0.844231570179092
0.634527280299875
0.9437734277384423
0.22927946688879633
0.8563098708871304
0.7080383173677635
0.7834235735110371
0.6247396917950854
0.7126197417742607
0.6447313619325281
0.7784256559766763
0.5195751770095793
0.8342357351103706
0.9341940857975843
0.5680966264056643
0.73219491878384
0.629112869637651
0.6811745106205748
0.8161182840483132
0.536234902124115
0.7894627238650562
0.7761349437734277
0.7109537692628072
0.8194502290712203
0.8450645564348188
0.465847563515202
0.6497292794668887
0.7317784256559767
0.5374843815077052
0.7224073302790504
0.5899625156184923
0.7565597667638484
0.6709704289879217
0.6876301541024573
0.7503123698458976
0.7850895460224906
0.7513536026655561
0.8890045814244065
0.8186172428154935
0.712411495210329
0.7067888379841732
0.6880466472303207
0.6938775510204082
0.7794668887963349
0.8042482299042066
0.9483548521449396
0.656393169512703
0.6863806747188671
0.9456476468138276
0.5705955851728447
0.6505622657226156
0.892753019575177
0.273219491878384
0.7528113286130779
0.6466055810079133
0.6730528946272386
0.7940441482715536
0.8827571845064557
0.7407330279050396
0.8411078717201166
0.956268221574344
0.7898792169929196
0.7880049979175343
0.8894210745522699
0.6986672219908372
0.7421907538525614
0.5837151187005415
0.702207413577676
0.8619325281132861
0.8500624739691796
0.8411078717201166
0.7973760932944607
0.6472303206997084
0.8000832986255727
0.8477717617659308
0.676176593086214
0.9033735943356934
0.6597251145356101
0.6790920449812579
0.7619741774260724
0.629112869637651
0.8967097042898792
0.8086214077467722
0.7811328613077885
0.6007913369429404
0.5970428987921699
0.7476051645147855
0.8063306955435235
0.8240316534777176
0.641399416909621
0.8090379008746356
0.6455643481882549
0.6609745939192003
0.6765930862140774
0.2088713036234902
0.7663473552686381
0.6699291961682632
0.6307788421491045
0.73219491878384
0.6282798833819242
0.7430237401082882
0.6420241566014161
0.7253227821740942
0.44189920866305704
0.7469804248229904
0.7457309454394002
0.8061224489795918
0.892753019575177
0.6303623490212411
0.7632236568096626
0.663890045814244
0.7555185339441899
0.7032486463973344
0.6547271970012495
0.7886297376093294
0.8313202832153269
0.8367346938775511
0.89067055393586
0.8359017076218243
0.7330279050395668
0.5945439400249896
0.7380258225739276
0.6541024573094544
0.8269471053727614
0.6384839650145773
0.6695127030403998
0.6697209496043315
0.6747188671386922
0.873594335693461
0.6445231153685964
0.7494793835901707
0.7551020408163265
0.7265722615576843
0.8402748854643899
0.6972094960433153
0.9281549354435652
0.6951270304039984
0.777384423157018
0.8694294044148272
0.8371511870054145
0.5408163265306123
0.8227821740941275
0.9627238650562265
0.7942523948354853
0.7013744273219492
0.6251561849229488
0.638692211578509
0.5222823823406914
0.5872553102873802
0.7638483965014577
0.8598500624739692
0.6495210329029572
0.693252811328613
0.812161599333611
0.6649312786339026
0.7501041232819659
0.838817159516868
0.8329862557267805
0.5822573927530196
0.5333194502290712
0.6593086214077468
0.8296543107038734
0.5828821324448147
0.23240316534777175
0.45564348188254894
0.8286130778842149
0.7594752186588921
0.7055393586005831
0.7723865056226572
0.84152436484798
0.5724698042482299
0.7082465639316952
0.4575177009579342
0.7024156601416076
0.7167846730528946
0.650978758850479
0.7748854643898375
0.6663890045814244
0.5943356934610579
0.858600583090379
0.8904623073719283
0.7053311120366514
0.6797167846730529
0.6239067055393586
0.556018325697626
0.8546438983756768
0.6807580174927114
0.6453561016243232
0.7763431903373594
0.7536443148688047
0.8765097875885048
0.7005414410662224
0.721366097459392
0.7378175760099959
0.5395668471470221
0.7113702623906706
0.6990837151187005
0.8556851311953353
0.5393586005830904
0.7122032486463973
0.42024156601416074
0.6420241566014161
0.6505622657226156
0.7099125364431487
0.7573927530195752
0.7065805914202415
0.741149521032903
0.6924198250728864
0.48479800083298624
0.793002915451895
0.6518117451062058
0.8502707205331113
0.7086630570595586
0.8184089962515618
0.9350270720533111
0.9339858392336526
0.7271970012494794
0.6624323198667222
0.8082049146189088
0.6953352769679301
0.7632236568096626
0.7888379841732611
0.8263223656809663
0.8981674302374011
0.7517700957934194
0.6305705955851728
0.5589337775926697
0.7598917117867555
0.8354852144939608
0.6062057476051645
0.6753436068304873
0.8461057892544773
0.570387338608913
0.5343606830487297
0.47625989171178673
0.6999167013744273
0.6374427321949188
0.9081632653061225
0.7815493544356518
0.8113286130778842
0.872969596001666
0.5501874219075386
0.9352353186172429
0.7040816326530612
0.6774260724698042
0.7584339858392336
0.6478550603915035
0.8448563098708871
0.8157017909204498
0.823823406913786
0.8638067471886713
0.809454394002499
0.7042898792169929
0.6349437734277384
0.9029571012078301
0.8186172428154935
0.8775510204081632
0.7655143690129113
0.5753852561432736
0.826530612244898
0.7640566430653895
0.6016243231986672
0.5905872553102873
0.4654310703873386
0.5687213660974594
0.6659725114535611
0.687838400666389
0.7673885880882966
0.6901291128696376
0.7905039566847147
0.8059142024156601
0.8311120366513952
0.7713452728029988
0.7836318200749688
0.6965847563515202
0.7305289462723865
0.588088296543107
0.814868804664723
0.6647230320699709
0.7848812994585589
0.7780091628488129
0.8204914618908788
0.6759683465222824
0.7825905872553103
0.7538525614327364
0.6374427321949188
0.806747188671387
0.7369845897542691
0.47167846730528945
0.4814660558100791
0.785506039150354
0.6409829237817576
0.6743023740108288
0.9441899208663057
0.7353186172428154
0.7374010828821325
0.9121199500208247
0.838817159516868
0.7288629737609329
0.6807580174927114
0.9181591003748438
0.7934194085797585
0.5206164098292378
0.6738858808829654
0.6407746772178259
0.8571428571428571
0.6849229487713453
0.7571845064556435
0.7982090795501874
0.8731778425655977
0.8594335693461058
0.7663473552686381
0.8021657642648896
0.7659308621407747
0.5864223240316535
0.8740108288213244
0.7511453561016244
0.6049562682215743
0.5793419408579759
0.4037900874635568
0.5547688463140358
0.6226572261557685
0.8290295710120783
0.7136609745939192
0.7600999583506872
0.6788837984173262
0.9281549354435652
0.5680966264056643
0.8173677634319034
0.8132028321532695
0.826530612244898
0.8323615160349854
0.6768013327780091
0.7553102873802582
0.7778009162848813
0.6849229487713453
0.7436484798000833
0.8225739275301958
0.868179925031237
0.8854643898375677
0.6849229487713453
0.6668054977092878
0.7600999583506872
0.7526030820491462
0.7338608912952936
0.6657642648896294
0.27634319033735943
0.6705539358600583
0.8806747188671387
0.597667638483965
0.6917950853810912
0.7896709704289879
0.648896293211162
0.5803831736776344
0.7802998750520617
0.648896293211162
0.7509371095376927
0.87838400666389
0.746563931695127
0.726780508121616
0.7303206997084548
0.4089962515618492
0.7446897126197418
0.6057892544773011
0.714493960849646
0.7155351936693044
0.5624739691795085
0.5739275301957518
0.6311953352769679
0.6478550603915035
0.64618908788005
0.5651811745106206
0.7394835485214494
0.6503540191586838
0.7005414410662224
0.920033319450229
0.9579341940857976
0.6032902957101208
0.7915451895043731
0.6274468971261974
0.8377759266972095
0.6899208663057059
0.7940441482715536
0.8236151603498543
0.5651811745106206
0.5279050395668472
0.694710537276135
0.7830070803831737
0.8931695127030403
0.5018742190753852
0.9150354019158684
0.9287796751353603
0.44502290712203246
0.8384006663890046
0.7473969179508538
0.6272386505622657
0.6249479383590171
0.7409412744689713
0.8994169096209913
0.7417742607246981
0.9081632653061225
0.8529779258642233
0.663890045814244
0.7680133277800917
0.6445231153685964
0.823823406913786
0.8904623073719283
0.6828404831320283
0.7753019575177009
0.7665556018325698
0.6718034152436485
0.5364431486880467
0.4352353186172428
0.7197001249479383
0.6499375260308204
0.7453144523115368
0.9627238650562265
0.8263223656809663
0.7505206164098293
0.6532694710537276
0.6915868388171595
0.793002915451895
0.47230320699708456
0.8881715951686797
0.702207413577676
0.8107038733860892
0.6655560183256977
0.7880049979175343
0.8552686380674719
0.8479800083298625
0.7840483132028322
0.7865472719700125
0.7482299042065806
0.734277384423157
0.8973344439816743
0.6149521032902957
0.9187838400666389
0.7257392753019575
0.7113702623906706
0.7169929196168263
0.8567263640149938
0.8252811328613078
0.8184089962515618
0.8942107455226989
0.7921699291961682
0.6197417742607247
0.9075385256143274
0.24573094543940024
0.7769679300291545
0.7809246147438568
0.6053727613494377
0.6757600999583507
0.5955851728446481
0.7750937109537692
0.7542690545605998
0.7078300708038318
0.7963348604748022
0.5058309037900874
0.7013744273219492
0.8194502290712203
0.7026239067055393
0.8013327780091628
0.2811328613077884
0.5658059142024157
0.6199500208246564
0.6187005414410662
0.6855476884631404
0.7074135776759684
0.8458975426905456
0.7523948354852145
0.6609745939192003
0.7176176593086214
0.7405247813411079
0.6961682632236568
0.7092877967513536
0.8444398167430237
0.7174094127446897
0.7567680133277801
0.7246980424822991
0.5797584339858393
0.5139525197834236
0.7986255726780508
0.7844648063306956
0.7305289462723865
0.7415660141607664
0.7486463973344439
0.7246980424822991
0.6528529779258643
0.7784256559766763
0.8456892961266139
0.7582257392753019
0.900249895876718
0.8334027488546439
0.7217825905872554
0.9094127446897127
0.6599333610995418
0.8390254060807997
0.6349437734277384
0.7103290295710121
0.8377759266972095
0.6578508954602249
0.8429820907955019
0.882548937942524
0.5199916701374427
0.7428154935443565
0.741149521032903
0.8950437317784257
0.6655560183256977
0.4144106622240733
0.8917117867555185
0.7488546438983756
0.8887963348604748
0.761557684298209
0.8617242815493544
0.7326114119117034
0.7690545605997501
0.568304872969596
0.5331112036651395
0.7032486463973344
0.8375676801332778
0.6682632236568097
0.9525197834235735
0.4491878384006664
0.8284048313202832
0.6751353602665556
0.9341940857975843
0.7728029987505206
0.8937942523948355
0.6636817992503123
0.807996668054977
0.7728029987505206
0.6753436068304873
0.914618908788005
0.4314868804664723
0.6447313619325281
0.6428571428571429
0.8883798417326114
0.607246980424823
0.7509371095376927
0.5899625156184923
0.9125364431486881
0.8231986672219909
0.765722615576843
0.7032486463973344
0.8134110787172012
0.7338608912952936
0.607871720116618
0.7852977925864223
0.8960849645980842
0.6715951686797168
0.7869637650978759
0.38588088296543105
0.7307371928363182
0.7707205331112037
0.9196168263223656
0.7186588921282799
0.7805081216159934
0.6859641815910037
0.7138692211578509
0.7040816326530612
0.7503123698458976
0.5420658059142024
0.6178675551853394
0.9625156184922948
0.6811745106205748
0.8577675968346522
0.7957101207830071
0.8638067471886713
0.7478134110787172
0.7667638483965015
0.8423573511037068
0.5855893377759267
0.5708038317367763
0.693252811328613
0.7873802582257393
0.7952936276551437
0.8915035401915868
0.4448146605581008
0.6730528946272386
0.8454810495626822
0.6214077467721782
0.8540191586838817
0.64618908788005
0.5406080799666806
0.7376093294460642
0.6434818825489379
0.8096626405664307
0.5995418575593503
0.6182840483132028
0.6228654727197002
0.6316118284048313
0.9431486880466472
0.8163265306122449
0.5766347355268638
0.690545605997501
0.7378175760099959
0.7728029987505206
0.6613910870470637
0.9254477301124532
0.7769679300291545
0.7269887546855477
0.7399000416493128
0.5474802165764265
0.6166180758017493
0.8550603915035402
0.900249895876718
0.6842982090795502
0.692003331945023
0.7619741774260724
0.6684714702207414
0.8877551020408163
0.5845481049562682
0.6453561016243232
0.9117034568929613
0.5970428987921699
0.6578508954602249
0.8748438150770512
0.6995002082465639
0.6670137442732195
0.3877551020408163
0.8521449396084965
0.7932111620158268
0.6197417742607247
0.9035818408996251
0.8090379008746356
0.6924198250728864
0.5314452311536859
0.9556434818825489
0.814868804664723
0.8225739275301958
0.8987921699291962
0.7503123698458976
0.8946272386505623
0.5528946272386506
0.9366930445647647
0.48458975426905454
0.6686797167846731
0.7319866722199083
0.8723448563098709
0.8940024989587672
0.7230320699708455
0.6674302374010829
0.9179508538109121
0.6451478550603915
0.6026655560183257
0.9198250728862973
0.8150770512286547
0.6917950853810912
0.8117451062057476
0.6474385672636401
0.6091211995002083
0.6697209496043315
0.6693044564764682
0.46709704289879217
0.7132444814660558
0.8142440649729279
0.5849645980841316
0.45501874219075383
0.5514369012911287
0.7852977925864223
0.7546855476884632
0.7082465639316952
0.6849229487713453
0.5566430653894211
0.7815493544356518
0.2675968346522282
0.6266139108704707
0.6526447313619326
0.6882548937942524
0.8652644731361933
0.6578508954602249
0.8267388588088297
0.8417326114119117
0.606622240733028
0.6118284048313203
0.7617659308621407
0.8779675135360266
0.7480216576426489
0.7567680133277801
0.8475635152019991
0.6591003748438151
0.8506872136609746
0.6699291961682632
0.805289462723865
0.788213244481466
0.24927113702623907
0.6553519366930446
0.6486880466472303
0.6145356101624323
0.851103706788838
0.6861724281549354
0.8138275718450646
0.6447313619325281
0.787588504789671
0.8669304456476468
0.6847147022074136
0.805289462723865
0.8679716784673053
0.6593086214077468
0.8904623073719283
0.7003331945022907
0.8213244481466055
0.9123281965847564
0.5689296126613911
0.5291545189504373
0.5999583506872137
0.8596418159100375
0.6353602665556018
0.805289462723865
0.5905872553102873
0.7147022074135777
0.8142440649729279
0.8413161182840483
0.7132444814660558
0.6799250312369846
0.5089546022490629
0.8400666389004582
0.6711786755518534
0.682423990004165
0.8860891295293628
0.7584339858392336
0.8740108288213244
0.7034568929612661
0.29237817576009995
0.7580174927113703
0.8758850478967097
0.6126613910870471
0.6582673885880883
0.6722199083715119
0.704914618908788
0.7927946688879633
0.6118284048313203
0.9171178675551853
0.5987088713036235
0.7963348604748022
0.8900458142440649
0.627030403998334
0.6480633069554352
0.5160349854227405
0.6209912536443148
0.8900458142440649
0.7194918783840066
0.7788421491045397
0.922740524781341
0.797792586422324
0.7369845897542691
0.6022490628904623
0.6493127863390254
0.7009579341940858
0.5083298625572678
0.8985839233652645
0.6316118284048313
0.5787172011661808
0.8646397334443982
0.722615576842982
0.7519783423573511
0.6797167846730529
0.8069554352353187
0.8140358184089963
0.6709704289879217
0.8573511037067888
0.7078300708038318
0.6528529779258643
0.5314452311536859
0.38129945855893377
0.7913369429404414
0.6601416076634735
0.8608912952936276
0.6070387338608912
0.7159516867971678
0.5726780508121616
0.8215326947105372
0.7961266139108705
0.46876301541024573
0.8431903373594336
0.7688463140358184
0.746563931695127
0.49854227405247814
0.8965014577259475
0.797167846730529
0.8021657642648896
0.6064139941690962
0.9554352353186173
0.6157850895460225
0.7392753019575177
0.7877967513536027
0.6670137442732195
0.6849229487713453
0.7013744273219492
0.7192836318200749
0.6838817159516868
0.76780508121616
0.656393169512703
0.6793002915451894
0.7840483132028322
0.7182423990004165
0.6526447313619326
0.778633902540608
0.7159516867971678
0.7238650562265723
0.6180758017492711
0.8475635152019991
0.7032486463973344
0.5374843815077052
0.6872136609745939
0.6309870887130362
0.7159516867971678
0.7934194085797585
0.8527696793002916
0.6747188671386922
0.5872553102873802
0.6928363182007496
0.6355685131195336
0.6043315285297792
0.8236151603498543
0.6853394418992087
0.7840483132028322
0.6430653894210746
0.7332361516034985
0.8960849645980842
0.7546855476884632
0.8050812161599333
0.931695127030404
0.7740524781341108
0.6293211162015827
0.6849229487713453
0.7355268638067471
0.6786755518533945
0.6913785922532278
0.6080799666805498
0.8323615160349854
0.778633902540608
0.5233236151603499
0.655768429820908
0.4498125780924615
0.5801749271137027
0.8027905039566847
0.579966680549771
0.6657642648896294
0.7271970012494794
0.7707205331112037
0.7236568096626406
0.8186172428154935
0.5331112036651395
0.9033735943356934
0.653685964181591
0.6828404831320283
0.8144523115368596
0.8354852144939608
0.2436484798000833
0.8663057059558518
0.8908788004997917
0.7086630570595586
0.5768429820907955
0.5595585172844648
0.8800499791753436
0.7126197417742607
0.5862140774677218
0.814868804664723
0.8931695127030403
0.6853394418992087
0.43481882548937945
0.6351520199916701
0.721366097459392
0.22969596001665973
0.7646813827571846
0.7163681799250312
0.9556434818825489
0.7792586422324032
0.8425655976676385
0.7090795501874219
0.7423990004164931
0.7349021241149521
0.7546855476884632
0.8219491878384007
0.743856726364015
0.8234069137859226
0.2615576842982091
0.73219491878384
0.6314035818408996
0.7019991670137443
0.6459808413161183
0.6324448146605581
0.5231153685964182
0.8671386922115785
0.8954602249062891
0.7830070803831737
0.814868804664723
0.6899208663057059
0.7540608079966681
0.678259058725531
0.635985006247397
0.7734277384423157
0.956268221574344
0.6967930029154519
0.7005414410662224
0.8469387755102041
0.7086630570595586
0.6961682632236568
0.9152436484798001
0.8840066638900458
0.5395668471470221
0.7309454394002499
0.6528529779258643
0.8469387755102041
0.6886713869221158
0.6940857975843399
0.6449396084964598
0.7215743440233237
0.7544773011245315
0.7467721782590587
0.7584339858392336
0.7780091628488129
0.6793002915451894
0.9229487713452728
0.8340274885464389
0.5435235318617243
0.49854227405247814
0.7005414410662224
0.5966264056643066
0.8638067471886713
0.6432736359850062
0.7894627238650562
0.6595168679716785
0.6530612244897959
0.7011661807580175
0.6917950853810912
0.8190337359433569
0.6211995002082465
0.8481882548937942
0.5714285714285714
0.6722199083715119
0.6736776343190337
0.6995002082465639
0.9525197834235735
0.7850895460224906
0.7671803415243649
0.8100791336942941
0.7825905872553103
0.9283631820074969
0.24510620574760517
0.20907955018742191
0.2430237401082882
0.7573927530195752
0.7030403998334027
0.7682215743440233
0.6170345689296126
0.5664306538942108
0.6805497709287797
0.6097459391920034
0.9250312369845898
0.8942107455226989
0.7700957934194086
0.7305289462723865
0.6447313619325281
0.8367346938775511
0.5383173677634319
0.7376093294460642
0.6870054144106622
0.823823406913786
0.6251561849229488
0.7915451895043731
0.6191170345689296
0.6253644314868805
0.799875052061641
0.8679716784673053
0.760932944606414
0.7936276551436902
0.6636817992503123
0.4785506039150354
0.6089129529362766
0.8188254893794252
0.5599750104123282
0.7642648896293212
0.6039150354019158
0.6572261557684298
0.6713869221157851
0.6865889212827988
0.9060807996668055
0.7328196584756351
0.9366930445647647
0.7936276551436902
0.9133694294044148
0.9169096209912536
0.3427738442315702
0.4446064139941691
0.6130778842149105
0.5912119950020824
0.8902540608079966
0.7607246980424823
0.7665556018325698
0.6334860474802165
0.7982090795501874
0.7713452728029988
0.734277384423157
0.636609745939192
0.6888796334860475
0.7430237401082882
0.6942940441482716
0.7326114119117034
0.44543940024989587
0.9021241149521033
0.6934610578925448
0.6718034152436485
0.6149521032902957
0.8450645564348188
0.8700541441066223
0.6936693044564765
0.7157434402332361
0.7015826738858809
0.8075801749271136
0.2644731361932528
0.7103290295710121
0.7994585589337776
0.7328196584756351
0.627030403998334
0.8009162848812995
0.6520199916701375
0.7942523948354853
0.6686797167846731
0.6482715535193669
0.843606830487297
0.8375676801332778
0.8157017909204498
0.8556851311953353
0.5618492294877134
0.4219075385256143
0.4922948771345273
0.5891295293627655
0.5857975843398584
0.7090795501874219
0.7367763431903374
0.4064972927946689
0.7671803415243649
0.5739275301957518
0.6022490628904623
0.8069554352353187
0.734277384423157
0.7463556851311953
0.7592669720949604
0.6153685964181591
0.7986255726780508
0.8411078717201166
0.5893377759266972
0.7511453561016244
0.7328196584756351
0.6499375260308204
0.8840066638900458
0.7119950020824657
0.9643898375676802
0.726780508121616
0.6718034152436485
0.844231570179092
0.8113286130778842
0.6615993336109954
0.6399416909620991
0.7867555185339442
0.7440649729279467
0.8819241982507289
0.48250728862973763
0.8871303623490212
0.6838817159516868
0.6101624323198668
0.6118284048313203
0.5376926280716369
0.8658892128279884
0.8673469387755102
0.7757184506455643
0.7526030820491462
0.8477717617659308
0.6940857975843399
0.7234485630987089
0.7432319866722199
0.7911286963765097
0.6753436068304873
0.3923365264473136
0.8186172428154935
0.607246980424823
0.7405247813411079
0.5110370678883799
0.7040816326530612
0.8465222823823407
0.6801332778009163
0.8406913785922532
0.7051228654727197
0.24531445231153687
0.9373177842565598
0.6988754685547689
0.9021241149521033
0.8050812161599333
0.8092461474385673
0.6695127030403998
0.6605581007913369
0.7432319866722199
0.7134527280299875
0.5841316118284048
0.8831736776343191
0.7628071636817992
0.8719283631820075
0.8198667221990837
0.8621407746772178
0.6247396917950854
0.8660974593919201
0.27655143690129114
0.6255726780508122
0.9102457309454394
0.6513952519783424
0.8508954602249063
0.8781757600999583
0.4818825489379425
0.785506039150354
0.7346938775510204
0.6801332778009163
0.8184089962515618
0.7715535193669304
0.8321532694710537
0.7386505622657226
0.749271137026239
0.6859641815910037
0.6788837984173262
0.849021241149521
0.5807996668054977
0.7573927530195752
0.924198250728863
0.7815493544356518
0.7007496876301541
0.6697209496043315
0.8354852144939608
0.7646813827571846
0.5543523531861724
0.7836318200749688
0.24927113702623907
0.8769262807163681
0.8042482299042066
0.8781757600999583
0.9262807163681799
0.8542274052478134
0.8381924198250729
0.8192419825072886
0.702207413577676
0.6986672219908372
0.7076218242399
0.8479800083298625
0.6099541857559351
0.6930445647646813
0.8529779258642233
0.6372344856309871
0.9058725531028738
0.6859641815910037
0.7653061224489796
0.9042065805914202
0.7628071636817992
0.6222407330279051
0.9073302790503956
0.7415660141607664
0.8750520616409829
0.690545605997501
0.7694710537276135
0.7346938775510204
0.6478550603915035
0.82923781757601
0.6516034985422741
0.6080799666805498
0.6645147855060392
0.8377759266972095
0.5537276134943774
0.7925864223240316
0.6491045397750937
0.5595585172844648
0.7946688879633486
0.7461474385672636
0.8279883381924198
0.6503540191586838
0.24614743856726365
0.7625989171178675
0.6784673052894628
0.7563515201999167
0.9208663057059558
0.6239067055393586
0.8425655976676385
0.750728862973761
0.8248646397334444
0.6389004581424407
0.6728446480633069
0.8177842565597667
0.790295710120783
0.6618075801749271
0.9533527696793003
0.6917950853810912
0.7517700957934194
0.838817159516868
0.5778842149104539
0.8817159516867972
0.787588504789671
0.8004997917534361
0.6513952519783424
0.8263223656809663
0.6643065389421074
0.5937109537692629
0.712411495210329
0.6640982923781757
0.6020408163265306
0.8046647230320699
0.84152436484798
0.7301124531445231
0.6418159100374844
0.814868804664723
0.7530195751770096
0.6476468138275718
0.726780508121616
0.6942940441482716
0.8065389421074552
0.8411078717201166
0.8675551853394419
0.7232403165347772
0.7032486463973344
0.8206997084548106
0.4302374010828821
0.9156601416076635
0.8129945855893378
0.7682215743440233
0.7686380674718867
0.7861307788421491
0.7286547271970012
0.8163265306122449
0.7253227821740942
0.1832569762598917
0.9169096209912536
0.7628071636817992
0.7717617659308621
0.7332361516034985
0.7780091628488129
0.8077884214910453
0.714493960849646
0.3467305289462724
0.7771761765930862
0.6193252811328613
0.806747188671387
0.6643065389421074
0.9394002498958767
0.7607246980424823
0.6551436901291129
0.5093710953769263
0.8075801749271136
0.7151187005414411
0.7357351103706788
0.7567680133277801
0.6736776343190337
0.870887130362349
0.694710537276135
0.6795085381091212
0.7428154935443565
0.6940857975843399
0.7648896293211161
0.6511870054144107
0.7867555185339442
0.11599333610995419
0.8567263640149938
0.7217825905872554
0.6855476884631404
0.6139108704706372
0.6620158267388588
0.6940857975843399
0.5622657226155768
0.880466472303207
0.8394418992086631
0.8419408579758434
0.4966680549770929
0.8154935443565181
0.6224489795918368
0.8250728862973761
0.7276134943773428
0.6553519366930446
0.6393169512703041
0.6938775510204082
0.23885880882965432
0.9789670970428987
0.7634319033735943
0.8017492711370262
0.8635985006247396
0.638692211578509
0.6005830903790087
0.6341107871720116
0.8721366097459392
0.9604331528529779
0.6561849229487714
0.743856726364015
0.5079133694294045
0.5535193669304457
0.44564764681382757
0.9031653477717617
0.260932944606414
0.736359850062474
0.8488129945855893
0.817576009995835
0.5920449812578092
0.9421074552269888
0.7846730528946272
0.6074552269887546
0.7082465639316952
0.6570179092044981
0.8277800916284881
0.5516451478550604
0.6845064556434819
0.899625156184923
0.636609745939192
0.5780924614743856
0.6911703456892961
0.6876301541024573
0.6118284048313203
0.6253644314868805
0.6424406497292795
0.7359433569346105
0.7332361516034985
0.6084964598084132
0.7961266139108705
0.7413577675968347
0.8744273219491878
0.7228238234069138
0.6972094960433153
0.9000416493127863
0.5414410662224073
0.6630570595585172
0.8256976259891712
0.678259058725531
0.8517284464806331
0.7278217409412745
0.6143273635985006
0.9062890462307371
0.7448979591836735
0.6103706788837984
0.7476051645147855
0.9029571012078301
0.7850895460224906
0.7257392753019575
0.7376093294460642
0.9573094543940025
0.6164098292378176
0.8294460641399417
0.5749687630154102
0.7555185339441899
0.9552269887546856
0.6478550603915035
0.5406080799666806
0.9060807996668055
0.5643481882548937
0.7521865889212828
0.5595585172844648
0.7917534360683048
0.7596834652228238
0.6628488129945855
0.7101207830070804
0.4662640566430654
0.7394835485214494
0.8556851311953353
0.793002915451895
0.7084548104956269
0.648896293211162
0.7736359850062474
0.6005830903790087
0.6892961266139108
0.7409412744689713
0.31341107871720114
0.6424406497292795
0.5693461057892545
0.702207413577676
0.6995002082465639
0.773219491878384
0.8694294044148272
0.49312786339025405
0.7463556851311953
0.8498542274052479
0.6913785922532278
0.7380258225739276
0.5370678883798418
0.8479800083298625
0.8065389421074552
0.8021657642648896
0.636609745939192
0.8142440649729279
0.7877967513536027
0.8958767180341525
0.7898792169929196
0.6401499375260308
0.711786755518534
0.7948771345272803
0.29591836734693877
0.5810079133694294
0.85381091211995
0.8958767180341525
0.8573511037067888
0.7092877967513536
0.7480216576426489
0.7996668054977093
0.4783423573511037
0.8221574344023324
0.7440649729279467
0.7134527280299875
0.712411495210329
0.6162015826738859
0.6622240733027905
0.7259475218658892
0.6655560183256977
0.47959183673469385
0.7351103706788839
0.7238650562265723
0.8792169929196169
0.5591420241566014
0.7473969179508538
0.7600999583506872
0.7669720949604332
0.6395251978342358
0.7113702623906706
0.8821324448146606
0.7209496043315285
0.9335693461057892
0.6682632236568097
0.6622240733027905
0.48521449396084965
0.7842565597667639
0.8940024989587672
0.7463556851311953
0.7092877967513536
0.8600583090379009
0.6526447313619326
0.7532278217409413
0.7919616826322365
0.793002915451895
0.6282798833819242
0.8304872969596002
0.6955435235318618
0.6428571428571429
0.84152436484798
0.8673469387755102
0.8540191586838817
0.7955018742190754
0.9035818408996251
0.5551853394418992
0.8775510204081632
0.7671803415243649
0.6126613910870471
0.743856726364015
0.8300708038317368
0.8540191586838817
0.6434818825489379
0.7965431070387339
0.5910037484381507
0.5049979175343606
0.3556851311953353
0.8642232403165347
0.44502290712203246
0.8912952936276551
0.8279883381924198
0.6259891711786756
0.6799250312369846
0.7259475218658892
0.7830070803831737
0.6797167846730529
0.8136193252811329
0.7982090795501874
0.7271970012494794
0.4225322782174094
0.6684714702207414
0.6928363182007496
0.5626822157434402
0.9239900041649313
0.793002915451895
0.8477717617659308
0.7271970012494794
0.6449396084964598
0.8140358184089963
0.7784256559766763
0.49770928779675133
0.37401082882132447
0.8065389421074552
0.9260724698042482
0.6807580174927114
0.9000416493127863
0.568304872969596
0.5705955851728447
0.7813411078717201
0.26572261557684296
0.6699291961682632
0.9450229071220325
0.8119533527696793
0.7519783423573511
0.9591836734693877
0.7980008329862557
0.8477717617659308
0.7553102873802582
0.5035401915868388
0.6466055810079133
0.6813827571845065
0.8665139525197835
0.7101207830070804
0.7155351936693044
0.8054977092877967
0.6897126197417742
0.5674718867138692
0.949396084964598
0.5337359433569346
0.6693044564764682
0.8027905039566847
0.7694710537276135
0.6965847563515202
0.6649312786339026
0.6870054144106622
0.685131195335277
0.6305705955851728
0.7157434402332361
0.892753019575177
0.6774260724698042
0.6449396084964598
0.6320283215326947
0.6193252811328613
0.7890462307371928
0.7428154935443565
0.6578508954602249
0.7923781757601
0.81695127030404
0.7944606413994169
0.6311953352769679
0.5835068721366098
0.8594335693461058
0.872969596001666
0.8356934610578926
0.8046647230320699
0.704914618908788
0.7074135776759684
0.6480633069554352
0.7555185339441899
0.8733860891295293
0.8065389421074552
0.25760099958350685
0.6618075801749271
0.5926697209496044
0.68304872969596
0.6874219075385256
0.41857559350270723
0.7940441482715536
0.8925447730112454
0.9085797584339859
0.6793002915451894
0.6607663473552686
0.6526447313619326
0.6134943773427738
0.6880466472303207
0.6690962099125365
0.8154935443565181
0.7126197417742607
0.9073302790503956
0.6909620991253644
0.8371511870054145
0.8000832986255727
0.7892544773011245
0.8486047480216576
0.8577675968346522
0.9004581424406497
0.7257392753019575
0.7115785089546023
0.5485214493960849
0.8009162848812995
0.8546438983756768
0.7059558517284464
0.8288213244481466
0.7890462307371928
0.6249479383590171
0.5412328196584756
0.8365264473136194
0.7967513536026656
0.5379008746355685
0.8386089129529363
0.8992086630570596
0.7784256559766763
0.673469387755102
0.571012078300708
0.5643481882548937
0.8275718450645564
0.8954602249062891
0.6059975010412328
0.7557267805081216
0.4196168263223657
0.685131195335277
0.8315285297792586
0.7253227821740942
0.8508954602249063
0.563515201999167
0.8194502290712203
0.9483548521449396
0.8323615160349854
0.7734277384423157
0.8340274885464389
0.5974593919200333
0.7476051645147855
0.5191586838817159
0.25843398583923366
0.7040816326530612
0.6572261557684298
0.9225322782174095
0.5832986255726781
0.5062473969179508
0.8134110787172012
0.9264889629321116
0.8923365264473136
0.6665972511453561
0.482923781757601
0.6493127863390254
0.795085381091212
0.7003331945022907
0.838817159516868
0.5195751770095793
0.9183673469387755
0.7203248646397334
0.28717201166180756
0.8981674302374011
0.5601832569762599
0.8154935443565181
0.7740524781341108
0.9060807996668055
0.6915868388171595
0.7076218242399
0.8290295710120783
0.5962099125364432
0.5889212827988338
0.8134110787172012
0.7115785089546023
0.7330279050395668
0.7838400666389005
0.6992919616826322
0.7042898792169929
0.6695127030403998
0.8234069137859226
0.5618492294877134
0.650978758850479
0.6114119117034569
0.7344856309870887
0.5422740524781341
0.7517700957934194
0.8104956268221575
0.7863390254060808
0.6793002915451894
0.7607246980424823
0.6880466472303207
0.875676801332778
0.6849229487713453
0.6393169512703041
0.5728862973760933
0.673469387755102
0.8781757600999583
0.7084548104956269
0.7613494377342774
0.8231986672219909
0.5537276134943774
0.7538525614327364
0.39941690962099125
0.5254060807996668
0.4362765514369013
0.4446064139941691
0.8652644731361933
0.5991253644314869
0.6945022907122033
0.8977509371095377
0.5360266555601833
0.765722615576843
0.7197001249479383
0.9631403581840899
0.882548937942524
0.7782174094127446
0.7365680966264057
0.8827571845064557
0.588088296543107
0.40837151187005416
0.7030403998334027
0.8134110787172012
0.8446480633069554
0.7132444814660558
0.7548937942523949
0.7015826738858809
0.7392753019575177
0.6209912536443148
0.8823406913785923
0.7992503123698459
0.8234069137859226
0.5314452311536859
0.6332778009162848
0.7419825072886297
0.7282382340691379
0.6945022907122033
0.7596834652228238
0.7251145356101625
0.8465222823823407
0.702832153269471
0.534777176176593
0.7653061224489796
0.7734277384423157
0.8088296543107039
0.6320283215326947
0.9067055393586005
0.8498542274052479
0.8325697625989171
0.8942107455226989
0.5270720533111204
0.7032486463973344
0.5099958350687214
0.6320283215326947
0.9021241149521033
0.6570179092044981
0.721366097459392
0.6965847563515202
0.6378592253227822
0.7278217409412745
0.7819658475635152
0.5643481882548937
0.5152019991670137
0.7084548104956269
0.6984589754269055
0.6807580174927114
0.823823406913786
0.6951270304039984
0.8042482299042066
0.7078300708038318
0.5741357767596834
0.42877967513536025
0.7730112453144523
0.7692628071636818
0.909829237817576
0.6286963765097876
0.6990837151187005
0.592877967513536
0.6942940441482716
0.6505622657226156
0.9608496459808413
0.5612244897959183
0.7290712203248646
0.8125780924614744
0.6372344856309871
0.7238650562265723
0.4623073719283632
0.7132444814660558
0.7326114119117034
0.30653894210745525
0.6280716368179925
0.7809246147438568
0.5662224073302791
0.7042898792169929
0.5637234485630988
0.765722615576843
0.6403581840899625
0.7090795501874219
0.7692628071636818
0.6820074968763016
0.47167846730528945
0.5195751770095793
0.8946272386505623
0.6449396084964598
0.5845481049562682
0.6372344856309871
0.8304872969596002
0.6189087880049979
0.8279883381924198
0.9325281132861308
0.7076218242399
0.739067055393586
0.8496459808413162
0.648896293211162
0.7617659308621407
0.5957934194085798
0.9506455643481883
0.6322365680966264
0.7051228654727197
0.5897542690545606
0.8567263640149938
0.9825072886297376
0.7546855476884632
0.6986672219908372
0.7513536026655561
0.4327363598500625
0.8165347771761766
0.5962099125364432
0.6915868388171595
0.8958767180341525
0.6445231153685964
0.6478550603915035
0.8556851311953353
0.7209496043315285
0.768429820907955
0.6672219908371512
0.8715118700541441
0.8219491878384007
0.8942107455226989
0.7409412744689713
0.775926697209496
0.87838400666389
0.6924198250728864
0.7142857142857143
0.5726780508121616
0.565597667638484
0.788213244481466
0.6455643481882549
0.7511453561016244
0.7846730528946272
0.4835485214493961
0.7088713036234903
0.8242399000416493
0.7184506455643482
0.9279466888796335
0.5285297792586422
0.8710953769262807
0.8007080383173678
0.6909620991253644
0.42044981257809244
0.48479800083298624
0.8092461474385673
0.6128696376509788
0.25760099958350685
0.6876301541024573
0.6676384839650146
0.5895460224906289
0.3962932111620158
0.7107455226988755
0.9698042482299042
0.602457309454394
0.7365680966264057
0.7115785089546023
0.7157434402332361
0.614743856726364
0.693252811328613
0.5366513952519784
0.8046647230320699
0.9312786339025406
0.6972094960433153
0.5324864639733444
0.763640149937526
0.8048729695960016
0.5237401082882133
0.6205747605164514
0.7434402332361516
0.7980008329862557
0.7519783423573511
0.8533944189920867
0.6768013327780091
0.653685964181591
0.7382340691378593
0.6753436068304873
0.6484798000832986
0.7388588088296543
0.6055810079133694
0.6370262390670554
0.6314035818408996
0.6661807580174927
0.8027905039566847
0.7290712203248646
0.6790920449812579
0.8338192419825073
0.782798833819242
0.6459808413161183
0.8300708038317368
0.4862557267805081
0.6472303206997084
0.7209496043315285
0.7840483132028322
0.7065805914202415
0.8925447730112454
0.6399416909620991
0.6486880466472303
0.6930445647646813
0.5693461057892545
0.7015826738858809
0.9046230737192836
0.5770512286547272
0.2057476051645148
0.636609745939192
0.6645147855060392
0.8752603082049146
0.8742190753852561
0.9212827988338192
0.6245314452311537
0.6080799666805498
0.7261557684298209
0.5508121615993337
0.7003331945022907
0.7238650562265723
0.7215743440233237
0.5993336109954186
0.7611411911703457
0.7982090795501874
0.6817992503123699
0.8563098708871304
0.7249062890462308
0.6880466472303207
0.5299875052061641
0.8606830487296959
0.6041232819658475
0.7332361516034985
0.3825489379425239
0.6430653894210746
0.8760932944606414
0.8635985006247396
0.6684714702207414
0.5855893377759267
0.6241149521032903
0.797167846730529
0.902332361516035
0.807996668054977
0.5776759683465222
0.6709704289879217
0.8929612661391088
0.4537692628071637
0.6828404831320283
0.8157017909204498
0.570387338608913
0.7221990837151187
0.8817159516867972
0.45918367346938777
0.7688463140358184
0.7044981257809246
0.7151187005414411
0.7201166180758017
0.49042065805914203
0.8340274885464389
0.5974593919200333
0.5485214493960849
0.5747605164514785
0.7317784256559767
0.7094960433152853
0.8508954602249063
0.6711786755518534
0.6232819658475636
0.6299458558933777
0.5982923781757601
0.7923781757601
0.749271137026239
0.879841732611412
0.7249062890462308
0.6297376093294461
0.5974593919200333
0.6055810079133694
0.7453144523115368
0.7371928363182008
0.6080799666805498
0.7569762598917118
0.8973344439816743
0.6380674718867139
0.7463556851311953
0.599750104123282
0.8150770512286547
0.8671386922115785
0.8321532694710537
0.8615160349854227
0.8621407746772178
0.7744689712619742
0.6251561849229488
0.7836318200749688
0.8142440649729279
0.7494793835901707
0.5624739691795085
0.7832153269471054
0.6724281549354436
0.700124947938359
0.26676384839650147
0.7988338192419825
0.5716368179925031
0.7671803415243649
0.5545605997501041
0.9192003331945023
0.8467305289462724
0.5187421907538525
0.7024156601416076
0.6880466472303207
0.619533527696793
0.7890462307371928
0.7921699291961682
0.5624739691795085
0.7086630570595586
0.760932944606414
0.5951686797167847
0.6870054144106622
0.9454394002498959
0.8696376509787589
0.8656809662640567
0.9029571012078301
0.7169929196168263
0.260932944606414
0.7155351936693044
0.6805497709287797
0.7532278217409413
0.6576426488962932
0.7461474385672636
0.6541024573094544
0.7744689712619742
0.8342357351103706
0.6001665972511454
0.8396501457725948
0.6411911703456893
0.7234485630987089
0.7080383173677635
0.6672219908371512
0.7040816326530612
0.7244897959183674
0.7186588921282799
0.6026655560183257
0.8602665556018325
0.750728862973761
0.8132028321532695
0.7888379841732611
0.76780508121616
0.7578092461474386
0.7871720116618076
0.6788837984173262
0.7650978758850479
0.6561849229487714
0.6978342357351104
0.693252811328613
0.7201166180758017
0.62161599333611
0.8829654310703874
0.5470637234485631
0.7959183673469388
0.8009162848812995
0.6836734693877551
0.6482715535193669
0.606622240733028
0.736359850062474
0.7509371095376927
0.7374010828821325
0.6892961266139108
0.7365680966264057
0.7613494377342774
0.6765930862140774
0.6936693044564765
0.8669304456476468
0.8937942523948355
0.7161599333610995
0.6228654727197002
0.6280716368179925
0.6497292794668887
0.8190337359433569
0.5541441066222408
0.8256976259891712
0.68304872969596
0.7105372761349438
0.9150354019158684
0.7869637650978759
0.8944189920866306
0.6555601832569763
0.9310703873386089
0.6176593086214077
0.6064139941690962
0.6368179925031237
0.5837151187005415
0.656393169512703
0.8456892961266139
0.8469387755102041
0.7894627238650562
0.7149104539775094
0.8377759266972095
0.6601416076634735
0.8221574344023324
0.8144523115368596
0.8648479800083299
0.7957101207830071
0.7371928363182008
0.8946272386505623
0.7932111620158268
0.7057476051645147
0.6249479383590171
0.8294460641399417
0.7821740941274469
0.8044564764681382
0.7194918783840066
0.4571012078300708
0.7988338192419825
0.6582673885880883
0.8502707205331113
0.2140774677217826
0.8271553519366931
0.6607663473552686
0.6261974177426073
0.7230320699708455
0.8748438150770512
0.8071636817992504
0.7311536859641816
0.5768429820907955
0.6705539358600583
0.8952519783423574
0.6965847563515202
0.617451062057476
0.7694710537276135
0.7596834652228238
0.6280716368179925
0.5695543523531862
0.8198667221990837
0.6799250312369846
0.8419408579758434
0.5195751770095793
0.8069554352353187
0.7269887546855477
0.46876301541024573
0.6453561016243232
0.6949187838400667
0.5674718867138692
0.7946688879633486
0.7761349437734277
0.8604748021657642
0.7569762598917118
0.7280299875052062
0.6457725947521866
0.8107038733860892
0.7453144523115368
0.7059558517284464
0.7040816326530612
0.8440233236151603
0.558725531028738
0.6293211162015827
0.7076218242399
0.7063723448563098
0.6443148688046647
0.6817992503123699
0.8417326114119117
0.6505622657226156
0.7067888379841732
0.534152436484798
0.6253644314868805
0.9162848812994585
0.9062890462307371
0.7821740941274469
0.6953352769679301
0.5108288213244482
0.6630570595585172
0.6817992503123699
0.550603915035402
0.8088296543107039
0.8198667221990837
0.7311536859641816
0.6055810079133694
0.865472719700125
0.62161599333611
0.885256143273636
0.5789254477301125
0.9529362765514369
0.6670137442732195
0.8465222823823407
0.8588088296543107
0.8071636817992504
0.9158683881715952
0.5443565181174511
0.9256559766763849
0.7209496043315285
0.5127030403998334
0.6555601832569763
0.5962099125364432
0.8419408579758434
0.6407746772178259
0.8356934610578926
0.9775093710953769
0.8275718450645564
0.7101207830070804
0.853186172428155
0.5966264056643066
0.6793002915451894
0.7734277384423157
0.5364431486880467
0.7228238234069138
0.7842565597667639
0.8477717617659308
0.7973760932944607
0.7559350270720533
0.6549354435651812
0.8775510204081632
0.6349437734277384
0.5235318617242816
0.8548521449396085
0.8404831320283215
0.7925864223240316
0.6945022907122033
0.7013744273219492
0.8340274885464389
0.7761349437734277
0.6418159100374844
0.9156601416076635
0.9783423573511038
0.7003331945022907
0.8386089129529363
0.8577675968346522
0.7457309454394002
0.7186588921282799
0.5753852561432736
0.8042482299042066
0.6632653061224489
0.7013744273219492
0.885256143273636
0.5914202415660141
0.9550187421907539
0.6049562682215743
0.5568513119533528
0.8032069970845481
0.6053727613494377
0.768429820907955
0.7921699291961682
0.7544773011245315
0.46668054977092877
0.6649312786339026
0.68304872969596
0.5670553935860059
0.6507705122865473
0.8517284464806331
0.7794668887963349
0.9285714285714286
0.5528946272386506
0.7007496876301541
0.7669720949604332
0.8956684714702208
0.8573511037067888
0.7665556018325698
0.6570179092044981
0.6297376093294461
0.82923781757601
0.7784256559766763
0.9129529362765514
0.7584339858392336
0.19700124947938358
0.5737192836318201
0.7451062057476051
0.7469804248229904
0.5780924614743856
0.8677634319033736
0.7132444814660558
0.722615576842982
0.9456476468138276
0.7842565597667639
0.6030820491461891
0.5864223240316535
0.665347771761766
0.9285714285714286
0.8090379008746356
0.8254893794252395
0.7996668054977093
0.7105372761349438
0.8021657642648896
0.9758433985839233
0.8552686380674719
0.9321116201582674
0.7973760932944607
0.7334443981674302
0.6124531445231154
0.9271137026239067
0.6101624323198668
0.5672636401499376
0.8475635152019991
0.694710537276135
0.7451062057476051
0.8075801749271136
0.6280716368179925
0.7821740941274469
0.5516451478550604
0.8132028321532695
0.729487713452728
0.7107455226988755
0.9133694294044148
0.6999167013744273
0.41836734693877553
0.9381507705122866
0.6728446480633069
0.8198667221990837
0.5187421907538525
0.6747188671386922
0.5539358600583091
0.6568096626405664
0.7151187005414411
0.9254477301124532
0.7236568096626406
0.836109954185756
0.9433569346105789
0.6774260724698042
0.9327363598500624
0.6726364014993753
0.7628071636817992
0.8542274052478134
0.797167846730529
0.697417742607247
0.5343606830487297
0.7269887546855477
0.7515618492294878
0.6118284048313203
0.7944606413994169
0.2988338192419825
0.8157017909204498
0.6486880466472303
0.6890878800499792
0.5547688463140358
0.4700124947938359
0.9008746355685131
0.7361516034985423
0.5049979175343606
0.6997084548104956
0.905039566847147
0.7919616826322365
0.6484798000832986
0.6636817992503123
0.7217825905872554
0.7092877967513536
0.7526030820491462
0.7042898792169929
0.7109537692628072
0.7501041232819659
0.5916284881299458
0.836109954185756
0.6466055810079133
0.7965431070387339
0.8117451062057476
0.8937942523948355
0.7528113286130779
0.7996668054977093
0.5595585172844648
0.6836734693877551
0.5641399416909622
0.9304456476468138
0.7215743440233237
0.8019575177009579
0.7026239067055393
0.7174094127446897
0.5878800499791753
0.9560599750104123
0.5516451478550604
0.7344856309870887
0.855893377759267
0.5616409829237817
0.7942523948354853
0.5581007913369429
0.6865889212827988
0.7628071636817992
0.6418159100374844
0.6187005414410662
0.6668054977092878
0.9402332361516035
0.6236984589754269
0.7192836318200749
0.43669304456476465
0.8127863390254061
0.882548937942524
0.6876301541024573
0.6128696376509788
0.7750937109537692
0.71990837151187
0.7680133277800917
0.5547688463140358
0.8240316534777176
0.8771345272802998
0.594960433152853
0.3082049146189088
0.7638483965014577
0.7642648896293212
0.6395251978342358
0.6416076634735527
0.6951270304039984
0.8115368596418159
0.7278217409412745
0.7540608079966681
0.5566430653894211
0.7686380674718867
0.8379841732611412
0.5243648479800084
0.756143273635985
0.7151187005414411
0.5910037484381507
0.7832153269471054
0.5418575593502707
0.8159100374843815
0.5537276134943774
0.5887130362349021
0.9485630987088713
0.6857559350270721
0.7396917950853811
0.6293211162015827
0.6924198250728864
0.6424406497292795
0.8048729695960016
0.7448979591836735
0.7819658475635152
0.8706788837984173
0.6278633902540608
0.8356934610578926
0.661182840483132
0.5916284881299458
0.6328613077884215
0.6443148688046647
0.8352769679300291
0.680341524364848
0.892753019575177
0.5649729279466889
0.6436901291128696
0.7965431070387339
0.5760099958350687
0.7890462307371928
0.48500624739691794
0.6751353602665556
0.9156601416076635
0.894835485214494
0.6763848396501457
0.6799250312369846
0.6984589754269055
0.5743440233236151
0.5989171178675552
0.7796751353602666
0.6911703456892961
0.8034152436484798
0.6476468138275718
0.8992086630570596
0.7399000416493128
0.8960849645980842
0.8638067471886713
0.29529362765514366
0.7309454394002499
0.700124947938359
0.7680133277800917
0.5753852561432736
0.799875052061641
0.8812994585589338
0.7542690545605998
0.7299042065805914
0.5628904623073719
0.6915868388171595
0.7113702623906706
0.7290712203248646
0.5718450645564348
0.6853394418992087
0.6845064556434819
0.6790920449812579
0.743856726364015
0.7905039566847147
0.5589337775926697
0.8231986672219909
0.6774260724698042
0.7232403165347772
0.8987921699291962
0.6532694710537276
0.9550187421907539
0.5064556434818825
0.6472303206997084
0.5664306538942108
0.7080383173677635
0.785506039150354
0.8142440649729279
0.5637234485630988
0.6992919616826322
0.790295710120783
0.8456892961266139
0.5451895043731778
0.7453144523115368
0.8754685547688463
0.6713869221157851
0.5551853394418992
0.8004997917534361
0.3898375676801333
0.7813411078717201
0.8408996251561849
0.8194502290712203
0.5289462723865056
0.5179092044981258
0.8960849645980842
0.7694710537276135
0.5329029571012078
0.8973344439816743
0.6815910037484382
0.6486880466472303
0.6534777176176593
0.7646813827571846
0.8425655976676385
0.7844648063306956
0.7176176593086214
0.7065805914202415
0.7303206997084548
0.7975843398583924
0.81695127030404
0.9027488546438984
0.9235735110370679
0.6339025406080799
0.7994585589337776
0.7884214910453977
0.6593086214077468
0.9481466055810079
0.606622240733028
0.2600999583506872
0.6041232819658475
0.6374427321949188
0.6672219908371512
0.7232403165347772
0.765722615576843
0.7280299875052062
0.6676384839650146
0.6164098292378176
0.8071636817992504
0.8088296543107039
0.8931695127030403
0.8271553519366931
0.700124947938359
0.85381091211995
0.20699708454810495
0.6505622657226156
0.6505622657226156
0.687838400666389
0.773219491878384
0.8369429404414828
0.5349854227405247
0.8546438983756768
0.8748438150770512
0.7432319866722199
0.6130778842149105
0.6193252811328613
0.7392753019575177
0.8900458142440649
0.8679716784673053
0.6901291128696376
0.7959183673469388
0.8815077051228655
0.7840483132028322
0.7271970012494794
0.5391503540191587
0.7155351936693044
0.6759683465222824
0.6676384839650146
0.6874219075385256
0.8877551020408163
0.7034568929612661
0.8567263640149938
0.6022490628904623
0.7505206164098293
0.6890878800499792
0.7119950020824657
0.6349437734277384
0.8994169096209913
0.8184089962515618
0.6855476884631404
0.8867138692211578
0.568304872969596
0.7617659308621407
0.6838817159516868
0.8229904206580592
0.5932944606413995
0.6416076634735527
0.6813827571845065
0.5545605997501041
0.6324448146605581
0.734277384423157
0.7038733860891295
0.5737192836318201
0.7586422324031653
0.6357767596834653
0.6236984589754269
0.6915868388171595
0.8113286130778842
0.7428154935443565
0.7446897126197418
0.6640982923781757
0.6505622657226156
0.8317367763431903
0.9064972927946688
0.758850478967097
0.5791336942940442
0.6982507288629738
0.8773427738442315
0.7482299042065806
0.6607663473552686
0.8394418992086631
0.9418992086630571
0.6990837151187005
0.6551436901291129
0.7563515201999167
0.6859641815910037
0.8904623073719283
0.534777176176593
0.6438983756768013
0.6951270304039984
0.6886713869221158
0.7528113286130779
0.5926697209496044
0.7401082882132445
0.8023740108288213
0.7792586422324032
0.8406913785922532
