0.805
0.9290625
0.876875
0.7003125
0.8946875
0.8284375
0.825625
0.896875
0.9428125
0.9334375
0.7196875
0.8534375
0.89125
0.86375
0.9509375
0.8540625
0.646875
0.826875
0.6603125
0.8840625
0.869375
0.9475
0.8428125
0.9275
0.859375
0.8575
0.85875
0.7421875
0.896875
0.769375
0.926875
0.865625
0.92125
0.7571875
0.9109375
0.931875
0.9134375
0.918125
0.843125
0.945625
0.9003125
0.8175
0.8484375
0.823125
0.8446875
0.82125
0.80375
0.895
0.92125
0.8953125
0.834375
0.9153125
0.814375
0.84375
0.90125
0.8184375
0.883125
0.9140625
0.77125
0.8975
0.8884375
0.7915625
0.750625
0.8259375
0.86375
0.873125
0.913125
0.8346875
0.8315625
0.836875
0.7825
0.878125
0.9046875
0.951875
0.8765625
0.9184375
0.7428125
0.9503125
0.820625
0.79
0.8478125
0.904375
0.8696875
0.88375
0.8921875
0.7996875
0.9509375
0.869375
0.7846875
0.910625
0.86125
0.8384375
0.9340625
0.951875
0.86375
0.894375
0.813125
0.9434375
0.87375
0.8459375
0.86875
0.8265625
0.878125
0.7503125
0.7940625
0.864375
0.824375
0.818125
0.82125
0.8165625
0.8753125
0.8925
0.8003125
0.7175
0.855625
0.9534375
0.8453125
0.886875
0.868125
0.8984375
0.8675
0.921875
0.8734375
0.955
0.6021875
0.70125
0.8540625
0.941875
0.85625
0.811875
0.90125
0.8153125
0.7984375
0.801875
0.7753125
0.8746875
0.8503125
0.8453125
0.8153125
0.8828125
0.83875
0.898125
0.7553125
0.9425
0.8784375
0.7846875
0.9090625
0.7846875
0.9734375
0.86875
0.8065625
0.9446875
0.9165625
0.838125
0.8225
0.868125
0.889375
0.8746875
0.85375
0.9340625
0.9609375
0.909375
0.92125
0.8578125
0.8103125
0.7984375
0.7853125
0.890625
0.8725
0.8234375
0.901875
0.8471875
0.9634375
0.833125
0.8784375
0.8009375
0.884375
0.850625
0.941875
0.741875
0.9178125
0.96625
0.8140625
0.9253125
0.9459375
0.828125
0.888125
0.9015625
0.6725
0.7378125
0.7471875
0.838125
0.8146875
0.8496875
0.8546875
0.858125
0.9234375
0.845625
0.8084375
0.895625
0.8034375
0.78375
0.9384375
0.915625
0.830625
0.8409375
0.699375
0.8075
0.8390625
0.7303125
0.936875
0.7621875
0.945
0.879375
0.8784375
0.9140625
0.8453125
0.779375
0.9071875
0.80625
0.8525
0.8665625
0.875
0.8521875
0.7903125
0.744375
0.6953125
0.8296875
0.8315625
0.8490625
0.9278125
0.94
0.9078125
0.7965625
0.9640625
0.8634375
0.7375
0.883125
0.786875
0.8725
0.8659375
0.948125
0.9296875
0.85
0.9128125
0.98375
0.8053125
0.77875
0.9025
0.8803125
0.9009375
0.9196875
0.8940625
0.918125
0.8128125
0.8384375
0.8896875
0.93375
0.74
0.87125
0.73
0.8890625
0.8471875
0.846875
0.8621875
0.8546875
0.8384375
0.859375
0.8340625
0.7821875
0.89375
0.893125
0.97875
0.8896875
0.931875
0.7165625
0.7609375
0.7771875
0.91
0.83625
0.8
0.739375
0.8559375
0.8396875
0.8540625
0.7821875
0.7703125
0.9115625
0.8428125
0.9375
0.9378125
0.8921875
0.965
0.8309375
0.898125
0.8428125
0.74625
0.3959375
0.8175
0.8475
0.9109375
0.9190625
0.9021875
0.8625
0.8284375
0.81375
0.903125
0.878125
0.695
0.4440625
0.868125
0.81875
0.88125
0.84625
0.9115625
0.919375
0.880625
0.82375
0.8815625
0.944375
0.7878125
0.863125
0.900625
0.7859375
0.911875
0.964375
0.9240625
0.89875
0.9484375
0.8828125
0.7396875
0.8959375
0.9584375
0.7625
0.8946875
0.920625
0.894375
0.848125
0.8575
0.80875
0.888125
0.8234375
0.7665625
0.9153125
0.7934375
0.9175
0.7675
0.795625
0.7871875
0.8371875
0.906875
0.9071875
0.865
0.79375
0.8428125
0.8740625
0.829375
0.88125
0.795625
0.911875
0.84125
0.9075
0.9553125
0.93
0.8528125
0.806875
0.9421875
0.799375
0.8728125
0.8221875
0.8940625
0.8509375
0.853125
0.959375
0.965625
0.8990625
0.9478125
0.843125
0.8865625
0.8921875
0.9684375
0.7615625
0.91125
0.8625
0.8240625
0.7975
0.8571875
0.9328125
0.8875
0.8471875
0.7246875
0.78125
0.87125
0.8609375
0.8065625
0.7621875
0.8103125
0.9475
0.8359375
0.88375
0.7946875
0.8221875
0.8321875
0.828125
0.809375
0.955625
0.91375
0.97625
0.786875
0.806875
0.916875
0.8940625
0.795
0.835625
0.936875
0.81
0.851875
0.765
0.770625
0.854375
0.8784375
0.9478125
0.7771875
0.72125
0.8640625
0.823125
0.94
0.7978125
0.850625
0.809375
0.923125
0.844375
0.8203125
0.923125
0.8175
0.9278125
0.8975
0.9175
0.905625
0.8490625
0.8165625
0.89625
0.809375
0.893125
0.370625
0.8584375
0.8421875
0.8240625
0.8359375
0.890625
0.744375
0.8834375
0.81375
0.8975
0.79
0.9353125
0.7403125
0.8475
0.8890625
0.7878125
0.898125
0.4103125
0.8875
0.83
0.850625
0.7228125
0.718125
0.889375
0.871875
0.886875
0.83375
0.93625
0.94125
0.7840625
0.8890625
0.9215625
0.8028125
0.8746875
0.846875
0.860625
0.8228125
0.9353125
0.92
0.9340625
0.944375
0.850625
0.864375
0.8596875
0.89125
0.8375
0.890625
0.9028125
0.7896875
0.883125
0.946875
0.8675
0.9275
0.9275
0.765
0.925
0.7115625
0.9334375
0.821875
0.7853125
0.9196875
0.86875
0.0696875
0.86625
0.895625
0.835
0.8165625
0.76375
0.85625
0.890625
0.8946875
0.8975
0.85875
0.7775
0.9278125
0.7128125
0.90375
0.93375
0.939375
0.9275
0.9071875
0.7803125
0.8525
0.823125
0.845625
0.7228125
0.89875
0.9125
0.7871875
0.4371875
0.935625
0.7896875
0.890625
0.935625
0.8578125
0.8003125
0.9109375
0.930625
0.8284375
0.9359375
0.9109375
0.8953125
0.87625
0.8784375
0.7815625
0.9028125
0.818125
0.7778125
0.95
0.9084375
0.8040625
0.9028125
0.898125
0.835
0.7725
0.8309375
0.6184375
0.865
0.9446875
0.81375
0.8021875
0.9009375
0.8940625
0.8884375
0.898125
0.8528125
0.78625
0.9625
0.89125
0.840625
0.8725
0.9384375
0.8953125
0.8675
0.794375
0.8846875
0.8278125
0.8184375
0.88625
0.938125
0.748125
0.89375
0.846875
0.854375
0.873125
0.8075
0.7540625
0.8896875
0.78875
0.818125
0.8540625
0.7659375
0.92
0.8915625
0.8678125
0.8909375
0.845
0.9034375
0.7709375
0.794375
0.8984375
0.96375
0.8165625
0.9
0.8934375
0.940625
0.8153125
0.8684375
0.76125
0.869375
0.92375
0.8946875
0.903125
0.8875
0.8921875
0.8496875
0.7671875
0.8015625
0.855
0.8303125
0.8425
0.8590625
0.76875
0.9178125
0.8284375
0.9040625
0.809375
0.9415625
0.9253125
0.9259375
0.865
0.9225
0.835625
0.881875
0.8953125
0.8659375
0.7284375
0.6596875
0.82875
0.9021875
0.7909375
0.8371875
0.803125
0.8859375
0.8165625
0.7525
0.9134375
0.8684375
0.875
0.9
0.774375
0.82
0.7734375
0.848125
0.90625
0.87125
0.906875
0.9546875
0.875625
0.868125
0.9440625
0.955
0.82
0.876875
0.855625
0.808125
0.85625
0.9121875
0.8178125
0.8171875
0.84375
0.841875
0.724375
0.92375
0.85875
0.8321875
0.9375
0.83375
0.939375
0.729375
0.9184375
0.784375
0.8728125
0.8425
0.87625
0.873125
0.84125
0.760625
0.943125
0.8703125
0.823125
0.7359375
0.906875
0.8484375
0.7703125
0.930625
0.93625
0.7778125
0.909375
0.8321875
0.890625
0.7840625
0.8975
0.8540625
0.795
0.9015625
0.7434375
0.773125
0.8665625
0.9025
0.7671875
0.9446875
0.86375
0.92
0.8765625
0.86875
0.810625
0.8775
0.85625
0.915625
0.9053125
0.7259375
0.8475
0.8925
0.7578125
0.89125
0.9153125
0.8771875
0.8521875
0.8378125
0.8465625
0.92
0.764375
0.809375
0.854375
0.845625
0.906875
0.850625
0.73125
0.9003125
0.8128125
0.8784375
0.88375
0.815
0.7765625
0.891875
0.911875
0.9153125
0.893125
0.8825
0.8409375
0.9109375
0.8603125
0.886875
0.9075
0.8740625
0.9265625
0.7325
0.760625
0.880625
0.818125
0.906875
0.875
0.951875
0.78875
0.91375
0.888125
0.8346875
0.9296875
0.8078125
0.671875
0.8471875
0.8728125
0.9246875
0.8825
0.9053125
0.9253125
0.7871875
0.80875
0.851875
0.8825
0.87125
0.915625
0.784375
0.800625
0.761875
0.7840625
0.91875
0.8653125
0.808125
0.8471875
0.83875
0.886875
0.8315625
0.9334375
0.83875
0.906875
0.845
0.9203125
0.8871875
0.8403125
0.9040625
0.926875
0.8609375
0.8009375
0.87875
0.82375
0.949375
0.884375
0.7265625
0.8278125
0.834375
0.67375
0.97
0.779375
0.8784375
0.761875
0.843125
0.889375
0.9078125
0.87625
0.894375
0.83875
0.955
0.928125
0.9159375
0.9065625
0.84625
0.76125
0.8790625
0.8709375
0.895
0.849375
0.920625
0.9396875
0.736875
0.8871875
0.9553125
0.73125
0.8959375
0.900625
0.90125
0.8446875
0.69125
0.9421875
0.80875
0.8509375
0.9265625
0.893125
0.8659375
0.834375
0.84
0.7128125
0.9478125
0.9096875
0.8509375
0.85375
0.908125
0.835
0.88
0.81
0.930625
0.886875
0.7803125
0.89125
0.849375
0.91
0.8828125
0.9478125
0.81625
0.926875
0.93375
0.8953125
0.68
0.805
0.8975
0.885
0.880625
0.86
0.7271875
0.911875
0.839375
0.77625
0.881875
0.7971875
0.86
0.7915625
0.8484375
0.7609375
0.7921875
0.8884375
0.8553125
0.9015625
0.801875
0.8921875
0.951875
0.854375
0.9175
0.8834375
0.8509375
0.889375
0.8353125
0.9396875
0.8896875
0.8975
0.8653125
0.888125
0.9209375
0.7159375
0.8934375
0.7815625
0.8634375
0.8165625
0.8825
0.8546875
0.86125
0.8053125
0.8275
0.7846875
0.7696875
0.9234375
0.9365625
0.8521875
0.891875
0.8846875
0.933125
0.891875
0.8690625
0.6165625
0.9209375
0.8065625
0.7084375
0.8953125
0.9303125
0.881875
0.923125
0.89
0.8340625
0.80875
0.8653125
0.8859375
0.9040625
0.873125
0.8221875
0.5684375
0.92
0.9146875
0.934375
0.9459375
0.2728125
0.89625
0.936875
0.8084375
0.6846875
0.8165625
0.826875
0.8234375
0.9253125
0.88
0.8628125
0.8803125
0.9203125
0.8025
0.891875
0.8934375
0.738125
0.8503125
0.7946875
0.8440625
0.835
0.860625
0.7653125
0.84875
0.905625
0.8278125
0.748125
0.9496875
0.76125
0.8096875
0.8221875
0.89125
0.8015625
0.8421875
0.90375
0.8196875
0.84625
0.88625
0.90375
0.778125
0.91875
0.9621875
0.8046875
0.77125
0.8346875
0.88625
0.7509375
0.7928125
0.888125
0.924375
0.8428125
0.82875
0.9290625
0.9228125
0.898125
0.7875
0.6590625
0.6875
0.831875
0.84875
0.824375
0.86875
0.080625
0.891875
0.93
0.905
0.891875
0.8603125
0.83125
0.88125
0.8428125
0.8825
0.7440625
0.858125
0.8371875
0.839375
0.941875
0.79375
0.959375
0.8403125
0.8521875
0.8290625
0.713125
0.7759375
0.654375
0.9121875
0.8615625
0.830625
0.875
0.8346875
0.9115625
0.9421875
0.8640625
0.774375
0.8453125
0.849375
0.8075
0.8128125
0.87125
0.794375
0.9184375
0.8815625
0.8959375
0.830625
0.7990625
0.7590625
0.8746875
0.8821875
0.818125
0.92
0.8940625
0.845625
0.8534375
0.8853125
0.8521875
0.836875
0.86
0.7759375
0.8534375
0.8490625
0.88
0.881875
0.7734375
0.943125
0.833125
0.3971875
0.910625
0.771875
0.93375
0.889375
0.9496875
0.910625
0.92625
0.945625
0.955
0.968125
0.9209375
0.874375
0.9046875
0.8696875
0.871875
0.7965625
0.8828125
0.728125
0.940625
0.9225
0.9153125
0.924375
0.8696875
0.8021875
0.8340625
0.96125
0.8746875
0.7803125
0.9128125
0.77375
0.7565625
0.89
0.866875
0.90625
0.93875
0.914375
0.8571875
0.8796875
0.771875
0.8325
0.8834375
0.83
0.8865625
0.92625
0.8459375
0.8009375
0.9075
0.9528125
0.849375
0.924375
0.8015625
0.920625
0.9021875
0.7940625
0.92375
0.829375
0.7765625
0.969375
0.8559375
0.8996875
0.89375
0.77
0.849375
0.8675
0.8271875
0.908125
0.8290625
0.845
0.846875
0.8559375
0.91875
0.8203125
0.789375
0.8571875
0.8815625
0.8259375
0.888125
0.825
0.67875
0.805625
0.8703125
0.8425
0.91875
0.848125
0.7915625
0.9321875
0.9528125
0.920625
0.801875
0.79375
0.92875
0.749375
0.82125
0.846875
0.89375
0.9203125
0.8190625
0.92625
0.9321875
0.8046875
0.83375
0.7846875
0.903125
0.9425
0.8515625
0.834375
0.8159375
0.8390625
0.7215625
0.8490625
0.8628125
0.7078125
0.88125
0.9159375
0.8134375
0.8596875
0.8096875
0.825
0.8259375
0.9025
0.9228125
0.94375
0.829375
0.7871875
0.910625
0.646875
0.88625
0.8571875
0.896875
0.9203125
0.75625
0.878125
0.7775
0.885
0.8459375
0.81625
0.7571875
0.913125
0.809375
0.8890625
0.8265625
0.8846875
0.9296875
0.9125
0.1275
0.893125
0.9475
0.783125
0.96625
0.9434375
0.759375
0.8615625
0.8796875
0.815
0.54625
0.9540625
0.85625
0.876875
0.8959375
0.813125
0.7978125
0.9134375
0.9021875
0.8434375
0.9290625
0.7040625
0.878125
0.743125
0.670625
0.958125
0.8953125
0.94125
0.9265625
0.791875
0.900625
0.8246875
0.821875
0.7875
0.7734375
0.728125
0.8725
0.948125
0.804375
0.775625
0.753125
0.875
0.78125
0.8303125
0.88375
0.77875
0.9246875
0.7959375
0.7578125
0.8075
0.7715625
0.7375
0.6865625
0.92625
0.8671875
0.8665625
0.75125
0.7859375
0.8865625
0.8871875
0.8996875
0.8759375
0.8965625
0.688125
0.7715625
0.861875
0.8765625
0.871875
0.9196875
0.86625
0.845625
0.7625
0.84875
0.91875
0.8209375
0.861875
0.8584375
0.969375
0.8834375
0.945625
0.7878125
0.9034375
0.9071875
0.9
0.875
0.9071875
0.891875
0.96375
0.9290625
0.7803125
0.9534375
0.9075
0.884375
0.869375
0.8625
0.884375
0.8025
0.82875
0.8496875
0.8928125
0.93125
0.8075
0.86875
0.8396875
0.886875
0.928125
0.919375
0.825625
0.950625
0.835625
0.775
0.865625
0.8278125
0.8471875
0.809375
0.8940625
0.9746875
0.759375
0.8465625
0.858125
0.8959375
0.8975
0.9609375
0.7609375
0.971875
0.808125
0.8646875
0.7765625
0.8115625
0.935625
0.9759375
0.8621875
0.845625
0.8384375
0.823125
0.9178125
0.85375
0.79
0.8915625
0.9071875
0.9525
0.7784375
0.805625
0.894375
0.895625
0.8521875
0.863125
0.72625
0.8925
0.8315625
0.794375
0.9446875
0.7340625
0.8725
0.863125
0.89
0.89
0.8428125
0.8190625
0.92125
0.8765625
0.9475
0.8853125
0.8509375
0.8753125
0.869375
0.8521875
0.7325
0.8525
0.868125
0.8234375
0.80375
0.9234375
0.739375
0.811875
0.9771875
0.8265625
0.9309375
0.8878125
0.9
0.9721875
0.915625
0.893125
0.8978125
0.85625
0.8828125
0.88875
0.85875
0.8475
0.919375
0.77125
0.9
0.89125
0.8675
0.8953125
0.93125
0.9184375
0.7440625
0.90375
0.951875
0.83625
0.9021875
0.9190625
0.8896875
0.91125
0.8825
0.8321875
0.849375
0.7975
0.919375
0.8871875
0.946875
0.8365625
0.795625
0.8728125
0.9159375
0.841875
0.871875
0.8671875
0.843125
0.9096875
0.898125
0.95625
0.7921875
0.895625
0.7721875
0.9175
0.92125
0.9353125
0.8071875
0.8890625
0.825
0.905625
0.8990625
0.8553125
0.794375
0.974375
0.8740625
0.77
0.703125
0.845625
0.80625
0.715
0.8378125
0.849375
0.8028125
0.84125
0.9221875
0.8775
0.754375
0.9121875
0.7846875
0.80875
0.9178125
0.785625
0.866875
0.8334375
0.9178125
0.8234375
0.858125
0.9234375
0.944375
0.578125
0.8865625
0.7865625
0.84625
0.965625
0.7990625
0.8325
0.7853125
0.855
0.796875
0.880625
0.8515625
0.8396875
0.945
0.8821875
0.890625
0.81625
0.851875
0.7575
0.8340625
0.885625
0.8534375
0.776875
0.8753125
0.9246875
0.8490625
0.89875
0.8484375
0.90625
0.888125
0.8925
0.8546875
0.9103125
0.9021875
0.8003125
0.8828125
0.8878125
0.890625
0.7978125
0.945
0.73875
0.868125
0.904375
0.901875
0.875625
0.8840625
0.893125
0.9584375
0.8990625
0.9015625
0.96
0.905
0.865
0.864375
0.945625
0.873125
0.9140625
0.7946875
0.836875
0.7909375
0.8746875
0.8840625
0.9253125
0.78
0.8865625
0.78125
0.91375
0.814375
0.679375
0.9434375
0.7875
0.8465625
0.8784375
0.825
0.9290625
0.9134375
0.8703125
0.6903125
0.9253125
0.9290625
0.91375
0.881875
0.8828125
0.8640625
0.8071875
0.850625
0.823125
0.8621875
0.8390625
0.8346875
0.846875
0.8975
0.8115625
0.80875
0.7884375
0.90875
0.941875
0.78875
0.8903125
0.784375
0.8996875
0.85
0.90125
0.6853125
0.8775
0.855
0.8865625
0.900625
0.7059375
0.7971875
0.88375
0.82625
0.8734375
0.861875
0.763125
0.864375
0.7859375
0.9159375
0.8965625
0.833125
0.930625
0.843125
0.9346875
0.928125
0.8934375
0.729375
0.914375
0.7859375
0.9021875
0.7825
0.788125
0.910625
0.889375
0.86
0.7353125
0.8171875
0.8940625
0.813125
0.85
0.9396875
0.7115625
0.784375
0.743125
0.8828125
0.89875
0.8428125
0.914375
0.8403125
0.9134375
0.84
0.685625
0.76875
0.8228125
0.8471875
0.794375
0.9459375
0.721875
0.9121875
0.91375
0.7865625
0.793125
0.8565625
0.91375
0.9009375
0.9203125
0.919375
0.8303125
0.8665625
0.899375
0.8684375
0.889375
0.80625
0.7709375
0.6984375
0.8921875
0.8534375
0.8078125
0.8840625
0.9021875
0.8684375
0.89
0.8221875
0.8934375
0.8440625
0.881875
0.8446875
0.8978125
0.9303125
0.9396875
0.969375
0.8546875
0.7084375
0.9053125
0.774375
0.8784375
0.8871875
0.7975
0.8046875
0.8384375
0.899375
0.9359375
0.8078125
0.889375
0.9215625
0.7340625
0.8084375
0.900625
0.85375
0.92125
0.901875
0.9378125
0.778125
0.760625
0.0009375
0.8321875
0.868125
0.88125
0.8275
0.8725
0.8365625
0.9015625
0.904375
0.899375
0.8071875
0.803125
0.9059375
0.6040625
0.9465625
0.895
0.8046875
0.884375
0.8278125
0.8959375
0.804375
0.7221875
0.93875
0.88
0.828125
0.854375
0.8865625
0.3428125
0.9103125
0.9015625
0.874375
0.86625
0.8703125
0.825
0.8425
0.9209375
0.83125
0.9075
0.8653125
0.890625
0.8015625
0.9
0.7946875
0.8396875
0.7909375
0.8096875
0.859375
0.9015625
0.8234375
0.8121875
0.8390625
0.9725
0.886875
0.896875
0.959375
0.8559375
0.8971875
0.88875
0.935625
0.845625
0.9434375
0.64625
0.9071875
0.89375
0.9315625
0.8265625
0.905625
0.716875
0.9153125
0.9028125
0.85375
0.7534375
0.8603125
0.9284375
0.84875
0.813125
0.73625
0.89125
0.888125
0.7034375
0.8415625
0.806875
0.8921875
0.9
0.8725
0.8903125
0.75375
0.96
0.8946875
0.9115625
0.928125
0.83
0.9046875
0.869375
0.8759375
0.8871875
0.770625
0.880625
0.9175
0.900625
0.85875
0.7746875
0.7878125
0.77125
0.8859375
0.86125
0.8090625
0.9459375
0.7421875
0.893125
0.855
0.8859375
0.87125
0.870625
0.7753125
0.8959375
0.9475
0.87625
0.745625
0.8690625
0.831875
0.763125
0.7703125
0.75375
0.878125
0.8
0.8084375
0.854375
0.8546875
0.87625
0.8090625
0.8353125
0.9446875
0.9709375
0.8
0.9115625
0.865625
0.8890625
0.930625
0.7865625
0.92875
0.90875
0.789375
0.8575
0.8771875
0.9309375
0.8734375
0.93875
0.8696875
0.94
0.9053125
0.8415625
0.66375
0.8125
0.6675
0.860625
0.9359375
0.8734375
0.9471875
0.9075
0.82375
0.89625
0.829375
0.783125
0.8290625
0.78875
0.900625
0.8753125
0.88
0.8565625
0.83875
0.869375
0.894375
0.8834375
0.92
0.904375
0.8725
0.895
0.86875
0.9328125
0.820625
0.9246875
0.8484375
0.8821875
0.805625
0.9321875
0.91625
0.940625
0.8784375
0.8765625
0.816875
0.8259375
0.825
0.95
0.885
0.935625
0.863125
0.8634375
0.8884375
0.7971875
0.8275
0.8965625
0.905
0.9303125
0.8896875
0.896875
0.76125
0.920625
0.90625
0.8621875
0.8746875
0.8559375
0.8896875
0.905
0.80125
0.8871875
0.875
0.7415625
0.8146875
0.8946875
0.799375
0.8971875
0.800625
0.7853125
0.943125
0.8303125
0.8475
0.876875
0.923125
0.8946875
0.78125
0.70875
0.79
0.795
0.840625
0.9478125
0.9015625
0.85625
0.8034375
0.8915625
0.811875
0.8840625
0.8825
0.8603125
0.7925
0.8909375
0.9259375
0.8815625
0.86375
0.919375
0.5771875
0.7875
0.9034375
0.905
0.821875
0.7965625
0.9240625
0.8615625
0.8521875
0.9103125
0.75125
0.7925
0.8834375
0.8753125
0.929375
0.8165625
0.765
0.901875
0.915625
0.899375
0.845
0.7803125
0.75375
0.77875
0.9259375
0.879375
0.961875
0.90875
0.8965625
0.9409375
0.91875
0.9078125
0.8721875
0.9459375
0.893125
0.7565625
0.8075
0.9284375
0.7653125
0.8496875
0.890625
0.9515625
0.956875
0.841875
0.8121875
0.8953125
0.9071875
0.8178125
0.8625
0.9434375
0.868125
0.895625
0.7625
0.9546875
0.895625
0.84375
0.76625
0.7925
0.7478125
0.7840625
0.75
0.8665625
0.9696875
0.8725
0.905
0.886875
0.901875
0.888125
0.9003125
0.896875
0.7965625
0.9046875
0.894375
0.899375
0.949375
0.860625
0.7734375
0.9390625
0.8246875
0.9353125
0.83
0.77875
0.8975
0.7965625
0.7725
0.9065625
0.7646875
0.7365625
0.8134375
0.9625
0.8925
0.875
0.7959375
0.909375
0.906875
0.8234375
0.878125
0.82625
0.82875
0.52375
0.818125
0.8275
0.9225
0.9075
0.793125
0.829375
0.8084375
0.9171875
0.785625
0.8725
0.9446875
0.7475
0.800625
0.8778125
0.8484375
0.87625
0.933125
0.8815625
0.741875
0.8628125
0.9634375
0.8790625
0.9015625
0.9278125
0.7921875
0.945
0.8315625
0.925
0.91125
0.9
0.8271875
0.9525
0.835
0.894375
0.7190625
0.8009375
0.941875
0.925
0.7959375
0.89375
0.88375
0.91
0.8003125
0.8659375
0.8228125
0.9190625
0.795
0.791875
0.8965625
0.653125
0.849375
0.7940625
0.8846875
0.736875
0.8584375
0.85
0.820625
0.8934375
0.8046875
0.7984375
0.8778125
0.90125
0.91125
0.8896875
0.8403125
0.8909375
0.88625
0.8478125
0.876875
0.855625
0.7621875
0.9396875
0.845
0.9071875
0.8621875
0.8921875
0.78875
0.8284375
0.7721875
0.9340625
0.9071875
0.938125
0.6825
0.8190625
0.8896875
0.8934375
0.93375
0.8584375
0.8815625
0.9378125
0.7884375
0.9203125
0.80125
0.9040625
0.9046875
0.908125
0.885625
0.81
0.8215625
0.9165625
0.838125
0.805
0.788125
0.8178125
0.7921875
0.904375
0.7809375
0.8015625
0.800625
0.819375
0.9190625
0.9225
0.7821875
0.884375
0.86125
0.8521875
0.9265625
0.68
0.87875
0.864375
0.9078125
0.935
0.820625
0.74875
0.8365625
0.8834375
0.840625
0.8925
0.8246875
0.93125
0.82
0.9196875
0.91375
0.836875
0.848125
0.7959375
0.7621875
0.9515625
0.815625
0.915625
0.888125
0.9603125
0.9446875
0.873125
0.831875
0.8215625
0.840625
0.92875
0.78875
0.9425
0.8378125
0.890625
0.7846875
0.9178125
0.88125
0.886875
0.82625
0.904375
0.905625
0.86375
0.7784375
0.935625
0.8909375
0.8278125
0.813125
0.8796875
0.73
0.7165625
0.7634375
0.7509375
0.898125
0.8840625
0.8678125
0.9103125
0.901875
0.949375
0.8615625
0.899375
0.9790625
0.796875
0.8584375
0.89625
0.825
0.86125
0.8128125
0.8465625
0.814375
0.8603125
0.89625
0.82875
0.88125
0.8584375
0.75375
0.9215625
0.865625
0.818125
0.9165625
0.8325
0.82125
0.8471875
0.806875
0.784375
0.8340625
0.7534375
0.824375
0.6775
0.8709375
0.854375
0.8703125
0.8846875
0.90875
0.8803125
0.8478125
0.94625
0.8390625
0.8896875
0.888125
0.8684375
0.9309375
0.895625
0.8353125
0.871875
0.7215625
0.90125
0.81
0.8103125
0.8490625
0.9153125
0.70625
0.806875
0.9309375
0.7675
0.7903125
0.93125
0.9140625
0.85625
0.9325
0.9275
0.843125
0.7246875
0.94125
0.9421875
0.908125
0.84125
0.893125
0.9359375
0.78875
0.71625
0.89
0.8865625
0.876875
0.791875
0.7840625
0.97125
0.8940625
0.9446875
0.899375
0.87875
0.916875
0.87
0.9165625
0.90125
0.8775
0.8684375
0.8346875
0.768125
0.8784375
0.78875
0.940625
0.943125
0.87375
0.895625
0.8203125
0.8353125
0.7709375
0.7690625
0.9775
0.8715625
0.85375
0.9075
0.8809375
0.955
0.9425
0.8371875
0.8978125
0.88375
0.888125
0.7846875
0.9
0.8896875
0.8253125
0.8865625
0.9221875
0.8946875
0.8928125
0.770625
0.940625
0.8459375
0.774375
0.8328125
0.816875
0.82875
0.895
0.93125
0.8715625
0.77125
0.9009375
0.8553125
0.8740625
0.765625
0.8165625
0.920625
0.755625
0.949375
0.7571875
0.7634375
0.78375
0.87625
0.965
0.875
0.86375
0.8596875
0.8871875
0.9015625
0.8290625
0.83875
0.9090625
0.8703125
0.8646875
0.8615625
0.8784375
0.8959375
0.8221875
0.95
0.914375
0.8478125
0.8634375
0.80125
0.9240625
0.891875
0.82625
0.254375
0.866875
0.948125
0.9075
0.8146875
0.778125
0.7865625
0.9084375
0.903125
0.900625
0.860625
0.764375
0.9084375
0.80875
0.9025
0.8975
0.8809375
0.8565625
0.76625
0.799375
0.8671875
0.75125
0.815
0.8028125
0.85
0.9225
0.725625
0.83875
0.791875
0.871875
0.8178125
0.9396875
0.85125
0.8875
0.906875
0.8696875
0.84875
0.85
0.855625
0.8475
0.80375
0.8125
0.813125
0.906875
0.841875
0.8215625
0.8859375
0.9146875
0.9015625
0.864375
0.836875
0.898125
0.765
0.9009375
0.7721875
0.92
0.86625
0.8378125
0.94125
0.7759375
0.918125
0.879375
0.8375
0.88125
0.896875
0.9265625
0.7840625
0.791875
0.7653125
0.868125
0.9084375
0.88625
0.8284375
0.8209375
0.759375
0.9053125
0.871875
0.8890625
0.755625
0.9375
0.73625
0.7625
0.8090625
0.8921875
0.8525
0.909375
0.8259375
0.9734375
0.76
0.785625
0.916875
0.885
0.7896875
0.799375
0.814375
0.96
0.855
0.87625
0.841875
0.836875
0.9240625
0.94625
0.8875
0.8640625
0.871875
0.813125
0.8534375
0.829375
0.8496875
0.7721875
0.9003125
0.9015625
0.8421875
0.888125
0.9403125
0.778125
0.9121875
0.794375
0.9525
0.8021875
0.91625
0.8509375
0.818125
0.8515625
0.87625
0.7340625
0.870625
0.826875
0.929375
0.8471875
0.9503125
0.7484375
0.86
0.8146875
0.9140625
0.2840625
0.943125
0.823125
0.9253125
0.909375
0.8490625
0.8946875
0.90125
0.7859375
0.845
0.9115625
0.8553125
0.883125
0.899375
0.9025
0.82375
0.820625
0.8328125
0.9403125
0.89875
0.899375
0.850625
0.864375
0.910625
0.89375
0.808125
0.815625
0.855625
0.7921875
0.9171875
0.91
0.9440625
0.94375
0.9134375
0.93375
0.8984375
0.80125
0.8009375
0.933125
0.7984375
0.8615625
0.8859375
0.8575
0.841875
0.895
0.8453125
0.726875
0.9340625
0.84875
0.7984375
0.8940625
0.921875
0.9375
0.9153125
0.9528125
0.889375
0.871875
0.9053125
0.8571875
0.8775
0.775
0.8859375
0.8575
0.8665625
0.77875
0.8040625
0.8871875
0.9096875
0.7140625
0.8371875
0.8640625
0.83125
0.858125
0.8909375
0.829375
0.8021875
0.823125
0.8653125
0.9378125
0.7828125
0.82875
0.9121875
0.8275
0.91625
0.818125
0.8959375
0.9028125
0.8721875
0.9609375
0.8271875
0.8853125
0.7846875
0.8828125
0.721875
0.9271875
0.9040625
0.891875
0.879375
0.935
0.7059375
0.8540625
0.7078125
0.9115625
0.8653125
0.848125
0.7903125
0.8975
0.8175
0.899375
0.8034375
0.92625
0.9471875
0.8496875
0.8878125
0.7303125
0.910625
0.8940625
0.9425
0.8753125
0.1715625
0.8009375
0.8009375
0.908125
0.906875
0.77
0.8075
0.860625
0.8884375
0.9084375
0.820625
0.826875
0.8903125
0.8996875
0.8825
0.8853125
0.6190625
0.8503125
0.9209375
0.8678125
0.9653125
0.8678125
0.8453125
0.8240625
0.838125
0.8696875
0.74
0.845625
0.8815625
0.9046875
0.8365625
0.8221875
0.9159375
0.8721875
0.8734375
0.781875
0.921875
0.8446875
0.7875
0.7315625
0.795
0.9146875
0.9090625
0.9125
0.764375
0.8971875
0.758125
0.911875
0.8125
0.8325
0.8728125
0.8671875
0.8271875
0.8225
0.815
0.9728125
0.82
0.8234375
0.7628125
0.95625
0.9196875
0.7171875
0.91125
0.9628125
0.9078125
0.8784375
0.87
0.7675
0.795625
0.9053125
0.879375
0.8875
0.9475
0.8378125
0.760625
0.80375
0.8240625
0.8990625
0.8315625
0.75625
0.8965625
0.8028125
0.85
0.850625
0.705
0.9040625
0.8465625
0.92625
0.875625
0.846875
0.8003125
0.82875
0.950625
0.796875
0.9271875
0.879375
0.815625
0.88875
0.841875
0.8196875
0.8775
0.964375
0.9040625
0.83125
0.7846875
0.820625
0.8809375
0.9540625
0.905
0.729375
0.90875
0.86125
0.801875
0.8715625
0.8346875
0.93875
0.864375
0.8115625
0.9315625
0.84875
0.876875
0.8865625
0.8853125
0.8278125
0.888125
0.9046875
0.940625
0.87625
0.851875
0.778125
0.9096875
0.7284375
0.813125
0.91125
0.7725
0.87
0.7871875
0.856875
0.8640625
0.88125
0.9303125
0.7584375
0.83625
0.9034375
0.869375
0.8275
0.8265625
0.7215625
0.8190625
0.9190625
0.9015625
0.9259375
0.754375
0.93125
0.89375
0.81375
0.80875
0.8075
0.8415625
0.773125
0.93125
0.8490625
0.9278125
0.9403125
0.8309375
0.9140625
0.841875
0.894375
0.8559375
0.87625
0.78375
0.8459375
0.774375
0.805625
0.8003125
0.7378125
0.7728125
0.803125
0.878125
0.83125
0.6971875
0.8403125
0.8959375
0.9115625
0.851875
0.9040625
0.79375
0.8503125
0.8353125
0.9321875
0.7621875
0.8796875
0.8734375
0.875625
0.845625
0.9571875
0.8053125
0.8590625
0.9165625
0.7684375
0.925625
0.006875
0.863125
0.9065625
0.82375
0.830625
0.901875
0.948125
0.895625
0.8953125
0.9184375
0.844375
0.9609375
0.8065625
0.826875
0.8659375
0.94
0.85625
0.9134375
0.9153125
0.7540625
0.89
0.8928125
0.90375
0.87375
0.8528125
0.6775
0.795625
0.8771875
0.856875
0.87125
0.78875
0.94625
0.8825
0.8890625
0.7359375
0.7734375
0.9059375
0.9053125
0.7809375
0.7028125
0.9371875
0.9703125
0.8521875
0.8509375
0.8903125
0.9334375
0.865
0.9721875
0.9071875
0.906875
0.89375
0.775
0.8884375
0.8753125
0.7803125
0.92125
0.821875
0.864375
0.9240625
0.9671875
0.7259375
0.743125
0.8925
0.89875
0.8128125
0.80125
0.839375
0.82875
0.81125
0.91375
0.8359375
0.7940625
0.7809375
0.8365625
0.89625
0.795625
0.9190625
0.8709375
0.784375
0.8921875
0.8325
0.9378125
0.85
0.7903125
0.8721875
0.7828125
0.8809375
0.8025
0.774375
0.9346875
0.9225
0.82125
0.8546875
0.8075
0.815625
0.934375
0.795625
0.878125
0.925625
0.936875
0.880625
0.90125
0.8346875
0.8775
0.685625
0.8509375
0.8
0.91
0.9059375
0.81625
0.929375
0.8896875
0.9365625
0.933125
0.916875
0.8953125
0.909375
0.9125
0.948125
0.9346875
0.8259375
0.8921875
0.87125
0.8584375
0.9553125
0.876875
0.781875
0.921875
0.9221875
0.9296875
0.9009375
0.7159375
0.9140625
0.845625
0.871875
0.9284375
0.8340625
0.9071875
0.7678125
0.6925
0.879375
0.935
0.8334375
0.835625
0.853125
0.9159375
0.9009375
0.793125
0.8825
0.89125
0.809375
0.96125
0.8565625
0.9203125
0.894375
0.941875
0.8325
0.8375
0.82625
0.8146875
0.7990625
0.6903125
0.8734375
0.75375
0.85375
0.9359375
0.7284375
0.849375
0.76375
0.858125
0.9425
0.9696875
0.7940625
0.824375
0.8546875
0.875
0.824375
0.9475
0.87125
0.8884375
0.914375
0.804375
0.933125
0.8075
0.8928125
0.9328125
0.809375
0.7753125
0.89875
0.831875
0.8959375
0.861875
0.839375
0.8040625
0.8946875
0.8490625
0.9340625
0.8234375
0.8584375
0.7765625
0.88875
0.8303125
0.6815625
0.895
0.80125
0.8453125
0.8990625
0.7084375
0.89125
0.91375
0.7578125
0.92875
0.8028125
0.850625
0.8365625
0.9375
0.8665625
0.855625
0.8934375
0.9153125
0.9059375
0.768125
0.8478125
0.349375
0.8665625
0.7678125
0.84125
0.884375
0.77125
0.8465625
0.816875
0.898125
0.91
0.9009375
0.8534375
0.969375
0.9234375
0.91375
0.9196875
0.4553125
0.871875
0.83875
0.80375
0.9190625
0.9140625
0.8921875
0.7921875
0.8640625
0.7715625
0.838125
0.898125
0.8434375
0.8221875
0.83375
0.89625
0.8765625
0.8434375
0.7840625
0.26625
0.9309375
0.8975
0.904375
0.8140625
0.9440625
0.9446875
0.9159375
0.68625
0.88375
0.675625
0.831875
0.8534375
0.83875
0.821875
0.8553125
0.8471875
0.7396875
0.780625
0.881875
0.923125
0.8796875
0.9196875
0.81375
0.8434375
0.840625
0.6765625
0.8084375
0.86125
0.8015625
0.795625
0.786875
0.8575
0.744375
0.8228125
0.8190625
0.7915625
0.97625
0.854375
0.8246875
0.87625
0.8909375
0.9171875
0.9090625
0.8715625
0.844375
0.85375
0.871875
0.9090625
0.811875
0.8325
0.7565625
0.7284375
0.8321875
0.7675
0.885625
0.6971875
0.85625
0.929375
0.78375
0.6696875
0.8625
0.7871875
0.728125
0.87375
0.8140625
0.8975
0.763125
0.9178125
0.9621875
0.89
0.8765625
0.7884375
0.8934375
0.9340625
0.8003125
0.811875
0.7634375
0.9146875
0.9853125
0.8965625
0.93125
0.91375
0.9146875
0.87
0.7915625
0.821875
0.71
0.831875
0.91375
0.891875
0.925
0.816875
0.8840625
0.9321875
0.8178125
0.9675
0.8778125
0.8678125
0.9390625
0.868125
0.9065625
0.874375
0.9015625
0.8971875
0.8565625
0.845
0.916875
0.8990625
0.9659375
0.8228125
0.9171875
0.8740625
0.8559375
0.771875
0.74125
0.8934375
0.6971875
0.8715625
0.856875
0.46
0.818125
0.9578125
0.8928125
0.8571875
0.8565625
0.8046875
0.810625
0.9675
0.84125
0.87125
0.8803125
0.870625
0.89625
0.901875
0.9234375
0.914375
0.8575
0.8534375
0.680625
0.8453125
0.88125
0.795
0.8871875
0.941875
0.7978125
0.8978125
0.7721875
0.8340625
0.7734375
0.9384375
0.8884375
0.764375
0.896875
0.8809375
0.950625
0.836875
0.805625
0.9528125
0.8075
0.79875
0.830625
0.785625
0.8040625
0.7265625
0.95
0.911875
0.9478125
0.928125
0.779375
0.8159375
0.8703125
0.7303125
0.8975
0.849375
0.9015625
0.895
0.926875
0.923125
0.855625
0.8996875
0.7984375
0.698125
0.8753125
0.90625
0.906875
0.9509375
0.8890625
0.923125
0.7834375
0.7775
0.735
0.88875
0.8871875
0.84375
0.8509375
0.955625
0.79625
0.9084375
0.8378125
0.8578125
0.8878125
0.8246875
0.81875
0.8546875
0.883125
0.9296875
0.9
0.86
0.7703125
0.706875
0.829375
0.795
0.88125
0.835
0.79625
0.79125
0.896875
0.8571875
0.9525
0.8521875
0.78625
0.89375
0.763125
0.92
0.360625
0.7540625
0.86
0.8309375
0.8278125
0.7853125
0.8825
0.7284375
0.9025
0.8428125
0.8953125
0.91625
0.8375
0.8909375
0.904375
0.8309375
0.89625
0.893125
0.8809375
0.890625
0.864375
0.863125
0.8146875
0.9171875
0.875625
0.7871875
0.9503125
0.9059375
0.7509375
0.8340625
0.8646875
0.8015625
0.905625
0.708125
0.8475
0.881875
0.8025
0.9484375
0.9153125
0.91125
0.948125
0.82125
0.845
0.8515625
0.69125
0.916875
0.8390625
0.8353125
0.84625
0.774375
0.8671875
0.945
0.7984375
0.770625
0.9353125
0.809375
0.8521875
0.856875
0.88875
0.8440625
0.89125
0.8975
0.816875
0.940625
0.8790625
0.695625
0.8765625
0.924375
0.8278125
0.895
0.8203125
0.865
0.8134375
0.8709375
0.868125
0.820625
0.9190625
0.76625
0.9478125
0.8021875
0.8565625
0.935625
0.9021875
0.83125
0.7021875
0.8009375
0.863125
0.7784375
0.80375
0.86875
0.8765625
0.87
0.93625
0.9053125
0.855625
0.8009375
0.8225
0.8978125
0.8409375
0.9046875
0.84125
0.893125
0.8096875
0.8546875
0.958125
0.9246875
0.2459375
0.7978125
0.94875
0.7865625
0.8221875
0.7703125
0.8803125
0.86875
0.8996875
0.9046875
0.8396875
0.818125
0.9065625
0.80375
0.916875
0.7696875
0.9109375
0.8653125
0.91375
0.8475
0.9165625
0.90625
0.8196875
0.7653125
0.8846875
0.9025
0.8565625
0.906875
0.8103125
0.9346875
0.7659375
0.8115625
0.8484375
0.924375
0.801875
0.790625
0.87625
0.8259375
0.9259375
0.8415625
0.8765625
0.815625
0.7965625
0.954375
0.86875
0.8334375
0.8390625
0.8475
0.7915625
0.901875
0.90375
0.776875
0.9009375
0.810625
0.87625
0.7990625
0.75625
0.895625
0.8925
0.8725
0.913125
0.8425
0.888125
0.8375
0.7684375
0.9253125
0.87375
0.8659375
0.8646875
0.8615625
0.8196875
0.849375
0.8909375
0.9025
0.7984375
0.8353125
0.7503125
0.9334375
0.90625
0.8925
0.8853125
0.756875
0.8215625
0.9765625
0.9209375
0.7878125
0.85875
0.7075
0.89375
0.906875
0.794375
0.7825
0.810625
0.7859375
0.9190625
0.901875
0.8584375
0.824375
0.769375
0.9665625
0.7196875
0.81
0.7815625
0.934375
0.76875
0.92
0.9653125
0.86
0.9309375
0.78375
0.8940625
0.8703125
0.69875
0.8865625
0.8803125
0.90375
0.8928125
0.863125
0.8965625
0.7878125
0.93625
0.8884375
0.906875
0.8828125
0.8184375
0.906875
0.94375
0.86
0.85125
0.9475
0.9871875
0.81875
0.92875
0.896875
0.835625
0.8825
0.8478125
0.8425
0.773125
0.914375
0.860625
0.97375
0.885625
0.89125
0.7296875
0.9359375
0.903125
0.7540625
0.8996875
0.9128125
0.9234375
0.8671875
0.8384375
0.9025
0.924375
0.945
0.9065625
0.8909375
0.7896875
0.895
0.91625
0.895
0.9340625
0.8209375
0.7659375
0.8690625
0.896875
0.9365625
0.903125
0.859375
0.959375
0.9571875
0.905625
0.81
0.713125
0.9425
0.9240625
0.8725
0.8959375
0.8903125
0.979375
0.919375
0.950625
0.9215625
0.9028125
0.9478125
0.759375
0.85875
0.9071875
0.8975
0.8778125
0.800625
0.836875
0.84375
0.90375
0.96375
0.24
0.866875
0.8615625
0.8659375
0.943125
0.868125
0.816875
0.775625
0.960625
0.849375
0.92625
0.76625
0.7671875
0.8284375
0.8246875
0.955625
0.8990625
0.776875
0.7878125
0.9271875
0.8625
0.9603125
0.8571875
0.83
0.8921875
0.9259375
0.89
0.843125
0.8775
0.8884375
0.8259375
0.899375
0.8384375
0.9121875
0.8540625
0.81875
0.841875
0.915625
0.8434375
0.7471875
0.9034375
0.8684375
0.739375
0.7703125
0.775
0.8821875
0.893125
0.7878125
0.8553125
0.8696875
0.8940625
0.9034375
0.764375
0.801875
0.904375
0.895
0.9409375
0.8478125
0.8034375
0.910625
0.79625
0.8865625
0.785625
0.9690625
0.8184375
0.8425
0.8603125
0.9009375
0.88625
0.96875
0.745
0.789375
0.9025
0.741875
0.8703125
0.83
0.8203125
0.85125
0.8515625
0.8528125
0.8440625
0.8096875
0.9153125
0.8803125
0.8759375
0.838125
0.768125
0.878125
0.8903125
0.8896875
0.8603125
0.80625
0.9196875
0.8546875
0.785
0.895
0.9109375
0.80125
0.8890625
0.7859375
0.8934375
0.9084375
0.826875
0.8778125
0.9046875
0.8478125
0.8690625
0.7846875
0.71375
0.8990625
0.77875
0.89375
0.7825
0.753125
0.9734375
0.8678125
0.893125
0.8515625
0.885
0.913125
0.8553125
0.8384375
0.89
0.883125
0.9140625
0.9409375
0.7975
0.9240625
0.8215625
0.8290625
0.7171875
0.7971875
0.78
0.905
0.9284375
0.676875
0.8728125
0.879375
0.7559375
0.8825
0.9290625
0.859375
0.945
0.899375
0.8325
0.7346875
0.8484375
0.7965625
0.835625
0.9140625
0.7940625
0.9375
0.815625
0.929375
0.783125
0.78375
0.8621875
0.8203125
0.848125
0.9215625
0.89875
0.8759375
0.894375
0.815625
0.8578125
0.8321875
0.765
0.8403125
0.8140625
0.786875
0.8215625
0.931875
0.87625
0.9078125
0.8690625
0.7996875
0.905
0.83875
0.7425
0.9753125
0.87875
0.83625
0.7275
0.808125
0.894375
0.8309375
0.903125
0.87375
0.92625
0.88375
0.9403125
0.8825
0.789375
0.8090625
0.8759375
0.913125
0.8209375
0.8128125
0.94125
0.8815625
0.95125
0.8909375
0.75375
0.9503125
0.823125
0.7784375
0.8434375
0.92625
0.904375
0.8603125
0.81125
0.9403125
0.9471875
0.9090625
0.849375
0.735625
0.98
0.8321875
0.77625
0.950625
0.8246875
0.874375
0.8540625
0.7296875
0.8175
0.9259375
0.9309375
0.8996875
0.8378125
0.8878125
0.7115625
0.8284375
0.9284375
0.8646875
0.8140625
0.9275
0.828125
0.94625
0.7790625
0.8678125
0.9471875
0.8275
0.92875
0.576875
0.8946875
0.75
0.8634375
0.8375
0.8684375
0.9265625
0.8403125
0.843125
0.749375
0.930625
0.840625
0.6015625
0.878125
0.88
0.8003125
0.9509375
0.9075
0.8496875
0.9040625
0.863125
0.8084375
0.8909375
0.853125
0.9146875
0.835
0.9225
0.7384375
0.8571875
0.8484375
0.8040625
0.839375
0.875625
0.7509375
0.816875
0.8484375
0.923125
0.8746875
0.8209375
0.796875
0.9025
0.9434375
0.868125
0.8025
0.8859375
0.9371875
0.9109375
0.903125
0.96
0.7028125
0.8825
0.743125
0.9121875
0.8621875
0.916875
0.8221875
0.808125
0.87125
0.86125
0.9103125
0.8165625
0.8940625
0.915625
