0.14822888283378746
0.8005449591280654
0.8711171662125341
0.7959128065395096
0.8351498637602179
0.7863760217983651
0.7746594005449591
0.8542234332425068
0.9177111716621253
0.8975476839237058
0.7114441416893733
0.6583106267029972
0.7967302452316076
0.8185286103542234
0.723433242506812
0.9029972752043597
0.785558583106267
0.8021798365122615
0.6217983651226158
0.7043596730245232
0.8482288828337875
0.5972752043596731
0.7926430517711172
0.7757493188010899
0.8152588555858311
0.8920980926430517
0.8049046321525886
0.7997275204359673
0.8079019073569482
0.7460490463215259
0.7307901907356948
0.8975476839237058
0.7970027247956403
0.808174386920981
0.873024523160763
0.04305177111716621
0.8891008174386921
0.8452316076294278
0.7844686648501362
0.8585831062670299
0.9095367847411444
0.9035422343324251
0.782016348773842
0.8057220708446866
0.7991825613079019
0.7716621253405994
0.3250681198910082
0.7106267029972752
0.8340599455040872
0.8239782016348773
0.8174386920980926
0.8782016348773842
0.761307901907357
0.7656675749318801
0.8814713896457765
0.7326975476839237
0.8602179836512261
0.9016348773841962
0.42397820163487737
0.8316076294277929
0.8632152588555858
0.7395095367847412
0.7070844686648501
0.6724795640326976
0.8166212534059946
0.8700272479564033
0.8956403269754768
0.7174386920980926
0.7256130790190736
0.9253405994550409
0.8163487738419618
0.8746594005449592
0.9220708446866485
0.8108991825613079
0.8381471389645777
0.7160762942779292
0.9013623978201635
0.7514986376021798
0.8594005449591281
0.8509536784741144
0.8024523160762943
0.791008174386921
0.7610354223433242
0.9068119891008174
0.8239782016348773
0.7673024523160763
0.8395095367847412
0.7869209809264305
0.7809264305177112
0.6746594005449591
0.8316076294277929
0.8713896457765667
0.9381471389645777
0.8158038147138964
0.8632152588555858
0.7673024523160763
0.9160762942779291
0.8013623978201635
0.7994550408719346
0.8493188010899183
0.7084468664850136
0.7809264305177112
0.8128065395095367
0.7114441416893733
0.6531335149863761
0.7643051771117166
0.41171662125340597
0.767574931880109
0.8049046321525886
0.7476839237057221
0.8016348773841961
0.7692098092643052
0.8512261580381472
0.7128065395095368
0.510899182561308
0.8068119891008174
0.9125340599455041
0.784741144414169
0.8046321525885558
0.7866485013623978
0.8501362397820164
0.8092643051771117
0.8444141689373297
0.8217983651226158
0.8634877384196186
0.9482288828337875
0.3656675749318801
0.5994550408719346
0.7956403269754768
0.9013623978201635
0.7896457765667575
0.729700272479564
0.8408719346049046
0.6907356948228883
0.6588555858310626
0.7231607629427793
0.7038147138964578
0.8367847411444141
0.7844686648501362
0.7787465940054495
0.8188010899182562
0.7948228882833788
0.8430517711171662
0.6741144414168937
0.9177111716621253
0.7795640326975477
0.7915531335149864
0.7335149863760217
0.8493188010899183
0.7245231607629428
0.7681198910081743
0.9594005449591281
0.8068119891008174
0.7215258855585831
0.8940054495912807
0.8403269754768392
0.7874659400544959
0.7831062670299728
0.7749318801089918
0.8569482288828338
0.8059945504087194
0.9010899182561308
0.9419618528610354
0.9
0.8885558583106267
0.8223433242506812
0.7667574931880109
0.788283378746594
0.7727520435967302
0.7869209809264305
0.6547683923705722
0.8326975476839237
0.797275204359673
0.779291553133515
0.8479564032697547
0.7953678474114442
0.9356948228882834
0.8784741144414169
0.7569482288828338
0.7482288828337874
0.7659400544959128
0.8433242506811989
0.8125340599455041
0.8926430517711171
0.9100817438692098
0.726158038147139
0.8637602179836512
0.9392370572207085
0.6662125340599455
0.9212534059945504
0.7822888283378746
0.7618528610354224
0.8591280653950953
0.8098092643051771
0.7580381471389646
0.26267029972752043
0.7700272479564033
0.750408719346049
0.7771117166212534
0.45694822888283376
0.8267029972752044
0.862125340599455
0.8220708446866485
0.5457765667574932
0.8719346049046321
0.750408719346049
0.22697547683923705
0.8929155313351499
0.8419618528610354
0.7888283378746594
0.784741144414169
0.7822888283378746
0.7967302452316076
0.5485013623978202
0.864032697547684
0.12288828337874659
0.8978201634877384
0.811716621253406
0.6735694822888283
0.8365122615803815
0.8776566757493188
0.8362397820163487
0.4997275204359673
0.8762942779291553
0.820708446866485
0.7583106267029973
0.7757493188010899
0.7899182561307901
0.7874659400544959
0.8869209809264306
0.7907356948228883
0.749591280653951
0.773024523160763
0.7798365122615804
0.7861035422343324
0.9002724795640327
0.9092643051771118
0.8569482288828338
0.9280653950953679
0.8005449591280654
0.25177111716621253
0.7801089918256131
0.7446866485013623
0.7994550408719346
0.8103542234332425
0.7040871934604904
0.9103542234332425
0.771117166212534
0.8316076294277929
0.9643051771117166
0.26376021798365124
0.8697547683923705
0.7959128065395096
0.8681198910081744
0.8713896457765667
0.7948228882833788
0.7836512261580382
0.9160762942779291
0.7108991825613079
0.7100817438692099
0.7501362397820164
0.8692098092643051
0.8133514986376021
0.8950953678474114
0.7122615803814714
0.7787465940054495
0.2893732970027248
0.7893732970027248
0.4310626702997275
0.7833787465940054
0.7836512261580382
0.7416893732970027
0.737874659400545
0.8337874659400545
0.7735694822888284
0.6730245231607629
0.7122615803814714
0.7811989100817439
0.8498637602179836
0.9705722070844687
0.7782016348773841
0.7381471389645776
0.9059945504087193
0.679291553133515
0.750408719346049
0.8555858310626703
0.7362397820163488
0.7580381471389646
0.7422343324250681
0.8035422343324251
0.6967302452316076
0.8008174386920981
0.7817438692098093
0.7376021798365122
0.8070844686648502
0.8923705722070845
0.7716621253405994
0.8861035422343324
0.7907356948228883
0.7313351498637602
0.9386920980926431
0.9029972752043597
0.7975476839237057
0.838692098092643
0.7727520435967302
0.39291553133514984
0.9337874659400545
0.6651226158038147
0.7136239782016349
0.8749318801089918
0.8817438692098093
0.8814713896457765
0.7989100817438692
0.6615803814713896
0.6171662125340599
0.8367847411444141
0.7912806539509537
0.8468664850136239
0.7354223433242507
0.4130790190735695
0.7029972752043597
0.8234332425068119
0.8920980926430517
0.8010899182561307
0.8945504087193461
0.9084468664850136
0.8427792915531335
0.8177111716621254
0.9381471389645777
0.31743869209809267
0.8752043596730246
0.8212534059945504
0.855858310626703
0.8425068119891008
0.9237057220708447
0.8356948228882833
0.8852861035422344
0.9242506811989101
0.7839237057220708
0.7553133514986377
0.7400544959128066
0.8694822888283379
0.8869209809264306
0.4419618528610354
0.8711171662125341
0.7637602179836512
0.7509536784741144
0.8362397820163487
0.7223433242506812
0.8814713896457765
0.1005449591280654
0.8844686648501362
0.6029972752043596
0.30490463215258856
0.5449591280653951
0.7485013623978202
0.6166212534059945
0.8719346049046321
0.8534059945504087
0.7970027247956403
0.791008174386921
0.7188010899182561
0.78283378746594
0.8010899182561307
0.8329700272479564
0.2880108991825613
0.9032697547683923
0.7809264305177112
0.7337874659400545
0.8223433242506812
0.8656675749318801
0.7373297002724796
0.8354223433242507
0.9193460490463216
0.7705722070844687
0.7817438692098093
0.7310626702997275
0.8574931880108991
0.9223433242506812
0.8068119891008174
0.8476839237057221
0.802724795640327
0.9253405994550409
0.6741144414168937
0.7084468664850136
0.9136239782016349
0.8741144414168938
0.9152588555858311
0.7956403269754768
0.8198910081743869
0.8433242506811989
0.9411444141689373
0.8234332425068119
0.8904632152588556
0.8119891008174387
0.7618528610354224
0.7057220708446866
0.8005449591280654
0.7749318801089918
0.3215258855585831
0.8340599455040872
0.9029972752043597
0.832425068119891
0.8247956403269755
0.6811989100817438
0.6138964577656676
0.6422343324250681
0.7487738419618528
0.8201634877384196
0.7474114441416894
0.7411444141689373
0.7446866485013623
0.9141689373297003
0.8643051771117166
0.8223433242506812
0.7267029972752044
0.8
0.8449591280653951
0.8337874659400545
0.796457765667575
0.7457765667574932
0.9343324250681199
0.885558583106267
0.9534059945504088
0.7918256130790191
0.7416893732970027
0.8234332425068119
0.8604904632152589
0.5997275204359673
0.2956403269754768
0.888283378746594
0.8076294277929156
0.8874659400544959
0.7683923705722071
0.7741144414168938
0.7076294277929155
0.7743869209809264
0.761307901907357
0.7836512261580382
0.920708446866485
0.8147138964577657
0.6297002724795641
0.7029972752043597
0.8329700272479564
0.7833787465940054
0.9329700272479564
0.7686648501362398
0.8653950953678474
0.35040871934604906
0.7098092643051771
0.8869209809264306
0.7727520435967302
0.5427792915531335
0.8569482288828338
0.7359673024523161
0.9040871934604905
0.838692098092643
0.8577656675749319
0.7498637602179836
0.7779291553133515
0.7743869209809264
0.8591280653950953
0.7632152588555858
0.8637602179836512
0.7931880108991826
0.7858310626702997
0.8029972752043597
0.7607629427792916
0.8108991825613079
0.7457765667574932
0.844141689373297
0.673841961852861
0.7831062670299728
0.7523160762942779
0.7138964577656676
0.8918256130790191
0.6893732970027248
0.7419618528610354
0.767574931880109
0.8193460490463216
0.759400544959128
0.8629427792915532
0.7564032697547683
0.705449591280654
0.6452316076294278
0.6694822888283378
0.8247956403269755
0.7523160762942779
0.8215258855585831
0.8923705722070845
0.908991825613079
0.27602179836512264
0.7217983651226159
0.8302452316076294
0.8901907356948229
0.7634877384196185
0.8585831062670299
0.8645776566757494
0.7817438692098093
0.808174386920981
0.7212534059945505
0.8732970027247956
0.8618528610354224
0.8299727520435968
0.8989100817438692
0.8634877384196186
0.7700272479564033
0.8264305177111717
0.797275204359673
0.8389645776566758
0.7811989100817439
0.8008174386920981
0.8705722070844687
0.5899182561307902
0.9079019073569482
0.8577656675749319
0.8667574931880109
0.8811989100817439
0.8163487738419618
0.8752043596730246
0.6934604904632152
0.8885558583106267
0.6397820163487739
0.6970027247956403
0.7408719346049046
0.7485013623978202
0.8822888283378747
0.8084468664850136
0.6920980926430518
0.7904632152588555
0.8253405994550409
0.8359673024523161
0.7918256130790191
0.7321525885558583
0.5847411444141689
0.8408719346049046
0.8403269754768392
0.8599455040871935
0.7607629427792916
0.7272479564032698
0.8839237057220708
0.6596730245231608
0.8376021798365123
0.8618528610354224
0.9098092643051771
0.9032697547683923
0.8961852861035422
0.867574931880109
0.7528610354223433
0.8038147138964578
0.7634877384196185
0.7346049046321526
0.8555858310626703
0.7046321525885558
0.8858310626702998
0.8752043596730246
0.7950953678474114
0.635967302452316
0.9171662125340599
0.8329700272479564
0.726975476839237
0.8269754768392371
0.8831062670299727
0.8204359673024523
0.776566757493188
0.8487738419618529
0.9637602179836512
0.7817438692098093
0.6948228882833788
0.6490463215258856
0.7817438692098093
0.9079019073569482
0.867574931880109
0.8594005449591281
0.8346049046321525
0.8381471389645777
0.7588555858310627
0.844141689373297
0.7923705722070845
0.8978201634877384
0.7899182561307901
0.7258855585831062
0.9196185286103542
0.8659400544959128
0.6651226158038147
0.6724795640326976
0.8455040871934605
0.8381471389645777
0.7493188010899182
0.8098092643051771
0.6752043596730245
0.46866485013623976
0.7346049046321526
0.9381471389645777
0.7784741144414169
0.755858310626703
0.808991825613079
0.849591280653951
0.8231607629427793
0.6942779291553134
0.7956403269754768
0.9422343324250682
0.8509536784741144
0.7629427792915532
0.9217983651226158
0.6038147138964578
0.8228882833787466
0.711716621253406
0.8079019073569482
0.7564032697547683
0.7411444141689373
0.837874659400545
0.8536784741144414
0.759400544959128
0.8111716621253406
0.8070844686648502
0.7934604904632152
0.8376021798365123
0.7564032697547683
0.7193460490463215
0.8384196185286104
0.7449591280653951
0.7839237057220708
0.7880108991825613
0.829700272479564
0.8313351498637602
0.8059945504087194
0.8381471389645777
0.8760217983651226
0.4215258855585831
0.7719346049046322
0.8201634877384196
0.9479564032697547
0.7392370572207084
0.7188010899182561
0.8678474114441417
0.8269754768392371
0.8596730245231607
0.7869209809264305
0.7991825613079019
0.6801089918256131
0.7732970027247956
0.8825613079019073
0.864850136239782
0.9242506811989101
0.791008174386921
0.8395095367847412
0.8098092643051771
0.7754768392370572
0.7836512261580382
0.5258855585831063
0.6942779291553134
0.7686648501362398
0.8228882833787466
0.579291553133515
0.8844686648501362
0.9016348773841962
0.8752043596730246
0.8506811989100818
0.8803814713896457
0.7681198910081743
0.8059945504087194
0.8645776566757494
0.7983651226158038
0.6926430517711172
0.5005449591280654
0.7256130790190736
0.7950953678474114
0.8514986376021798
0.6986376021798365
0.6967302452316076
0.7929155313351499
0.8114441416893733
0.8005449591280654
0.6640326975476839
0.8920980926430517
0.826158038147139
0.4024523160762943
0.8059945504087194
0.8411444141689374
0.6809264305177112
0.7569482288828338
0.7705722070844687
0.8264305177111717
0.8607629427792916
0.317983651226158
0.9171662125340599
0.8019073569482289
0.9057220708446867
0.9
0.7814713896457766
0.8073569482288828
0.7141689373297003
0.8188010899182562
0.7561307901907357
0.8010899182561307
0.7566757493188011
0.38392370572207085
0.7032697547683924
0.728882833787466
0.7942779291553134
0.8106267029972752
0.9354223433242507
0.7871934604904632
0.9171662125340599
0.6836512261580382
0.7659400544959128
0.7732970027247956
0.7752043596730245
0.8299727520435968
0.7934604904632152
0.7997275204359673
0.6724795640326976
0.8967302452316076
0.861307901907357
0.9177111716621253
0.7583106267029973
0.7239782016348774
0.6506811989100817
0.8869209809264306
0.8852861035422344
0.7623978201634878
0.8784741144414169
0.8029972752043597
0.7806539509536785
0.5457765667574932
0.805449591280654
0.7318801089918257
0.8076294277929156
0.8716621253405995
0.7553133514986377
0.9267029972752043
0.7768392370572207
0.885558583106267
0.7901907356948229
0.8095367847411444
0.7893732970027248
0.8228882833787466
0.8335149863760218
0.794550408719346
0.7839237057220708
0.7809264305177112
0.8016348773841961
0.7100817438692099
0.7940054495912806
0.8215258855585831
0.7384196185286104
0.5346049046321526
0.8340599455040872
0.8683923705722071
0.7615803814713896
0.8016348773841961
0.7678474114441417
0.7114441416893733
0.8871934604904632
0.6577656675749319
0.71716621253406
0.7869209809264305
0.7923705722070845
0.8547683923705722
0.7888283378746594
0.6970027247956403
0.8400544959128066
0.75858310626703
0.864850136239782
0.7724795640326976
0.7318801089918257
0.7643051771117166
0.8509536784741144
0.8506811989100818
0.8771117166212534
0.8465940054495913
0.8686648501362397
0.7604904632152588
0.8525885558583106
0.829700272479564
0.7825613079019074
0.8400544959128066
0.7463215258855586
0.8534059945504087
0.8321525885558583
0.8005449591280654
0.7686648501362398
0.8713896457765667
0.8626702997275204
0.829700272479564
0.5855585831062671
0.6384196185286104
0.8760217983651226
0.4776566757493188
0.8623978201634878
0.7697547683923706
0.8506811989100818
0.9136239782016349
0.7397820163487738
0.8989100817438692
0.8986376021798365
0.8321525885558583
0.7291553133514986
0.8831062670299727
0.7463215258855586
0.7087193460490463
0.7411444141689373
0.7716621253405994
0.6329700272479564
0.7869209809264305
0.885558583106267
0.8065395095367848
0.8384196185286104
0.8389645776566758
0.6098092643051771
0.8019073569482289
0.837874659400545
0.7790190735694823
0.8376021798365123
0.7318801089918257
0.7326975476839237
0.7844686648501362
0.7517711171662126
0.8694822888283379
0.728882833787466
0.7010899182561308
0.7923705722070845
0.6591280653950954
0.8335149863760218
0.8416893732970028
0.7455040871934605
0.8893732970027248
0.7888283378746594
0.8771117166212534
0.5479564032697548
0.7098092643051771
0.8934604904632153
0.7403269754768392
0.8743869209809264
0.44032697547683924
0.7950953678474114
0.8485013623978201
0.8659400544959128
0.0005449591280653951
0.7683923705722071
0.723433242506812
0.9087193460490464
0.7664850136239783
0.7713896457765668
0.7446866485013623
0.659400544959128
0.7667574931880109
0.5119891008174386
0.7694822888283379
0.7046321525885558
0.8239782016348773
0.7446866485013623
0.8752043596730246
0.7967302452316076
0.8820163487738419
0.7967302452316076
0.8809264305177111
0.8073569482288828
0.8604904632152589
0.861307901907357
0.7220708446866485
0.7525885558583106
0.8291553133514986
0.7880108991825613
0.7811989100817439
0.3994550408719346
0.8343324250681199
0.7866485013623978
0.8839237057220708
0.8901907356948229
0.732425068119891
0.7683923705722071
0.8692098092643051
0.7125340599455041
0.8400544959128066
0.8098092643051771
0.8599455040871935
0.8329700272479564
0.6880108991825613
0.9185286103542234
0.7547683923705722
0.7493188010899182
0.8896457765667575
0.8520435967302452
0.8280653950953678
0.7457765667574932
0.7986376021798365
0.9084468664850136
0.8002724795640327
0.6948228882833788
0.9114441416893733
0.8158038147138964
0.46920980926430517
0.8008174386920981
0.8449591280653951
0.8087193460490463
0.7024523160762943
0.7615803814713896
0.8929155313351499
0.544141689373297
0.7700272479564033
0.7920980926430518
0.8825613079019073
0.8163487738419618
0.9108991825613079
0.7277929155313352
0.8950953678474114
0.9114441416893733
0.6376021798365122
0.811716621253406
0.838692098092643
0.8234332425068119
0.6643051771117167
0.8722070844686648
0.8779291553133515
0.5738419618528611
0.7754768392370572
0.817983651226158
0.7798365122615804
0.6983651226158039
0.7438692098092643
0.8400544959128066
0.8395095367847412
0.8155313351498638
0.7705722070844687
0.761307901907357
0.7400544959128066
0.884741144414169
0.8711171662125341
0.793732970027248
0.7487738419618528
0.8722070844686648
0.8133514986376021
0.8294277929155314
0.728882833787466
0.7667574931880109
0.8950953678474114
0.8068119891008174
0.8683923705722071
0.7653950953678474
0.7318801089918257
0.8373297002724795
0.6422343324250681
0.8528610354223434
0.8038147138964578
0.7490463215258856
0.7967302452316076
0.8111716621253406
0.8953678474114442
0.7896457765667575
0.8901907356948229
0.9092643051771118
0.794550408719346
0.8752043596730246
0.8084468664850136
0.5446866485013624
0.876566757493188
0.8871934604904632
0.8201634877384196
0.7967302452316076
0.6776566757493188
0.9051771117166213
0.805449591280654
0.7155313351498638
0.8277929155313352
0.8354223433242507
0.8901907356948229
0.8615803814713896
0.7313351498637602
0.806267029972752
0.7629427792915532
0.8119891008174387
0.7588555858310627
0.8310626702997275
0.8566757493188011
0.7880108991825613
0.8
0.9013623978201635
0.8782016348773842
0.9168937329700273
0.8869209809264306
0.8517711171662126
0.6002724795640327
0.8719346049046321
0.8950953678474114
0.7335149863760217
0.8002724795640327
0.8907356948228883
0.8376021798365123
0.808174386920981
0.7329700272479565
0.8594005449591281
0.8945504087193461
0.6893732970027248
0.8198910081743869
0.6885558583106267
0.8384196185286104
0.7904632152588555
0.8335149863760218
0.6716621253405994
0.7397820163487738
0.8618528610354224
0.729700272479564
0.7798365122615804
0.8920980926430517
0.7433242506811989
0.7550408719346049
0.7686648501362398
0.7476839237057221
0.6940054495912806
0.7081743869209809
0.8147138964577657
0.8329700272479564
0.7166212534059946
0.7653950953678474
0.811716621253406
0.8038147138964578
0.879291553133515
0.8711171662125341
0.6956403269754768
0.9476839237057221
0.7305177111716621
0.7583106267029973
0.811716621253406
0.7326975476839237
0.855858310626703
0.8893732970027248
0.7697547683923706
0.9111716621253406
0.8901907356948229
0.7700272479564033
0.7182561307901907
0.7190735694822888
0.7013623978201635
0.808174386920981
0.8168937329700272
0.7258855585831062
0.7340599455040872
0.7814713896457766
0.8574931880108991
0.8643051771117166
0.844141689373297
0.7430517711171662
0.7356948228882834
0.8108991825613079
0.794550408719346
0.8356948228882833
0.7029972752043597
0.8634877384196186
0.7697547683923706
0.814441416893733
0.7978201634877384
0.7754768392370572
0.7542234332425068
0.7318801089918257
0.8664850136239782
0.2888283378746594
0.723433242506812
0.6550408719346049
0.6959128065395095
0.6501362397820164
0.8212534059945504
0.6689373297002725
0.7746594005449591
0.8193460490463216
0.8313351498637602
0.8653950953678474
0.8991825613079019
0.784741144414169
0.8381471389645777
0.6427792915531335
0.793732970027248
0.7978201634877384
0.6732970027247956
0.5405994550408719
0.793732970027248
0.8634877384196186
0.8136239782016349
0.8828337874659401
0.7637602179836512
0.7299727520435967
0.7787465940054495
0.8073569482288828
0.794550408719346
0.5972752043596731
0.74141689373297
0.820708446866485
0.7746594005449591
0.7803814713896458
0.71716621253406
0.8242506811989101
0.8043596730245232
0.7863760217983651
0.7811989100817439
0.8122615803814713
0.7444141689373297
0.8174386920980926
0.8010899182561307
0.8106267029972752
0.7610354223433242
0.908174386920981
0.7801089918256131
0.8517711171662126
0.8539509536784741
0.8130790190735695
0.9182561307901907
0.8212534059945504
0.8904632152588556
0.9049046321525885
0.9313351498637602
0.8910081743869209
0.7482288828337874
0.8776566757493188
0.5509536784741145
0.7877384196185286
0.7566757493188011
0.7400544959128066
0.9059945504087193
0.3362397820163488
0.8367847411444141
0.9160762942779291
0.8395095367847412
0.9119891008174387
0.7697547683923706
0.7700272479564033
0.9400544959128065
0.8277929155313352
0.6923705722070844
0.7599455040871934
0.8754768392370572
0.7343324250681199
0.7474114441416894
0.844141689373297
0.7716621253405994
0.8956403269754768
0.8923705722070845
0.8228882833787466
0.8237057220708447
0.8585831062670299
0.8373297002724795
0.8749318801089918
0.7247956403269755
0.8141689373297003
0.8891008174386921
0.8035422343324251
0.8204359673024523
0.8376021798365123
0.9386920980926431
0.8784741144414169
0.7367847411444142
0.9065395095367847
0.8885558583106267
0.761307901907357
0.8956403269754768
0.796457765667575
0.7678474114441417
0.7512261580381472
0.9220708446866485
0.7683923705722071
0.794550408719346
0.8735694822888284
0.7318801089918257
0.8152588555858311
0.7326975476839237
0.8280653950953678
0.5580381471389646
0.5809264305177112
0.7833787465940054
0.7863760217983651
0.7354223433242507
0.7678474114441417
0.8392370572207084
0.7863760217983651
0.8337874659400545
0.8228882833787466
0.7683923705722071
0.7523160762942779
0.8438692098092643
0.7367847411444142
0.6773841961852861
0.9032697547683923
0.037874659400544956
0.7010899182561308
0.7931880108991826
0.41716621253405994
0.8310626702997275
0.7814713896457766
0.862125340599455
0.8607629427792916
0.8435967302452316
0.9155313351498637
0.8798365122615803
0.6975476839237057
0.4362397820163488
0.7501362397820164
0.8858310626702998
0.946866485013624
0.7574931880108992
0.767574931880109
0.873024523160763
0.726975476839237
0.9
0.8866485013623978
0.7989100817438692
0.8013623978201635
0.7177111716621254
0.8076294277929156
0.9196185286103542
0.8035422343324251
0.7542234332425068
0.7784741144414169
0.5855585831062671
0.8070844686648502
0.7196185286103542
0.7569482288828338
0.8340599455040872
0.6694822888283378
0.13569482288828338
0.7809264305177112
0.9193460490463216
0.7506811989100818
0.7735694822888284
0.7138964577656676
0.2506811989100817
0.7354223433242507
0.638692098092643
0.749591280653951
0.8811989100817439
0.07493188010899182
0.8833787465940055
0.9013623978201635
0.8024523160762943
0.7046321525885558
0.6871934604904633
0.8912806539509537
0.6836512261580382
0.8534059945504087
0.6967302452316076
0.7561307901907357
0.8465940054495913
0.7651226158038147
0.8087193460490463
0.8065395095367848
0.728882833787466
0.7591280653950954
0.749591280653951
0.7604904632152588
0.7043596730245232
0.8790190735694823
0.9261580381471389
0.7634877384196185
0.8329700272479564
0.8446866485013624
0.6103542234332425
0.7678474114441417
0.8945504087193461
0.8258855585831063
0.9130790190735695
0.559400544959128
0.9095367847411444
0.9446866485013624
0.7299727520435967
0.6735694822888283
0.7771117166212534
0.8024523160762943
0.7771117166212534
0.2667574931880109
0.9106267029972752
0.9408719346049046
0.7904632152588555
0.8158038147138964
0.7771117166212534
0.7896457765667575
0.8487738419618529
0.8514986376021798
0.8975476839237058
0.3084468664850136
0.8850136239782016
0.6566757493188011
0.6871934604904633
0.6858310626702997
0.908174386920981
0.8147138964577657
0.9215258855585831
0.9158038147138965
0.7452316076294278
0.3520435967302452
0.8100817438692098
0.7024523160762943
0.7670299727520435
0.7610354223433242
0.7188010899182561
0.8155313351498638
0.3427792915531335
0.6294277929155313
0.7591280653950954
0.7997275204359673
0.7506811989100818
0.7839237057220708
0.6618528610354223
0.07602179836512261
0.8122615803814713
0.7231607629427793
0.9024523160762943
0.7098092643051771
0.48392370572207083
0.6926430517711172
0.8070844686648502
0.7836512261580382
0.6839237057220708
0.8356948228882833
0.7201634877384196
0.7656675749318801
0.8250681198910081
0.8247956403269755
0.879291553133515
0.8286103542234332
0.8425068119891008
0.726975476839237
0.9152588555858311
0.8316076294277929
0.6021798365122616
0.8138964577656675
0.7768392370572207
0.8536784741144414
0.7961852861035422
0.8542234332425068
0.8188010899182562
0.9550408719346049
0.8188010899182562
0.7880108991825613
0.9223433242506812
0.7980926430517711
0.7681198910081743
0.840599455040872
0.8866485013623978
0.8651226158038147
0.8392370572207084
0.8801089918256131
0.9313351498637602
0.6694822888283378
0.705449591280654
0.9310626702997276
0.8814713896457765
0.8465940054495913
0.8177111716621254
0.8122615803814713
0.7844686648501362
0.8294277929155314
0.7825613079019074
0.8874659400544959
0.708991825613079
0.8136239782016349
0.7615803814713896
0.817983651226158
0.8656675749318801
0.7463215258855586
0.8057220708446866
0.8316076294277929
0.7604904632152588
0.8419618528610354
0.8098092643051771
0.8989100817438692
0.8239782016348773
0.796457765667575
0.7550408719346049
0.7681198910081743
0.7762942779291553
0.723433242506812
0.8471389645776567
0.9100817438692098
0.7049046321525886
0.7743869209809264
0.7520435967302452
0.8400544959128066
0.8651226158038147
0.9457765667574932
0.7989100817438692
0.9495912806539509
0.732425068119891
0.8043596730245232
0.7198910081743869
0.7534059945504087
0.9264305177111717
0.6776566757493188
0.7891008174386921
0.8084468664850136
0.7471389645776567
0.8912806539509537
0.8125340599455041
0.7316076294277929
0.8901907356948229
0.8885558583106267
0.6141689373297002
0.9267029972752043
0.7310626702997275
0.7392370572207084
0.7708446866485014
0.8416893732970028
0.8280653950953678
0.8212534059945504
0.7920980926430518
0.7215258855585831
0.7994550408719346
0.7760217983651226
0.8708446866485013
0.7841961852861036
0.7814713896457766
0.9103542234332425
0.8975476839237058
0.685558583106267
0.8198910081743869
0.7989100817438692
0.817983651226158
0.7986376021798365
0.8220708446866485
0.7869209809264305
0.8937329700272479
0.791008174386921
0.873841961852861
0.8561307901907357
0.9177111716621253
0.814441416893733
0.6795640326975477
0.7226158038147139
0.38228882833787464
0.7822888283378746
0.8904632152588556
0.8068119891008174
0.7841961852861036
0.9430517711171662
0.8463215258855585
0.8934604904632153
0.7457765667574932
0.8542234332425068
0.826158038147139
0.8446866485013624
0.9196185286103542
0.8509536784741144
0.05694822888283379
0.8444141689373297
0.8092643051771117
0.8294277929155314
0.7929155313351499
0.8787465940054496
0.8542234332425068
0.8092643051771117
0.8833787465940055
0.8256130790190735
0.8038147138964578
0.920708446866485
0.7487738419618528
0.8160762942779292
0.8555858310626703
0.9068119891008174
0.8662125340599455
0.6809264305177112
0.9204359673024524
0.8326975476839237
0.8820163487738419
0.7866485013623978
0.8029972752043597
0.8103542234332425
0.8016348773841961
0.7997275204359673
0.7536784741144414
0.896457765667575
0.8512261580381472
0.9035422343324251
0.8016348773841961
0.7427792915531335
0.4536784741144414
0.9111716621253406
0.8198910081743869
0.8250681198910081
0.78283378746594
0.8918256130790191
0.8664850136239782
0.9427792915531336
0.7888283378746594
0.8040871934604905
0.07302452316076294
0.849591280653951
0.8724795640326976
0.9163487738419619
0.8212534059945504
0.6005449591280654
0.8403269754768392
0.7226158038147139
0.8850136239782016
0.8212534059945504
0.7158038147138964
0.9561307901907357
0.8400544959128066
0.753133514986376
0.7040871934604904
0.6741144414168937
0.7326975476839237
0.7602179836512262
0.7942779291553134
0.7149863760217984
0.8474114441416893
0.7506811989100818
0.7989100817438692
0.670299727520436
0.8858310626702998
0.749591280653951
0.7272479564032698
0.7534059945504087
0.864850136239782
0.7970027247956403
0.9367847411444141
0.626975476839237
0.8915531335149863
0.9038147138964577
0.7239782016348774
0.8362397820163487
0.8046321525885558
0.8975476839237058
0.8591280653950953
0.9367847411444141
0.6877384196185287
0.7743869209809264
0.7877384196185286
0.8400544959128066
0.7550408719346049
0.8354223433242507
0.8305177111716622
0.7953678474114442
0.4340599455040872
0.7217983651226159
0.8863760217983652
0.785558583106267
0.7858310626702997
0.8005449591280654
0.7743869209809264
0.7217983651226159
0.7874659400544959
0.7158038147138964
0.817983651226158
0.9130790190735695
0.7700272479564033
0.782016348773842
0.8079019073569482
0.8474114441416893
0.8700272479564033
0.8920980926430517
0.8444141689373297
0.7948228882833788
0.8190735694822888
0.8430517711171662
0.8501362397820164
0.9444141689373297
0.7689373297002725
0.8057220708446866
0.4250681198910082
0.7874659400544959
0.9335149863760218
0.6566757493188011
0.670299727520436
0.8506811989100818
0.7215258855585831
0.8185286103542234
0.935149863760218
0.8945504087193461
0.8885558583106267
0.9528610354223433
0.5136239782016349
0.8272479564032698
0.9092643051771118
0.817983651226158
0.826158038147139
0.7651226158038147
0.717983651226158
0.7678474114441417
0.8713896457765667
0.8743869209809264
0.7787465940054495
0.8553133514986376
0.6806539509536784
0.7081743869209809
0.9103542234332425
0.7506811989100818
0.7010899182561308
0.7929155313351499
0.9168937329700273
0.8817438692098093
0.7926430517711172
0.6291553133514987
0.6741144414168937
0.8098092643051771
0.8839237057220708
0.873024523160763
0.8643051771117166
0.8029972752043597
0.7980926430517711
0.7081743869209809
0.8198910081743869
0.7237057220708447
0.8476839237057221
0.7888283378746594
0.8038147138964578
0.7997275204359673
0.7735694822888284
0.5795640326975476
0.8141689373297003
0.7389645776566758
0.8310626702997275
0.8212534059945504
0.7825613079019074
0.8468664850136239
0.9092643051771118
0.749591280653951
0.7100817438692099
0.8256130790190735
0.7825613079019074
0.8348773841961853
0.673841961852861
0.7877384196185286
0.8305177111716622
0.7128065395095368
0.8373297002724795
0.9147138964577657
0.9087193460490464
0.8272479564032698
0.8487738419618529
0.75858310626703
0.7455040871934605
0.755858310626703
0.7891008174386921
0.75858310626703
0.7989100817438692
0.8155313351498638
0.7286103542234332
0.7425068119891008
0.8806539509536785
0.862125340599455
0.7991825613079019
0.8697547683923705
0.7700272479564033
0.9204359673024524
0.8362397820163487
0.9098092643051771
0.8430517711171662
0.556675749318801
0.8683923705722071
0.7005449591280654
0.9332425068119891
0.8457765667574932
0.7463215258855586
0.7177111716621254
0.7367847411444142
0.31498637602179835
0.7577656675749319
0.7920980926430518
0.6863760217983651
0.8485013623978201
0.7081743869209809
0.8594005449591281
0.8983651226158038
0.714441416893733
0.7185286103542234
0.8746594005449592
0.6877384196185287
0.8580381471389645
0.8468664850136239
0.7277929155313352
0.7514986376021798
0.811716621253406
0.7899182561307901
0.8196185286103542
0.7555858310626703
0.7656675749318801
0.7046321525885558
0.793732970027248
0.7901907356948229
0.7602179836512262
0.7885558583106267
0.8024523160762943
0.7133514986376022
0.8343324250681199
0.8986376021798365
0.8108991825613079
0.8098092643051771
0.873024523160763
0.7978201634877384
0.8087193460490463
0.8534059945504087
0.8564032697547684
0.8901907356948229
0.5422343324250681
0.791008174386921
0.8002724795640327
0.7877384196185286
0.7081743869209809
0.8474114441416893
0.6550408719346049
0.8272479564032698
0.7509536784741144
0.8904632152588556
0.8040871934604905
0.7877384196185286
0.8092643051771117
0.7182561307901907
0.8452316076294278
0.8313351498637602
0.7741144414168938
0.7713896457765668
0.7626702997275204
0.8008174386920981
0.34332425068119893
0.7920980926430518
0.7465940054495913
0.8416893732970028
0.9021798365122616
0.9362397820163487
0.796457765667575
0.7223433242506812
0.820708446866485
0.7376021798365122
0.820708446866485
0.8525885558583106
0.9269754768392371
0.8147138964577657
0.7539509536784741
0.8400544959128066
0.917983651226158
0.7283378746594006
0.8354223433242507
0.9079019073569482
0.7138964577656676
0.7577656675749319
0.8397820163487738
0.7885558583106267
0.8561307901907357
0.8645776566757494
0.8940054495912807
0.8038147138964578
0.6907356948228883
0.662125340599455
0.00027247956403269756
0.8068119891008174
0.7989100817438692
0.7615803814713896
0.7861035422343324
0.8880108991825613
0.7653950953678474
0.8880108991825613
0.8708446866485013
0.7430517711171662
0.6847411444141689
0.9
0.7294277929155313
0.740599455040872
0.7700272479564033
0.05204359673024523
0.8340599455040872
0.40490463215258854
0.8329700272479564
0.688283378746594
0.7231607629427793
0.8716621253405995
0.7542234332425068
0.7544959128065395
0.8234332425068119
0.8201634877384196
0.7885558583106267
0.8435967302452316
0.8577656675749319
0.8128065395095367
0.7989100817438692
0.8016348773841961
0.8073569482288828
0.764850136239782
0.7373297002724796
0.7708446866485014
0.8749318801089918
0.8343324250681199
0.8517711171662126
0.7482288828337874
0.8923705722070845
0.8384196185286104
0.7512261580381472
0.7888283378746594
0.75858310626703
0.6258855585831062
0.7514986376021798
0.8313351498637602
0.7752043596730245
0.7926430517711172
0.6640326975476839
0.9403269754768392
0.8629427792915532
0.8149863760217984
0.8678474114441417
0.9326975476839237
0.8136239782016349
0.7986376021798365
0.3697547683923706
0.9013623978201635
0.6716621253405994
0.8670299727520436
0.7978201634877384
0.9032697547683923
0.8784741144414169
0.8242506811989101
0.8416893732970028
0.9108991825613079
0.7852861035422344
0.7177111716621254
0.8177111716621254
0.8599455040871935
0.8217983651226158
0.7773841961852861
0.7427792915531335
0.8318801089918256
0.8465940054495913
0.773841961852861
0.8256130790190735
0.7803814713896458
0.7997275204359673
0.8427792915531335
0.81716621253406
0.6228882833787466
0.796457765667575
0.7245231607629428
0.94141689373297
0.8904632152588556
0.8798365122615803
0.8656675749318801
0.8667574931880109
0.7591280653950954
0.8651226158038147
0.8057220708446866
0.8119891008174387
0.782016348773842
0.8937329700272479
0.8893732970027248
0.5367847411444142
0.7542234332425068
0.7362397820163488
0.7719346049046322
0.7689373297002725
0.8226158038147139
0.8119891008174387
0.8237057220708447
0.8049046321525886
0.7940054495912806
0.7757493188010899
0.9070844686648502
0.7460490463215259
0.8198910081743869
0.8136239782016349
0.8329700272479564
0.808174386920981
0.8100817438692098
0.5098092643051771
0.8615803814713896
0.8359673024523161
0.4198910081743869
0.8092643051771117
0.4021798365122616
0.7762942779291553
0.8795640326975477
0.8103542234332425
0.7163487738419618
0.7811989100817439
0.7931880108991826
0.7291553133514986
0.855858310626703
0.6596730245231608
0.7408719346049046
0.7839237057220708
0.8343324250681199
0.776566757493188
0.7626702997275204
0.840599455040872
0.9114441416893733
0.9664850136239782
0.7542234332425068
0.8212534059945504
0.8719346049046321
0.750408719346049
0.8760217983651226
0.7256130790190736
0.8542234332425068
0.437874659400545
0.6885558583106267
0.7991825613079019
0.8215258855585831
0.876566757493188
0.8343324250681199
0.9092643051771118
0.9100817438692098
0.8138964577656675
0.8182561307901908
0.7275204359673024
0.7479564032697548
0.8392370572207084
0.9299727520435968
0.8103542234332425
0.9193460490463216
0.7869209809264305
0.8678474114441417
0.7885558583106267
0.8247956403269755
0.7588555858310627
0.4438692098092643
0.908174386920981
0.8079019073569482
0.7686648501362398
0.7749318801089918
0.817983651226158
0.7880108991825613
0.8362397820163487
0.785558583106267
0.7280653950953678
0.8008174386920981
0.9463215258855586
0.4942779291553134
0.7713896457765668
0.8384196185286104
0.9013623978201635
0.5893732970027248
0.8130790190735695
0.8702997275204359
0.8147138964577657
0.7444141689373297
0.8403269754768392
0.7705722070844687
0.8929155313351499
0.8798365122615803
0.9024523160762943
0.8038147138964578
0.8752043596730246
0.750408719346049
0.7430517711171662
0.8474114441416893
0.8975476839237058
0.8209809264305177
0.8239782016348773
0.726975476839237
0.8438692098092643
0.8534059945504087
0.8888283378746594
0.8057220708446866
0.7008174386920981
0.9212534059945504
0.7653950953678474
0.8476839237057221
0.6989100817438693
0.8188010899182562
0.8667574931880109
0.8043596730245232
0.8226158038147139
0.6885558583106267
0.7553133514986377
0.3201634877384196
0.7640326975476839
0.6915531335149864
0.897275204359673
0.7670299727520435
0.8517711171662126
0.7858310626702997
0.43487738419618527
0.7640326975476839
0.8016348773841961
0.8514986376021798
0.8561307901907357
0.7419618528610354
0.6953678474114442
0.7653950953678474
0.7863760217983651
0.8321525885558583
0.9032697547683923
0.8318801089918256
0.8455040871934605
0.796457765667575
0.8068119891008174
0.5621253405994551
0.7623978201634878
0.8264305177111717
0.7866485013623978
0.7119891008174387
0.8506811989100818
0.7918256130790191
0.7283378746594006
0.81716621253406
0.8490463215258856
0.911716621253406
0.8814713896457765
0.8152588555858311
0.9133514986376022
0.7326975476839237
0.8850136239782016
0.8626702997275204
0.7016348773841962
0.896457765667575
0.8084468664850136
0.7983651226158038
0.8836512261580381
0.6926430517711172
0.6509536784741144
0.8397820163487738
0.7915531335149864
0.9008174386920981
0.7346049046321526
0.703542234332425
0.9174386920980926
0.8858310626702998
0.8795640326975477
0.8256130790190735
0.8482288828337875
0.784741144414169
0.6580381471389646
0.7092643051771117
0.6822888283378746
0.8626702997275204
0.8204359673024523
0.9490463215258855
0.7490463215258856
0.8711171662125341
0.9286103542234332
0.8310626702997275
0.8771117166212534
0.9051771117166213
0.8490463215258856
0.8553133514986376
0.8141689373297003
0.7841961852861036
0.9010899182561308
0.8444141689373297
0.7106267029972752
0.3790190735694823
0.7779291553133515
0.510899182561308
0.808174386920981
0.8893732970027248
0.9286103542234332
0.8351498637602179
0.7719346049046322
0.7735694822888284
0.8542234332425068
0.7103542234332425
0.8678474114441417
0.8310626702997275
0.7912806539509537
0.9043596730245231
0.7817438692098093
0.820708446866485
0.9359673024523161
0.8
0.6623978201634877
0.8673024523160763
0.7574931880108992
0.7313351498637602
0.7419618528610354
0.7891008174386921
0.6967302452316076
0.81716621253406
0.9460490463215259
0.8305177111716622
0.8125340599455041
0.8449591280653951
0.81716621253406
0.8667574931880109
0.8122615803814713
0.07738419618528611
0.8831062670299727
0.8286103542234332
0.6485013623978202
0.8901907356948229
0.808991825613079
0.71716621253406
0.9141689373297003
0.7482288828337874
0.6457765667574932
0.7836512261580382
0.6062670299727521
0.8983651226158038
0.879291553133515
0.8141689373297003
0.7201634877384196
0.7506811989100818
0.87574931880109
0.6749318801089919
0.8604904632152589
0.7326975476839237
0.693732970027248
0.7329700272479565
0.773841961852861
0.9313351498637602
0.8231607629427793
0.7776566757493188
0.7997275204359673
0.8760217983651226
0.746866485013624
0.8594005449591281
0.814441416893733
0.7525885558583106
0.8049046321525886
0.6114441416893733
0.7724795640326976
0.7877384196185286
0.8833787465940055
0.8806539509536785
0.7335149863760217
0.7340599455040872
0.13051771117166214
0.8844686648501362
0.6583106267029972
0.8168937329700272
0.923433242506812
0.6771117166212534
0.7283378746594006
0.8016348773841961
0.8016348773841961
0.8926430517711171
0.35040871934604906
0.8133514986376021
0.6762942779291553
0.7858310626702997
0.9190735694822888
0.8422343324250681
0.8937329700272479
0.9035422343324251
0.4258855585831063
0.9220708446866485
0.3002724795640327
0.8708446866485013
0.8915531335149863
0.9111716621253406
0.8891008174386921
0.744141689373297
0.9171662125340599
0.7408719346049046
0.8392370572207084
0.9019073569482289
0.8313351498637602
0.7670299727520435
0.8602179836512261
0.7509536784741144
0.5079019073569482
0.7983651226158038
0.8223433242506812
0.8528610354223434
0.7975476839237057
0.7991825613079019
0.7667574931880109
0.6983651226158039
0.8915531335149863
0.6618528610354223
0.7989100817438692
0.7465940054495913
0.8329700272479564
0.7092643051771117
0.8190735694822888
0.7760217983651226
0.026158038147138966
0.8291553133514986
0.7801089918256131
0.8634877384196186
0.7776566757493188
0.7198910081743869
0.571117166212534
0.7980926430517711
0.8893732970027248
0.7844686648501362
0.9
0.6790190735694823
0.8019073569482289
0.7209809264305177
0.8585831062670299
0.7806539509536785
0.8201634877384196
0.861307901907357
0.6637602179836513
0.8885558583106267
0.7610354223433242
0.8678474114441417
0.9057220708446867
0.8542234332425068
0.8253405994550409
0.7449591280653951
0.7329700272479565
0.7419618528610354
0.8514986376021798
0.8237057220708447
0.8525885558583106
0.8239782016348773
0.7896457765667575
0.7321525885558583
0.8940054495912807
0.738692098092643
0.8858310626702998
0.7294277929155313
0.8348773841961853
0.8956403269754768
0.9098092643051771
0.75858310626703
0.7926430517711172
0.9054495912806539
0.7722070844686648
0.8741144414168938
0.7662125340599455
0.6591280653950954
0.7656675749318801
0.876566757493188
0.6989100817438693
0.7517711171662126
0.7561307901907357
0.6885558583106267
0.8697547683923705
0.770299727520436
0.7896457765667575
0.864850136239782
0.7651226158038147
0.8989100817438692
0.7896457765667575
0.8152588555858311
0.8059945504087194
0.8980926430517712
0.626158038147139
0.5569482288828338
0.7885558583106267
0.773024523160763
0.7787465940054495
0.8155313351498638
0.6948228882833788
0.9335149863760218
0.7564032697547683
0.8771117166212534
0.8768392370572207
0.7752043596730245
0.7370572207084468
0.8670299727520436
0.7683923705722071
0.7389645776566758
0.7177111716621254
0.6722070844686648
0.8929155313351499
0.4032697547683924
0.9460490463215259
0.9021798365122616
0.8376021798365123
0.7640326975476839
0.7779291553133515
0.7618528610354224
0.9002724795640327
0.7983651226158038
0.750408719346049
0.9144414168937329
0.8100817438692098
0.8269754768392371
0.44550408719346046
0.8811989100817439
0.808174386920981
0.8149863760217984
0.7836512261580382
0.8722070844686648
0.8580381471389645
0.8079019073569482
0.6743869209809265
0.8572207084468665
0.8010899182561307
0.7664850136239783
0.8051771117166212
0.8850136239782016
0.7686648501362398
0.7683923705722071
0.706267029972752
0.7871934604904632
0.8198910081743869
0.8209809264305177
0.9275204359673025
0.7929155313351499
0.1773841961852861
0.7021798365122616
0.7871934604904632
0.9566757493188011
0.7111716621253406
0.8403269754768392
0.7975476839237057
0.8174386920980926
0.797275204359673
0.7904632152588555
0.8583106267029973
0.7806539509536785
0.8474114441416893
0.7961852861035422
0.8002724795640327
0.6779291553133515
0.7217983651226159
0.8452316076294278
0.8226158038147139
0.7463215258855586
0.7896457765667575
0.6735694822888283
0.7768392370572207
0.7032697547683924
0.2787465940054496
0.232425068119891
0.7920980926430518
0.8038147138964578
0.8256130790190735
0.7076294277929155
0.8623978201634878
0.5550408719346049
0.8136239782016349
0.8130790190735695
0.8610354223433242
0.8329700272479564
0.808174386920981
0.897275204359673
0.8010899182561307
0.7850136239782016
0.8234332425068119
0.8899182561307902
0.826158038147139
0.7888283378746594
0.8435967302452316
0.8659400544959128
0.8356948228882833
0.6803814713896458
0.688283378746594
0.6803814713896458
0.8618528610354224
0.7618528610354224
0.7787465940054495
0.2989100817438692
0.7667574931880109
0.8354223433242507
0.7512261580381472
0.8250681198910081
0.006811989100817439
0.8918256130790191
0.7209809264305177
0.7059945504087194
0.8381471389645777
0.8822888283378747
0.7564032697547683
0.9242506811989101
0.7893732970027248
0.555858310626703
0.906267029972752
0.8912806539509537
0.8525885558583106
0.7422343324250681
0.8337874659400545
0.8950953678474114
0.7188010899182561
0.6847411444141689
0.8321525885558583
0.7994550408719346
0.782016348773842
0.7095367847411445
0.7079019073569482
0.9561307901907357
0.8623978201634878
0.8782016348773842
0.8122615803814713
0.8193460490463216
0.8438692098092643
0.8485013623978201
0.8141689373297003
0.6498637602179836
0.761307901907357
0.8351498637602179
0.8242506811989101
0.8111716621253406
0.7724795640326976
0.673841961852861
0.7588555858310627
0.8888283378746594
0.8863760217983652
0.8068119891008174
0.8395095367847412
0.711716621253406
0.7967302452316076
0.6762942779291553
0.7967302452316076
0.9542234332425068
0.8272479564032698
0.8021798365122615
0.8626702997275204
0.802724795640327
0.0553133514986376
0.9247956403269755
0.9256130790190735
0.7768392370572207
0.7970027247956403
0.8185286103542234
0.8392370572207084
0.7182561307901907
0.8626702997275204
0.8217983651226158
0.4318801089918256
0.7433242506811989
0.8359673024523161
0.8476839237057221
0.7356948228882834
0.9152588555858311
0.7425068119891008
0.40572207084468664
0.7392370572207084
0.7912806539509537
0.6433242506811989
0.9079019073569482
0.8106267029972752
0.7416893732970027
0.8572207084468665
0.7948228882833788
0.8340599455040872
0.7217983651226159
0.8149863760217984
0.7692098092643052
0.8542234332425068
0.7128065395095368
0.8880108991825613
0.6683923705722071
0.808174386920981
0.7912806539509537
0.8068119891008174
0.9487738419618529
0.8155313351498638
0.580108991825613
0.7970027247956403
0.9019073569482289
0.7574931880108992
0.8577656675749319
0.9419618528610354
0.7743869209809264
0.7460490463215259
0.8528610354223434
0.8585831062670299
0.759400544959128
0.7948228882833788
0.33841961852861036
0.8182561307901908
0.8354223433242507
0.8326975476839237
0.626158038147139
0.717983651226158
0.9130790190735695
0.862125340599455
0.6425068119891009
0.784741144414169
0.7863760217983651
0.853133514986376
0.8544959128065395
0.7732970027247956
0.5188010899182561
0.6967302452316076
0.8670299727520436
0.8926430517711171
0.7493188010899182
0.7114441416893733
0.6809264305177112
0.8487738419618529
0.8806539509536785
0.7681198910081743
0.8476839237057221
0.14659400544959128
0.6880108991825613
0.8354223433242507
0.650408719346049
0.8501362397820164
0.844141689373297
0.8528610354223434
0.7487738419618528
0.7550408719346049
0.782016348773842
0.7705722070844687
0.6615803814713896
0.7201634877384196
0.7757493188010899
0.7997275204359673
0.9013623978201635
0.6899182561307902
0.7961852861035422
0.7923705722070845
0.762125340599455
0.908991825613079
0.7994550408719346
0.8152588555858311
0.7746594005449591
0.8217983651226158
0.8438692098092643
0.7801089918256131
0.7697547683923706
0.808991825613079
0.7683923705722071
0.7806539509536785
0.7566757493188011
0.8043596730245232
0.7277929155313352
0.8544959128065395
0.7907356948228883
0.71716621253406
0.7664850136239783
0.7994550408719346
0.8866485013623978
0.896457765667575
0.7904632152588555
0.7520435967302452
0.7217983651226159
0.6942779291553134
0.8702997275204359
0.6743869209809265
0.5779291553133515
0.8880108991825613
0.691825613079019
0.8719346049046321
0.8367847411444141
0.8506811989100818
0.8076294277929156
0.8329700272479564
0.8193460490463216
0.8359673024523161
0.7318801089918257
0.7596730245231608
0.5705722070844687
0.8471389645776567
0.8215258855585831
0.7787465940054495
0.8362397820163487
0.7569482288828338
0.8231607629427793
0.8087193460490463
0.8626702997275204
0.8103542234332425
0.8950953678474114
0.6803814713896458
0.8305177111716622
0.8397820163487738
0.8858310626702998
0.7604904632152588
0.9501362397820163
0.7258855585831062
0.7365122615803815
0.71716621253406
0.7975476839237057
0.8362397820163487
0.7141689373297003
0.7348773841961853
0.8128065395095367
0.9264305177111717
0.8348773841961853
0.7950953678474114
0.8152588555858311
0.7204359673024523
0.8953678474114442
0.7994550408719346
0.8242506811989101
0.862125340599455
0.78283378746594
0.659400544959128
0.8174386920980926
0.7869209809264305
0.8367847411444141
0.7256130790190736
0.852316076294278
0.8348773841961853
0.6193460490463215
0.7891008174386921
0.7713896457765668
0.7525885558583106
0.7801089918256131
0.8299727520435968
0.7095367847411445
0.8354223433242507
0.7664850136239783
0.8040871934604905
0.931607629427793
0.7866485013623978
0.9040871934604905
0.794550408719346
0.797275204359673
0.8634877384196186
0.826158038147139
0.7596730245231608
0.885558583106267
0.9019073569482289
0.7397820163487738
0.8471389645776567
0.8863760217983652
0.7564032697547683
0.8588555858310627
0.8103542234332425
0.8237057220708447
0.9021798365122616
0.7493188010899182
0.879291553133515
0.9019073569482289
0.7525885558583106
0.8316076294277929
0.7940054495912806
0.753133514986376
0.3185286103542234
0.8122615803814713
0.8536784741144414
0.8479564032697547
0.8070844686648502
0.8016348773841961
0.7463215258855586
0.7741144414168938
0.8956403269754768
0.6970027247956403
0.6008174386920981
0.8544959128065395
0.78283378746594
0.8016348773841961
0.8585831062670299
0.7798365122615804
0.7831062670299728
0.7046321525885558
0.9070844686648502
0.8059945504087194
0.9029972752043597
0.9106267029972752
0.876566757493188
0.9010899182561308
0.8692098092643051
0.6566757493188011
0.0027247956403269754
0.9038147138964577
0.7487738419618528
0.806267029972752
0.8362397820163487
0.7694822888283379
0.771117166212534
0.8059945504087194
0.8711171662125341
0.8997275204359673
0.8212534059945504
0.8539509536784741
0.6732970027247956
0.9193460490463216
0.8514986376021798
0.8961852861035422
0.838692098092643
0.8193460490463216
0.7501362397820164
0.8471389645776567
0.42942779291553135
0.785558583106267
0.7839237057220708
0.7264305177111716
0.728882833787466
0.7174386920980926
0.8318801089918256
0.9188010899182562
0.6814713896457766
0.7776566757493188
0.8226158038147139
0.7479564032697548
0.7863760217983651
0.8482288828337875
0.8310626702997275
0.7618528610354224
0.7869209809264305
0.5220708446866485
0.8283378746594006
0.7400544959128066
0.8002724795640327
0.9242506811989101
0.7528610354223433
0.8517711171662126
0.7425068119891008
0.8961852861035422
0.7534059945504087
0.844141689373297
0.8724795640326976
0.8302452316076294
0.9245231607629428
0.7588555858310627
0.7487738419618528
0.8544959128065395
0.8002724795640327
0.5253405994550409
0.8893732970027248
0.8079019073569482
0.8926430517711171
0.44005449591280654
0.8643051771117166
0.7051771117166212
0.6754768392370573
0.8166212534059946
0.7697547683923706
0.6501362397820164
0.8596730245231607
0.8471389645776567
0.8970027247956404
0.7694822888283379
0.7514986376021798
0.8572207084468665
0.820708446866485
0.7839237057220708
0.7942779291553134
0.8267029972752044
0.7888283378746594
0.7912806539509537
0.9019073569482289
0.9318801089918256
0.8305177111716622
0.8607629427792916
0.5678474114441416
0.7168937329700272
0.8743869209809264
0.7948228882833788
0.9228882833787466
0.8122615803814713
0.8068119891008174
0.7915531335149864
0.84141689373297
0.8871934604904632
0.7640326975476839
0.8392370572207084
0.8566757493188011
0.9111716621253406
0.8073569482288828
0.808174386920981
0.8147138964577657
0.8024523160762943
0.7158038147138964
0.8059945504087194
0.8787465940054496
0.7149863760217984
0.726975476839237
0.8305177111716622
0.8002724795640327
0.8670299727520436
0.7880108991825613
0.7994550408719346
0.9365122615803815
0.805449591280654
0.7596730245231608
0.8038147138964578
0.614441416893733
0.7640326975476839
0.8425068119891008
0.8182561307901908
0.8351498637602179
0.84141689373297
0.8910081743869209
0.4566757493188011
0.7839237057220708
0.8555858310626703
0.8264305177111717
0.7931880108991826
0.8160762942779292
0.6811989100817438
0.8869209809264306
0.7316076294277929
0.8217983651226158
0.7444141689373297
0.7283378746594006
0.7776566757493188
0.6904632152588556
0.8574931880108991
0.8544959128065395
0.8702997275204359
0.8869209809264306
0.7149863760217984
0.8588555858310627
0.7247956403269755
0.8553133514986376
0.6803814713896458
0.7231607629427793
0.4659400544959128
0.7250681198910082
0.9506811989100817
0.8182561307901908
0.8629427792915532
0.8937329700272479
0.7901907356948229
0.7411444141689373
0.7542234332425068
0.9346049046321526
0.7588555858310627
0.8
0.6275204359673024
0.8583106267029973
0.6920980926430518
0.9111716621253406
0.8291553133514986
0.762125340599455
0.8986376021798365
0.8790190735694823
0.7384196185286104
0.9381471389645777
0.8596730245231607
0.6885558583106267
0.8692098092643051
0.7416893732970027
0.8029972752043597
0.8572207084468665
0.8147138964577657
0.9130790190735695
0.7452316076294278
0.6907356948228883
0.7768392370572207
0.7
0.7215258855585831
0.7912806539509537
0.7599455040871934
0.6980926430517711
0.7983651226158038
0.8114441416893733
0.65858310626703
0.729700272479564
0.7754768392370572
0.8514986376021798
0.7634877384196185
0.8678474114441417
0.7825613079019074
0.7920980926430518
0.9376021798365123
0.7348773841961853
0.8901907356948229
0.7743869209809264
0.8392370572207084
0.8416893732970028
0.7940054495912806
0.7277929155313352
0.7839237057220708
0.9482288828337875
0.8773841961852861
0.7934604904632152
0.6991825613079019
0.7961852861035422
0.7694822888283379
0.9313351498637602
0.8825613079019073
0.8397820163487738
0.9659400544959128
0.8329700272479564
0.8708446866485013
0.8580381471389645
0.7517711171662126
0.8136239782016349
0.8059945504087194
0.8978201634877384
0.7433242506811989
0.7708446866485014
0.8326975476839237
0.8247956403269755
0.7893732970027248
0.7536784741144414
0.7716621253405994
0.9163487738419619
0.7901907356948229
0.8373297002724795
0.8177111716621254
0.7485013623978202
0.8147138964577657
0.8468664850136239
0.691008174386921
0.4201634877384196
0.735149863760218
0.8517711171662126
0.3455040871934605
0.8237057220708447
0.8160762942779292
0.7961852861035422
0.8512261580381472
0.9068119891008174
0.7662125340599455
0.8168937329700272
0.796457765667575
0.5504087193460491
0.6768392370572207
0.8904632152588556
0.78283378746594
0.8980926430517712
0.68283378746594
0.8534059945504087
0.8817438692098093
0.8326975476839237
0.8959128065395096
0.8250681198910081
0.432425068119891
0.7602179836512262
0.708991825613079
0.879291553133515
0.7367847411444142
0.8825613079019073
0.8463215258855585
0.7370572207084468
0.7986376021798365
0.8419618528610354
0.8049046321525886
0.8228882833787466
0.7435967302452317
0.7509536784741144
0.728882833787466
0.7185286103542234
0.7599455040871934
0.7523160762942779
0.7
0.7861035422343324
0.03188010899182561
0.7564032697547683
0.8779291553133515
0.7498637602179836
0.679291553133515
0.750408719346049
0.9005449591280654
0.7732970027247956
0.717983651226158
0.8471389645776567
0.828882833787466
0.7833787465940054
0.9024523160762943
0.8226158038147139
0.8305177111716622
0.7871934604904632
0.6130790190735694
0.8065395095367848
0.9337874659400545
0.7359673024523161
0.7852861035422344
0.8989100817438692
0.7408719346049046
0.8307901907356948
0.6953678474114442
0.864032697547684
0.7471389645776567
0.791008174386921
0.7970027247956403
0.7746594005449591
0.8626702997275204
0.9095367847411444
0.8231607629427793
0.8934604904632153
0.8190735694822888
0.7329700272479565
0.8035422343324251
0.7697547683923706
0.7784741144414169
0.8381471389645777
0.8901907356948229
0.7302452316076294
0.7959128065395096
0.8588555858310627
0.7002724795640327
0.8653950953678474
0.7978201634877384
0.7686648501362398
0.3419618528610354
0.8237057220708447
0.4316076294277929
0.8724795640326976
0.8049046321525886
0.5948228882833787
0.7790190735694823
0.8068119891008174
0.7335149863760217
0.726975476839237
0.9141689373297003
0.8188010899182562
0.702724795640327
0.6959128065395095
0.7228882833787466
0.864850136239782
0.8416893732970028
0.7114441416893733
0.6768392370572207
0.8937329700272479
0.9446866485013624
0.25831062670299726
0.694550408719346
0.6787465940054496
0.8291553133514986
0.844141689373297
0.8828337874659401
0.826158038147139
0.9583106267029973
0.8643051771117166
0.8329700272479564
0.7689373297002725
0.8427792915531335
0.7811989100817439
0.744141689373297
0.9087193460490464
0.7784741144414169
0.7970027247956403
0.8356948228882833
0.7743869209809264
0.9542234332425068
0.6942779291553134
0.8591280653950953
0.8493188010899183
0.7337874659400545
0.6967302452316076
0.728882833787466
0.7735694822888284
0.7640326975476839
0.8937329700272479
0.8367847411444141
0.7419618528610354
0.7877384196185286
0.767574931880109
0.6833787465940054
0.7463215258855586
0.8449591280653951
0.5433242506811989
0.888283378746594
0.7809264305177112
0.7277929155313352
0.8801089918256131
0.7896457765667575
0.6798365122615804
0.9136239782016349
0.8141689373297003
0.7604904632152588
0.7893732970027248
0.7953678474114442
0.8702997275204359
0.7460490463215259
0.8193460490463216
0.43923705722070844
0.8975476839237058
0.8645776566757494
0.7564032697547683
0.7005449591280654
0.7602179836512262
0.7632152588555858
0.8471389645776567
0.8280653950953678
0.9103542234332425
0.9119891008174387
0.7814713896457766
0.5275204359673025
0.7438692098092643
0.7217983651226159
0.7727520435967302
0.8487738419618529
0.8108991825613079
0.7198910081743869
0.9247956403269755
0.8945504087193461
0.8975476839237058
0.8931880108991825
0.7068119891008174
0.8833787465940055
0.8787465940054496
0.9231607629427793
0.7215258855585831
0.9108991825613079
0.7798365122615804
0.8885558583106267
0.30980926430517713
0.9065395095367847
0.7942779291553134
0.7471389645776567
0.8711171662125341
0.8980926430517712
0.48092643051771117
0.8929155313351499
0.6940054495912806
0.861307901907357
0.7779291553133515
0.715258855585831
0.729700272479564
0.7825613079019074
0.746866485013624
0.8316076294277929
0.9005449591280654
0.7773841961852861
0.8133514986376021
0.8182561307901908
0.8346049046321525
0.8566757493188011
0.714441416893733
0.8125340599455041
0.8863760217983652
0.8318801089918256
0.940599455040872
0.45231607629427795
0.8820163487738419
0.8299727520435968
0.9158038147138965
0.7664850136239783
0.7746594005449591
0.7877384196185286
0.8013623978201635
0.7395095367847412
0.785558583106267
0.7337874659400545
0.7147138964577656
0.7757493188010899
0.8643051771117166
0.6822888283378746
0.7645776566757493
0.75858310626703
0.8332425068119891
0.9299727520435968
0.9446866485013624
0.7392370572207084
0.7239782016348774
0.7779291553133515
0.7978201634877384
0.8275204359673024
0.7904632152588555
0.917983651226158
0.8465940054495913
0.8166212534059946
0.8836512261580381
0.8329700272479564
0.811716621253406
0.9021798365122616
0.7869209809264305
0.7149863760217984
0.7335149863760217
0.8130790190735695
0.8141689373297003
0.7604904632152588
0.8397820163487738
0.7528610354223433
0.6948228882833788
0.7618528610354224
0.7716621253405994
0.6809264305177112
0.8043596730245232
0.7465940054495913
0.8253405994550409
0.7438692098092643
0.647683923705722
0.8411444141689374
0.7577656675749319
0.7512261580381472
0.6956403269754768
0.8664850136239782
0.9021798365122616
0.7359673024523161
0.7588555858310627
0.8501362397820164
0.7844686648501362
0.7912806539509537
0.9084468664850136
0.8168937329700272
0.8607629427792916
0.4111716621253406
0.8732970027247956
0.7422343324250681
0.7490463215258856
0.8068119891008174
0.7111716621253406
0.7185286103542234
0.7572207084468665
0.7076294277929155
0.7899182561307901
0.7629427792915532
0.850408719346049
0.8351498637602179
0.7735694822888284
0.9534059945504088
0.7659400544959128
0.5212534059945504
0.8174386920980926
0.7997275204359673
0.7449591280653951
0.8861035422343324
0.8901907356948229
0.8209809264305177
0.7967302452316076
0.7455040871934605
0.7896457765667575
0.7114441416893733
0.9149863760217983
0.7959128065395096
0.8152588555858311
0.8711171662125341
0.7662125340599455
0.7111716621253406
0.7833787465940054
0.8585831062670299
0.8425068119891008
0.7305177111716621
0.5495912806539509
0.6163487738419619
0.7651226158038147
0.9223433242506812
0.8670299727520436
0.8673024523160763
0.7790190735694823
0.9250681198910081
0.9196185286103542
0.8572207084468665
0.8177111716621254
0.671117166212534
0.7896457765667575
0.8893732970027248
0.7569482288828338
0.7757493188010899
0.7346049046321526
0.7948228882833788
0.8136239782016349
0.8008174386920981
0.7032697547683924
0.6831062670299728
0.8460490463215259
0.7877384196185286
0.7798365122615804
0.8514986376021798
0.7577656675749319
0.6670299727520436
0.6098092643051771
0.8474114441416893
0.7662125340599455
0.8294277929155314
0.8239782016348773
0.6313351498637603
0.7430517711171662
0.7335149863760217
0.74141689373297
0.9580381471389646
0.8149863760217984
0.35504087193460493
0.8239782016348773
0.8574931880108991
0.7302452316076294
0.8051771117166212
0.7752043596730245
0.232425068119891
0.7068119891008174
0.6959128065395095
0.7888283378746594
0.7049046321525886
0.2607629427792916
0.7904632152588555
0.8035422343324251
0.9032697547683923
0.7607629427792916
0.6555858310626703
0.8100817438692098
0.8942779291553133
0.8245231607629427
0.6896457765667575
0.7286103542234332
0.8321525885558583
0.7460490463215259
0.8874659400544959
0.7449591280653951
0.888283378746594
0.9411444141689373
0.8122615803814713
0.8727520435967302
0.7215258855585831
0.8561307901907357
0.9226158038147139
0.746866485013624
0.7861035422343324
0.6997275204359673
0.9002724795640327
0.9833787465940055
0.8539509536784741
0.7370572207084468
0.8896457765667575
0.444141689373297
0.8722070844686648
0.5847411444141689
0.9
0.7057220708446866
0.7771117166212534
0.39455040871934605
0.7111716621253406
0.8283378746594006
0.885558583106267
0.8253405994550409
0.9008174386920981
0.6833787465940054
0.9397820163487739
0.6980926430517711
0.829700272479564
0.9049046321525885
0.8160762942779292
0.8438692098092643
0.8076294277929156
0.8542234332425068
0.7959128065395096
0.867574931880109
0.6847411444141689
0.8220708446866485
0.8275204359673024
0.7572207084468665
0.9046321525885559
0.8741144414168938
0.7433242506811989
0.5335149863760218
0.7095367847411445
0.797275204359673
0.9059945504087193
0.8370572207084469
0.5653950953678474
0.782016348773842
0.7193460490463215
0.6896457765667575
0.9474114441416893
0.8365122615803815
0.7539509536784741
0.8016348773841961
0.7891008174386921
0.7438692098092643
0.8310626702997275
0.9310626702997276
0.7743869209809264
0.7915531335149864
0.7948228882833788
0.8114441416893733
0.7038147138964578
0.8125340599455041
0.8427792915531335
0.8485013623978201
0.8561307901907357
0.8931880108991825
0.805449591280654
0.6757493188010899
0.7814713896457766
0.7705722070844687
0.7174386920980926
0.7893732970027248
0.9008174386920981
0.7942779291553134
0.8626702997275204
0.6073569482288829
0.6534059945504087
0.9005449591280654
0.6978201634877385
0.8242506811989101
0.8457765667574932
0.6970027247956403
0.7359673024523161
0.7425068119891008
0.7771117166212534
0.9076294277929156
0.7479564032697548
0.44931880108991823
0.773841961852861
0.75858310626703
0.7822888283378746
0.8891008174386921
0.8762942779291553
0.8991825613079019
0.750408719346049
0.7463215258855586
0.7732970027247956
0.8247956403269755
0.7188010899182561
0.8427792915531335
0.7444141689373297
0.8427792915531335
0.004359673024523161
0.7893732970027248
0.732425068119891
0.8776566757493188
0.8950953678474114
0.7065395095367848
0.6893732970027248
0.8948228882833787
0.7008174386920981
0.8065395095367848
0.8433242506811989
0.8128065395095367
0.9310626702997276
0.7700272479564033
0.6956403269754768
0.7749318801089918
0.8528610354223434
0.8408719346049046
0.7880108991825613
0.7907356948228883
0.9171662125340599
0.7528610354223433
0.8863760217983652
0.8106267029972752
0.906267029972752
0.7697547683923706
0.7362397820163488
0.806267029972752
0.8869209809264306
0.8790190735694823
0.8035422343324251
0.7294277929155313
0.6659400544959128
0.8122615803814713
0.7920980926430518
0.7329700272479565
0.7880108991825613
0.7283378746594006
0.4332425068119891
0.7419618528610354
0.7920980926430518
0.8986376021798365
0.7929155313351499
0.7825613079019074
0.8465940054495913
0.691825613079019
0.861307901907357
0.8212534059945504
0.7975476839237057
0.7741144414168938
0.8092643051771117
0.8098092643051771
0.7623978201634878
0.885558583106267
0.9010899182561308
0.8956403269754768
0.8798365122615803
0.8356948228882833
0.7384196185286104
0.8588555858310627
0.8534059945504087
0.7743869209809264
0.8392370572207084
0.5852861035422343
0.7485013623978202
0.10299727520435967
0.8904632152588556
0.567574931880109
0.6940054495912806
0.9103542234332425
0.8528610354223434
0.6891008174386921
0.773024523160763
0.793732970027248
0.7700272479564033
0.8411444141689374
0.6989100817438693
0.8408719346049046
0.7659400544959128
0.9155313351498637
0.8910081743869209
0.8896457765667575
0.9054495912806539
0.794550408719346
0.7583106267029973
0.9049046321525885
0.7940054495912806
0.5596730245231608
0.8411444141689374
0.45258855585831065
0.8196185286103542
0.9158038147138965
0.7572207084468665
0.735149863760218
0.8926430517711171
0.776566757493188
0.65858310626703
0.7833787465940054
0.7858310626702997
0.7487738419618528
0.8354223433242507
0.7694822888283379
0.8874659400544959
0.8354223433242507
0.6569482288828338
0.8400544959128066
0.897275204359673
0.7463215258855586
0.8149863760217984
0.7961852861035422
0.7517711171662126
0.8158038147138964
0.7782016348773841
0.773841961852861
0.8509536784741144
0.7316076294277929
0.7310626702997275
0.8106267029972752
0.9122615803814714
0.850408719346049
0.5942779291553133
0.7337874659400545
0.6520435967302453
0.7523160762942779
0.8256130790190735
0.7722070844686648
0.7427792915531335
0.8217983651226158
0.8986376021798365
0.8174386920980926
0.8618528610354224
0.8861035422343324
0.8029972752043597
0.7264305177111716
0.7700272479564033
0.7986376021798365
0.7645776566757493
0.7975476839237057
0.5076294277929155
0.8607629427792916
0.3005449591280654
0.7569482288828338
0.8043596730245232
0.8351498637602179
0.940599455040872
0.9040871934604905
0.8980926430517712
0.8277929155313352
0.785558583106267
0.9193460490463216
0.5776566757493188
0.7174386920980926
0.7438692098092643
0.753133514986376
0.8046321525885558
0.8201634877384196
0.8814713896457765
0.7948228882833788
0.6961852861035422
0.8716621253405995
0.7871934604904632
0.8833787465940055
0.691825613079019
0.8501362397820164
0.8125340599455041
0.8692098092643051
0.7267029972752044
0.8226158038147139
0.8637602179836512
0.8482288828337875
0.6444141689373297
0.7294277929155313
0.8204359673024523
0.8653950953678474
0.8474114441416893
0.7743869209809264
0.6989100817438693
0.7079019073569482
0.8468664850136239
0.7920980926430518
0.9024523160762943
0.7539509536784741
0.8735694822888284
0.746866485013624
0.8869209809264306
0.71716621253406
0.738692098092643
0.8166212534059946
0.8983651226158038
0.8351498637602179
0.7839237057220708
0.705449591280654
0.7449591280653951
0.9220708446866485
0.7683923705722071
0.7782016348773841
0.7934604904632152
0.8043596730245232
0.7632152588555858
0.697275204359673
0.8163487738419618
0.8430517711171662
0.7811989100817439
0.7318801089918257
0.864850136239782
0.753133514986376
0.8149863760217984
0.7980926430517711
0.7272479564032698
0.850408719346049
0.7866485013623978
0.8087193460490463
0.7564032697547683
0.8980926430517712
0.8435967302452316
0.7713896457765668
0.7869209809264305
0.8983651226158038
0.5869209809264305
0.7662125340599455
0.7822888283378746
0.7836512261580382
0.7920980926430518
0.8463215258855585
0.8732970027247956
0.7250681198910082
0.7719346049046322
0.8716621253405995
0.697275204359673
0.8634877384196186
0.8362397820163487
0.7885558583106267
0.6956403269754768
0.808991825613079
0.9185286103542234
0.9422343324250682
0.8735694822888284
0.7079019073569482
0.7291553133514986
0.9277929155313351
0.6852861035422343
0.8784741144414169
0.864850136239782
0.794550408719346
0.7809264305177112
0.7049046321525886
0.8896457765667575
0.7419618528610354
0.9514986376021798
0.7651226158038147
0.4335149863760218
0.9174386920980926
0.8844686648501362
0.8561307901907357
0.7362397820163488
0.9223433242506812
0.7198910081743869
0.9354223433242507
0.705449591280654
0.673841961852861
0.7065395095367848
0.8986376021798365
0.7487738419618528
0.8536784741144414
0.9632152588555858
0.8152588555858311
0.8253405994550409
0.8182561307901908
0.8994550408719346
0.8010899182561307
0.8299727520435968
0.8711171662125341
0.1678474114441417
0.8711171662125341
0.8247956403269755
0.7580381471389646
0.8959128065395096
0.832425068119891
0.8615803814713896
0.9049046321525885
0.744141689373297
0.8632152588555858
0.8517711171662126
0.7678474114441417
0.8455040871934605
0.9019073569482289
0.8040871934604905
0.7757493188010899
0.9283378746594005
0.9651226158038148
0.7253405994550409
0.8871934604904632
0.7376021798365122
0.3656675749318801
0.791008174386921
0.7569482288828338
0.6752043596730245
0.8076294277929156
0.9517711171662125
0.8362397820163487
0.8493188010899183
0.862125340599455
0.8136239782016349
0.3114441416893733
0.8741144414168938
0.8397820163487738
0.708991825613079
0.8084468664850136
0.7918256130790191
0.8108991825613079
0.7615803814713896
0.9185286103542234
0.7877384196185286
0.8286103542234332
0.9149863760217983
0.9242506811989101
0.844141689373297
0.8487738419618529
0.7389645776566758
0.8918256130790191
0.8318801089918256
0.9177111716621253
0.746866485013624
0.8574931880108991
0.840599455040872
0.5814713896457766
0.9076294277929156
0.8258855585831063
0.8158038147138964
0.9367847411444141
0.7446866485013623
0.3746594005449591
0.8787465940054496
0.9209809264305178
0.8645776566757494
0.8381471389645777
0.8656675749318801
0.8264305177111717
0.8863760217983652
0.9596730245231607
0.8961852861035422
0.9152588555858311
0.8384196185286104
0.8588555858310627
0.7637602179836512
0.9343324250681199
0.6942779291553134
0.7547683923705722
0.8681198910081744
0.8509536784741144
0.8204359673024523
0.8970027247956404
0.7599455040871934
0.8351498637602179
0.7904632152588555
0.8566757493188011
0.8632152588555858
0.8427792915531335
0.7841961852861036
0.794550408719346
0.9016348773841962
0.826158038147139
0.7956403269754768
0.7539509536784741
0.9425068119891008
0.7888283378746594
0.8798365122615803
0.682016348773842
0.7588555858310627
0.7343324250681199
0.7506811989100818
0.7615803814713896
0.9435967302452316
0.8275204359673024
0.7844686648501362
0.8893732970027248
0.8463215258855585
0.7904632152588555
0.852316076294278
0.873841961852861
0.7474114441416894
0.1561307901907357
0.7934604904632152
0.8065395095367848
0.81716621253406
0.7950953678474114
0.8307901907356948
0.7509536784741144
0.8460490463215259
0.7618528610354224
0.7899182561307901
0.6871934604904633
0.8346049046321525
0.7215258855585831
0.8945504087193461
0.7940054495912806
0.2128065395095368
0.7019073569482289
0.8923705722070845
0.8367847411444141
0.7245231607629428
0.720708446866485
0.764850136239782
0.8520435967302452
0.7727520435967302
0.8591280653950953
0.7544959128065395
0.7983651226158038
0.7967302452316076
0.7645776566757493
0.6722070844686648
0.7193460490463215
0.8294277929155314
0.828882833787466
0.8948228882833787
0.7591280653950954
0.732425068119891
0.8653950953678474
0.791008174386921
0.8435967302452316
0.767574931880109
0.9485013623978201
0.6029972752043596
0.8185286103542234
0.8373297002724795
0.8762942779291553
0.7915531335149864
0.7689373297002725
0.7204359673024523
0.9452316076294278
0.5196185286103542
0.8226158038147139
0.7029972752043597
0.8403269754768392
0.762125340599455
0.8479564032697547
0.764850136239782
0.7275204359673024
0.8163487738419618
0.7899182561307901
0.8032697547683924
0.8059945504087194
0.7182561307901907
0.8594005449591281
0.8136239782016349
0.7610354223433242
0.8040871934604905
0.852316076294278
0.8318801089918256
0.8204359673024523
0.8912806539509537
0.7098092643051771
0.8861035422343324
0.717983651226158
0.8574931880108991
0.7640326975476839
0.8743869209809264
0.759400544959128
0.8217983651226158
0.8574931880108991
0.7457765667574932
0.7566757493188011
0.6970027247956403
0.8365122615803815
0.6596730245231608
0.8514986376021798
0.7599455040871934
0.7678474114441417
0.9716621253405995
0.8209809264305177
0.7956403269754768
0.7163487738419618
0.8318801089918256
0.8425068119891008
0.802724795640327
0.7757493188010899
0.8536784741144414
0.8065395095367848
0.8602179836512261
0.8694822888283379
0.715258855585831
0.8948228882833787
0.7550408719346049
0.7871934604904632
0.7525885558583106
0.7773841961852861
0.8435967302452316
0.7888283378746594
0.749591280653951
0.8841961852861036
0.6885558583106267
0.7610354223433242
0.8512261580381472
0.7016348773841962
0.7452316076294278
0.8795640326975477
0.8059945504087194
0.9152588555858311
0.8893732970027248
0.7967302452316076
0.8174386920980926
0.7940054495912806
0.7313351498637602
0.7465940054495913
0.7632152588555858
0.8610354223433242
0.7599455040871934
0.9032697547683923
0.7201634877384196
0.9073569482288828
0.8653950953678474
0.782016348773842
0.8005449591280654
0.7460490463215259
0.8084468664850136
0.7899182561307901
0.7637602179836512
0.8482288828337875
0.8185286103542234
0.8790190735694823
0.7577656675749319
0.7318801089918257
0.6365122615803814
0.7713896457765668
0.7983651226158038
0.7286103542234332
0.7891008174386921
0.7961852861035422
0.8487738419618529
0.8359673024523161
0.7931880108991826
0.7779291553133515
0.8822888283378747
0.8959128065395096
0.8168937329700272
0.41226158038147137
0.9583106267029973
0.826158038147139
0.7076294277929155
0.7869209809264305
0.720708446866485
0.8645776566757494
0.8752043596730246
0.7907356948228883
0.8
0.8950953678474114
0.8070844686648502
0.9196185286103542
0.802724795640327
0.6782016348773842
0.8019073569482289
0.8700272479564033
0.5972752043596731
0.7326975476839237
0.867574931880109
0.7760217983651226
0.9138964577656675
0.832425068119891
0.7343324250681199
0.7727520435967302
0.7732970027247956
0.7411444141689373
0.8776566757493188
0.7891008174386921
0.8223433242506812
0.18010899182561307
0.7798365122615804
0.8076294277929156
0.7811989100817439
0.8915531335149863
0.9059945504087193
0.7215258855585831
0.8397820163487738
0.8408719346049046
0.7861035422343324
0.9632152588555858
0.8010899182561307
0.8092643051771117
0.7817438692098093
0.27438692098092643
0.9247956403269755
0.29727520435967303
0.7460490463215259
0.7692098092643052
0.811716621253406
0.8212534059945504
0.48610354223433244
0.826158038147139
0.7190735694822888
0.9100817438692098
0.7931880108991826
0.8899182561307902
0.9092643051771118
0.8008174386920981
0.7512261580381472
0.6896457765667575
0.7645776566757493
0.723433242506812
0.7073569482288828
0.7043596730245232
0.8599455040871935
0.8978201634877384
0.6831062670299728
0.8623978201634878
0.9029972752043597
0.7258855585831062
0.8128065395095367
0.9057220708446867
0.737874659400545
0.8891008174386921
0.7618528610354224
0.8332425068119891
0.8449591280653951
0.626975476839237
0.8141689373297003
0.7550408719346049
0.8242506811989101
0.8866485013623978
0.7912806539509537
0.7953678474114442
0.7253405994550409
0.7825613079019074
0.6787465940054496
0.8269754768392371
0.7869209809264305
0.7722070844686648
0.7869209809264305
0.7040871934604904
0.8326975476839237
0.7983651226158038
0.8256130790190735
0.8068119891008174
0.8713896457765667
0.6989100817438693
0.7752043596730245
0.6632152588555859
0.7978201634877384
0.7626702997275204
0.7918256130790191
0.7844686648501362
0.7307901907356948
0.8059945504087194
0.6479564032697548
0.7520435967302452
0.8051771117166212
0.8967302452316076
0.8749318801089918
0.8247956403269755
0.7280653950953678
0.8869209809264306
0.8942779291553133
0.7599455040871934
0.6130790190735694
0.7076294277929155
0.7978201634877384
0.7705722070844687
0.8942779291553133
0.797275204359673
0.7307901907356948
0.935149863760218
0.7528610354223433
0.6727520435967302
0.8651226158038147
0.8904632152588556
0.762125340599455
0.7204359673024523
0.744141689373297
0.840599455040872
0.7719346049046322
0.8967302452316076
0.8010899182561307
0.8893732970027248
