0.8774640383590836
0.9033031433137986
0.8742674480554076
0.8319126265316995
0.869206180074587
0.8609483217900906
0.8359083644112946
0.9448588172615876
0.9259456579648375
0.7839637719765583
0.7932871603622802
0.8630793819925413
0.8873201917954182
0.810335641981886
0.9144912093766648
0.8137986148108685
0.8311134789557805
0.6568993074054342
0.7559936068193926
0.687266915290357
0.6752797016515717
0.8023441662226958
0.8273841236014917
0.794619072988812
0.9075652637187
0.8454981353223229
0.8465636654235482
0.8513585508790623
0.8074054342035163
0.8716036228023442
0.7077783697389451
0.9270111880660629
0.8681406499733617
0.8441662226957911
0.8042088438998402
0.9142248268513585
0.8755993606819392
0.9206180074587107
0.8641449120937666
0.9150239744272776
0.8425679275439532
0.9488545551411828
0.7919552477357485
0.8540223761321257
0.8148641449120938
0.823654768247203
0.8284496537027171
0.7530633990410229
0.839371337240277
0.8961108151305275
0.8889184869472563
0.8593500266382526
0.8217900905700586
0.9064997336174747
0.8106020245071923
0.8257858284496538
0.8822589238145978
0.7831646244006393
0.8878529568460309
0.8902503995737879
0.8875865743207245
0.7898241875332979
0.7085775173148642
0.8036760788492275
0.8404368673415024
0.8817261587639851
0.9302077783697389
0.7935535428875866
0.8415023974427278
0.8311134789557805
0.8969099627064464
0.9496537027171018
0.8843899840170485
0.8923814597762387
0.9270111880660629
0.8750665956313266
0.8588172615876398
0.9019712306872669
0.7943526904635055
0.8039424613745338
0.745338305807139
0.8625466169419286
0.8894512519978689
0.8550879062333511
0.8526904635055941
0.8417687799680341
0.8476291955247736
0.9206180074587107
0.8082045817794352
0.8249866808737347
0.8969099627064464
0.8167288225892382
0.7858284496537027
0.7663825253063399
0.9049014384656366
0.9560468833244539
0.8391049547149707
0.8835908364411295
0.8281832711774108
0.9358018114011721
0.8604155567394779
0.9001065530101225
0.880127863612147
0.8063399041022908
0.8223228556206713
0.8654768247202983
0.8129994672349494
0.8305807139051679
0.7778369738945126
0.79621736814065
0.7914224826851358
0.8449653702717101
0.9019712306872669
0.7365476824720298
0.7682472029834843
0.8441662226957911
0.9363345764517848
0.648907831646244
0.8084709643047416
0.9275439531166756
0.8987746403835908
0.8609483217900906
0.8532232285562067
0.8811933937133724
0.9072988811933937
0.8782631859350026
0.931806073521577
0.8931806073521577
0.8351092168353756
0.880127863612147
0.9206180074587107
0.8340436867341502
0.7741076185402238
0.8833244539158231
0.7887586574320724
0.9262120404901438
0.8164624400639318
0.7983484283431007
0.7410761854022376
0.7882258923814598
0.8873201917954182
0.8324453915823122
0.8050079914757592
0.891848694725626
0.6907298881193393
0.9347362812999467
0.8311134789557805
0.797016515716569
0.7874267448055408
0.9421949920085242
0.9789557805007991
0.8668087373468301
0.7871603622802344
0.9312733084709643
0.7922216302610549
0.8265849760255727
0.876132125732552
0.8297815663292488
0.8982418753329782
0.810335641981886
0.9669685668620138
0.9190197123068726
0.902770378263186
0.8606819392647842
0.7799680340969632
0.8332445391582313
0.8684070324986681
0.8508257858284497
0.8540223761321257
0.8175279701651572
0.8953116675546084
0.8327117741076185
0.8494938732019179
0.798614810868407
0.8657432072456047
0.7626531699520511
0.8513585508790623
0.9222163026105488
0.9283431006925945
0.6017581246670218
0.8934469898774641
0.9358018114011721
0.7213638785295685
0.8617474693660095
0.8897176345231753
0.8678742674480554
0.8388385721896644
0.9155567394778903
0.8436334576451785
0.8457645178476292
0.09163558870538092
0.8255194459243473
0.7333510921683537
0.8004794885455514
0.8196590303676079
0.9049014384656366
0.8183271177410761
0.8319126265316995
0.7490676611614278
0.8993074054342035
0.8143313798614811
0.8438998401704848
0.9033031433137986
0.9342035162493341
0.8753329781566329
0.8082045817794352
0.840170484816196
0.7996803409696324
0.8137986148108685
0.9163558870538092
0.7653169952051145
0.8697389451251998
0.7807671816728823
0.9054342035162494
0.8990410229088972
0.8763985082578583
0.7602557272242941
0.8183271177410761
0.8673415023974427
0.7972828982418754
0.8348428343100692
0.8119339371337241
0.840170484816196
0.8755993606819392
0.862812999467235
0.8963771976558338
0.7677144379328716
0.7943526904635055
0.7765050612679808
0.7959509856153436
0.8383058071390517
0.8446989877464038
0.9190197123068726
0.9211507725093234
0.8779968034096963
0.7746403835908364
0.9491209376664891
0.7725093233883857
0.8497602557272242
0.8676078849227491
0.8526904635055941
0.9238145977623868
0.9424613745338306
0.8265849760255727
0.8260522109749601
0.9677677144379329
0.8697389451251998
0.8457645178476292
0.9110282365476825
0.8681406499733617
0.8249866808737347
0.9033031433137986
0.7996803409696324
0.7741076185402238
0.931806073521577
0.8364411294619073
0.9243473628129995
0.7765050612679808
0.7229621736814065
0.8686734150239744
0.8303143313798614
0.8020777836973895
0.7741076185402238
0.7722429408630794
0.8156632924880128
0.7852956846030901
0.8177943526904635
0.768779968034097
0.7583910495471498
0.8758657432072456
0.9765583377730421
0.8180607352157698
0.7871603622802344
0.9086307938199254
0.8987746403835908
0.8441662226957911
0.8183271177410761
0.7698454981353223
0.8742674480554076
0.8524240809802877
0.8273841236014917
0.851891315929675
0.8585508790623335
0.8526904635055941
0.9091635588705381
0.9256792754395312
0.8833244539158231
0.9389984017048482
0.8961108151305275
0.8572189664358019
0.8849227490676611
0.7642514651038892
0.9011720831113479
0.7306872669152904
0.1742141715503463
0.8300479488545551
0.9033031433137986
0.9363345764517848
0.9112946190729888
0.8116675546084177
0.9488545551411828
0.9046350559403303
0.8636121470431539
0.8420351624933404
0.7999467234949388
0.7932871603622802
0.753862546616942
0.8177943526904635
0.8287160362280235
0.9230154501864678
0.9227490676611614
0.8345764517847629
0.9160895045285029
0.8867874267448056
0.7746403835908364
0.786893979754928
0.9557805007991476
0.8963771976558338
0.8774640383590836
0.8638785295684603
0.7797016515716569
0.9240809802876931
0.9222163026105488
0.9251465103889185
0.8961108151305275
0.8889184869472563
0.8356419818859883
0.7770378263185935
0.8931806073521577
0.7663825253063399
0.8468300479488545
0.8079381992541289
0.5900372935535428
0.919286094832179
0.8420351624933404
0.8076718167288226
0.8167288225892382
0.8763985082578583
0.8055407565263719
0.9278103356419819
0.7852956846030901
0.9142248268513585
0.7496004262120405
0.8686734150239744
0.8974427277570591
0.8564198188598828
0.895045285029302
0.8708044752264251
0.7815663292488013
0.8481619605753863
0.8143313798614811
0.8303143313798614
0.825253063399041
0.8452317527970166
0.79621736814065
0.756259989344699
0.9195524773574854
0.8191262653169952
0.798614810868407
0.7860948321790091
0.8990410229088972
0.9243473628129995
0.8428343100692595
0.8484283431006926
0.7535961640916355
0.9168886521044219
0.9504528502930207
0.825253063399041
0.8220564730953649
0.8425679275439532
0.7988811933937133
0.8953116675546084
0.8494938732019179
0.8604155567394779
0.8883857218966436
0.7690463505594033
0.9520511454448588
0.9254128929142248
0.9579115610015982
0.8068726691529036
0.8545551411827385
0.8929142248268513
0.8846563665423548
0.9640383590836441
0.9829515183803943
0.7812999467234949
0.9182205647309537
0.6723494938732019
0.8963771976558338
0.8779968034096963
0.8106020245071923
0.7706446457112414
0.8854555141182738
0.9001065530101225
0.8532232285562067
0.6984549813532233
0.702983484283431
0.7024507192328183
0.8862546616941929
0.7794352690463505
0.9411294619072988
0.9302077783697389
0.8737346830047948
0.7322855620671284
0.8153969099627064
0.8438998401704848
0.6414491209376665
0.8335109216835376
0.8308470964304742
0.9421949920085242
0.9304741608950453
0.9635055940330315
0.7887586574320724
0.7535961640916355
0.8966435801811401
0.8478955780500799
0.7908897176345232
0.8055407565263719
0.8321790090570058
0.8985082578582845
0.8513585508790623
0.8862546616941929
0.8079381992541289
0.7464038359083645
0.8633457645178476
0.7802344166222696
0.7527970165157166
0.7503995737879595
0.7618540223761321
0.8622802344166223
0.9555141182738413
0.8803942461374534
0.6065530101225359
0.8412360149174214
0.8263185935002664
0.9131592967501332
0.7373468300479489
0.8859882791688866
0.7125732551944592
0.921683537559936
0.8084709643047416
0.8108684070324986
0.7791688865210442
0.904368673415024
0.8931806073521577
0.8878529568460309
0.824453915823122
0.8090037293553543
0.8015450186467767
0.8710708577517314
0.811134789557805
0.9001065530101225
0.7991475759190197
0.5394246137453383
0.8324453915823122
0.7850293020777837
0.862812999467235
0.7866275972296217
0.88865210442195
0.8066062866275973
0.9057005860415557
0.8108684070324986
0.7458710708577517
0.8129994672349494
0.7839637719765583
0.8755993606819392
0.812733084709643
0.9017048481619606
0.05780500799147576
0.8183271177410761
0.837773042088439
0.7120404901438465
0.8803942461374534
0.8036760788492275
0.7975492807671817
0.8753329781566329
0.8470964304741609
0.9310069259456579
0.9355354288758657
0.7866275972296217
0.891049547149707
0.9416622269579116
0.8233883857218967
0.8742674480554076
0.9017048481619606
0.8257858284496538
0.8574853489611082
0.821257325519446
0.9291422482685135
0.8993074054342035
0.9496537027171018
0.902770378263186
0.8319126265316995
0.8500266382525307
0.8423015450186467
0.8500266382525307
0.839371337240277
0.8646776771443794
0.9096963239211507
0.794619072988812
0.8500266382525307
0.7797016515716569
0.8990410229088972
0.9064997336174747
0.8569525839104954
0.905167820990943
0.8356419818859883
0.9187533297815663
0.8748002131060203
0.7325519445924348
0.7799680340969632
0.9238145977623868
0.7948854555141183
0.7898241875332979
0.9110282365476825
0.8396377197655833
0.7799680340969632
0.8561534363345764
0.8982418753329782
0.8292488012786361
0.7860948321790091
0.8188598827916889
0.8321790090570058
0.8750665956313266
0.8593500266382526
0.637187000532765
0.8758657432072456
0.9152903569525839
0.7237613212573255
0.8830580713905167
0.8622802344166223
0.9080980287693128
0.9200852424080981
0.9104954714970698
0.8044752264251465
0.8191262653169952
0.8372402770378263
0.8098028769312733
0.7658497602557273
0.9248801278636122
0.8425679275439532
0.9025039957378796
0.8817261587639851
0.8524240809802877
0.8082045817794352
0.7027171017581246
0.9387320191795419
0.8827916888652104
0.8204581779435269
0.8849227490676611
0.753862546616942
0.9096963239211507
0.8763985082578583
0.9730953649440597
0.7807671816728823
0.8899840170484816
0.7490676611614278
0.48961108151305277
0.8905167820990944
0.8108684070324986
0.8593500266382526
0.9222163026105488
0.8955780500799148
0.9190197123068726
0.8526904635055941
0.8657432072456047
0.8921150772509323
0.7855620671283964
0.8446989877464038
0.6752797016515717
0.8281832711774108
0.7919552477357485
0.9573787959509856
0.8891848694725626
0.7543953116675546
0.8185935002663826
0.8969099627064464
0.8359083644112946
0.8556206712839638
0.7773042088438998
0.8188598827916889
0.38625466169419287
0.7975492807671817
0.8287160362280235
0.8201917954182205
0.851092168353756
0.865210442194992
0.8897176345231753
0.869206180074587
0.7863612147043154
0.8324453915823122
0.9350026638252531
0.8071390516782099
0.8193926478423016
0.8740010655301013
0.7613212573255195
0.862013851891316
0.8569525839104954
0.7914224826851358
0.8183271177410761
0.8689397975492807
0.9203516249334044
0.8529568460309004
0.8284496537027171
0.8478955780500799
0.8074054342035163
0.865210442194992
0.8404368673415024
0.7860948321790091
0.7594565796483751
0.850293020777837
0.7709110282365477
0.8140649973361748
0.8420351624933404
0.8609483217900906
0.8875865743207245
0.8359083644112946
0.8572189664358019
0.9078316462440064
0.8870538092701119
0.9070324986680873
0.7903569525839105
0.8295151838039425
0.8609483217900906
0.8598827916888652
0.837773042088439
0.8689397975492807
0.8763985082578583
0.8995737879595098
0.8092701118806607
0.798614810868407
0.7016515716568993
0.9147575919019713
0.895045285029302
0.8548215237080448
0.8702717101758125
0.8529568460309004
0.7629195524773574
0.7852956846030901
0.869206180074587
0.8601491742141716
0.8335109216835376
0.7352157698454982
0.8609483217900906
0.8180607352157698
0.8391049547149707
0.9232818327117741
0.920884389984017
0.8961108151305275
0.8859882791688866
0.8441662226957911
0.903569525839105
0.8481619605753863
0.7152370804475227
0.7887586574320724
0.7927543953116676
0.8324453915823122
0.9136920618007459
0.7797016515716569
0.8185935002663826
0.8609483217900906
0.8462972828982419
0.7480021310602024
0.8977091102823654
0.8356419818859883
0.8636121470431539
0.8478955780500799
0.8708044752264251
0.8961108151305275
0.795418220564731
0.7424080980287693
0.6971230687266915
0.8164624400639318
0.9009057005860416
0.865210442194992
0.8748002131060203
0.9493873201917954
0.8630793819925413
0.8404368673415024
0.9267448055407566
0.9408630793819925
0.8231220031965903
0.8090037293553543
0.7789025039957379
0.8838572189664358
0.8942461374533831
0.8015450186467767
0.7826318593500267
0.824453915823122
0.8119339371337241
0.756259989344699
0.769579115610016
0.9160895045285029
0.8399041022908897
0.8116675546084177
0.8148641449120938
0.6587639850825786
0.9033031433137986
0.7797016515716569
0.8050079914757592
0.8500266382525307
0.8646776771443794
0.8681406499733617
0.8044752264251465
0.8004794885455514
0.9272775705913692
0.9006393180607352
0.8215237080447523
0.7639850825785829
0.8969099627064464
0.91848694725626
0.9046350559403303
0.8436334576451785
0.8974427277570591
0.8106020245071923
0.8492274906766116
0.8292488012786361
0.7397442727757059
0.8811933937133724
0.8313798614810869
0.7586574320724561
0.850293020777837
0.8835908364411295
0.7205647309536495
0.9283431006925945
0.8018114011720832
0.917687799680341
0.8492274906766116
0.8657432072456047
0.8284496537027171
0.8372402770378263
0.8345764517847629
0.8372402770378263
0.8726691529035695
0.8833244539158231
0.8375066595631326
0.6118806606286628
0.8569525839104954
0.8287160362280235
0.8407032498668088
0.8681406499733617
0.8481619605753863
0.8066062866275973
0.8287160362280235
0.8977091102823654
0.7488012786361214
0.7626531699520511
0.8292488012786361
0.8622802344166223
0.8044752264251465
0.8476291955247736
0.8351092168353756
0.7607884922749067
0.8817261587639851
0.8047416089504529
0.8998401704848162
0.8993074054342035
0.7858284496537027
0.7418753329781567
0.8966435801811401
0.8694725625998935
0.8934469898774641
0.8734683004794885
0.8343100692594566
0.8673415023974427
0.8129994672349494
0.8790623335109217
0.853489611081513
0.9006393180607352
0.8470964304741609
0.8705380927011188
0.757059136920618
0.9160895045285029
0.8697389451251998
0.8934469898774641
0.745338305807139
0.7333510921683537
0.8963771976558338
0.8633457645178476
0.8124667021843367
0.9746936600958978
0.9291422482685135
0.9099627064464572
0.8851891315929675
0.8124667021843367
0.9118273841236015
0.7802344166222696
0.6470431539690996
0.770378263185935
0.7781033564198189
0.7860948321790091
0.8324453915823122
0.8873201917954182
0.895045285029302
0.9017048481619606
0.8550879062333511
0.7314864144912093
0.8564198188598828
0.8201917954182205
0.8604155567394779
0.8036760788492275
0.7847629195524773
0.7781033564198189
0.7802344166222696
0.903569525839105
0.7613212573255195
0.8321790090570058
0.7400106553010123
0.8969099627064464
0.7722429408630794
0.8265849760255727
0.7533297815663292
0.8851891315929675
0.8417687799680341
0.9009057005860416
0.8247202983484283
0.8068726691529036
0.9240809802876931
0.7951518380394246
0.8729355354288759
0.8958444326052211
0.7807671816728823
0.7133724027703783
0.8937133724027704
0.8636121470431539
0.7903569525839105
0.8004794885455514
0.8790623335109217
0.7914224826851358
0.945924347362813
0.8641449120937666
0.7911561001598295
0.8257858284496538
0.823654768247203
0.9536494405966969
0.8185935002663826
0.8337773042088439
0.8375066595631326
0.7357485348961108
0.8977091102823654
0.8891848694725626
0.8955780500799148
0.8606819392647842
0.8937133724027704
0.9206180074587107
0.9158231220031966
0.8681406499733617
0.8399041022908897
0.8383058071390517
0.8614810868407032
0.8572189664358019
0.8708044752264251
0.9078316462440064
0.8228556206712839
0.8545551411827385
0.9262120404901438
0.7346830047948855
0.8838572189664358
0.8995737879595098
0.9238145977623868
0.8396377197655833
0.7394778902503996
0.9461907298881194
0.7717101758124667
0.8175279701651572
0.8367075119872136
0.8963771976558338
0.8718700053276505
0.8444326052210975
0.8473628129994673
0.8151305274374001
0.9323388385721897
0.8079381992541289
0.8247202983484283
0.9360681939264784
0.8966435801811401
0.8857218966435801
0.8604155567394779
0.8843899840170485
0.8710708577517314
0.8281832711774108
0.8060735215769845
0.9075652637187
0.8452317527970166
0.8335109216835376
0.8153969099627064
0.8172615876398508
0.8348428343100692
0.9009057005860416
0.8164624400639318
0.9022376132125732
0.9160895045285029
0.8921150772509323
0.7224294086307939
0.8289824187533298
0.9006393180607352
0.8961108151305275
0.8460309003729355
0.8854555141182738
0.8076718167288226
0.7541289291422483
0.8305807139051679
0.798614810868407
0.7938199254128929
0.866009589770911
0.7517314864144912
0.8825253063399041
0.8662759722962173
0.8934469898774641
0.864411294619073
0.7506659563132658
0.7850293020777837
0.9278103356419819
0.8489611081513053
0.9381992541289291
0.8843899840170485
0.8297815663292488
0.8716036228023442
0.9203516249334044
0.5727224294086308
0.8702717101758125
0.7373468300479489
0.8316462440063932
0.9003729355354289
0.8953116675546084
0.8204581779435269
0.931806073521577
0.876132125732552
0.7602557272242941
0.8939797549280767
0.8465636654235482
0.8748002131060203
0.9246137453383058
0.6702184336707512
0.8734683004794885
0.7008524240809803
0.8700053276505061
0.7850293020777837
0.8758657432072456
0.8745338305807139
0.8271177410761854
0.8124667021843367
0.9123601491742142
0.8327117741076185
0.8572189664358019
0.7645178476291955
0.9102290889717635
0.8969099627064464
0.8478955780500799
0.9136920618007459
0.8854555141182738
0.8774640383590836
0.8694725625998935
0.6766116142781033
0.9142248268513585
0.7999467234949388
0.7781033564198189
0.8897176345231753
0.906766116142781
0.878529568460309
0.9088971763452317
0.8889184869472563
0.7416089504528502
0.8803942461374534
0.7685135855087907
0.854288758657432
0.8678742674480554
0.8670751198721364
0.8486947256259989
0.797815663292488
0.7567927543953117
0.9453915823122003
0.9033031433137986
0.9355354288758657
0.9350026638252531
0.9387320191795419
0.7826318593500267
0.813532232285562
0.9038359083644113
0.921683537559936
0.784496537027171
0.8457645178476292
0.8766648907831647
0.8710708577517314
0.8457645178476292
0.8851891315929675
0.931806073521577
0.7653169952051145
0.8612147043153969
0.8961108151305275
0.742141715503463
0.8766648907831647
0.8015450186467767
0.8476291955247736
0.8305807139051679
0.8899840170484816
0.701385189131593
0.7602557272242941
0.8537559936068194
0.8665423548215238
0.7924880127863612
0.7152370804475227
0.9336707511987213
0.8779968034096963
0.8002131060202451
0.7783697389451252
0.821257325519446
0.8159296750133191
0.8684070324986681
0.7511987213638786
0.8071390516782099
0.8417687799680341
0.9091635588705381
0.8050079914757592
0.7996803409696324
0.8486947256259989
0.8372402770378263
0.8990410229088972
0.7213638785295685
0.8963771976558338
0.9456579648375066
0.8100692594565796
0.6193393713372403
0.7216302610548748
0.8281832711774108
0.7336174746936601
0.757059136920618
0.9049014384656366
0.836174746936601
0.8865210442194992
0.9224826851358551
0.8894512519978689
0.8167288225892382
0.7757059136920618
0.8132658497602557
0.8678742674480554
0.8058071390516782
0.8588172615876398
0.8372402770378263
0.8417687799680341
0.8977091102823654
0.8337773042088439
0.9315396909962707
0.8995737879595098
0.8867874267448056
0.8391049547149707
0.8231220031965903
0.8843899840170485
0.862013851891316
0.8404368673415024
0.7503995737879595
0.8223228556206713
0.9714970697922216
0.8407032498668088
0.8079381992541289
0.8231220031965903
0.9139584443260522
0.9115610015982951
0.8399041022908897
0.7871603622802344
0.8388385721896644
0.7882258923814598
0.6806073521576984
0.8958444326052211
0.8004794885455514
0.862812999467235
0.8582844965370272
0.8143313798614811
0.8897176345231753
0.9254128929142248
0.8076718167288226
0.8417687799680341
0.661427810335642
0.8300479488545551
0.7543953116675546
0.8207245604688332
0.8489611081513053
0.9115610015982951
0.7623867874267448
0.8337773042088439
0.8923814597762387
0.824453915823122
0.782898241875333
0.8167288225892382
0.8460309003729355
0.8380394246137454
0.8217900905700586
0.8931806073521577
0.8454981353223229
0.8257858284496538
0.8034096963239211
0.8609483217900906
0.8974427277570591
0.8289824187533298
0.8572189664358019
0.8716036228023442
0.7040490143846564
0.8066062866275973
0.738945125199787
0.7197655833777304
0.8345764517847629
0.8577517314864145
0.8396377197655833
0.9296750133191263
0.8417687799680341
0.8532232285562067
0.8907831646244007
0.761054874800213
0.8375066595631326
0.8614810868407032
0.9358018114011721
0.8971763452317528
0.9272775705913692
0.9336707511987213
0.9488545551411828
0.9262120404901438
0.7983484283431007
0.9046350559403303
0.8308470964304742
0.8598827916888652
0.8066062866275973
0.8841236014917422
0.9131592967501332
0.9259456579648375
0.8934469898774641
0.8724027703782632
0.9211507725093234
0.8129994672349494
0.8638785295684603
0.9515183803942462
0.8191262653169952
0.7956846030900373
0.7730420884389984
0.8018114011720832
0.8297815663292488
0.905966968566862
0.9126265316995205
0.8497602557272242
0.87773042088439
0.8460309003729355
0.891848694725626
0.8724027703782632
0.8803942461374534
0.9166222695791156
0.7733084709643048
0.9147575919019713
0.8897176345231753
0.9230154501864678
0.8721363878529569
0.8300479488545551
0.8998401704848162
0.9432605221097496
0.7908897176345232
0.9096963239211507
0.8945125199786894
0.7354821523708045
0.8766648907831647
0.8417687799680341
0.7298881193393714
0.8630793819925413
0.8415023974427278
0.9637719765583378
0.8114011720831114
0.8859882791688866
0.864411294619073
0.7394778902503996
0.8585508790623335
0.8249866808737347
0.7631859350026639
0.9094299413958444
0.7754395311667555
0.8018114011720832
0.8271177410761854
0.823654768247203
0.8044752264251465
0.9350026638252531
0.8153969099627064
0.8201917954182205
0.862812999467235
0.6667554608417687
0.921683537559936
0.7256259989344699
0.8526904635055941
0.7930207778369739
0.9011720831113479
0.8308470964304742
0.8335109216835376
0.8849227490676611
0.9134256792754395
0.91848694725626
0.9083644112946191
0.8271177410761854
0.7450719232818327
0.9344698987746404
0.7240277037826318
0.8289824187533298
0.7895578050079914
0.7690463505594033
0.8079381992541289
0.879328716036228
0.7863612147043154
0.905966968566862
0.8825253063399041
0.729621736814065
0.821257325519446
0.7770378263185935
0.8526904635055941
0.9424613745338306
0.8172615876398508
0.8673415023974427
0.6832711774107618
0.8513585508790623
0.7581246670218433
0.8524240809802877
0.6992541289291423
0.7226957911561002
0.840170484816196
0.8923814597762387
0.8175279701651572
0.7480021310602024
0.8484283431006926
0.7794352690463505
0.812733084709643
0.7938199254128929
0.8156632924880128
0.8177943526904635
0.9219499200852425
0.8116675546084177
0.9288758657432072
0.8324453915823122
0.8380394246137454
0.8545551411827385
0.7988811933937133
0.7823654768247204
0.9091635588705381
0.8875865743207245
0.7914224826851358
0.8566862013851891
0.8332445391582313
0.895045285029302
0.7384123601491742
0.7898241875332979
0.6670218433670752
0.8028769312733085
0.8201917954182205
0.7405434203516249
0.9595098561534363
0.8281832711774108
0.8700053276505061
0.8601491742141716
0.8492274906766116
0.895045285029302
0.8215237080447523
0.9493873201917954
0.7533297815663292
0.9371337240277038
0.9690996270644646
0.917687799680341
0.7349493873201918
0.7621204049014385
0.850293020777837
0.8841236014917422
0.8116675546084177
0.8811933937133724
0.9461907298881194
0.8470964304741609
0.8532232285562067
0.862013851891316
0.8140649973361748
0.9070324986680873
0.8995737879595098
0.8553542887586574
0.891049547149707
0.9160895045285029
0.8505594033031433
0.794619072988812
0.7149706979222163
0.9411294619072988
0.8953116675546084
0.8947789025039957
0.9104954714970698
0.8092701118806607
0.8865210442194992
0.7706446457112414
0.8883857218966436
0.810335641981886
0.8124667021843367
0.754661694192861
0.9203516249334044
0.8700053276505061
0.9384656366542354
0.7847629195524773
0.8225892381459776
0.8265849760255727
0.8494938732019179
0.7035162493340437
0.7650506126798082
0.8806606286627597
0.8811933937133724
0.7591901971230687
0.9070324986680873
0.8217900905700586
0.7671816728822589
0.7818327117741076
0.7884922749067661
0.7445391582312201
0.8993074054342035
0.8526904635055941
0.7381459776238679
0.9336707511987213
0.6425146510388918
0.8580181140117208
0.8819925412892914
0.8438998401704848
0.8622802344166223
0.8516249334043686
0.9070324986680873
0.9062333510921684
0.931806073521577
0.8630793819925413
0.7533297815663292
0.795418220564731
0.7956846030900373
0.8622802344166223
0.9291422482685135
0.9611081513052744
0.7794352690463505
0.7677144379328716
0.9080980287693128
0.8119339371337241
0.8875865743207245
0.8934469898774641
0.8604155567394779
0.8873201917954182
0.9131592967501332
0.8995737879595098
0.9669685668620138
0.9041022908897176
0.7072456046883324
0.7802344166222696
0.9571124134256793
0.854288758657432
0.8742674480554076
0.8494938732019179
0.7882258923814598
0.8604155567394779
0.8998401704848162
0.39877464038359084
0.8553542887586574
0.8681406499733617
0.8476291955247736
0.8966435801811401
0.8196590303676079
0.8204581779435269
0.8830580713905167
0.8031433137986148
0.8489611081513053
0.8681406499733617
0.8284496537027171
0.9421949920085242
0.8811933937133724
0.7975492807671817
0.7543953116675546
0.7786361214704315
0.8438998401704848
0.821257325519446
0.8359083644112946
0.87773042088439
0.9509856153436335
0.7759722962173682
0.8263185935002664
0.8585508790623335
0.8329781566329248
0.8811933937133724
0.8921150772509323
0.9411294619072988
0.8787959509856154
0.8601491742141716
0.7922216302610549
0.9272775705913692
0.8718700053276505
0.8438998401704848
0.8175279701651572
0.5985615343633458
0.9049014384656366
0.8604155567394779
0.8979754928076719
0.7458710708577517
0.8942461374533831
0.9203516249334044
0.9520511454448588
0.7794352690463505
0.8167288225892382
0.8790623335109217
0.8987746403835908
0.8271177410761854
0.8827916888652104
0.7493340436867342
0.8481619605753863
0.9001065530101225
0.876132125732552
0.8175279701651572
0.8407032498668088
0.9190197123068726
0.9128929142248269
0.7336174746936601
0.8606819392647842
0.8654768247202983
0.8798614810868407
0.9214171550346297
0.8010122535961641
0.9072988811933937
0.8407032498668088
0.9302077783697389
0.8942461374533831
0.9182205647309537
0.8638785295684603
0.8462972828982419
0.8223228556206713
0.7621204049014385
0.79621736814065
0.7762386787426745
0.7717101758124667
0.8305807139051679
0.9014384656366542
0.7999467234949388
0.8476291955247736
0.8215237080447523
0.9653702717101759
0.9350026638252531
0.8830580713905167
0.8899840170484816
0.8990410229088972
0.9072988811933937
0.8742674480554076
0.903569525839105
0.8955780500799148
0.8489611081513053
0.8526904635055941
0.9645711241342568
0.8902503995737879
0.8873201917954182
0.8891848694725626
0.8513585508790623
0.9054342035162494
0.812733084709643
0.8716036228023442
0.9033031433137986
0.771976558337773
0.8955780500799148
0.9368673415023975
0.9115610015982951
0.8977091102823654
0.7543953116675546
0.932605221097496
0.8745338305807139
0.9299413958444326
0.9025039957378796
0.9006393180607352
0.8641449120937666
0.8572189664358019
0.7911561001598295
0.7797016515716569
0.9152903569525839
0.8657432072456047
0.9437932871603623
0.8082045817794352
0.8449653702717101
0.9240809802876931
0.8955780500799148
0.8718700053276505
0.8324453915823122
0.8985082578582845
0.9057005860415557
0.9637719765583378
0.8161960575386255
0.8026105487480021
0.7839637719765583
0.8923814597762387
0.9014384656366542
0.9272775705913692
0.9147575919019713
0.7741076185402238
0.8865210442194992
0.7983484283431007
0.8803942461374534
0.8921150772509323
0.8428343100692595
0.7373468300479489
0.9613745338305807
0.8835908364411295
0.8052743740010655
0.7522642514651039
0.8409696323921151
0.864411294619073
0.8268513585508791
0.7741076185402238
0.731220031965903
0.9328716036228023
0.851092168353756
0.7972828982418754
0.7480021310602024
0.8905167820990944
0.7527970165157166
0.7887586574320724
0.905966968566862
0.8438998401704848
0.8641449120937666
0.9302077783697389
0.9187533297815663
0.8833244539158231
0.7983484283431007
0.9190197123068726
0.9144912093766648
0.9664358018114012
0.7757059136920618
0.8263185935002664
0.7786361214704315
0.8169952051145445
0.6944592434736281
0.853489611081513
0.8468300479488545
0.8324453915823122
0.8497602557272242
0.9304741608950453
0.8990410229088972
0.8026105487480021
0.8329781566329248
0.7876931273308471
0.8167288225892382
0.7799680340969632
0.8588172615876398
0.9038359083644113
0.7876931273308471
0.850293020777837
0.8292488012786361
0.862013851891316
0.9009057005860416
0.8873201917954182
0.8076718167288226
0.869206180074587
0.8708044752264251
0.9009057005860416
0.8716036228023442
0.8979754928076719
0.8332445391582313
0.9541822056473095
0.876931273308471
0.8958444326052211
0.8087373468300479
0.9315396909962707
0.7874267448055408
0.8335109216835376
0.8953116675546084
0.8923814597762387
0.8987746403835908
0.8843899840170485
0.8740010655301013
0.9595098561534363
0.9017048481619606
0.9147575919019713
0.9525839104954715
0.8822589238145978
0.8524240809802877
0.9278103356419819
0.8676078849227491
0.7874267448055408
0.7786361214704315
0.8015450186467767
0.7818327117741076
0.8596164091635589
0.8598827916888652
0.902770378263186
0.7916888652104422
0.8857218966435801
0.8412360149174214
0.7503995737879595
0.7314864144912093
0.8092701118806607
0.8782631859350026
0.8819925412892914
0.8050079914757592
0.9033031433137986
0.8697389451251998
0.7599893446989877
0.7442727757059137
0.8465636654235482
0.9190197123068726
0.9147575919019713
0.8574853489611082
0.8582844965370272
0.6153436334576452
0.8708044752264251
0.7722429408630794
0.8596164091635589
0.8348428343100692
0.8548215237080448
0.8372402770378263
0.7895578050079914
0.854288758657432
0.7834310069259457
0.9163558870538092
0.8636121470431539
0.8183271177410761
0.9139584443260522
0.7914224826851358
0.8737346830047948
0.754661694192861
0.8465636654235482
0.7666489078316463
0.8287160362280235
0.8641449120937666
0.839371337240277
0.9368673415023975
0.9371337240277038
0.8351092168353756
0.8894512519978689
0.795418220564731
0.9360681939264784
0.8042088438998402
0.7879595098561535
0.8604155567394779
0.7815663292488013
0.853489611081513
0.8438998401704848
0.782898241875333
0.8055407565263719
0.9395311667554609
0.9033031433137986
0.8036760788492275
0.9070324986680873
0.83697389451252
0.9030367607884923
0.8151305274374001
0.8931806073521577
0.9179541822056473
0.8708044752264251
0.6803409696323921
0.7205647309536495
0.9605753862546617
0.8889184869472563
0.8657432072456047
0.878529568460309
0.7735748534896111
0.8697389451251998
0.769579115610016
0.7765050612679808
0.8316462440063932
0.795418220564731
0.864411294619073
0.7477357485348961
0.8649440596696857
0.7820990942994139
0.9088971763452317
0.7746403835908364
0.7903569525839105
0.9126265316995205
0.7144379328716036
0.8513585508790623
0.8875865743207245
0.8319126265316995
0.9025039957378796
0.8478955780500799
0.8947789025039957
0.8633457645178476
0.8345764517847629
0.7360149174214171
0.8153969099627064
0.8209909429941395
0.8969099627064464
0.8060735215769845
0.8721363878529569
0.9251465103889185
0.9190197123068726
0.8106020245071923
0.9160895045285029
0.8446989877464038
0.9009057005860416
0.9019712306872669
0.8931806073521577
0.7882258923814598
0.8686734150239744
0.8396377197655833
0.8076718167288226
0.9142248268513585
0.8321790090570058
0.8609483217900906
0.7000532765050612
0.880927011188066
0.8249866808737347
0.8375066595631326
0.8558870538092701
0.8982418753329782
0.8039424613745338
0.7842301545018647
0.8606819392647842
0.7685135855087907
0.8732019179541822
0.8465636654235482
0.8486947256259989
0.8636121470431539
0.3995737879595099
0.8737346830047948
0.8225892381459776
0.9096963239211507
0.9605753862546617
0.8087373468300479
0.8175279701651572
0.8684070324986681
0.6997868939797549
0.8665423548215238
0.8649440596696857
0.9589770911028237
0.8593500266382526
0.7754395311667555
0.8670751198721364
0.8755993606819392
0.8335109216835376
0.8843899840170485
0.9270111880660629
0.7557272242940863
0.7956846030900373
0.8159296750133191
0.7751731486414492
0.9112946190729888
0.8881193393713372
0.8822589238145978
0.9419286094832179
0.7991475759190197
0.7448055407565264
0.7418753329781567
0.9445924347362813
0.8388385721896644
0.556473095364944
0.7677144379328716
0.8175279701651572
0.9152903569525839
0.9152903569525839
0.8724027703782632
0.8905167820990944
0.8050079914757592
0.772775705913692
0.8771976558337773
0.905966968566862
0.8524240809802877
0.783697389451252
0.9421949920085242
0.8585508790623335
0.7682472029834843
0.862013851891316
0.6696856686201386
0.7602557272242941
0.8630793819925413
0.8417687799680341
0.7874267448055408
0.7924880127863612
0.9152903569525839
0.8833244539158231
0.8897176345231753
0.8755993606819392
0.8159296750133191
0.8662759722962173
0.862812999467235
0.8007458710708577
0.7802344166222696
0.9190197123068726
0.8172615876398508
0.9222163026105488
0.8684070324986681
0.880127863612147
0.8060735215769845
0.9232818327117741
0.7754395311667555
0.8428343100692595
0.8289824187533298
0.8577517314864145
0.782898241875333
0.7370804475226426
0.8321790090570058
0.8641449120937666
0.8287160362280235
0.9619072988811934
0.8732019179541822
0.8966435801811401
0.8803942461374534
0.9472562599893447
0.9112946190729888
0.8462972828982419
0.8670751198721364
0.9387320191795419
0.9088971763452317
0.6798082045817795
0.9328716036228023
0.8305807139051679
0.9352690463505594
0.8790623335109217
0.8145977623867874
0.9080980287693128
0.9168886521044219
0.8042088438998402
0.8454981353223229
0.9017048481619606
0.8090037293553543
0.7823654768247204
0.7253596164091636
0.8748002131060203
0.7434736281299946
0.825253063399041
0.7967501331912626
0.8569525839104954
0.9139584443260522
0.8185935002663826
0.7757059136920618
0.8521576984549813
0.7503995737879595
0.9555141182738413
0.878529568460309
0.8929142248268513
0.9299413958444326
0.9062333510921684
0.7192328183271177
0.8979754928076719
0.8513585508790623
0.8668087373468301
0.8042088438998402
0.8199254128929142
0.905966968566862
0.8931806073521577
0.8977091102823654
0.7741076185402238
0.7847629195524773
0.8601491742141716
0.771177410761854
0.8500266382525307
0.835375599360682
0.810335641981886
0.9347362812999467
0.7216302610548748
0.8561534363345764
0.8947789025039957
0.8196590303676079
0.8694725625998935
0.8383058071390517
0.9019712306872669
0.8822589238145978
0.8268513585508791
0.9243473628129995
0.8558870538092701
0.8550879062333511
0.8529568460309004
0.8822589238145978
0.8345764517847629
0.8004794885455514
0.8185935002663826
0.7826318593500267
0.7671816728822589
0.8031433137986148
0.732019179541822
0.8550879062333511
0.8337773042088439
0.8247202983484283
0.8724027703782632
0.8612147043153969
0.839371337240277
0.837773042088439
0.9128929142248269
0.9512519978689398
0.9722962173681406
0.8425679275439532
0.9110282365476825
0.8606819392647842
0.9163558870538092
0.7775705913692061
0.9419286094832179
0.9041022908897176
0.7557272242940863
0.8702717101758125
0.9019712306872669
0.8771976558337773
0.92940863079382
0.9264784230154501
0.8521576984549813
0.795418220564731
0.8897176345231753
0.8348428343100692
0.7373468300479489
0.7365476824720298
0.7983484283431007
0.8649440596696857
0.9413958444326053
0.8364411294619073
0.8771976558337773
0.9493873201917954
0.8931806073521577
0.8180607352157698
0.9259456579648375
0.7967501331912626
0.7530633990410229
0.8556206712839638
0.8641449120937666
0.6595631326584976
0.8343100692594566
0.9017048481619606
0.8268513585508791
0.8966435801811401
0.892647842301545
0.8609483217900906
0.8673415023974427
0.906766116142781
0.8034096963239211
0.9150239744272776
0.797016515716569
0.8548215237080448
0.8460309003729355
0.8028769312733085
0.8636121470431539
0.757059136920618
0.8737346830047948
0.9112946190729888
0.8998401704848162
0.878529568460309
0.8947789025039957
0.8255194459243473
0.8444326052210975
0.9392647842301545
0.9064997336174747
0.933404368673415
0.8484283431006926
0.8902503995737879
0.9038359083644113
0.8838572189664358
0.8460309003729355
0.9142248268513585
0.9006393180607352
0.8942461374533831
0.7972828982418754
0.9336707511987213
0.869206180074587
0.8748002131060203
0.8047416089504529
0.8668087373468301
0.8995737879595098
0.8500266382525307
0.862013851891316
0.7208311134789558
0.8604155567394779
0.8295151838039425
0.8319126265316995
0.7589238145977624
0.784496537027171
0.7485348961108151
0.9003729355354289
0.8106020245071923
0.8119339371337241
0.8737346830047948
0.8939797549280767
0.9120937666489078
0.8766648907831647
0.8201917954182205
0.7717101758124667
0.8052743740010655
0.8023441662226958
0.9070324986680873
0.809536494405967
0.9270111880660629
0.8939797549280767
0.8953116675546084
0.8079381992541289
0.8425679275439532
0.770378263185935
0.8415023974427278
0.8721363878529569
0.8241875332978157
0.7573255194459243
0.8875865743207245
0.8409696323921151
0.8654768247202983
0.9259456579648375
0.9075652637187
0.8492274906766116
0.9328716036228023
0.798614810868407
0.9025039957378796
0.8020777836973895
0.8979754928076719
0.9041022908897176
0.8417687799680341
0.8031433137986148
0.9160895045285029
0.8420351624933404
0.7557272242940863
0.7282898241875333
0.8193926478423016
0.8550879062333511
0.9126265316995205
0.8329781566329248
0.745338305807139
0.9440596696856686
0.8606819392647842
0.876132125732552
0.9310069259456579
0.8979754928076719
0.9115610015982951
0.8289824187533298
0.7341502397442727
0.7554608417687799
0.6862013851891315
0.7911561001598295
0.9030367607884923
0.8505594033031433
0.945924347362813
0.8745338305807139
0.933404368673415
0.8708044752264251
0.9264784230154501
0.8726691529035695
0.8668087373468301
0.8633457645178476
0.8433670751198722
0.9022376132125732
0.8897176345231753
0.7469366009589771
0.8897176345231753
0.7725093233883857
0.8153969099627064
0.9001065530101225
0.9480554075652637
0.8857218966435801
0.8444326052210975
0.8255194459243473
0.8614810868407032
0.7210974960042621
0.9203516249334044
0.8425679275439532
0.8351092168353756
0.9219499200852425
0.8239211507725093
0.9397975492807672
0.8867874267448056
0.8684070324986681
0.9477890250399574
0.8462972828982419
0.839371337240277
0.7485348961108151
0.8321790090570058
0.7794352690463505
0.7807671816728823
0.7741076185402238
0.7514651038891849
0.8585508790623335
0.9603090037293553
0.8665423548215238
0.8473628129994673
0.8553542887586574
0.8817261587639851
0.8971763452317528
0.892647842301545
0.8606819392647842
0.7884922749067661
0.9123601491742142
0.8431006925945658
0.8630793819925413
0.8865210442194992
0.9405966968566862
0.6984549813532233
0.8705380927011188
0.7357485348961108
0.9387320191795419
0.8223228556206713
0.9072988811933937
0.8745338305807139
0.7333510921683537
0.7879595098561535
0.8676078849227491
0.7594565796483751
0.88865210442195
0.7509323388385722
0.7581246670218433
0.7101758124667021
0.05913692061800746
0.8814597762386788
0.8974427277570591
0.9049014384656366
0.8894512519978689
0.811134789557805
0.9395311667554609
0.8580181140117208
0.8084709643047416
0.8004794885455514
0.840170484816196
0.9096963239211507
0.8889184869472563
0.7914224826851358
0.7456046883324454
0.8921150772509323
0.7456046883324454
0.8740010655301013
0.9368673415023975
0.7882258923814598
0.7858284496537027
0.892647842301545
0.88865210442195
0.840170484816196
0.8351092168353756
0.8937133724027704
0.7677144379328716
0.8686734150239744
0.7749067661161427
0.8020777836973895
0.9445924347362813
0.8028769312733085
0.8841236014917422
0.9267448055407566
0.9139584443260522
0.9174214171550347
0.7650506126798082
0.9075652637187
0.9118273841236015
0.8942461374533831
0.9302077783697389
0.9110282365476825
0.7525306339904102
0.9528502930207778
0.7472029834842834
0.9339371337240278
0.8122003196590304
0.7474693660095898
0.9022376132125732
0.8420351624933404
0.8462972828982419
0.8998401704848162
0.7842301545018647
0.891848694725626
0.7677144379328716
0.8995737879595098
0.8953116675546084
0.8561534363345764
0.9142248268513585
0.8359083644112946
0.810335641981886
0.9331379861481087
0.7709110282365477
0.7988811933937133
0.7109749600426212
0.8729355354288759
0.8292488012786361
0.8622802344166223
0.7906233351092168
0.8875865743207245
0.8388385721896644
0.8849227490676611
0.836174746936601
0.8702717101758125
0.7842301545018647
0.8446989877464038
0.8790623335109217
0.8979754928076719
0.9025039957378796
0.8327117741076185
0.8987746403835908
0.7583910495471498
0.8295151838039425
0.8681406499733617
0.8233883857218967
0.8460309003729355
0.8156632924880128
0.8971763452317528
0.8399041022908897
0.7317527970165157
0.9062333510921684
0.9128929142248269
0.8598827916888652
0.8590836441129462
0.905966968566862
0.8729355354288759
0.880127863612147
0.8084709643047416
0.7994139584443261
0.6584976025572722
0.8971763452317528
0.9014384656366542
0.8835908364411295
0.9280767181672882
0.7866275972296217
0.8380394246137454
0.9512519978689398
0.9009057005860416
0.7522642514651039
0.862812999467235
0.7056473095364945
0.9200852424080981
0.837773042088439
0.879328716036228
0.8516249334043686
0.7858284496537027
0.9006393180607352
0.7938199254128929
0.8066062866275973
0.8319126265316995
0.7951518380394246
0.8830580713905167
0.7173681406499733
0.8995737879595098
0.6870005327650506
0.797815663292488
0.9214171550346297
0.8311134789557805
0.83697389451252
0.8367075119872136
0.8753329781566329
0.8188598827916889
0.8729355354288759
0.8180607352157698
0.743740010655301
0.8995737879595098
0.8750665956313266
0.9384656366542354
0.772775705913692
0.8281832711774108
0.8185935002663826
0.8412360149174214
0.8617474693660095
0.7221630261054874
0.944326052210975
0.8239211507725093
0.8990410229088972
0.9046350559403303
0.8391049547149707
0.8356419818859883
0.7991475759190197
0.9464571124134257
0.8268513585508791
0.8899840170484816
0.8470964304741609
0.8742674480554076
0.9579115610015982
0.9283431006925945
0.8257858284496538
0.8071390516782099
0.8753329781566329
0.7674480554075652
0.9440596696856686
0.9038359083644113
0.83697389451252
0.8830580713905167
0.7876931273308471
0.8787959509856154
0.862812999467235
0.8740010655301013
0.8090037293553543
0.8763985082578583
0.9102290889717635
0.7940863079381992
0.9123601491742142
0.8031433137986148
0.8177943526904635
0.821257325519446
0.8716036228023442
0.7935535428875866
0.9086307938199254
0.9347362812999467
0.810335641981886
0.8468300479488545
0.7448055407565264
0.8124667021843367
0.8225892381459776
0.8188598827916889
0.8710708577517314
0.864411294619073
0.8771976558337773
0.9427277570591369
0.835375599360682
0.835375599360682
0.8795950985615344
0.9693660095897709
0.7770378263185935
0.8092701118806607
0.8921150772509323
0.8931806073521577
0.8937133724027704
0.8614810868407032
0.8204581779435269
0.851092168353756
0.8497602557272242
0.7826318593500267
0.8468300479488545
0.8902503995737879
0.8329781566329248
0.8897176345231753
0.8604155567394779
0.7932871603622802
0.7802344166222696
0.880927011188066
0.8676078849227491
0.8415023974427278
0.9104954714970698
0.8161960575386255
0.8505594033031433
0.7834310069259457
0.8303143313798614
0.9368673415023975
0.8470964304741609
0.7959509856153436
0.891049547149707
0.8396377197655833
0.7567927543953117
0.8308470964304742
0.8055407565263719
0.8849227490676611
0.6838039424613745
0.850293020777837
0.8335109216835376
0.8582844965370272
0.8284496537027171
0.8734683004794885
0.9120937666489078
0.8428343100692595
0.7999467234949388
0.9541822056473095
0.810335641981886
0.8750665956313266
0.8753329781566329
0.9064997336174747
0.8745338305807139
0.7972828982418754
0.8391049547149707
0.8292488012786361
0.7477357485348961
0.761054874800213
0.7698454981353223
0.8116675546084177
0.8348428343100692
0.8564198188598828
0.7671816728822589
0.7794352690463505
0.7008524240809803
0.8249866808737347
0.8572189664358019
0.8313798614810869
0.9033031433137986
0.7743740010655301
0.7658497602557273
0.9158231220031966
0.892647842301545
0.9038359083644113
0.9227490676611614
0.7226957911561002
0.9291422482685135
0.9283431006925945
0.9139584443260522
0.8177943526904635
0.8486947256259989
0.9009057005860416
0.7333510921683537
0.7205647309536495
0.8002131060202451
0.8657432072456047
0.8423015450186467
0.8990410229088972
0.7994139584443261
0.9656366542354822
0.869206180074587
0.9235482152370804
0.8454981353223229
0.9219499200852425
0.8694725625998935
0.8857218966435801
0.782898241875333
0.853489611081513
0.9163558870538092
0.8657432072456047
0.8646776771443794
0.8010122535961641
0.8383058071390517
0.8375066595631326
0.7530633990410229
0.851092168353756
0.7924880127863612
0.9307405434203516
0.8955780500799148
0.8164624400639318
0.8436334576451785
0.7522642514651039
0.8332445391582313
0.756259989344699
0.8372402770378263
0.8457645178476292
0.960042621204049
0.8598827916888652
0.851092168353756
0.9206180074587107
0.8953116675546084
0.9019712306872669
0.8577517314864145
0.9544485881726159
0.9392647842301545
0.8012786361214704
0.743740010655301
0.8478955780500799
0.8742674480554076
0.7810335641981886
0.8566862013851891
0.8255194459243473
0.812733084709643
0.8763985082578583
0.782898241875333
0.9091635588705381
0.8913159296750133
0.8726691529035695
0.7892914224826851
0.9371337240277038
0.8100692594565796
0.8851891315929675
0.6494405966968567
0.8068726691529036
0.8388385721896644
0.8998401704848162
0.9011720831113479
0.824453915823122
0.8596164091635589
0.8087373468300479
0.8494938732019179
0.838572189664358
0.8566862013851891
0.7908897176345232
0.7789025039957379
0.8598827916888652
0.770378263185935
0.920884389984017
0.7642514651038892
0.7677144379328716
0.8494938732019179
0.9632392115077251
0.8865210442194992
0.8066062866275973
0.8537559936068194
0.9363345764517848
0.8497602557272242
0.8838572189664358
0.9504528502930207
0.8092701118806607
0.8516249334043686
0.8247202983484283
0.8295151838039425
0.8420351624933404
0.8241875332978157
0.865210442194992
0.9126265316995205
0.8915823122003197
0.7064464571124134
0.7980820458177944
0.9509856153436335
0.8982418753329782
0.9022376132125732
0.8132658497602557
0.8420351624933404
0.9104954714970698
0.8574853489611082
0.7967501331912626
0.7266915290356952
0.7394778902503996
0.9227490676611614
0.9272775705913692
0.7972828982418754
0.850293020777837
0.6947256259989345
0.761054874800213
0.9054342035162494
0.8822589238145978
0.2615876398508258
0.9110282365476825
0.8233883857218967
0.7730420884389984
0.8982418753329782
0.9046350559403303
0.9011720831113479
0.8196590303676079
0.7543953116675546
0.7842301545018647
0.771177410761854
0.8260522109749601
0.1862013851891316
0.8260522109749601
0.8460309003729355
0.9025039957378796
0.7373468300479489
0.8132658497602557
0.798614810868407
0.8689397975492807
0.8391049547149707
0.8998401704848162
0.8524240809802877
0.8092701118806607
0.6510388918486947
0.8657432072456047
0.880927011188066
0.8114011720831114
0.8481619605753863
0.8481619605753863
0.8193926478423016
0.7930207778369739
0.8137986148108685
0.769579115610016
0.8327117741076185
0.8028769312733085
0.8937133724027704
0.8068726691529036
0.9019712306872669
0.8129994672349494
0.7714437932871604
0.880927011188066
0.9041022908897176
0.851891315929675
0.9160895045285029
0.7597229621736814
0.7671816728822589
0.9214171550346297
0.7368140649973361
0.9168886521044219
0.6267980820458178
0.8454981353223229
0.836174746936601
0.8894512519978689
0.8566862013851891
0.8153969099627064
0.7810335641981886
0.8042088438998402
0.8300479488545551
0.8969099627064464
0.7959509856153436
0.8284496537027171
0.7637187000532765
0.8505594033031433
0.8811933937133724
0.8612147043153969
0.862013851891316
0.9126265316995205
0.8409696323921151
0.9246137453383058
0.7557272242940863
0.6838039424613745
0.8540223761321257
0.8737346830047948
0.8574853489611082
0.8905167820990944
0.7812999467234949
0.9736281299946723
0.7884922749067661
0.7791688865210442
0.8074054342035163
0.9110282365476825
0.8750665956313266
0.7722429408630794
0.8119339371337241
0.8132658497602557
0.9424613745338306
0.8572189664358019
0.931806073521577
0.810335641981886
0.8345764517847629
0.7919552477357485
0.8215237080447523
0.8929142248268513
0.9403303143313798
0.8191262653169952
0.8284496537027171
0.9003729355354289
0.821257325519446
0.7661161427810336
0.7932871603622802
0.8494938732019179
0.8129994672349494
0.8913159296750133
0.8529568460309004
0.8460309003729355
0.7599893446989877
0.8878529568460309
0.738945125199787
0.8971763452317528
0.8223228556206713
0.7741076185402238
0.9424613745338306
0.782898241875333
0.9405966968566862
0.8486947256259989
0.7655833777304208
0.7855620671283964
0.8638785295684603
0.7751731486414492
0.9358018114011721
0.8428343100692595
0.9456579648375066
0.919286094832179
0.8340436867341502
0.7658497602557273
0.7791688865210442
0.862013851891316
0.9219499200852425
0.8790623335109217
0.9320724560468834
0.8540223761321257
0.9011720831113479
0.9126265316995205
0.8649440596696857
0.8905167820990944
0.784496537027171
0.8662759722962173
0.8787959509856154
0.8580181140117208
0.8287160362280235
0.8169952051145445
0.8188598827916889
0.8303143313798614
0.8281832711774108
0.9243473628129995
0.7996803409696324
0.7911561001598295
0.8889184869472563
0.8969099627064464
0.8609483217900906
0.8716036228023442
0.8998401704848162
0.8340436867341502
0.8079381992541289
0.9182205647309537
0.8982418753329782
0.9352690463505594
0.9054342035162494
0.9147575919019713
0.920884389984017
0.8737346830047948
0.7842301545018647
0.931806073521577
0.8153969099627064
0.8470964304741609
0.8332445391582313
0.8321790090570058
0.9224826851358551
0.8513585508790623
0.7820990942994139
0.9291422482685135
0.8281832711774108
0.8276505061267981
0.892647842301545
0.9009057005860416
0.9259456579648375
0.8894512519978689
0.9366009589770911
0.862812999467235
0.8321790090570058
0.9080980287693128
0.7637187000532765
0.8327117741076185
0.8700053276505061
0.8273841236014917
0.8332445391582313
0.7826318593500267
0.8082045817794352
0.8745338305807139
0.9041022908897176
0.7346830047948855
0.8183271177410761
0.8279168886521044
0.8795950985615344
0.8454981353223229
0.770378263185935
0.8343100692594566
0.840170484816196
0.9086307938199254
0.8500266382525307
0.8883857218966436
0.8052743740010655
0.8846563665423548
0.8276505061267981
0.9131592967501332
0.8217900905700586
0.8966435801811401
0.8907831646244007
0.8321790090570058
0.9456579648375066
0.9456579648375066
0.8582844965370272
0.8553542887586574
0.8231220031965903
0.8710708577517314
0.9025039957378796
0.8745338305807139
0.9155567394778903
0.8955780500799148
0.7472029834842834
0.8249866808737347
0.8604155567394779
0.7445391582312201
0.8915823122003197
0.8819925412892914
0.9086307938199254
0.8548215237080448
0.7567927543953117
0.876132125732552
0.8489611081513053
0.812733084709643
0.7485348961108151
0.9131592967501332
0.9456579648375066
0.8737346830047948
0.8862546616941929
0.730420884389984
0.8276505061267981
0.8670751198721364
0.9371337240277038
0.7730420884389984
0.8223228556206713
0.8153969099627064
0.8420351624933404
0.920884389984017
0.8225892381459776
0.8787959509856154
0.9006393180607352
0.9352690463505594
0.8207245604688332
0.8753329781566329
0.850293020777837
0.8580181140117208
0.7975492807671817
0.880127863612147
0.9019712306872669
0.8191262653169952
0.8678742674480554
0.8572189664358019
0.8548215237080448
0.8177943526904635
0.8915823122003197
0.8412360149174214
0.9576451784762919
0.8572189664358019
0.8553542887586574
0.8545551411827385
0.8441662226957911
0.8654768247202983
0.8726691529035695
0.8588172615876398
0.7405434203516249
0.8119339371337241
0.8420351624933404
0.8396377197655833
0.8915823122003197
0.8431006925945658
0.8462972828982419
0.8441662226957911
0.7128396377197656
0.8969099627064464
0.8098028769312733
0.8423015450186467
0.7812999467234949
0.8076718167288226
0.7637187000532765
0.8849227490676611
0.892647842301545
0.891848694725626
0.9256792754395312
0.87773042088439
0.7842301545018647
0.8867874267448056
0.7927543953116676
0.7527970165157166
0.8324453915823122
0.7661161427810336
0.8367075119872136
0.9358018114011721
0.865210442194992
0.8966435801811401
0.9408630793819925
0.7988811933937133
0.783697389451252
0.8609483217900906
0.9421949920085242
0.8372402770378263
0.970964304741609
0.7770378263185935
0.8063399041022908
0.8787959509856154
0.8372402770378263
0.9515183803942462
0.9238145977623868
0.7269579115610016
0.9160895045285029
0.9163558870538092
0.6947256259989345
0.7810335641981886
0.9597762386787426
0.8508257858284497
0.8902503995737879
0.8614810868407032
0.7141715503462973
0.8412360149174214
0.7911561001598295
0.8678742674480554
0.8830580713905167
0.9168886521044219
0.8228556206712839
0.7128396377197656
0.8055407565263719
0.7972828982418754
0.8630793819925413
0.8122003196590304
0.5551411827384124
0.8841236014917422
0.7123068726691529
0.7285562067128396
0.7477357485348961
0.8806606286627597
0.8835908364411295
0.6811401172083111
0.9096963239211507
0.8116675546084177
0.8537559936068194
0.798614810868407
0.9621736814064997
0.7802344166222696
0.8042088438998402
0.9174214171550347
0.8404368673415024
0.8985082578582845
0.8484283431006926
0.7879595098561535
0.8612147043153969
0.9597762386787426
0.8340436867341502
0.8457645178476292
0.8036760788492275
0.9355354288758657
0.9120937666489078
0.8694725625998935
0.8529568460309004
0.8340436867341502
0.8007458710708577
0.8718700053276505
0.0881726158763985
0.8417687799680341
0.9243473628129995
0.839371337240277
0.8446989877464038
0.8835908364411295
0.8545551411827385
0.8806606286627597
0.8169952051145445
0.8891848694725626
0.8476291955247736
0.8391049547149707
0.8090037293553543
0.771976558337773
0.7948854555141183
0.7080447522642515
0.9174214171550347
0.772775705913692
0.7765050612679808
0.9025039957378796
0.8726691529035695
0.8396377197655833
0.8604155567394779
0.839371337240277
0.9395311667554609
0.7858284496537027
0.7999467234949388
0.8841236014917422
0.8526904635055941
0.8090037293553543
0.8423015450186467
0.7663825253063399
0.8878529568460309
0.9168886521044219
0.9094299413958444
0.9262120404901438
0.757858284496537
0.9203516249334044
0.9163558870538092
0.895045285029302
0.7871603622802344
0.8007458710708577
0.7999467234949388
0.9171550346297282
0.8431006925945658
0.9088971763452317
0.8750665956313266
0.91848694725626
0.8670751198721364
0.8486947256259989
0.836174746936601
0.862812999467235
0.731220031965903
0.8100692594565796
0.7778369738945126
0.8239211507725093
0.7887586574320724
0.811134789557805
0.7216302610548748
0.8092701118806607
0.866009589770911
0.7410761854022376
0.7858284496537027
0.8311134789557805
0.9206180074587107
0.8814597762386788
0.7847629195524773
0.5825785828449653
0.9200852424080981
0.8417687799680341
0.8359083644112946
0.903569525839105
0.919286094832179
0.8550879062333511
0.8524240809802877
0.7701118806606286
0.8255194459243473
0.9576451784762919
0.8031433137986148
0.7663825253063399
0.876132125732552
0.7759722962173682
0.9363345764517848
0.851092168353756
0.8572189664358019
0.838572189664358
0.9355354288758657
0.8622802344166223
0.8942461374533831
0.9110282365476825
0.8657432072456047
0.9166222695791156
0.8356419818859883
0.8755993606819392
0.9019712306872669
0.9571124134256793
0.7701118806606286
0.8574853489611082
0.8303143313798614
0.9214171550346297
0.8140649973361748
0.8076718167288226
0.9142248268513585
0.8215237080447523
0.8468300479488545
0.8625466169419286
0.837773042088439
0.8686734150239744
0.8289824187533298
0.7898241875332979
0.9131592967501332
0.8300479488545551
0.9395311667554609
0.8846563665423548
0.8787959509856154
0.8700053276505061
0.7336174746936601
0.7735748534896111
0.8945125199786894
0.8849227490676611
0.8971763452317528
0.8114011720831114
0.9147575919019713
0.7820990942994139
0.8883857218966436
0.892647842301545
0.7027171017581246
0.9376664890783165
0.9541822056473095
0.8484283431006926
0.8132658497602557
0.6449120937666489
0.7589238145977624
0.8574853489611082
0.891049547149707
0.9222163026105488
0.8596164091635589
0.9597762386787426
0.8553542887586574
0.7354821523708045
0.9054342035162494
0.8569525839104954
0.9080980287693128
0.7501331912626532
0.9038359083644113
0.8082045817794352
0.8638785295684603
0.9057005860415557
0.8492274906766116
0.9672349493873202
0.7301545018646777
0.7187000532765051
0.8825253063399041
0.8841236014917422
0.7677144379328716
0.7749067661161427
0.7674480554075652
0.8052743740010655
0.7730420884389984
0.8609483217900906
0.8931806073521577
0.851891315929675
0.8031433137986148
0.7911561001598295
0.7930207778369739
0.7623867874267448
0.8268513585508791
0.7876931273308471
0.9003729355354289
0.862812999467235
0.8462972828982419
0.905167820990943
0.8494938732019179
0.7482685135855088
0.9342035162493341
0.8969099627064464
0.8265849760255727
0.9283431006925945
0.8452317527970166
0.7655833777304208
0.8865210442194992
0.8633457645178476
0.8012786361214704
0.866009589770911
0.8108684070324986
0.8063399041022908
0.9075652637187
0.9182205647309537
0.7911561001598295
0.8300479488545551
0.8068726691529036
0.8132658497602557
0.7988811933937133
0.7948854555141183
0.8937133724027704
0.8734683004794885
0.9083644112946191
0.9387320191795419
0.8577517314864145
0.8161960575386255
0.8465636654235482
0.7892914224826851
0.8625466169419286
0.713106020245072
0.7514651038891849
0.731220031965903
0.854288758657432
0.7770378263185935
0.9376664890783165
0.9009057005860416
0.9299413958444326
0.9078316462440064
0.9182205647309537
0.8945125199786894
0.8779968034096963
0.9072988811933937
0.8196590303676079
0.891848694725626
0.8311134789557805
0.8929142248268513
0.797815663292488
0.8934469898774641
0.9160895045285029
0.8351092168353756
0.9280767181672882
0.8902503995737879
0.7400106553010123
0.8995737879595098
0.7794352690463505
0.8452317527970166
0.8966435801811401
0.8380394246137454
0.83697389451252
0.7083111347895578
0.8140649973361748
0.8558870538092701
0.9120937666489078
0.8415023974427278
0.7927543953116676
0.7717101758124667
0.9091635588705381
0.9014384656366542
0.8529568460309004
0.7879595098561535
0.8742674480554076
0.8641449120937666
0.8148641449120938
0.9539158231220032
0.9049014384656366
0.8742674480554076
0.8207245604688332
0.8399041022908897
0.9421949920085242
0.8260522109749601
0.7911561001598295
0.7346830047948855
0.8161960575386255
0.7791688865210442
0.7133724027703783
0.8153969099627064
0.7349493873201918
0.8407032498668088
0.7115077250932339
0.8550879062333511
0.7765050612679808
0.8697389451251998
0.8028769312733085
0.8391049547149707
0.9448588172615876
0.9515183803942462
0.7797016515716569
0.7629195524773574
0.8617474693660095
0.8588172615876398
0.8409696323921151
0.9179541822056473
0.8476291955247736
0.8436334576451785
0.8572189664358019
0.8873201917954182
0.8894512519978689
0.9243473628129995
0.8140649973361748
0.8814597762386788
0.9374001065530101
0.7226957911561002
0.7914224826851358
0.8862546616941929
0.8748002131060203
0.8681406499733617
0.7754395311667555
0.8249866808737347
0.8177943526904635
0.8071390516782099
0.8047416089504529
0.9200852424080981
0.771976558337773
0.8145977623867874
0.7522642514651039
0.824453915823122
0.880127863612147
0.8380394246137454
0.8265849760255727
0.9128929142248269
0.7999467234949388
0.8569525839104954
0.8862546616941929
0.7607884922749067
0.8913159296750133
0.9291422482685135
0.8063399041022908
0.7890250399573788
0.9278103356419819
0.862013851891316
0.8209909429941395
0.8100692594565796
0.8750665956313266
0.7674480554075652
0.597229621736814
0.838572189664358
0.761054874800213
0.8779968034096963
0.7932871603622802
0.7493340436867342
0.8047416089504529
0.8862546616941929
0.9243473628129995
0.8881193393713372
0.8726691529035695
0.9637719765583378
0.8998401704848162
0.8875865743207245
0.9110282365476825
0.8609483217900906
0.7882258923814598
0.9096963239211507
0.9389984017048482
0.8718700053276505
0.8625466169419286
0.8199254128929142
0.8574853489611082
0.8654768247202983
0.7077783697389451
0.9416622269579116
0.8724027703782632
0.8449653702717101
0.8907831646244007
0.8305807139051679
0.879328716036228
0.8806606286627597
0.9214171550346297
0.7807671816728823
0.8132658497602557
0.9437932871603623
0.9030367607884923
0.7922216302610549
0.9400639318060735
0.932605221097496
0.932605221097496
0.8428343100692595
0.7424080980287693
0.7858284496537027
0.8452317527970166
0.8303143313798614
0.8297815663292488
0.8396377197655833
0.8207245604688332
0.728822589238146
0.7762386787426745
0.8556206712839638
0.9134256792754395
0.8449653702717101
0.8921150772509323
0.8108684070324986
0.8454981353223229
0.7996803409696324
0.7405434203516249
0.919286094832179
0.9017048481619606
0.7818327117741076
0.9355354288758657
0.7722429408630794
0.7794352690463505
0.8446989877464038
0.7658497602557273
0.7075119872136388
0.7815663292488013
0.8007458710708577
0.9632392115077251
0.854288758657432
0.7653169952051145
0.8795950985615344
0.9070324986680873
0.784496537027171
0.8209909429941395
0.8670751198721364
0.8665423548215238
0.7749067661161427
0.8444326052210975
0.8462972828982419
0.770378263185935
0.7181672882258924
0.8265849760255727
0.7884922749067661
0.8425679275439532
0.8617474693660095
0.8654768247202983
0.7573255194459243
0.8399041022908897
0.9272775705913692
0.8457645178476292
0.6936600958977092
0.8529568460309004
0.8308470964304742
0.7972828982418754
0.9078316462440064
0.9493873201917954
0.738945125199787
0.8420351624933404
0.8748002131060203
0.7400106553010123
0.8558870538092701
0.8897176345231753
0.944326052210975
0.7503995737879595
0.7908897176345232
0.919286094832179
0.9794885455514118
0.8489611081513053
0.945924347362813
0.9256792754395312
0.8420351624933404
0.7493340436867342
0.8524240809802877
0.824453915823122
0.7432072456046883
0.9009057005860416
0.8846563665423548
0.9214171550346297
0.8977091102823654
0.9126265316995205
0.8939797549280767
0.9264784230154501
0.7594565796483751
0.9299413958444326
0.8646776771443794
0.8825253063399041
0.879328716036228
0.8737346830047948
0.8436334576451785
0.8500266382525307
0.9331379861481087
0.717101758124667
0.8745338305807139
0.9078316462440064
0.8668087373468301
0.9461907298881194
0.7884922749067661
0.905167820990943
0.876132125732552
0.8137986148108685
0.7405434203516249
0.7314864144912093
0.8758657432072456
0.9142248268513585
0.836174746936601
0.7725093233883857
0.7820990942994139
0.9240809802876931
0.7943526904635055
0.8830580713905167
0.8305807139051679
0.853489611081513
0.8172615876398508
0.8188598827916889
0.8526904635055941
0.9472562599893447
0.8215237080447523
0.7895578050079914
0.8681406499733617
0.8726691529035695
0.8207245604688332
0.8758657432072456
0.8729355354288759
0.8854555141182738
0.8012786361214704
0.8505594033031433
0.8428343100692595
0.7940863079381992
0.8082045817794352
0.8321790090570058
0.7964837506659563
0.8966435801811401
0.8558870538092701
0.9350026638252531
0.7717101758124667
0.8891848694725626
0.862013851891316
0.9485881726158764
0.7924880127863612
0.811134789557805
0.7384123601491742
0.8332445391582313
0.9374001065530101
0.8217900905700586
0.7855620671283964
0.7509323388385722
0.7964837506659563
0.9152903569525839
0.9011720831113479
0.9629728289824188
0.8702717101758125
0.8228556206712839
0.8300479488545551
0.771976558337773
0.8662759722962173
0.7218966435801811
0.8249866808737347
0.8673415023974427
0.783697389451252
0.8465636654235482
0.880927011188066
0.903569525839105
0.8580181140117208
0.6742141715503462
0.8923814597762387
0.6803409696323921
0.9078316462440064
0.6835375599360682
0.8684070324986681
0.8897176345231753
0.8897176345231753
0.9528502930207778
0.8004794885455514
0.9222163026105488
0.9374001065530101
0.7743740010655301
0.869206180074587
0.9472562599893447
0.8716036228023442
0.8486947256259989
0.8340436867341502
0.9557805007991476
0.8300479488545551
0.8316462440063932
0.8993074054342035
0.8140649973361748
0.905167820990943
0.8931806073521577
0.7807671816728823
0.7882258923814598
0.8617474693660095
0.850293020777837
0.9107618540223761
0.87773042088439
0.8425679275439532
0.7535961640916355
0.7344166222695792
0.8143313798614811
0.7850293020777837
0.7503995737879595
0.8177943526904635
0.7482685135855088
0.7509323388385722
0.8577517314864145
0.8558870538092701
0.9350026638252531
0.837773042088439
0.7424080980287693
0.8729355354288759
0.7293553542887586
0.8561534363345764
0.8137986148108685
0.8745338305807139
0.8585508790623335
0.7642514651038892
0.8201917954182205
0.8705380927011188
0.7208311134789558
0.8865210442194992
0.8556206712839638
0.9062333510921684
0.9046350559403303
0.8215237080447523
0.9256792754395312
0.8979754928076719
0.8670751198721364
0.754661694192861
0.8974427277570591
0.8636121470431539
0.8204581779435269
0.8633457645178476
0.8681406499733617
0.8604155567394779
0.8638785295684603
0.8774640383590836
0.4488545551411827
0.8231220031965903
0.7144379328716036
0.9275439531166756
0.8947789025039957
0.7698454981353223
0.8321790090570058
0.8454981353223229
0.8271177410761854
0.8779968034096963
0.8963771976558338
0.8058071390516782
0.8090037293553543
0.8012786361214704
0.9400639318060735
0.9254128929142248
0.9128929142248269
0.9374001065530101
0.8300479488545551
0.7999467234949388
0.8697389451251998
0.9299413958444326
0.8396377197655833
0.8351092168353756
0.7336174746936601
0.8995737879595098
0.7647842301545018
0.8665423548215238
0.9453915823122003
0.7871603622802344
0.9174214171550347
0.7735748534896111
0.865210442194992
0.8755993606819392
0.8473628129994673
0.87773042088439
0.7852956846030901
0.9251465103889185
0.8409696323921151
0.6965903036760789
0.8830580713905167
0.8782631859350026
0.9019712306872669
0.8300479488545551
0.8598827916888652
0.8289824187533298
0.8598827916888652
0.8050079914757592
0.780500799147576
0.7810335641981886
0.8345764517847629
0.8955780500799148
0.7930207778369739
0.8838572189664358
0.8532232285562067
0.9256792754395312
0.635588705380927
0.8438998401704848
0.8787959509856154
0.8734683004794885
0.839371337240277
0.8681406499733617
0.8540223761321257
0.895045285029302
0.8132658497602557
0.83697389451252
0.8907831646244007
0.8255194459243473
0.5761854022376132
0.8878529568460309
0.8561534363345764
0.5359616409163559
0.9565796483750666
0.9336707511987213
0.9033031433137986
0.8454981353223229
0.8156632924880128
0.9336707511987213
0.7738412360149174
0.742141715503463
0.8601491742141716
0.8883857218966436
0.878529568460309
0.903569525839105
0.9118273841236015
0.8710708577517314
0.9001065530101225
0.8588172615876398
0.9104954714970698
0.8407032498668088
0.8947789025039957
0.8817261587639851
0.4057005860415557
0.8606819392647842
0.8486947256259989
0.9104954714970698
0.8055407565263719
0.7354821523708045
0.9150239744272776
0.8774640383590836
0.9238145977623868
0.8265849760255727
0.8569525839104954
0.8060735215769845
0.8391049547149707
0.780500799147576
0.8079381992541289
0.8732019179541822
0.8633457645178476
0.9091635588705381
0.853489611081513
0.9523175279701651
0.840170484816196
0.838572189664358
0.7860948321790091
0.9493873201917954
0.8247202983484283
0.876931273308471
0.8239211507725093
0.7557272242940863
0.8782631859350026
0.8955780500799148
0.8582844965370272
0.7701118806606286
0.8963771976558338
0.7730420884389984
0.8601491742141716
0.8649440596696857
0.7386787426744805
0.862812999467235
0.7879595098561535
0.8771976558337773
0.9152903569525839
0.8553542887586574
0.8582844965370272
0.8545551411827385
0.7778369738945126
0.9102290889717635
0.8700053276505061
0.823654768247203
0.83697389451252
0.8308470964304742
0.7690463505594033
0.8151305274374001
0.8830580713905167
0.8955780500799148
0.8148641449120938
0.8183271177410761
0.7661161427810336
0.9025039957378796
0.8175279701651572
0.9083644112946191
0.8436334576451785
0.6811401172083111
0.8558870538092701
0.9206180074587107
0.9685668620138519
0.8819925412892914
0.9139584443260522
0.8063399041022908
0.8564198188598828
0.9469898774640384
0.7783697389451252
0.8998401704848162
0.9049014384656366
0.8255194459243473
0.8249866808737347
0.8977091102823654
0.9064997336174747
0.813532232285562
0.962440063931806
0.9128929142248269
0.8934469898774641
0.88865210442195
0.9432605221097496
0.7541289291422483
0.9555141182738413
0.7424080980287693
0.7866275972296217
0.761054874800213
0.9198188598827917
0.8004794885455514
0.9120937666489078
0.9595098561534363
0.8982418753329782
0.837773042088439
0.9006393180607352
0.8124667021843367
0.8771976558337773
0.8929142248268513
0.8846563665423548
0.8066062866275973
0.8945125199786894
0.8638785295684603
0.876132125732552
0.7602557272242941
0.9267448055407566
0.8537559936068194
0.8500266382525307
0.7586574320724561
0.8974427277570591
0.9259456579648375
0.7930207778369739
0.837773042088439
0.9411294619072988
0.9826851358550879
0.7200319659030368
0.9038359083644113
0.8444326052210975
0.7589238145977624
0.8899840170484816
0.8316462440063932
0.8841236014917422
0.8582844965370272
0.973361747469366
0.8963771976558338
0.8590836441129462
0.7333510921683537
0.9350026638252531
0.8689397975492807
0.902770378263186
0.9046350559403303
0.7274906766116143
0.8465636654235482
0.8268513585508791
0.8481619605753863
0.8630793819925413
0.9187533297815663
0.8420351624933404
0.8140649973361748
0.869206180074587
0.9195524773574854
0.9224826851358551
0.7368140649973361
0.8300479488545551
0.7701118806606286
0.9166222695791156
0.8798614810868407
0.9198188598827917
0.794619072988812
0.7261587639850826
0.9102290889717635
0.9086307938199254
0.8934469898774641
0.8934469898774641
0.8438998401704848
0.9288758657432072
0.8934469898774641
0.7346830047948855
0.9381992541289291
0.9374001065530101
0.9128929142248269
0.8010122535961641
0.9118273841236015
0.862013851891316
0.9275439531166756
0.9834842834310069
0.9206180074587107
0.9248801278636122
0.8851891315929675
0.9155567394778903
0.8356419818859883
0.8982418753329782
0.8939797549280767
0.9512519978689398
0.7133724027703783
0.8348428343100692
0.8953116675546084
0.8897176345231753
0.8883857218966436
0.9336707511987213
0.7975492807671817
0.8641449120937666
0.9019712306872669
0.8588172615876398
0.8969099627064464
0.8175279701651572
0.838572189664358
0.9104954714970698
0.8052743740010655
0.9645711241342568
0.8574853489611082
0.9232818327117741
0.7543953116675546
0.7019179541822056
0.8321790090570058
0.8478955780500799
0.9632392115077251
0.8356419818859883
0.902770378263186
0.770378263185935
0.9152903569525839
0.892647842301545
0.8806606286627597
0.960042621204049
0.7996803409696324
0.8052743740010655
0.8633457645178476
0.9126265316995205
0.8257858284496538
0.8020777836973895
0.8087373468300479
0.8372402770378263
0.7488012786361214
0.8902503995737879
0.8076718167288226
0.8462972828982419
0.7826318593500267
0.824453915823122
0.8327117741076185
0.8327117741076185
0.8526904635055941
0.8098028769312733
0.8931806073521577
0.8617474693660095
0.7551944592434736
0.7466702184336708
0.7623867874267448
0.8806606286627597
0.798614810868407
0.87773042088439
0.7735748534896111
0.8529568460309004
0.8228556206712839
0.8071390516782099
0.8364411294619073
0.8894512519978689
0.9019712306872669
0.9206180074587107
0.862812999467235
0.7823654768247204
0.8489611081513053
0.8452317527970166
0.8851891315929675
0.8185935002663826
0.9501864677677144
0.7581246670218433
0.865210442194992
0.839371337240277
0.9038359083644113
0.7959509856153436
0.9384656366542354
0.7245604688332445
0.8436334576451785
0.8726691529035695
0.7714437932871604
0.9091635588705381
0.8300479488545551
0.8942461374533831
0.8092701118806607
0.8177943526904635
0.7975492807671817
0.8489611081513053
0.8050079914757592
0.8601491742141716
0.8454981353223229
0.7631859350026639
0.9049014384656366
0.7738412360149174
0.8937133724027704
0.7807671816728823
0.8614810868407032
0.8039424613745338
0.7882258923814598
0.8058071390516782
0.8929142248268513
0.8593500266382526
0.8625466169419286
0.9102290889717635
0.8899840170484816
0.7144379328716036
0.7101758124667021
0.8979754928076719
0.8196590303676079
0.8817261587639851
0.7709110282365477
0.7834310069259457
0.8191262653169952
0.8891848694725626
0.8558870538092701
0.9046350559403303
0.8553542887586574
0.850293020777837
0.8423015450186467
0.8367075119872136
0.7234949387320192
0.8729355354288759
0.7144379328716036
0.8921150772509323
0.8028769312733085
0.8196590303676079
0.7831646244006393
0.9704315396909963
0.8566862013851891
0.8462972828982419
0.8713372402770378
0.9070324986680873
0.8129994672349494
0.9049014384656366
0.7935535428875866
0.8961108151305275
0.9168886521044219
0.7498668087373468
0.904368673415024
0.8060735215769845
0.8289824187533298
0.7394778902503996
0.7328183271177411
0.7474693660095898
0.862013851891316
0.8348428343100692
0.8881193393713372
0.6329248801278636
0.8337773042088439
0.8721363878529569
0.809536494405967
0.7919552477357485
0.9264784230154501
0.9400639318060735
0.8971763452317528
0.8465636654235482
0.6830047948854555
0.8444326052210975
0.825253063399041
0.7642514651038892
0.8713372402770378
0.7810335641981886
0.8545551411827385
0.7999467234949388
0.9243473628129995
0.7746403835908364
0.9366009589770911
0.8433670751198722
0.7791688865210442
0.8047416089504529
0.9118273841236015
0.9017048481619606
0.8601491742141716
0.8881193393713372
0.7735748534896111
0.6822056473095365
0.8188598827916889
0.782898241875333
0.8726691529035695
0.8169952051145445
0.8172615876398508
0.7911561001598295
0.9251465103889185
0.8865210442194992
0.8907831646244007
0.862013851891316
0.8151305274374001
0.8846563665423548
0.8636121470431539
0.9685668620138519
0.8343100692594566
0.771976558337773
0.8708044752264251
0.8140649973361748
0.892647842301545
0.3891848694725626
0.835375599360682
0.8391049547149707
0.8273841236014917
0.8585508790623335
0.9136920618007459
0.8122003196590304
0.9493873201917954
0.09722962173681407
0.8846563665423548
0.7613212573255195
0.8449653702717101
0.8955780500799148
0.8391049547149707
0.6446457112413426
0.9102290889717635
0.8859882791688866
0.8979754928076719
0.895045285029302
0.7959509856153436
0.905966968566862
0.8140649973361748
0.8348428343100692
0.8478955780500799
0.9046350559403303
0.7988811933937133
0.9307405434203516
0.8151305274374001
0.8327117741076185
0.9493873201917954
0.8167288225892382
0.9280767181672882
0.8937133724027704
0.9019712306872669
0.862013851891316
0.7147043153969099
0.8220564730953649
0.9717634523175279
0.8462972828982419
0.8561534363345764
0.8010122535961641
0.9472562599893447
0.7757059136920618
0.8332445391582313
0.8710708577517314
0.42221630261054877
0.6718167288225892
0.9075652637187
0.8140649973361748
0.9259456579648375
0.7682472029834843
0.9166222695791156
0.9304741608950453
0.8303143313798614
0.8108684070324986
0.7069792221630261
0.797815663292488
0.8129994672349494
0.8803942461374534
0.9280767181672882
0.8449653702717101
0.8473628129994673
0.9057005860415557
0.7083111347895578
0.8098028769312733
0.891049547149707
0.9421949920085242
0.8814597762386788
0.9166222695791156
0.8164624400639318
0.8598827916888652
0.9168886521044219
0.757858284496537
0.7293553542887586
0.8465636654235482
0.8486947256259989
0.8388385721896644
0.7927543953116676
0.9150239744272776
0.7799680340969632
0.8284496537027171
0.772775705913692
0.9254128929142248
0.8566862013851891
0.8694725625998935
0.8486947256259989
0.8668087373468301
0.8018114011720832
0.7911561001598295
0.9523175279701651
0.9099627064464572
0.8662759722962173
0.8526904635055941
0.8486947256259989
0.8657432072456047
0.8228556206712839
0.8987746403835908
0.7493340436867342
0.8137986148108685
0.8684070324986681
0.6574320724560468
0.8375066595631326
0.8963771976558338
0.8425679275439532
0.8468300479488545
0.7503995737879595
0.851092168353756
0.8183271177410761
0.8598827916888652
0.9115610015982951
0.9062333510921684
0.8859882791688866
0.7269579115610016
0.943526904635056
0.8313798614810869
0.6830047948854555
0.7466702184336708
0.8276505061267981
0.9389984017048482
0.8708044752264251
0.7330847096430474
0.8851891315929675
0.9576451784762919
0.7685135855087907
0.8015450186467767
0.6947256259989345
0.9243473628129995
0.8444326052210975
0.9115610015982951
0.8321790090570058
0.768779968034097
0.8814597762386788
0.8276505061267981
0.9099627064464572
0.7975492807671817
0.9608417687799681
0.9307405434203516
0.9096963239211507
0.8779968034096963
