0.8795906080674293
0.8988561107766406
0.8862131246237207
0.8326309452137267
0.8485851896447923
0.8374473208910295
0.8254063816977725
0.8973509933774835
0.9358819987959061
0.9202287778446718
0.7185430463576159
0.8260084286574353
0.8579169175195666
0.8615291992775437
0.8299217338952438
0.9250451535219747
0.8443708609271523
0.8618302227573751
0.699578567128236
0.8121613485851896
0.6760987357013847
0.7986152919927755
0.8768813967489464
0.820891029500301
0.8503913305237809
0.9102950030102348
0.8609271523178808
0.8585189644792294
0.8254063816977725
0.7895845875978327
0.8732691149909693
0.6881396748946418
0.919626730885009
0.8419626730885009
0.8344370860927153
0.9208308248043348
0.9027694160144492
0.9136062612883805
0.8546056592414208
0.800421432871764
0.9400963275135461
0.8886213124623721
0.8299217338952438
0.8226971703792896
0.8353401565322095
0.8491872366044552
0.8082480433473811
0.8741721854304636
0.893437688139675
0.8139674894641782
0.8428657435279951
0.9021673690547862
0.8470800722456352
0.5629139072847682
0.8675496688741722
0.8940397350993378
0.820891029500301
0.8747742323901264
0.8777844671884407
0.8883202889825407
0.7724262492474413
0.741119807344973
0.825105358217941
0.8524984948826009
0.8762793497892836
0.9479229379891632
0.7691149909692956
0.8254063816977725
0.8449729078868151
0.9133052378085491
0.9425045153521975
0.8883202889825407
0.9057796508127633
0.9428055388320289
0.8747742323901264
0.8425647200481637
0.9072847682119205
0.7989163154726069
0.9157134256472005
0.7727272727272727
0.8386514148103552
0.9099939795304034
0.8576158940397351
0.8600240818783865
0.8347381095725467
0.8500903070439494
0.9575556893437688
0.9283564118001204
0.8461770018061409
0.8223961468994582
0.8988561107766406
0.8287176399759181
0.8145695364238411
0.713726670680313
0.9030704394942806
0.9650812763395545
0.8365442504515352
0.8841059602649006
0.8371462974111981
0.9256472004816376
0.8236002408187839
0.841360626128838
0.903371462974112
0.8576158940397351
0.8717639975918121
0.8636363636363636
0.9003612281757977
0.7865743527995184
0.681216134858519
0.7971101745936183
0.8404575556893438
0.8627332931968693
0.8446718844069837
0.8847080072245636
0.8139674894641782
0.7582781456953642
0.8645394340758579
0.9551475015051174
0.6938591210114389
0.8527995183624323
0.9325707405177603
0.9042745334136063
0.8232992173389524
0.8819987959060807
0.8810957254665864
0.9045755568934377
0.8979530403371463
0.9620710415412402
0.6327513546056592
0.8714629741119807
0.8789885611077664
0.9328717639975919
0.8696568332329921
0.8223961468994582
0.9187236604455148
0.7992173389524383
0.930162552679109
0.8061408789885611
0.7787477423239013
0.7534617700180614
0.7959060806742926
0.8985550872968091
0.8564118001204094
0.839855508729681
0.8961468994581577
0.6968693558097532
0.938591210114389
0.8446718844069837
0.7898856110776641
0.8549066827212523
0.8172787477423239
0.9340758579169175
0.9714027694160144
0.8771824202287778
0.8139674894641782
0.9214328717639976
0.8302227573750752
0.8106562311860325
0.8088500903070439
0.46598434677904876
0.8994581577363034
0.8341360626128838
0.928055388320289
0.8365442504515352
0.9635761589403974
0.911800120409392
0.9024683925346177
0.8600240818783865
0.8609271523178808
0.8115593016255268
0.8437688139674895
0.8985550872968091
0.8461770018061409
0.825105358217941
0.8597230583985551
0.6375677302829621
0.9021673690547862
0.8675496688741722
0.8503913305237809
0.8380493678506924
0.8699578567128236
0.7311860325105358
0.8296207104154124
0.9157134256472005
0.9452137266706803
0.7444310656231186
0.9021673690547862
0.9557495484647802
0.7730282962071041
0.9205298013245033
0.8798916315472607
0.827212522576761
0.894942805538832
0.6721854304635762
0.7865743527995184
0.8684527393136665
0.8254063816977725
0.8160746538229982
0.8064419024683925
0.8534015653220951
0.9373871161950632
0.8585189644792294
0.8040337146297412
0.7937989163154726
0.8952438290186635
0.8410596026490066
0.8344370860927153
0.9127031908488862
0.9054786273329319
0.8853100541842264
0.7980132450331126
0.8106562311860325
0.8061408789885611
0.8597230583985551
0.8931366646598434
0.7877784467188441
0.9114990969295605
0.8886213124623721
0.8013245033112583
0.9051776038531005
0.911198073449729
0.9190246839253462
0.8175797712221553
0.812462372065021
0.909692956050572
0.8232992173389524
0.8657435279951836
0.8771824202287778
0.785671282360024
0.8534015653220951
0.8777844671884407
0.8184828416616496
0.9063816977724263
0.7913907284768212
0.8190848886213125
0.74051776038531
0.8115593016255268
0.831426851294401
0.8534015653220951
0.9340758579169175
0.9289584587597832
0.917519566526189
0.7838651414810355
0.9593618302227573
0.8242022877784467
0.8446718844069837
0.8696568332329921
0.876580373269115
0.9286574352799518
0.9313666465984347
0.8245033112582781
0.8735701384708007
0.9723058398555088
0.866044551475015
0.8296207104154124
0.8955448524984949
0.8591210114388922
0.903371462974112
0.8079470198675497
0.7402167369054786
0.9262492474413004
0.8305237808549066
0.9075857916917519
0.813064419024684
0.8220951234196268
0.8729680915111379
0.856110776640578
0.47621914509331725
0.8464780252859723
0.858217940999398
0.8217940999397954
0.7781456953642384
0.7155328115593016
0.882901866345575
0.8943407585791692
0.9783263094521373
0.8175797712221553
0.7889825406381697
0.9322697170379289
0.9087898856110777
0.8431667670078266
0.8184828416616496
0.7904876580373269
0.8470800722456352
0.8633353401565322
0.8558097531607466
0.8988561107766406
0.8305237808549066
0.9124021673690548
0.9292594822396147
0.872366044551475
0.7679108970499698
0.9361830222757375
0.9370860927152318
0.8690547862733293
0.8943407585791692
0.7944009632751354
0.8810957254665864
0.7838651414810355
0.8019265502709211
0.7826610475617098
0.9105960264900662
0.9130042143287176
0.9124021673690548
0.8085490668272125
0.9512341962673089
0.8506923540036123
0.8756773028296208
0.7947019867549668
0.8407585791691752
0.8115593016255268
0.8368452739313667
0.9000602046959663
0.8603251053582179
0.9307645996387718
0.9235400361228175
0.8377483443708609
0.9208308248043348
0.8895243829018663
0.9536423841059603
0.8801926550270921
0.8804936785069235
0.8955448524984949
0.7838651414810355
0.9322697170379289
0.9497290788681517
0.9358819987959061
0.890728476821192
0.9202287778446718
0.8359422034918723
0.7859723058398556
0.9015653220951234
0.7853702588801926
0.8446718844069837
0.903371462974112
0.7396146899458158
0.8961468994581577
0.847682119205298
0.8278145695364238
0.7844671884406984
0.8895243829018663
0.8052378085490668
0.9235400361228175
0.7615894039735099
0.917519566526189
0.8356411800120409
0.8636363636363636
0.8922335942203492
0.7992173389524383
0.8813967489464178
0.8967489464178205
0.909692956050572
0.7874774232390126
0.8488862131246238
0.8085490668272125
0.8127633955448526
0.8365442504515352
0.8543046357615894
0.8257074051776039
0.854003612281758
0.8007224563515954
0.8028296207104154
0.8169777242624925
0.9139072847682119
0.9593618302227573
0.8368452739313667
0.8838049367850692
0.8022275737507526
0.917519566526189
0.9530403371462974
0.8847080072245636
0.7895845875978327
0.8410596026490066
0.818783865141481
0.9030704394942806
0.8088500903070439
0.8877182420228777
0.804635761589404
0.9554485249849488
0.9166164960866947
0.9497290788681517
0.7965081276339554
0.8621312462372065
0.8275135460565924
0.8913305237808549
0.9524382901866345
0.8079470198675497
0.9274533413606262
0.75737507525587
0.9202287778446718
0.8341360626128838
0.8061408789885611
0.8506923540036123
0.7859723058398556
0.8916315472606864
0.9376881396748946
0.8810957254665864
0.7931968693558098
0.7627934978928357
0.8798916315472607
0.7724262492474413
0.8410596026490066
0.7944009632751354
0.938591210114389
0.8922335942203492
0.8913305237808549
0.7898856110776641
0.9021673690547862
0.7727272727272727
0.8320288982540638
0.8284166164960867
0.9644792293798916
0.9130042143287176
0.9617700180614088
0.8500903070439494
0.8163756773028297
0.8865141481035521
0.8175797712221553
0.8299217338952438
0.8299217338952438
0.777844671884407
0.9166164960866947
0.8503913305237809
0.9027694160144492
0.8139674894641782
0.784166164960867
0.8780854906682721
0.75316074653823
0.7898856110776641
0.7564720048163757
0.8524984948826009
0.6676700782661048
0.9566526189042746
0.8612281757977123
0.8708609271523179
0.8190848886213125
0.884406983744732
0.8470800722456352
0.911198073449729
0.7829620710415413
0.8895243829018663
0.8777844671884407
0.8097531607465382
0.9208308248043348
0.8543046357615894
0.8043347381095726
0.7931968693558098
0.9286574352799518
0.8955448524984949
0.8994581577363034
0.8488862131246238
0.8543046357615894
0.8163756773028297
0.8919325707405178
0.8223961468994582
0.8904274533413606
0.8269114990969295
0.7775436484045756
0.8431667670078266
0.8202889825406382
0.8895243829018663
0.7733293196869356
0.8819987959060807
0.8196869355809753
0.8175797712221553
0.7068031306441902
0.8467790487658038
0.8663455749548464
0.8257074051776039
0.9000602046959663
0.8509933774834437
0.8242022877784467
0.7299819385912101
0.8973509933774835
0.8169777242624925
0.7670078266104756
0.8780854906682721
0.8552077062010837
0.9361830222757375
0.909692956050572
0.8070439494280554
0.7745334136062613
0.8997591812161349
0.9169175195665262
0.8115593016255268
0.8636363636363636
0.9099939795304034
0.8494882600842866
0.8651414810355208
0.849789283564118
0.9018663455749548
0.901264298615292
0.9367850692354004
0.9133052378085491
0.8467790487658038
0.8585189644792294
0.8624322697170379
0.878687537627935
0.8257074051776039
0.8672486453943408
0.9042745334136063
0.8467790487658038
0.8491872366044552
0.825105358217941
0.9253461770018061
0.8979530403371463
0.8889223359422035
0.884406983744732
0.9045755568934377
0.8663455749548464
0.9145093317278747
0.7895845875978327
0.9232390126429861
0.75105358217941
0.9238410596026491
0.796207104154124
0.7986152919927755
0.8916315472606864
0.8913305237808549
0.8115593016255268
0.8732691149909693
0.8910295003010235
0.8494882600842866
0.8154726068633353
0.8618302227573751
0.822998193859121
0.8783865141481035
0.8865141481035521
0.885009030704395
0.7375075255869958
0.8910295003010235
0.8913305237808549
0.4647802528597231
0.8714629741119807
0.9169175195665262
0.9124021673690548
0.7676098735701384
0.8603251053582179
0.845574954846478
0.8395544852498494
0.7350993377483444
0.9304635761589404
0.9060806742925949
0.8154726068633353
0.8284166164960867
0.8534015653220951
0.7287778446718844
0.9295605057194462
0.9340758579169175
0.7950030102347984
0.874473208910295
0.9042745334136063
0.8335340156532209
0.863937387116195
0.901264298615292
0.23600240818783866
0.8371462974111981
0.8946417820590006
0.7639975918121613
0.7953040337146298
0.9045755568934377
0.7609873570138471
0.8871161950632149
0.937989163154726
0.8266104756170981
0.8955448524984949
0.909692956050572
0.8422636965683323
0.863937387116195
0.8789885611077664
0.7944009632751354
0.839855508729681
0.9000602046959663
0.8491872366044552
0.7913907284768212
0.9524382901866345
0.8994581577363034
0.7525586995785671
0.8672486453943408
0.9036724864539434
0.8937387116195064
0.8377483443708609
0.786273329319687
0.804635761589404
0.6487055990367249
0.8245033112582781
0.8437688139674895
0.8549066827212523
0.9000602046959663
0.9036724864539434
0.8729680915111379
0.7338952438290187
0.8624322697170379
0.8103552077062011
0.8603251053582179
0.8801926550270921
0.8094521372667068
0.8910295003010235
0.8202889825406382
0.8338350391330523
0.8365442504515352
0.8585189644792294
0.9121011438892234
0.8323299217338952
0.8633353401565322
0.8762793497892836
0.7971101745936183
0.8594220349187237
0.8353401565322095
0.851896447922938
0.7450331125827815
0.849789283564118
0.8052378085490668
0.8512944009632751
0.8371462974111981
0.8982540638169777
0.9003612281757977
0.8332329921733895
0.8711619506321493
0.8708609271523179
0.878687537627935
0.9154124021673691
0.720048163756773
0.8512944009632751
0.8910295003010235
0.8428657435279951
0.8759783263094522
0.8886213124623721
0.47591812161348584
0.8386514148103552
0.7811559301625527
0.6926550270921132
0.8711619506321493
0.9066827212522577
0.8645394340758579
0.8774834437086093
0.8729680915111379
0.7922937989163155
0.831426851294401
0.8747742323901264
0.8428657435279951
0.7937989163154726
0.7763395544852498
0.9142083082480433
0.8440698374473209
0.8127633955448526
0.9066827212522577
0.9136062612883805
0.9211318482841662
0.8976520168573149
0.9220349187236604
0.8732691149909693
0.8675496688741722
0.9051776038531005
0.8741721854304636
0.7441300421432872
0.7992173389524383
0.7916917519566526
0.8410596026490066
0.9127031908488862
0.7850692354003612
0.8175797712221553
0.8726670680313064
0.827212522576761
0.7188440698374473
0.9151113786875377
0.9151113786875377
0.8807947019867549
0.8437688139674895
0.863937387116195
0.8901264298615292
0.8549066827212523
0.8037326911499096
0.8166767007826611
0.8061408789885611
0.9202287778446718
0.8738711619506322
0.8895243829018663
0.9539434075857917
0.894942805538832
0.8546056592414208
0.9458157736303432
0.9292594822396147
0.8521974714027695
0.8630343166767008
0.8214930764599638
0.885009030704395
0.8531005418422637
0.8061408789885611
0.8088500903070439
0.8380493678506924
0.7649006622516556
0.8112582781456954
0.9187236604455148
0.7636965683323299
0.6938591210114389
0.841360626128838
0.8353401565322095
0.7375075255869958
0.9063816977724263
0.7904876580373269
0.8323299217338952
0.8573148705599036
0.8898254063816978
0.8747742323901264
0.8380493678506924
0.7880794701986755
0.9434075857916917
0.9211318482841662
0.9388922335942204
0.8320288982540638
0.7591812161348586
0.9030704394942806
0.9211318482841662
0.9069837447320891
0.825105358217941
0.9157134256472005
0.8190848886213125
0.9000602046959663
0.8428657435279951
0.8166767007826611
0.8741721854304636
0.822998193859121
0.784166164960867
0.890728476821192
0.903371462974112
0.7441300421432872
0.950632149307646
0.8148705599036725
0.8997591812161349
0.8263094521372667
0.8624322697170379
0.8281155930162553
0.8410596026490066
0.8121613485851896
0.8350391330523781
0.8220951234196268
0.8573148705599036
0.8976520168573149
0.7847682119205298
0.600842865743528
0.8759783263094522
0.8687537627934979
0.847682119205298
0.8506923540036123
0.8473810957254666
0.8064419024683925
0.8473810957254666
0.9099939795304034
0.7859723058398556
0.7718242022877785
0.8371462974111981
0.8819987959060807
0.8296207104154124
0.9006622516556292
0.841360626128838
0.8804936785069235
0.8010234798314269
0.8838049367850692
0.8684527393136665
0.7793497892835641
0.899157134256472
0.890728476821192
0.8835039133052378
0.8976520168573149
0.851896447922938
0.892835641180012
0.8419626730885009
0.890728476821192
0.8645394340758579
0.8810957254665864
0.9051776038531005
0.8738711619506322
0.7838651414810355
0.9238410596026491
0.8269114990969295
0.8780854906682721
0.8302227573750752
0.7853702588801926
0.8564118001204094
0.7483443708609272
0.9039735099337748
0.8365442504515352
0.7971101745936183
0.9521372667068031
0.9172185430463576
0.9304635761589404
0.8913305237808549
0.847682119205298
0.9006622516556292
0.825105358217941
0.7278747742323901
0.7790487658037327
0.7781456953642384
0.8245033112582781
0.8257074051776039
0.899157134256472
0.9003612281757977
0.9289584587597832
0.8756773028296208
0.6499096929560506
0.8913305237808549
0.8431667670078266
0.9133052378085491
0.8136664659843468
0.6878386514148104
0.7742323901264299
0.7375075255869958
0.9163154726068633
0.7679108970499698
0.8169777242624925
0.7886815171583383
0.9084888621312462
0.8401565322095124
0.7853702588801926
0.8567128236002408
0.7233594220349188
0.9169175195665262
0.8609271523178808
0.9003612281757977
0.8160746538229982
0.8052378085490668
0.9253461770018061
0.827212522576761
0.9160144491270319
0.9223359422034919
0.75948223961469
0.7624924744130042
0.909692956050572
0.8916315472606864
0.8061408789885611
0.8467790487658038
0.8515954244431065
0.8630343166767008
0.8097531607465382
0.9458157736303432
0.8645394340758579
0.8103552077062011
0.810957254665864
0.8425647200481637
0.9665863937387116
0.8263094521372667
0.849789283564118
0.8467790487658038
0.8166767007826611
0.8452739313666466
0.9039735099337748
0.8350391330523781
0.8916315472606864
0.8425647200481637
0.8979530403371463
0.9262492474413004
0.917519566526189
0.9142083082480433
0.8163756773028297
0.8449729078868151
0.8576158940397351
0.8461770018061409
0.8919325707405178
0.9205298013245033
0.6866345574954846
0.894942805538832
0.9268512944009633
0.74262492474413
0.8982540638169777
0.8636363636363636
0.9042745334136063
0.8726670680313064
0.8329319686935581
0.9473208910295003
0.8064419024683925
0.8491872366044552
0.9102950030102348
0.9133052378085491
0.8624322697170379
0.8386514148103552
0.8853100541842264
0.8239012642986153
0.936484045755569
0.827212522576761
0.8226971703792896
0.9367850692354004
0.8777844671884407
0.8410596026490066
0.8633353401565322
0.8970499698976521
0.8708609271523179
0.8479831426851294
0.8311258278145696
0.9136062612883805
0.827212522576761
0.8157736303431667
0.8260084286574353
0.8034316676700782
0.7850692354003612
0.8579169175195666
0.9298615291992776
0.8320288982540638
0.9102950030102348
0.9154124021673691
0.8955448524984949
0.7206502107164359
0.8585189644792294
0.8756773028296208
0.9021673690547862
0.8847080072245636
0.8898254063816978
0.7101143889223359
0.892835641180012
0.8982540638169777
0.8007224563515954
0.7953040337146298
0.7931968693558098
0.7931968693558098
0.8196869355809753
0.8407585791691752
0.8001204093919325
0.8527995183624323
0.876580373269115
0.8344370860927153
0.8603251053582179
0.7790487658037327
0.8142685129440096
0.8955448524984949
0.8464780252859723
0.9500301023479831
0.8636363636363636
0.8699578567128236
0.8609271523178808
0.9208308248043348
0.8859121011438892
0.8040337146297412
0.8404575556893438
0.8922335942203492
0.8467790487658038
0.8537025888019265
0.9205298013245033
0.8826008428657435
0.8997591812161349
0.8774834437086093
0.8868151715833835
0.7019867549668874
0.9006622516556292
0.726369656833233
0.8317278747742324
0.8214930764599638
0.8488862131246238
0.885009030704395
0.8672486453943408
0.8079470198675497
0.921733895243829
0.8010234798314269
0.8847080072245636
0.8112582781456954
0.9160144491270319
0.9575556893437688
0.8534015653220951
0.9130042143287176
0.8549066827212523
0.8856110776640578
0.9039735099337748
0.8877182420228777
0.7125225767609874
0.9114990969295605
0.822998193859121
0.8010234798314269
0.8985550872968091
0.9099939795304034
0.8877182420228777
0.9382901866345575
0.9027694160144492
0.7859723058398556
0.8627332931968693
0.8931366646598434
0.8958458759783263
0.8780854906682721
0.8756773028296208
0.8040337146297412
0.8365442504515352
0.9352799518362432
0.9124021673690548
0.9434075857916917
0.9130042143287176
0.9325707405177603
0.8768813967489464
0.8278145695364238
0.7570740517760385
0.9003612281757977
0.9124021673690548
0.7790487658037327
0.8052378085490668
0.7835641180012041
0.9066827212522577
0.863937387116195
0.8594220349187237
0.9247441300421433
0.779951836243227
0.8687537627934979
0.8916315472606864
0.7576760987357014
0.8973509933774835
0.7525586995785671
0.8669476219145094
0.8524984948826009
0.8916315472606864
0.7146297411198074
0.8007224563515954
0.8362432269717038
0.8952438290186635
0.8034316676700782
0.9479229379891632
0.899157134256472
0.7408187838651414
0.7925948223961469
0.8359422034918723
0.8287176399759181
0.856110776640578
0.796207104154124
0.7989163154726069
0.8543046357615894
0.8913305237808549
0.8205900060204696
0.8136664659843468
0.8838049367850692
0.8964479229379891
0.8792895845875979
0.7552679108970499
0.9108970499698976
0.9596628537025887
0.7904876580373269
0.7453341360626129
0.7910897049969897
0.8479831426851294
0.7384105960264901
0.7453341360626129
0.9178205900060205
0.8669476219145094
0.7522576760987357
0.8970499698976521
0.9226369656833233
0.9060806742925949
0.7844671884406984
0.7528597230583985
0.7245635159542444
0.8645394340758579
0.8467790487658038
0.8245033112582781
0.8338350391330523
0.884406983744732
0.8503913305237809
0.8726670680313064
0.938591210114389
0.8871161950632149
0.8573148705599036
0.8214930764599638
0.8630343166767008
0.8762793497892836
0.8537025888019265
0.8684527393136665
0.7676098735701384
0.8260084286574353
0.9608669476219145
0.8537025888019265
0.7950030102347984
0.7871763997591812
0.8473810957254666
0.8552077062010837
0.8100541842263697
0.732691149909693
0.7095123419626731
0.829319686935581
0.8567128236002408
0.8705599036724865
0.8106562311860325
0.9030704394942806
0.9358819987959061
0.8362432269717038
0.8615291992775437
0.7299819385912101
0.8669476219145094
0.7649006622516556
0.8136664659843468
0.8615291992775437
0.8260084286574353
0.9003612281757977
0.8458759783263095
0.8597230583985551
0.9087898856110777
0.8690547862733293
0.8443708609271523
0.775737507525587
0.8633353401565322
0.847682119205298
0.8332329921733895
0.8636363636363636
0.8356411800120409
0.8254063816977725
0.8175797712221553
0.8946417820590006
0.839855508729681
0.8434677904876581
0.8826008428657435
0.7507525586995786
0.8401565322095124
0.7892835641180012
0.8160746538229982
0.8567128236002408
0.8747742323901264
0.8672486453943408
0.9232390126429861
0.8284166164960867
0.8645394340758579
0.9187236604455148
0.7925948223961469
0.8735701384708007
0.8813967489464178
0.9382901866345575
0.8916315472606864
0.9334738109572547
0.9382901866345575
0.9409993979530403
0.9253461770018061
0.847682119205298
0.9069837447320891
0.8479831426851294
0.8395544852498494
0.7555689343768814
0.8419626730885009
0.9229379891631547
0.7335942203491872
0.839855508729681
0.9476219145093318
0.9024683925346177
0.9021673690547862
0.9072847682119205
0.784166164960867
0.851896447922938
0.9503311258278145
0.6905478627332932
0.8311258278145696
0.8883202889825407
0.8040337146297412
0.8112582781456954
0.8633353401565322
0.893437688139675
0.9036724864539434
0.9334738109572547
0.8633353401565322
0.8801926550270921
0.8281155930162553
0.9172185430463576
0.8527995183624323
0.885009030704395
0.9349789283564118
0.8007224563515954
0.8512944009632751
0.8877182420228777
0.9331727874774233
0.8558097531607466
0.8338350391330523
0.8449729078868151
0.9491270319084889
0.7718242022877785
0.9289584587597832
0.8232992173389524
0.9099939795304034
0.7360024081878387
0.9093919325707405
0.884406983744732
0.8278145695364238
0.8503913305237809
0.8338350391330523
0.956953642384106
0.858217940999398
0.9193257074051776
0.8946417820590006
0.7528597230583985
0.8603251053582179
0.8151715833835039
0.8925346177001806
0.7456351595424443
0.8257074051776039
0.829319686935581
0.8428657435279951
0.909692956050572
0.7998193859121011
0.9172185430463576
0.8359422034918723
0.791992775436484
0.8780854906682721
0.8696568332329921
0.6733895243829019
0.9343768813967489
0.7513546056592414
0.8699578567128236
0.8407585791691752
0.8735701384708007
0.9211318482841662
0.8780854906682721
0.9154124021673691
0.9187236604455148
0.9452137266706803
0.9220349187236604
0.75948223961469
0.8320288982540638
0.7712221553281156
0.847682119205298
0.7844671884406984
0.6938591210114389
0.8410596026490066
0.8359422034918723
0.8847080072245636
0.7441300421432872
0.9211318482841662
0.9084888621312462
0.7567730282962071
0.8482841661649608
0.8118603251053582
0.8819987959060807
0.9431065623118603
0.8166767007826611
0.8633353401565322
0.7555689343768814
0.7642986152919927
0.8549066827212523
0.7089102950030103
0.6938591210114389
0.831426851294401
0.9286574352799518
0.8401565322095124
0.8178807947019867
0.8458759783263095
0.7928958458759783
0.8537025888019265
0.8058398555087297
0.8931366646598434
0.9163154726068633
0.7907886815171583
0.9325707405177603
0.8058398555087297
0.8603251053582179
0.8693558097531607
0.7802528597230584
0.7823600240818784
0.930162552679109
0.7354003612281758
0.8732691149909693
0.7784467188440698
0.893437688139675
0.8416616496086695
0.8609271523178808
0.8672486453943408
0.6815171583383504
0.8299217338952438
0.7817579771222155
0.8290186634557496
0.8326309452137267
0.8106562311860325
0.8753762793497892
0.9566526189042746
0.8383503913305238
0.9018663455749548
0.8570138470800722
0.8269114990969295
0.9376881396748946
0.8657435279951836
0.9437086092715232
0.7230583985550872
0.9370860927152318
0.973208910295003
0.9512341962673089
0.7567730282962071
0.7730282962071041
0.8287176399759181
0.8377483443708609
0.8576158940397351
0.9247441300421433
0.9367850692354004
0.7742323901264299
0.8416616496086695
0.8798916315472607
0.845574954846478
0.8524984948826009
0.8952438290186635
0.872366044551475
0.863937387116195
0.9262492474413004
0.917519566526189
0.8552077062010837
0.7889825406381697
0.7826610475617098
0.7052980132450332
0.9304635761589404
0.841360626128838
0.9256472004816376
0.822998193859121
0.885009030704395
0.810957254665864
0.8308248043347382
0.8242022877784467
0.7519566526189043
0.8994581577363034
0.885009030704395
0.9572546658639374
0.7664057796508128
0.8281155930162553
0.8353401565322095
0.7639975918121613
0.7992173389524383
0.7639975918121613
0.8783865141481035
0.8931366646598434
0.720048163756773
0.9319686935580975
0.8133654425045154
0.7450331125827815
0.8043347381095726
0.8419626730885009
0.7212522576760987
0.7293798916315473
0.9003612281757977
0.8275135460565924
0.8910295003010235
0.9105960264900662
0.7627934978928357
0.8841059602649006
0.8783865141481035
0.9000602046959663
0.8822998193859121
0.8895243829018663
0.8115593016255268
0.8329319686935581
0.8940397350993378
0.9416014449127031
0.8362432269717038
0.7781456953642384
0.8245033112582781
0.8217940999397954
0.8555087296809151
0.8892233594220349
0.975316074653823
0.8236002408187839
0.9397953040337146
0.7850692354003612
0.8777844671884407
0.8007224563515954
0.8714629741119807
0.8955448524984949
0.8678506923540036
0.928055388320289
0.9250451535219747
0.8964479229379891
0.7197471402769416
0.7513546056592414
0.9602649006622517
0.9084888621312462
0.9127031908488862
0.8804936785069235
0.8552077062010837
0.8633353401565322
0.7883804936785069
0.8958458759783263
0.6574352799518363
0.8886213124623721
0.8320288982540638
0.8512944009632751
0.9250451535219747
0.8332329921733895
0.8245033112582781
0.8597230583985551
0.8446718844069837
0.8937387116195064
0.9048765803732691
0.8576158940397351
0.9337748344370861
0.8946417820590006
0.831426851294401
0.8356411800120409
0.8299217338952438
0.8299217338952438
0.8503913305237809
0.8461770018061409
0.8759783263094522
0.9452137266706803
0.8434677904876581
0.8552077062010837
0.8690547862733293
0.8669476219145094
0.8705599036724865
0.8919325707405178
0.9536423841059603
0.7019867549668874
0.8531005418422637
0.8669476219145094
0.8178807947019867
0.9268512944009633
0.9635761589403974
0.8509933774834437
0.7615894039735099
0.8365442504515352
0.851896447922938
0.8988561107766406
0.8627332931968693
0.9009632751354606
0.7895845875978327
0.8970499698976521
0.9145093317278747
0.9560505719446116
0.8175797712221553
0.7739313666465985
0.8223961468994582
0.8838049367850692
0.8807947019867549
0.8609271523178808
0.8735701384708007
0.7880794701986755
0.8269114990969295
0.8826008428657435
0.8464780252859723
0.8482841661649608
0.8515954244431065
0.9328717639975919
0.9027694160144492
0.7555689343768814
0.9063816977724263
0.8696568332329921
0.8217940999397954
0.8052378085490668
0.8889223359422035
0.5
0.9304635761589404
0.8503913305237809
0.9316676700782661
0.8946417820590006
0.938591210114389
0.8898254063816978
0.8853100541842264
0.8263094521372667
0.6730885009030705
0.8371462974111981
0.8245033112582781
0.8305237808549066
0.839253461770018
0.9027694160144492
0.8275135460565924
0.8431667670078266
0.9698976520168573
0.911198073449729
0.9039735099337748
0.9030704394942806
0.9051776038531005
0.8913305237808549
0.9018663455749548
0.9114990969295605
0.8573148705599036
0.8573148705599036
0.8428657435279951
0.8937387116195064
0.8904274533413606
0.8973509933774835
0.8654425045153522
0.9220349187236604
0.8964479229379891
0.8552077062010837
0.8214930764599638
0.925948223961469
0.777844671884407
0.9015653220951234
0.9494280553883203
0.8515954244431065
0.9253461770018061
0.9145093317278747
0.7679108970499698
0.9090909090909091
0.8591210114388922
0.9184226369656833
0.8976520168573149
0.8889223359422035
0.9202287778446718
0.8422636965683323
0.8365442504515352
0.8284166164960867
0.9003612281757977
0.8997591812161349
0.9313666465984347
0.818783865141481
0.8320288982540638
0.9382901866345575
0.8762793497892836
0.8503913305237809
0.8871161950632149
0.863937387116195
0.8979530403371463
0.8838049367850692
0.962673088500903
0.7787477423239013
0.8768813967489464
0.8103552077062011
0.8937387116195064
0.9211318482841662
0.9449127031908489
0.7931968693558098
0.8910295003010235
0.8076459963877183
0.9018663455749548
0.8904274533413606
0.863937387116195
0.7257676098735701
0.9686935580975317
0.8792895845875979
0.8242022877784467
0.7901866345574955
0.8266104756170981
0.8612281757977123
0.8410596026490066
0.7947019867549668
0.8013245033112583
0.9286574352799518
0.8506923540036123
0.8097531607465382
0.7965081276339554
0.9166164960866947
0.769416014449127
0.802528597230584
0.8940397350993378
0.8606261288380493
0.8440698374473209
0.9419024683925347
0.9313666465984347
0.8654425045153522
0.7995183624322697
0.8597230583985551
0.9566526189042746
0.8627332931968693
0.8245033112582781
0.8010234798314269
0.8729680915111379
0.74894641782059
0.8804936785069235
0.8783865141481035
0.894942805538832
0.8380493678506924
0.930162552679109
0.8633353401565322
0.8624322697170379
0.8615291992775437
0.7853702588801926
0.8512944009632751
0.7904876580373269
0.8877182420228777
0.9355809753160746
0.784166164960867
0.8344370860927153
0.8290186634557496
0.8940397350993378
0.9078868151715834
0.9193257074051776
0.8832028898254064
0.876580373269115
0.9006622516556292
0.8380493678506924
0.9199277543648404
0.8512944009632751
0.9611679711017459
0.8708609271523179
0.8512944009632751
0.6673690547862733
0.8157736303431667
0.9470198675496688
0.7495484647802528
0.8341360626128838
0.9142083082480433
0.8901264298615292
0.8988561107766406
0.8804936785069235
0.8034316676700782
0.8862131246237207
0.8527995183624323
0.9473208910295003
0.9127031908488862
0.9075857916917519
0.9521372667068031
0.9081878386514148
0.8254063816977725
0.9361830222757375
0.8642384105960265
0.8500903070439494
0.8085490668272125
0.8359422034918723
0.7892835641180012
0.8826008428657435
0.8678506923540036
0.810957254665864
0.8428657435279951
0.8910295003010235
0.8329319686935581
0.8085490668272125
0.7098133654425045
0.777844671884407
0.8458759783263095
0.8901264298615292
0.7790487658037327
0.9003612281757977
0.839855508729681
0.7597832630945214
0.878687537627935
0.9241420830824805
0.9093919325707405
0.8603251053582179
0.8558097531607466
0.885009030704395
0.75105358217941
0.8648404575556894
0.8019265502709211
0.851896447922938
0.8449729078868151
0.8311258278145696
0.882901866345575
0.8341360626128838
0.8768813967489464
0.8916315472606864
0.800421432871764
0.938591210114389
0.820891029500301
0.800421432871764
0.8148705599036725
0.9229379891631547
0.7865743527995184
0.8341360626128838
0.8154726068633353
0.8485851896447923
0.785671282360024
0.829319686935581
0.9208308248043348
0.7630945213726671
0.8783865141481035
0.9388922335942204
0.8853100541842264
0.8841059602649006
0.8898254063816978
0.8383503913305238
0.8958458759783263
0.8061408789885611
0.8223961468994582
0.8609271523178808
0.8073449729078868
0.8711619506321493
0.8500903070439494
0.8184828416616496
0.8202889825406382
0.9108970499698976
0.8853100541842264
0.8193859121011439
0.9271523178807947
0.8341360626128838
0.9244431065623119
0.8904274533413606
0.9479229379891632
0.866646598434678
0.6444912703190849
0.7709211318482841
0.9596628537025887
0.8973509933774835
0.8452739313666466
0.8750752558699578
0.8329319686935581
0.8645394340758579
0.813064419024684
0.8266104756170981
0.8115593016255268
0.7375075255869958
0.7992173389524383
0.7910897049969897
0.8889223359422035
0.7977122215532811
0.8916315472606864
0.8500903070439494
0.9292594822396147
0.7790487658037327
0.75316074653823
0.8145695364238411
0.741119807344973
0.7579771222155328
0.8868151715833835
0.9030704394942806
0.7805538832028899
0.9229379891631547
0.847682119205298
0.9090909090909091
0.8672486453943408
0.8085490668272125
0.7558699578567128
0.8296207104154124
0.8531005418422637
0.8955448524984949
0.812462372065021
0.8871161950632149
0.9184226369656833
0.6986754966887417
0.8955448524984949
0.8422636965683323
0.8452739313666466
0.9238410596026491
0.8618302227573751
0.9066827212522577
0.9241420830824805
0.9169175195665262
0.7748344370860927
0.847682119205298
0.841360626128838
0.8482841661649608
0.7751354605659242
0.8862131246237207
0.7709211318482841
0.8798916315472607
0.8281155930162553
0.9105960264900662
0.7667068031306442
0.9093919325707405
0.8792895845875979
0.8133654425045154
0.8651414810355208
0.8747742323901264
0.8428657435279951
0.8467790487658038
0.8178807947019867
0.863937387116195
0.800421432871764
0.8452739313666466
0.8591210114388922
0.6559301625526791
0.8913305237808549
0.7516556291390728
0.9160144491270319
0.9560505719446116
0.8428657435279951
0.8058398555087297
0.8777844671884407
0.7796508127633955
0.7974111980734497
0.8762793497892836
0.7420228777844672
0.858217940999398
0.893437688139675
0.841360626128838
0.8633353401565322
0.9397953040337146
0.7974111980734497
0.8491872366044552
0.8163756773028297
0.8386514148103552
0.8254063816977725
0.9108970499698976
0.8832028898254064
0.9340758579169175
0.7600842865743528
0.7350993377483444
0.9289584587597832
0.8527995183624323
0.854003612281758
0.8320288982540638
0.9283564118001204
0.7868753762793498
0.9081878386514148
0.8955448524984949
0.890728476821192
0.7661047561709813
0.7956050571944612
0.928055388320289
0.7655027092113185
0.831426851294401
0.9069837447320891
0.8865141481035521
0.7989163154726069
0.8669476219145094
0.7504515352197472
0.7369054786273329
0.7676098735701384
0.8305237808549066
0.851896447922938
0.8160746538229982
0.8994581577363034
0.8642384105960265
0.8898254063816978
0.9160144491270319
0.8431667670078266
0.8157736303431667
0.8832028898254064
0.8795906080674293
0.812462372065021
0.8091511137868754
0.9133052378085491
0.8058398555087297
0.9003612281757977
0.9081878386514148
0.9051776038531005
0.8127633955448526
0.8970499698976521
0.8019265502709211
0.8651414810355208
0.8395544852498494
0.8636363636363636
0.8263094521372667
0.7745334136062613
0.8422636965683323
0.8067429259482239
0.8588199879590608
0.8127633955448526
0.9614689945815773
0.903371462974112
0.8720650210716436
0.9121011438892234
0.9500301023479831
0.8527995183624323
0.892835641180012
0.9316676700782661
0.9072847682119205
0.7013847080072245
0.9048765803732691
0.8482841661649608
0.944310656231186
0.863937387116195
0.7868753762793498
0.8994581577363034
0.9238410596026491
0.8531005418422637
0.7889825406381697
0.921733895243829
0.8362432269717038
0.7971101745936183
0.7444310656231186
0.8943407585791692
0.7609873570138471
0.8524984948826009
0.8527995183624323
0.8425647200481637
0.8892233594220349
0.8323299217338952
0.8223961468994582
0.8552077062010837
0.7185430463576159
0.965382299819386
0.9048765803732691
0.9166164960866947
0.8973509933774835
0.911800120409392
0.7715231788079471
0.9054786273329319
0.8645394340758579
0.8976520168573149
0.8549066827212523
0.812462372065021
0.8416616496086695
0.9078868151715834
0.9015653220951234
0.9202287778446718
0.7474413004214329
0.8232992173389524
0.44551475015051173
0.8756773028296208
0.8509933774834437
0.7871763997591812
0.8428657435279951
0.813064419024684
0.9310656231186033
0.75316074653823
0.8094521372667068
0.8705599036724865
0.872366044551475
0.8509933774834437
0.8506923540036123
0.9181216134858519
0.8645394340758579
0.8678506923540036
0.9373871161950632
0.8588199879590608
0.8964479229379891
0.8567128236002408
0.7802528597230584
0.8479831426851294
0.8443708609271523
0.767308850090307
0.8103552077062011
0.7387116195063215
0.8678506923540036
0.8636363636363636
0.8546056592414208
0.8874172185430463
0.8901264298615292
0.8338350391330523
0.8579169175195666
0.9021673690547862
0.9470198675496688
0.9720048163756773
0.8139674894641782
0.9136062612883805
0.9214328717639976
0.917519566526189
0.7971101745936183
0.9214328717639976
0.9136062612883805
0.7953040337146298
0.8512944009632751
0.9009632751354606
0.8871161950632149
0.9081878386514148
0.9241420830824805
0.8708609271523179
0.9142083082480433
0.901264298615292
0.7167369054786273
0.8630343166767008
0.9440096327513546
0.8564118001204094
0.956953642384106
0.4644792293798916
0.8862131246237207
0.8166767007826611
0.9298615291992776
0.8287176399759181
0.8055388320288982
0.8750752558699578
0.8964479229379891
0.7564720048163757
0.8223961468994582
0.8832028898254064
0.8175797712221553
0.9262492474413004
0.849789283564118
0.8630343166767008
0.8958458759783263
0.8753762793497892
0.8669476219145094
0.9316676700782661
0.8479831426851294
0.9232390126429861
0.8452739313666466
0.7826610475617098
0.8615291992775437
0.7796508127633955
0.9066827212522577
0.9075857916917519
0.9334738109572547
0.9087898856110777
0.872366044551475
0.8311258278145696
0.8567128236002408
0.9400963275135461
0.8832028898254064
0.9428055388320289
0.851896447922938
0.8904274533413606
0.847682119205298
0.8618302227573751
0.8859121011438892
0.8555087296809151
0.9304635761589404
0.9048765803732691
0.8988561107766406
0.798314268512944
0.9397953040337146
0.8699578567128236
0.866044551475015
0.800421432871764
0.8618302227573751
0.8997591812161349
0.8461770018061409
0.8627332931968693
0.8771824202287778
0.7293798916315473
0.8573148705599036
0.885009030704395
0.8479831426851294
0.7766405779650812
0.820891029500301
0.8389524382901866
0.9021673690547862
0.8452739313666466
0.9009632751354606
0.8151715833835039
0.8564118001204094
0.8621312462372065
0.8922335942203492
0.9108970499698976
0.813064419024684
0.7998193859121011
0.8416616496086695
0.829319686935581
0.7760385310054184
0.8446718844069837
0.938591210114389
0.894942805538832
0.8895243829018663
0.8515954244431065
0.8567128236002408
0.8645394340758579
0.8091511137868754
0.8862131246237207
0.8889223359422035
0.8278145695364238
0.8175797712221553
0.8862131246237207
0.8826008428657435
0.839253461770018
0.9331727874774233
0.8841059602649006
0.8898254063816978
0.9370860927152318
0.8236002408187839
0.9102950030102348
0.9045755568934377
0.9114990969295605
0.8446718844069837
0.8061408789885611
0.9334738109572547
0.9081878386514148
0.7715231788079471
0.7808549066827213
0.8871161950632149
0.8654425045153522
0.9190246839253462
0.8148705599036725
0.7013847080072245
0.9437086092715232
0.8669476219145094
0.9232390126429861
0.9163154726068633
0.8973509933774835
0.9199277543648404
0.8521974714027695
0.7552679108970499
0.7703190848886213
0.7477423239012643
0.7787477423239013
0.9139072847682119
0.8537025888019265
0.9629741119807345
0.6113786875376279
0.903371462974112
0.9382901866345575
0.8627332931968693
0.9316676700782661
0.8970499698976521
0.9039735099337748
0.8886213124623721
0.866044551475015
0.856110776640578
0.7582781456953642
0.8904274533413606
0.7570740517760385
0.8323299217338952
0.9078868151715834
0.9518362432269717
0.8937387116195064
0.8416616496086695
0.8636363636363636
0.8615291992775437
0.8043347381095726
0.9160144491270319
0.8795906080674293
0.8491872366044552
0.9400963275135461
0.8401565322095124
0.7971101745936183
0.878687537627935
0.876580373269115
0.9587597832630945
0.8720650210716436
0.8759783263094522
0.7621914509331728
0.8001204093919325
0.7519566526189043
0.8193859121011439
0.8052378085490668
0.796207104154124
0.8789885611077664
0.9708007224563516
0.8919325707405178
0.8997591812161349
0.8621312462372065
0.8871161950632149
0.9298615291992776
0.8913305237808549
0.9030704394942806
0.8925346177001806
0.8055388320288982
0.9220349187236604
0.8353401565322095
0.8777844671884407
0.8591210114388922
0.9388922335942204
0.7233594220349188
0.8419626730885009
0.8028296207104154
0.9289584587597832
0.8317278747742324
0.9081878386514148
0.8603251053582179
0.827212522576761
0.8299217338952438
0.8672486453943408
0.8151715833835039
0.9021673690547862
0.7965081276339554
0.7639975918121613
0.7447320891029501
0.9455147501505118
0.8919325707405178
0.8678506923540036
0.9009632751354606
0.9075857916917519
0.8419626730885009
0.8232992173389524
0.937989163154726
0.8254063816977725
0.8458759783263095
0.8106562311860325
0.8440698374473209
0.9057796508127633
0.8925346177001806
0.810957254665864
0.7934978928356412
0.8214930764599638
0.9208308248043348
0.7552679108970499
0.8904274533413606
0.9247441300421433
0.7630945213726671
0.829319686935581
0.899157134256472
0.8940397350993378
0.8531005418422637
0.8485851896447923
0.9265502709211318
0.7968091511137869
0.8690547862733293
0.8675496688741722
0.7579771222155328
0.8121613485851896
0.7853702588801926
0.9530403371462974
0.8615291992775437
0.8898254063816978
0.9343768813967489
0.7944009632751354
0.9349789283564118
0.6845273931366647
0.6396748946417821
0.9102950030102348
0.9157134256472005
0.9244431065623119
0.804635761589404
0.9572546658639374
0.8139674894641782
0.7868753762793498
0.7817579771222155
0.911198073449729
0.8783865141481035
0.8356411800120409
0.8826008428657435
0.8386514148103552
0.9093919325707405
0.8181818181818182
0.9069837447320891
0.8973509933774835
0.8440698374473209
0.9057796508127633
0.8070439494280554
0.8425647200481637
0.8199879590608068
0.8967489464178205
0.7977122215532811
0.7344972907886815
0.7086092715231788
0.8512944009632751
0.8597230583985551
0.9054786273329319
0.7606863335340156
0.8892233594220349
0.8311258278145696
0.726369656833233
0.8871161950632149
0.8585189644792294
0.784166164960867
0.8534015653220951
0.8904274533413606
0.9075857916917519
0.8242022877784467
0.9157134256472005
0.6926550270921132
0.8892233594220349
0.8780854906682721
0.8127633955448526
0.8913305237808549
0.8389524382901866
0.8488862131246238
0.9124021673690548
0.8037326911499096
0.9355809753160746
0.9139072847682119
0.8389524382901866
0.911198073449729
0.9063816977724263
0.8702588801926551
0.8856110776640578
0.8145695364238411
0.8416616496086695
0.7519566526189043
0.894942805538832
0.9316676700782661
0.769416014449127
0.8290186634557496
0.8913305237808549
0.825105358217941
0.9181216134858519
0.8007224563515954
0.8509933774834437
0.9400963275135461
0.9099939795304034
0.8937387116195064
0.8290186634557496
0.9060806742925949
0.8654425045153522
0.8708609271523179
0.8079470198675497
0.8010234798314269
0.9102950030102348
0.8007224563515954
0.8696568332329921
0.8160746538229982
0.8263094521372667
0.8684527393136665
0.7453341360626129
0.8145695364238411
0.9081878386514148
0.810957254665864
0.839253461770018
0.9181216134858519
0.8347381095725467
0.8184828416616496
0.8570138470800722
0.878687537627935
0.8395544852498494
0.8910295003010235
0.8169777242624925
0.7633955448524985
0.8886213124623721
0.8368452739313667
0.8997591812161349
0.7516556291390728
0.8142685129440096
0.8317278747742324
0.8684527393136665
0.8859121011438892
0.7859723058398556
0.9473208910295003
0.8555087296809151
0.9051776038531005
0.9340758579169175
0.8341360626128838
0.8091511137868754
0.8118603251053582
0.7992173389524383
0.928055388320289
0.8097531607465382
0.9169175195665262
0.825105358217941
0.9057796508127633
0.9578567128236002
0.9054786273329319
0.8527995183624323
0.812462372065021
0.8401565322095124
0.7712221553281156
0.8756773028296208
0.9388922335942204
0.8296207104154124
0.8889223359422035
0.8226971703792896
0.8816977724262492
0.8594220349187237
0.8931366646598434
0.8196869355809753
0.9069837447320891
0.8955448524984949
0.8178807947019867
0.9220349187236604
0.7895845875978327
0.8696568332329921
0.8407585791691752
0.8103552077062011
0.9051776038531005
0.8034316676700782
0.8651414810355208
0.9313666465984347
0.800421432871764
0.8395544852498494
0.7287778446718844
0.893437688139675
0.8521974714027695
0.8362432269717038
0.8636363636363636
0.8931366646598434
0.8943407585791692
0.9334738109572547
0.858217940999398
0.7811559301625527
0.8901264298615292
0.9686935580975317
0.8434677904876581
0.827212522576761
0.8747742323901264
0.8847080072245636
0.8509933774834437
0.8768813967489464
0.8458759783263095
0.8729680915111379
0.8404575556893438
0.8771824202287778
0.858217940999398
0.9105960264900662
0.8386514148103552
0.892835641180012
0.8883202889825407
0.8058398555087297
0.8202889825406382
0.9006622516556292
0.8711619506321493
0.7889825406381697
0.8901264298615292
0.7998193859121011
0.8711619506321493
0.8747742323901264
0.9292594822396147
0.8552077062010837
0.8082480433473811
0.9063816977724263
0.8269114990969295
0.7676098735701384
0.7953040337146298
0.8479831426851294
0.9024683925346177
0.7360024081878387
0.8889223359422035
0.8494882600842866
0.8717639975918121
0.8600240818783865
0.8940397350993378
0.9024683925346177
0.8287176399759181
0.8567128236002408
0.9533413606261288
0.825105358217941
0.885009030704395
0.8916315472606864
0.9024683925346177
0.8789885611077664
0.8410596026490066
0.8865141481035521
0.8579169175195666
0.8019265502709211
0.8010234798314269
0.7667068031306442
0.8479831426851294
0.8136664659843468
0.8524984948826009
0.7880794701986755
0.8600240818783865
0.7188440698374473
0.8503913305237809
0.8738711619506322
0.8768813967489464
0.9105960264900662
0.7636965683323299
0.7980132450331126
0.8868151715833835
0.9277543648404576
0.7275737507525587
0.9136062612883805
0.9352799518362432
0.6538229981938591
0.6020469596628537
0.9151113786875377
0.8711619506321493
0.8937387116195064
0.8236002408187839
0.9054786273329319
0.9136062612883805
0.8263094521372667
0.7549668874172185
0.8299217338952438
0.8795906080674293
0.8552077062010837
0.7661047561709813
0.8275135460565924
0.9665863937387116
0.8847080072245636
0.9223359422034919
0.8669476219145094
0.9027694160144492
0.8801926550270921
0.8964479229379891
0.9078868151715834
0.858217940999398
0.9163154726068633
0.845574954846478
0.8239012642986153
0.8419626730885009
0.8440698374473209
0.8311258278145696
0.7191450933172787
0.8603251053582179
0.8223961468994582
0.8940397350993378
0.8678506923540036
0.7751354605659242
0.8419626730885009
0.7844671884406984
0.7868753762793498
0.8591210114388922
0.9683925346177001
0.8678506923540036
0.8768813967489464
0.9093919325707405
0.9087898856110777
0.9136062612883805
0.8832028898254064
0.9581577363034317
0.9476219145093318
0.8383503913305238
0.8422636965683323
0.8558097531607466
0.8687537627934979
0.7992173389524383
0.8687537627934979
0.8567128236002408
0.8037326911499096
0.8804936785069235
0.9193257074051776
0.9063816977724263
0.8868151715833835
0.8022275737507526
0.9328717639975919
0.831426851294401
0.845574954846478
0.6691751956652618
0.794099939795304
0.8609271523178808
0.9105960264900662
0.7691149909692956
0.9370860927152318
0.8546056592414208
0.8684527393136665
0.8335340156532209
0.874473208910295
0.8106562311860325
0.872366044551475
0.7685129440096328
0.8079470198675497
0.7414208308248044
0.9042745334136063
0.7706201083684527
0.9373871161950632
0.7944009632751354
0.8275135460565924
0.858217940999398
0.9656833232992174
0.8931366646598434
0.8549066827212523
0.928055388320289
0.7823600240818784
0.8892233594220349
0.9373871161950632
0.8058398555087297
0.9087898856110777
0.8819987959060807
0.8091511137868754
0.858217940999398
0.7913907284768212
0.8886213124623721
0.9018663455749548
0.8892233594220349
0.6803130644190247
0.7284768211920529
0.9455147501505118
0.8356411800120409
0.8377483443708609
0.9163154726068633
0.8714629741119807
0.8386514148103552
0.8211920529801324
0.8061408789885611
0.9151113786875377
0.7874774232390126
0.8747742323901264
0.7465382299819386
0.7125225767609874
0.8892233594220349
0.8859121011438892
0.8245033112582781
0.9166164960866947
0.9015653220951234
0.8741721854304636
0.7877784467188441
0.9009632751354606
0.7618904274533413
0.9048765803732691
0.9108970499698976
0.8663455749548464
0.8052378085490668
0.8118603251053582
0.8425647200481637
0.24382901866345574
0.8064419024683925
0.8515954244431065
0.9045755568934377
0.7685129440096328
0.8178807947019867
0.8172787477423239
0.8642384105960265
0.7161348585189645
0.9160144491270319
0.8708609271523179
0.8407585791691752
0.5842865743527995
0.8711619506321493
0.8985550872968091
0.8642384105960265
0.847682119205298
0.8121613485851896
0.8678506923540036
0.794099939795304
0.8320288982540638
0.8245033112582781
0.8687537627934979
0.8437688139674895
0.8365442504515352
0.8738711619506322
0.8061408789885611
0.9121011438892234
0.8756773028296208
0.8600240818783865
0.8172787477423239
0.8940397350993378
0.9105960264900662
0.7889825406381697
0.9093919325707405
0.8142685129440096
0.8509933774834437
0.9169175195665262
0.7916917519566526
0.9102950030102348
0.8946417820590006
0.8832028898254064
0.8729680915111379
0.8940397350993378
0.8847080072245636
0.8419626730885009
0.7974111980734497
0.8317278747742324
0.8151715833835039
0.9036724864539434
0.8181818181818182
0.8278145695364238
0.8488862131246238
0.8759783263094522
0.8564118001204094
0.9172185430463576
0.890728476821192
0.9268512944009633
0.7609873570138471
0.7679108970499698
0.8792895845875979
0.874473208910295
0.8741721854304636
0.8994581577363034
0.8368452739313667
0.9786273329319687
0.8151715833835039
0.7934978928356412
0.786273329319687
0.8967489464178205
0.9057796508127633
0.8374473208910295
0.839855508729681
0.937989163154726
0.8509933774834437
0.9199277543648404
0.810957254665864
0.8798916315472607
0.831426851294401
0.8434677904876581
0.9042745334136063
0.9316676700782661
0.8534015653220951
0.8726670680313064
0.9247441300421433
0.8329319686935581
0.8166767007826611
0.7667068031306442
0.8290186634557496
0.841360626128838
0.8425647200481637
0.7922937989163155
0.9003612281757977
0.8714629741119807
0.8726670680313064
0.7567730282962071
0.8943407585791692
0.8711619506321493
0.7742323901264299
0.9081878386514148
0.7534617700180614
0.9425045153521975
0.8127633955448526
0.9349789283564118
0.8040337146297412
0.839855508729681
0.8226971703792896
0.8795906080674293
0.7185430463576159
0.9400963275135461
0.8341360626128838
0.962673088500903
0.8160746538229982
0.8859121011438892
0.75737507525587
0.8801926550270921
0.7865743527995184
0.7922937989163155
0.8883202889825407
0.9063816977724263
0.8714629741119807
0.9473208910295003
0.9006622516556292
0.8946417820590006
0.9057796508127633
0.8217940999397954
0.8880192655027093
0.8801926550270921
0.8166767007826611
0.8281155930162553
0.911800120409392
0.8859121011438892
0.8922335942203492
0.8001204093919325
0.8573148705599036
0.8591210114388922
0.796207104154124
0.9388922335942204
0.9060806742925949
0.8010234798314269
0.8741721854304636
0.9003612281757977
0.8690547862733293
0.8898254063816978
0.890728476821192
0.8958458759783263
0.8437688139674895
0.8097531607465382
0.9139072847682119
0.9054786273329319
0.9361830222757375
0.9355809753160746
0.9169175195665262
0.9397953040337146
0.9000602046959663
0.8196869355809753
0.9265502709211318
0.7934978928356412
0.8479831426851294
0.8711619506321493
0.8531005418422637
0.8160746538229982
0.8832028898254064
0.7850692354003612
0.9337748344370861
0.8627332931968693
0.7925948223961469
0.8967489464178205
0.9145093317278747
0.7278747742323901
0.937989163154726
0.8901264298615292
0.9292594822396147
0.8732691149909693
0.8669476219145094
0.8452739313666466
0.8636363636363636
0.866044551475015
0.8446718844069837
0.8419626730885009
0.8064419024683925
0.9000602046959663
0.9108970499698976
0.8169777242624925
0.8257074051776039
0.8127633955448526
0.9051776038531005
0.8603251053582179
0.8461770018061409
0.8633353401565322
0.8103552077062011
0.8895243829018663
0.8350391330523781
0.8832028898254064
0.7826610475617098
0.8895243829018663
0.8311258278145696
0.9262492474413004
0.8488862131246238
0.8994581577363034
0.9051776038531005
0.8669476219145094
0.9656833232992174
0.9361830222757375
0.856110776640578
0.863937387116195
0.9039735099337748
0.8714629741119807
0.9211318482841662
0.8792895845875979
0.948524984948826
0.8175797712221553
0.7453341360626129
0.8115593016255268
0.8485851896447923
0.5963275135460566
0.8943407585791692
0.9015653220951234
0.8672486453943408
0.779951836243227
0.8795906080674293
0.8874172185430463
0.851896447922938
0.8184828416616496
0.7868753762793498
0.9220349187236604
0.9437086092715232
0.8868151715833835
0.882901866345575
0.7916917519566526
0.8326309452137267
0.9190246839253462
0.9458157736303432
0.8645394340758579
0.8627332931968693
0.767308850090307
0.9090909090909091
0.779951836243227
0.8961468994581577
0.9090909090909091
0.9419024683925347
0.798314268512944
0.8720650210716436
0.8467790487658038
0.8783865141481035
0.8151715833835039
0.854003612281758
0.9262492474413004
0.8531005418422637
0.8705599036724865
0.8841059602649006
0.8702588801926551
0.8524984948826009
0.8997591812161349
0.8509933774834437
0.9590608067429259
0.8729680915111379
0.7820590006020469
0.8344370860927153
0.8600240818783865
0.8838049367850692
0.8377483443708609
0.8832028898254064
0.7649006622516556
0.845574954846478
0.5764599638771825
0.8341360626128838
0.8070439494280554
0.9069837447320891
0.8958458759783263
0.845574954846478
0.8302227573750752
0.7483443708609272
0.9084888621312462
0.7937989163154726
0.8034316676700782
0.8226971703792896
0.7953040337146298
0.9018663455749548
0.8952438290186635
0.911198073449729
0.9151113786875377
0.8919325707405178
0.7859723058398556
0.9066827212522577
0.8028296207104154
0.8172787477423239
0.8512944009632751
0.7971101745936183
0.8537025888019265
0.9686935580975317
0.8344370860927153
0.9190246839253462
0.9403973509933775
0.8178807947019867
0.8500903070439494
0.8558097531607466
0.964780252859723
0.8612281757977123
0.8895243829018663
0.8404575556893438
0.7817579771222155
0.8494882600842866
0.7700180614087899
0.9494280553883203
0.9108970499698976
0.7369054786273329
0.8982540638169777
0.9187236604455148
0.7655027092113185
0.7853702588801926
0.937989163154726
0.8976520168573149
0.8064419024683925
0.8699578567128236
0.9027694160144492
0.7853702588801926
0.8570138470800722
0.8506923540036123
0.8780854906682721
0.8853100541842264
0.9391932570740518
0.8260084286574353
0.7901866345574955
0.8217940999397954
0.8263094521372667
0.8955448524984949
0.8269114990969295
0.5343166767007826
0.7549668874172185
0.7432269717037929
0.7829620710415413
0.866044551475015
0.8955448524984949
0.7934978928356412
0.8946417820590006
0.8157736303431667
0.839855508729681
0.8190848886213125
0.8052378085490668
0.9163154726068633
0.8410596026490066
0.8675496688741722
0.8573148705599036
0.8329319686935581
0.8678506923540036
0.9491270319084889
0.849789283564118
0.703792895845876
0.8353401565322095
0.45334136062612884
0.9431065623118603
0.8552077062010837
0.7898856110776641
0.9214328717639976
0.8576158940397351
0.8777844671884407
0.7844671884406984
0.8347381095725467
0.7832630945213727
0.8419626730885009
0.8284166164960867
0.9394942805538832
0.863937387116195
0.8832028898254064
0.9286574352799518
0.8898254063816978
0.8822998193859121
0.8220951234196268
0.8847080072245636
0.9253461770018061
0.8506923540036123
0.8389524382901866
0.7998193859121011
0.7844671884406984
0.831426851294401
0.9069837447320891
0.5957254665863937
0.9130042143287176
0.825105358217941
0.8741721854304636
0.8880192655027093
0.8753762793497892
0.8332329921733895
0.8645394340758579
0.8841059602649006
0.8880192655027093
0.9322697170379289
0.8118603251053582
0.9066827212522577
0.8416616496086695
0.845574954846478
0.812462372065021
0.7652016857314871
0.8901264298615292
0.9238410596026491
0.9048765803732691
0.9178205900060205
0.767308850090307
0.8955448524984949
0.884406983744732
0.8838049367850692
0.7591812161348586
0.8239012642986153
0.8016255267910897
0.7739313666465985
0.917519566526189
0.8534015653220951
0.9229379891631547
0.9130042143287176
0.8624322697170379
0.8407585791691752
0.9045755568934377
0.8750752558699578
0.8058398555087297
0.8663455749548464
0.794099939795304
0.8404575556893438
0.8058398555087297
0.8226971703792896
0.7341962673088501
0.8290186634557496
0.8738711619506322
0.8431667670078266
0.9003612281757977
0.7179409993979531
0.8567128236002408
0.9211318482841662
0.9066827212522577
0.8163756773028297
0.8317278747742324
0.930162552679109
0.874473208910295
0.8151715833835039
0.8220951234196268
0.8937387116195064
0.9244431065623119
0.8555087296809151
0.8771824202287778
0.7817579771222155
0.8374473208910295
0.9617700180614088
0.43226971703792894
0.8952438290186635
0.785671282360024
0.8708609271523179
0.7703190848886213
0.9136062612883805
0.8678506923540036
0.8678506923540036
0.9250451535219747
0.7534617700180614
0.9003612281757977
0.9036724864539434
0.9367850692354004
0.8792895845875979
0.8633353401565322
0.8091511137868754
0.8058398555087297
0.8546056592414208
0.8534015653220951
0.9187236604455148
0.813064419024684
0.8759783263094522
0.9419024683925347
0.7947019867549668
0.8774834437086093
0.8651414810355208
0.851896447922938
0.8527995183624323
0.8690547862733293
0.8603251053582179
0.8311258278145696
0.9223359422034919
0.8512944009632751
0.9003612281757977
0.9054786273329319
0.8419626730885009
0.8482841661649608
0.7372065021071643
0.7627934978928357
0.9428055388320289
0.8615291992775437
0.8816977724262492
0.7895845875978327
0.9388922335942204
0.7886815171583383
0.9036724864539434
0.911198073449729
0.741119807344973
0.9148103552077061
0.9572546658639374
0.8344370860927153
0.8621312462372065
0.7664057796508128
0.8546056592414208
0.872366044551475
0.9160144491270319
0.8946417820590006
0.9692956050571945
0.8997591812161349
0.8970499698976521
0.8537025888019265
0.7772426249247442
0.9009632751354606
0.8859121011438892
0.8524984948826009
0.8714629741119807
0.872366044551475
0.8693558097531607
0.9160144491270319
0.8446718844069837
0.962673088500903
0.7832630945213727
0.74262492474413
0.8901264298615292
0.8973509933774835
0.7904876580373269
0.7889825406381697
0.8019265502709211
0.827212522576761
0.75316074653823
0.8461770018061409
0.9163154726068633
0.854003612281758
0.8205900060204696
0.8112582781456954
0.7582781456953642
0.8356411800120409
0.8257074051776039
0.9009632751354606
0.8967489464178205
0.8290186634557496
0.917519566526189
0.8531005418422637
0.7462372065021071
0.919626730885009
0.8832028898254064
0.7745334136062613
0.9587597832630945
0.7874774232390126
0.8052378085490668
0.8031306441902468
0.8714629741119807
0.9072847682119205
0.825105358217941
0.8979530403371463
0.7676098735701384
0.8338350391330523
0.9391932570740518
0.9087898856110777
0.8368452739313667
0.8211920529801324
0.8305237808549066
0.839253461770018
0.9316676700782661
0.7934978928356412
0.9247441300421433
0.8880192655027093
0.9295605057194462
0.946417820590006
0.872366044551475
0.8013245033112583
0.7971101745936183
0.8789885611077664
0.7384105960264901
0.7528597230583985
0.8148705599036725
0.885009030704395
0.9172185430463576
0.8154726068633353
0.9494280553883203
0.890728476821192
0.9211318482841662
0.9021673690547862
0.9114990969295605
0.7420228777844672
0.9214328717639976
0.9102950030102348
0.9072847682119205
0.810957254665864
0.8841059602649006
0.9394942805538832
0.8621312462372065
0.894942805538832
0.7874774232390126
0.9090909090909091
0.9054786273329319
0.9413004214328717
0.8970499698976521
0.7826610475617098
0.9127031908488862
0.863937387116195
0.9084888621312462
0.8449729078868151
0.8889223359422035
0.41782059000602045
0.7992173389524383
0.786273329319687
0.8678506923540036
0.9271523178807947
0.8982540638169777
0.8163756773028297
0.9136062612883805
0.9145093317278747
0.8717639975918121
0.7892835641180012
0.8868151715833835
0.9006622516556292
0.8841059602649006
0.9500301023479831
0.9298615291992776
0.8868151715833835
0.802528597230584
0.8205900060204696
0.9431065623118603
0.8431667670078266
0.8789885611077664
0.8591210114388922
0.7691149909692956
0.8485851896447923
0.7763395544852498
0.7381095725466587
0.8205900060204696
0.8771824202287778
0.7814569536423841
0.8482841661649608
0.9542444310656231
0.9617700180614088
0.8067429259482239
0.7670078266104756
0.8040337146297412
0.8422636965683323
0.8801926550270921
0.8118603251053582
0.9271523178807947
0.8482841661649608
0.8648404575556894
0.8687537627934979
0.8699578567128236
0.9289584587597832
0.8630343166767008
0.9027694160144492
0.921733895243829
0.7528597230583985
0.7874774232390126
0.8979530403371463
0.882901866345575
0.8898254063816978
0.7986152919927755
0.8148705599036725
0.7871763997591812
0.8076459963877183
0.8034316676700782
0.9310656231186033
0.741119807344973
0.8263094521372667
0.8326309452137267
0.7838651414810355
0.8606261288380493
0.8299217338952438
0.878687537627935
0.7874774232390126
0.8693558097531607
0.786273329319687
0.8952438290186635
0.919626730885009
0.7950030102347984
0.8019265502709211
0.9042745334136063
0.8160746538229982
0.8669476219145094
0.8618302227573751
0.8997591812161349
0.8994581577363034
0.769416014449127
0.8464780252859723
0.8585189644792294
0.7667068031306442
0.8747742323901264
0.8374473208910295
0.7239614689945816
0.8567128236002408
0.8377483443708609
0.9178205900060205
0.8889223359422035
0.8735701384708007
0.9768211920529801
0.9214328717639976
0.866044551475015
0.8937387116195064
0.8263094521372667
0.8771824202287778
0.8750752558699578
0.7423239012642986
0.9030704394942806
0.9295605057194462
0.8678506923540036
0.8973509933774835
0.7290788681517159
0.8732691149909693
0.8669476219145094
0.7944009632751354
0.9400963275135461
0.8708609271523179
0.8865141481035521
0.8913305237808549
0.8558097531607466
0.8910295003010235
0.8997591812161349
0.9190246839253462
0.8302227573750752
0.9482239614689946
0.8961468994581577
0.8341360626128838
0.9488260084286574
0.9063816977724263
0.9434075857916917
0.8416616496086695
0.6932570740517761
0.8263094521372667
0.8588199879590608
0.8609271523178808
0.8570138470800722
0.8648404575556894
0.829319686935581
0.732691149909693
0.8269114990969295
0.9027694160144492
0.8741721854304636
0.9108970499698976
0.8461770018061409
0.8871161950632149
0.8115593016255268
0.8013245033112583
0.9157134256472005
0.8344370860927153
0.9416014449127031
0.7402167369054786
0.8223961468994582
0.802528597230584
0.8079470198675497
0.8341360626128838
0.7742323901264299
0.7910897049969897
0.9708007224563516
0.8762793497892836
0.7956050571944612
0.8832028898254064
0.9030704394942806
0.8892233594220349
0.8160746538229982
0.8440698374473209
0.8627332931968693
0.8302227573750752
0.872366044551475
0.8543046357615894
0.7712221553281156
0.7805538832028899
0.8166767007826611
0.7922937989163155
0.8624322697170379
0.8549066827212523
0.917519566526189
0.7546658639373871
0.8886213124623721
0.9166164960866947
0.8615291992775437
0.7953040337146298
0.8245033112582781
0.7790487658037327
0.9157134256472005
0.9611679711017459
0.813064419024684
0.8579169175195666
0.8838049367850692
0.7763395544852498
0.8847080072245636
0.9611679711017459
0.7543648404575557
0.8094521372667068
0.75948223961469
0.9108970499698976
0.8826008428657435
0.9786273329319687
0.8789885611077664
0.9238410596026491
0.9409993979530403
0.8699578567128236
0.779951836243227
0.8362432269717038
0.8121613485851896
0.8211920529801324
0.8211920529801324
0.9235400361228175
0.8880192655027093
0.9343768813967489
0.8910295003010235
0.9184226369656833
0.9036724864539434
0.9512341962673089
0.8199879590608068
0.9397953040337146
0.8726670680313064
0.866646598434678
0.9205298013245033
0.8964479229379891
0.8217940999397954
0.8699578567128236
0.9211318482841662
0.74262492474413
0.8961468994581577
0.9304635761589404
0.8687537627934979
0.9124021673690548
0.8446718844069837
0.925948223961469
0.8925346177001806
0.7450331125827815
0.7420228777844672
0.8437688139674895
0.9018663455749548
0.8591210114388922
0.7233594220349188
0.7974111980734497
0.9521372667068031
0.812462372065021
0.8618302227573751
0.8428657435279951
0.8618302227573751
0.7513546056592414
0.8431667670078266
0.8714629741119807
0.948524984948826
0.8308248043347382
0.7968091511137869
0.8898254063816978
0.890728476821192
0.8121613485851896
0.8491872366044552
0.8738711619506322
0.8916315472606864
0.7910897049969897
0.8356411800120409
0.8407585791691752
0.7724262492474413
0.7953040337146298
0.8524984948826009
0.7953040337146298
0.8458759783263095
0.8503913305237809
0.785671282360024
0.758880192655027
0.9313666465984347
0.6956652618904274
0.8943407585791692
0.892835641180012
0.9452137266706803
0.8326309452137267
0.758880192655027
0.791992775436484
0.8485851896447923
0.9352799518362432
0.8100541842263697
0.8214930764599638
0.7615894039735099
0.8257074051776039
0.9449127031908489
0.9075857916917519
0.9638771824202288
0.8220951234196268
0.8594220349187237
0.8296207104154124
0.8753762793497892
0.7835641180012041
0.894942805538832
0.8669476219145094
0.7959060806742926
0.8771824202287778
0.9108970499698976
0.8573148705599036
0.7904876580373269
0.9136062612883805
0.7399157134256472
0.9139072847682119
0.7733293196869356
0.8862131246237207
0.9084888621312462
0.8738711619506322
0.9581577363034317
0.8470800722456352
0.9184226369656833
0.937989163154726
0.7709211318482841
0.7892835641180012
0.8693558097531607
0.9431065623118603
0.8997591812161349
0.8055388320288982
0.8416616496086695
0.9482239614689946
0.8464780252859723
0.785671282360024
0.8946417820590006
0.825105358217941
0.8997591812161349
0.8940397350993378
0.8383503913305238
0.8338350391330523
0.841360626128838
0.8245033112582781
0.901264298615292
0.8961468994581577
0.8326309452137267
0.7727272727272727
0.7209512341962673
0.8220951234196268
0.8142685129440096
0.894942805538832
0.7974111980734497
0.851896447922938
0.7682119205298014
0.8236002408187839
0.8163756773028297
0.8892233594220349
0.8524984948826009
0.9394942805538832
0.8756773028296208
0.7504515352197472
0.9105960264900662
0.7829620710415413
0.8416616496086695
0.7062010836845274
0.863937387116195
0.8485851896447923
0.8591210114388922
0.8549066827212523
0.7661047561709813
0.9130042143287176
0.841360626128838
0.9172185430463576
0.8807947019867549
0.8841059602649006
0.9283564118001204
0.893437688139675
0.8711619506321493
0.8732691149909693
0.8627332931968693
0.8705599036724865
0.8919325707405178
0.8567128236002408
0.8841059602649006
0.9105960264900662
0.8446718844069837
0.9178205900060205
0.8494882600842866
0.8759783263094522
0.8193859121011439
0.9437086092715232
0.9124021673690548
0.7892835641180012
0.8296207104154124
0.8756773028296208
0.8287176399759181
0.8512944009632751
0.9024683925346177
0.8362432269717038
0.7871763997591812
0.8049367850692354
0.9394942805538832
0.9193257074051776
0.9054786273329319
0.9406983744732089
0.8184828416616496
0.7636965683323299
0.8431667670078266
0.7886815171583383
0.9391932570740518
0.8618302227573751
0.8657435279951836
0.7561709813365443
0.8524984948826009
0.9006622516556292
0.7980132450331126
0.8600240818783865
0.9211318482841662
0.7781456953642384
0.919626730885009
0.8329319686935581
0.876580373269115
0.8738711619506322
0.8654425045153522
0.8708609271523179
0.8226971703792896
0.9337748344370861
0.8449729078868151
0.726369656833233
0.882901866345575
0.9145093317278747
0.8338350391330523
0.8555087296809151
0.8103552077062011
0.8810957254665864
0.44370860927152317
0.7880794701986755
0.8118603251053582
0.8323299217338952
0.8931366646598434
0.7396146899458158
0.9181216134858519
0.8070439494280554
0.9446116797110174
0.6818181818181818
0.7904876580373269
0.8696568332329921
0.8759783263094522
0.8260084286574353
0.8895243829018663
0.825105358217941
0.8633353401565322
0.9108970499698976
0.7516556291390728
0.8898254063816978
0.8750752558699578
0.8500903070439494
0.8573148705599036
0.9054786273329319
0.8753762793497892
0.633955448524985
0.9542444310656231
0.9322697170379289
0.9142083082480433
0.849789283564118
0.7784467188440698
0.9449127031908489
0.7907886815171583
0.7540638169777243
0.8350391330523781
0.9027694160144492
0.8973509933774835
0.9066827212522577
0.8169777242624925
0.9268512944009633
0.8199879590608068
0.9172185430463576
0.9130042143287176
0.8910295003010235
0.9160144491270319
0.8555087296809151
0.9130042143287176
0.890728476821192
0.6742925948223961
0.8777844671884407
0.8783865141481035
0.9009632751354606
0.8193859121011439
0.7805538832028899
0.9142083082480433
0.8693558097531607
0.9304635761589404
0.7950030102347984
0.8988561107766406
0.8166767007826611
0.8425647200481637
0.9036724864539434
0.7913907284768212
0.8202889825406382
0.8892233594220349
0.8609271523178808
0.9247441300421433
0.8473810957254666
0.9313666465984347
0.856110776640578
0.7904876580373269
0.7868753762793498
0.9503311258278145
0.8305237808549066
0.8482841661649608
0.845574954846478
0.8308248043347382
0.7772426249247442
0.8964479229379891
0.8567128236002408
0.8913305237808549
0.7772426249247442
0.8967489464178205
0.7576760987357014
0.8819987959060807
0.8097531607465382
0.7703190848886213
0.8651414810355208
0.8082480433473811
0.8976520168573149
0.9108970499698976
0.8296207104154124
0.8880192655027093
0.8356411800120409
0.8106562311860325
0.9157134256472005
0.8570138470800722
0.872366044551475
0.810957254665864
0.8449729078868151
0.8055388320288982
0.8470800722456352
0.9024683925346177
0.8892233594220349
0.8064419024683925
0.8169777242624925
0.8254063816977725
0.8735701384708007
0.8883202889825407
0.8567128236002408
0.7456351595424443
0.8488862131246238
0.9292594822396147
0.9641782059000602
0.8976520168573149
0.8937387116195064
0.8552077062010837
0.839855508729681
0.9262492474413004
0.7658037326911499
0.9193257074051776
0.9099939795304034
0.8407585791691752
0.7998193859121011
0.9136062612883805
0.8482841661649608
0.3172787477423239
0.9018663455749548
0.9114990969295605
0.8395544852498494
0.9400963275135461
0.7760385310054184
0.950632149307646
0.74051776038531
0.8260084286574353
0.8181818181818182
0.9030704394942806
0.831426851294401
0.8916315472606864
0.9641782059000602
0.8853100541842264
0.8094521372667068
0.9283564118001204
0.7877784467188441
0.876580373269115
0.8777844671884407
0.9021673690547862
0.8865141481035521
0.8103552077062011
0.9015653220951234
0.849789283564118
0.8886213124623721
0.7763395544852498
0.9470198675496688
0.8789885611077664
0.7850692354003612
0.9048765803732691
0.9274533413606262
0.8663455749548464
0.8437688139674895
0.9413004214328717
0.9846478025285972
0.7688139674894642
0.8922335942203492
0.8952438290186635
0.785671282360024
0.8425647200481637
0.8512944009632751
0.9157134256472005
0.8669476219145094
0.9677904876580373
0.8804936785069235
0.8952438290186635
0.8278145695364238
0.9289584587597832
0.893437688139675
0.8892233594220349
0.917519566526189
0.894942805538832
0.6815171583383504
0.6547260686333534
0.839253461770018
0.9271523178807947
0.8693558097531607
0.8756773028296208
0.9292594822396147
0.851896447922938
0.8534015653220951
0.882901866345575
0.9322697170379289
0.9358819987959061
0.866646598434678
0.8377483443708609
0.903371462974112
0.9015653220951234
0.9367850692354004
0.7853702588801926
0.8257074051776039
0.9027694160144492
0.8958458759783263
0.9295605057194462
0.899157134256472
0.839253461770018
0.9587597832630945
0.9069837447320891
0.7513546056592414
0.9310656231186033
0.925948223961469
0.9214328717639976
0.8684527393136665
0.9048765803732691
0.892835641180012
0.9247441300421433
0.9747140276941602
0.9223359422034919
0.9458157736303432
0.8675496688741722
0.9157134256472005
0.8630343166767008
0.8654425045153522
0.8570138470800722
0.9593618302227573
0.7944009632751354
0.8091511137868754
0.9114990969295605
0.7314870559903672
0.8952438290186635
0.8853100541842264
0.9358819987959061
0.8494882600842866
0.8708609271523179
0.9130042143287176
0.7624924744130042
0.8880192655027093
0.8323299217338952
0.8344370860927153
0.9148103552077061
0.8145695364238411
0.7465382299819386
0.962673088500903
0.8889223359422035
0.9018663455749548
0.714328717639976
0.7968091511137869
0.8308248043347382
0.8651414810355208
0.9635761589403974
0.8160746538229982
0.872366044551475
0.7913907284768212
0.9265502709211318
0.9274533413606262
0.8877182420228777
0.9536423841059603
0.8211920529801324
0.8699578567128236
0.8826008428657435
0.9250451535219747
0.8440698374473209
0.8380493678506924
0.8624322697170379
0.8579169175195666
0.8768813967489464
0.7095123419626731
0.8955448524984949
0.8088500903070439
0.8524984948826009
0.8202889825406382
0.8588199879590608
0.8768813967489464
0.8624322697170379
0.8576158940397351
0.8163756773028297
0.890728476821192
0.8377483443708609
0.7886815171583383
0.7652016857314871
0.7624924744130042
0.8621312462372065
0.8461770018061409
0.8503913305237809
0.8422636965683323
0.8636363636363636
0.8473810957254666
0.8359422034918723
0.7375075255869958
0.786273329319687
0.9139072847682119
0.8910295003010235
0.9307645996387718
0.8473810957254666
0.7618904274533413
0.8654425045153522
0.8491872366044552
0.8856110776640578
0.8076459963877183
0.8350391330523781
0.8600240818783865
0.8509933774834437
0.9241420830824805
0.7585791691751956
0.9334738109572547
0.7998193859121011
0.829319686935581
0.8702588801926551
0.7811559301625527
0.9235400361228175
0.820891029500301
0.8810957254665864
0.8254063816977725
0.812462372065021
0.8127633955448526
0.8732691149909693
0.8374473208910295
0.8488862131246238
0.874473208910295
0.8064419024683925
0.9190246839253462
0.8175797712221553
0.8819987959060807
0.4987959060806743
0.8792895845875979
0.8624322697170379
0.8178807947019867
0.8527995183624323
0.8997591812161349
0.8901264298615292
0.9268512944009633
0.6905478627332932
0.8311258278145696
0.9232390126429861
0.8157736303431667
0.8940397350993378
0.8061408789885611
0.785671282360024
0.8031306441902468
0.8470800722456352
0.8543046357615894
0.9232390126429861
0.8591210114388922
0.8226971703792896
0.7522576760987357
0.7465382299819386
0.8922335942203492
0.7645996387718242
0.893437688139675
0.7832630945213727
0.8275135460565924
0.8148705599036725
0.9545454545454546
0.8868151715833835
0.8506923540036123
0.8305237808549066
0.9202287778446718
0.8534015653220951
0.9009632751354606
0.810957254665864
0.8979530403371463
0.9142083082480433
0.7612883804936785
0.9268512944009633
0.7585791691751956
0.8383503913305238
0.75737507525587
0.8284166164960867
0.8838049367850692
0.8801926550270921
0.9048765803732691
0.714328717639976
0.8470800722456352
0.8982540638169777
0.8142685129440096
0.7986152919927755
0.9178205900060205
0.8323299217338952
0.9419024683925347
0.8738711619506322
0.8600240818783865
0.7375075255869958
0.8362432269717038
0.8690547862733293
0.7832630945213727
0.863937387116195
0.8239012642986153
0.8916315472606864
0.8175797712221553
0.937989163154726
0.8311258278145696
0.9211318482841662
0.9027694160144492
0.8588199879590608
0.813064419024684
0.8816977724262492
0.8859121011438892
0.9105960264900662
0.8943407585791692
0.8594220349187237
0.8714629741119807
0.7980132450331126
0.8365442504515352
0.856110776640578
0.8524984948826009
0.8537025888019265
0.8136664659843468
0.8052378085490668
0.9193257074051776
0.8810957254665864
0.9000602046959663
0.8856110776640578
0.8362432269717038
0.9151113786875377
0.8705599036724865
0.9765201685731487
0.8774834437086093
0.7642986152919927
0.8521974714027695
0.8479831426851294
0.8964479229379891
0.6095725466586394
0.8669476219145094
0.854003612281758
0.9006622516556292
0.8609271523178808
0.9373871161950632
0.813064419024684
0.7724262492474413
0.8738711619506322
0.7775436484045756
0.8178807947019867
0.899157134256472
0.8675496688741722
0.7591812161348586
0.9256472004816376
0.9169175195665262
0.9184226369656833
0.9133052378085491
0.7901866345574955
0.882901866345575
0.8106562311860325
0.8552077062010837
0.8368452739313667
0.9075857916917519
0.8594220349187237
0.8931366646598434
0.8329319686935581
0.8594220349187237
0.9382901866345575
0.8088500903070439
0.9455147501505118
0.8549066827212523
0.9190246839253462
0.8795906080674293
0.7609873570138471
0.8106562311860325
0.9741119807344973
0.8263094521372667
0.8904274533413606
0.7350993377483444
0.9416014449127031
0.8097531607465382
0.8395544852498494
0.8792895845875979
0.791992775436484
0.7429259482239615
0.9069837447320891
0.7953040337146298
0.8678506923540036
0.9145093317278747
0.9220349187236604
0.831426851294401
0.8449729078868151
0.6989765201685731
0.8284166164960867
0.8383503913305238
0.9121011438892234
0.9419024683925347
0.8576158940397351
0.9419024683925347
0.7597832630945214
0.794099939795304
0.8789885611077664
0.9599638771824203
0.9006622516556292
0.7772426249247442
0.9244431065623119
0.798314268512944
0.8892233594220349
0.917519566526189
0.8470800722456352
0.7122215532811559
0.8564118001204094
0.7829620710415413
0.845574954846478
0.8853100541842264
0.9265502709211318
0.794099939795304
0.8410596026490066
0.7546658639373871
0.9361830222757375
0.8443708609271523
0.8690547862733293
0.8142685129440096
0.890728476821192
0.8223961468994582
0.9434075857916917
0.892835641180012
0.8702588801926551
0.8449729078868151
0.8774834437086093
0.8895243829018663
0.8076459963877183
0.9060806742925949
0.7417218543046358
0.8521974714027695
0.8810957254665864
0.8437688139674895
0.8735701384708007
0.8546056592414208
0.8491872366044552
0.8103552077062011
0.8594220349187237
0.7772426249247442
0.8115593016255268
0.8425647200481637
0.9142083082480433
0.9187236604455148
0.8254063816977725
0.779951836243227
0.9479229379891632
0.8479831426851294
0.7317880794701986
0.7808549066827213
0.8537025888019265
0.9340758579169175
0.8588199879590608
0.9202287778446718
0.9416014449127031
0.7724262492474413
0.903371462974112
0.7688139674894642
0.9003612281757977
0.8627332931968693
0.9042745334136063
0.829319686935581
0.7811559301625527
0.8651414810355208
0.8263094521372667
0.9054786273329319
0.800421432871764
0.9665863937387116
0.9042745334136063
0.8521974714027695
0.8618302227573751
0.9235400361228175
