0.798
0.83625
0.778
0.47375
0.46375
0.732
0.79075
0.89625
0.8955
0.71425
0.3075
0.73025
0.7585
0.88325
0.781
0.78775
0.65175
0.70425
0.7645
0.61775
0.54775
0.8445
0.77975
0.87325
0.79475
0.7735
0.75675
0.67475
0.656
0.88275
0.73675
0.77025
0.846
0.85975
0.8565
0.68625
0.8955
0.54125
0.897
0.7555
0.76725
0.7205
0.35075
0.71825
0.76175
0.643
0.72875
0.83175
0.799
0.7145
0.7915
0.691
0.75775
0.86175
0.67925
0.8025
0.60675
0.83725
0.82575
0.677
0.66225
0.76275
0.8295
0.9035
0.653
0.68075
0.73725
0.92175
0.699
0.8435
0.895
0.78075
0.52825
0.683
0.877
0.75275
0.8105
0.78725
0.7665
0.92275
0.88725
0.79
0.62775
0.81325
0.75
0.76
0.6665
0.864
0.931
0.76775
0.8015
0.74325
0.8695
0.826
0.77275
0.82625
0.513
0.8435
0.74025
0.71675
0.778
0.6495
0.717
0.73675
0.6865
0.7665
0.71225
0.7515
0.5625
0.80175
0.7
0.68725
0.763
0.91425
0.81425
0.7725
0.5015
0.51675
0.78325
0.82475
0.761
0.829
0.79325
0.9345
0.2965
0.7855
0.84525
0.72325
0.8685
0.77925
0.645
0.72
0.693
0.8245
0.70425
0.33175
0.7175
0.78475
0.54925
0.91225
0.79575
0.366
0.001
0.70375
0.79
0.64725
0.93425
0.77025
0.715
0.299
0.73075
0.7525
0.80925
0.68125
0.7795
0.8935
0.7355
0.94675
0.812
0.80675
0.6945
0.654
0.75775
0.71225
0.763
0.539
0.70125
0.7005
0.728
0.7725
0.84275
0.74075
0.68575
0.6915
0.778
0.888
0.6665
0.934
0.64825
0.76775
0.93075
0.69725
0.8685
0.7745
0.591
0.8455
0.29925
0.62875
0.75125
0.86275
0.78975
0.70775
0.785
0.84425
0.776
0.64675
0.69725
0.845
0.71275
0.73525
0.54
0.85075
0.77175
0.7085
0.759
0.7565
0.7365
0.75775
0.85425
0.47775
0.876
0.82425
0.85375
0.818
0.5235
0.8005
0.768
0.73675
0.80325
0.753
0.439
0.8355
0.70825
0.584
0.65725
0.74325
0.69925
0.76025
0.898
0.8895
0.869
0.6265
0.92275
0.2035
0.753
0.66425
0.781
0.4695
0.87425
0.75125
0.46275
0.95725
0.686
0.85375
0.737
0.8415
0.8575
0.75075
0.8065
0.909
0.7215
0.73225
0.8795
0.314
0.3245
0.886
0.69475
0.756
0.62875
0.77975
0.30075
0.78025
0.76
0.74425
0.75025
0.55125
0.73475
0.70025
0.3145
0.70075
0.78575
0.815
0.9635
0.736
0.7645
0.74125
0.8955
0.67275
0.63925
0.85325
0.68425
0.71975
0.60975
0.7265
0.759
0.667
0.49075
0.865
0.7455
0.868
0.89
0.82525
0.5575
0.89275
0.9015
0.745
0.82975
0.773
0.917
0.637
0.68625
0.78275
0.81425
0.834
0.773
0.73025
0.56975
0.64675
0.88075
0.4905
0.807
0.76025
0.26325
0.83175
0.836
0.72925
0.54775
0.9
0.8895
0.7505
0.92575
0.711
0.5675
0.7865
0.8155
0.4475
0.83175
0.93825
0.8615
0.9175
0.7145
0.64875
0.6955
0.8245
0.871
0.79975
0.722
0.73675
0.7
0.8135
0.75675
0.26975
0.8295
0.84125
0.6645
0.7655
0.6515
0.82575
0.8535
0.70725
0.2955
0.659
0.74025
0.87325
0.77525
0.83175
0.5565
0.78975
0.83475
0.74575
0.8045
0.93575
0.62775
0.75825
0.72925
0.847
0.76625
0.68425
0.737
0.81225
0.72775
0.9325
0.6745
0.66625
0.92925
0.81075
0.915
0.751
0.76925
0.84325
0.933
0.836
0.77025
0.8305
0.7465
0.75025
0.70325
0.75925
0.74025
0.55625
0.8785
0.729
0.81975
0.60975
0.80525
0.7085
0.70275
0.72625
0.7445
0.87775
0.80525
0.6635
0.80075
0.69425
0.8375
0.73675
0.9325
0.84075
0.9575
0.68125
0.8265
0.82975
0.6505
0.64825
0.882
0.72925
0.83275
0.65775
0.67975
0.459
0.67675
0.67625
0.3165
0.52
0.7965
0.673
0.774
0.9045
0.75475
0.824
0.71175
0.81
0.74175
0.6815
0.91075
0.735
0.8785
0.787
0.833
0.707
0.78625
0.717
0.8495
0.7365
0.828
0.756
0.7725
0.7245
0.75975
0.742
0.826
0.6885
0.77025
0.6085
0.6985
0.86925
0.65125
0.72275
0.7385
0.78
0.743
0.80875
0.79575
0.74225
0.67925
0.628
0.8055
0.69275
0.551
0.7535
0.79625
0.9035
0.6705
0.87075
0.87275
0.717
0.8175
0.84325
0.73725
0.53875
0.732
0.8915
0.76425
0.89125
0.87725
0.7805
0.748
0.80825
0.72925
0.7675
0.83275
0.736
0.752
0.9095
0.797
0.89375
0.835
0.818
0.8185
0.69875
0.88125
0.616
0.6875
0.7055
0.6505
0.79425
0.784
0.48925
0.7515
0.83525
0.822
0.75725
0.744
0.72725
0.78125
0.84475
0.81975
0.7095
0.88625
0.25675
0.858
0.55275
0.8795
0.7265
0.78
0.712
0.72225
0.624
0.837
0.8925
0.74525
0.83325
0.78775
0.531
0.643
0.63375
0.9205
0.80775
0.76075
0.76275
0.88175
0.806
0.7705
0.827
0.9575
0.70075
0.7935
0.681
0.587
0.862
0.73175
0.7995
0.90025
0.29925
0.82125
0.81075
0.70525
0.47225
0.81525
0.89475
0.7765
0.6795
0.90075
0.847
0.68275
0.821
0.5265
0.7495
0.70125
0.70925
0.522
0.4065
0.95525
0.658
0.6665
0.754
0.7875
0.75325
0.68075
0.923
0.81225
0.877
0.35875
0.76825
0.69525
0.80475
0.728
0.7245
0.7695
0.82875
0.7145
0.73225
0.8005
0.72075
0.69475
0.75075
0.79425
0.713
0.67175
0.7775
0.6945
0.7515
0.5085
0.74
0.8555
0.80925
0.75575
0.76375
0.30425
0.85925
0.6125
0.68275
0.8075
0.7815
0.48825
0.85625
0.79075
0.717
0.70675
0.821
0.8955
0.82375
0.74525
0.69925
0.72325
0.73325
0.77775
0.77175
0.6735
0.8445
0.627
0.5225
0.90325
0.89
0.66725
0.8575
0.7875
0.813
0.8835
0.621
0.702
0.5905
0.767
0.82725
0.6555
0.7365
0.70975
0.802
0.69325
0.63175
0.86725
0.70225
0.734
0.807
0.779
0.779
0.66725
0.64425
0.85875
0.784
0.90325
0.7755
0.9025
0.8585
0.60625
0.79225
0.63875
0.7835
0.6835
0.7175
0.7335
0.6275
0.62475
0.77625
0.91975
0.734
0.83175
0.719
0.65875
0.74825
0.4965
0.7825
0.78525
0.57925
0.6635
0.8805
0.81125
0.67275
0.438
0.812
0.888
0.9
0.66475
0.85175
0.7175
0.6605
0.72725
0.79025
0.7075
0.6205
0.80275
0.70875
0.91175
0.78
0.8375
0.72325
0.80125
0.47975
0.77925
0.779
0.58825
0.81825
0.76325
0.782
0.65525
0.81075
0.7935
0.80425
0.6085
0.46375
0.84
0.8415
0.706
0.76825
0.72375
0.69725
0.508
0.84725
0.69525
0.72125
0.74425
0.64175
0.83425
0.65475
0.79125
0.66425
0.82775
0.32475
0.7825
0.6765
0.71925
0.83475
0.78875
0.83225
0.8065
0.85425
0.7835
0.84
0.7195
0.7255
0.811
0.767
0.834
0.71025
0.7795
0.85775
0.552
0.672
0.67825
0.83
0.774
0.89825
0.6475
0.948
0.872
0.863
0.82825
0.72375
0.811
0.6945
0.27
0.75375
0.84025
0.73475
0.809
0.8065
0.68425
0.6975
0.75625
0.81575
0.348
0.88225
0.722
0.687
0.64325
0.77425
0.8445
0.69625
0.74675
0.64175
0.33575
0.71725
0.865
0.72575
0.73925
0.89425
0.696
0.81625
0.6865
0.856
0.85375
0.777
0.7375
0.7255
0.73025
0.74425
0.6025
0.93825
0.74725
0.75425
0.72975
0.69
0.29925
0.75525
0.8835
0.738
0.8805
0.89475
0.776
0.7525
0.689
0.805
0.71875
0.29075
0.564
0.80075
0.747
0.889
0.8725
0.6355
0.794
0.581
0.82425
0.764
0.8565
0.7995
0.663
0.9015
0.74725
0.8965
0.85
0.384
0.7255
0.75175
0.62
0.89725
0.76425
0.91325
0.813
0.74825
0.7275
0.83175
0.74275
0.77375
0.7405
0.834
0.542
0.4965
0.678
0.72325
0.826
0.879
0.755
0.89625
0.68225
0.88125
0.9015
0.59675
0.376
0.78325
0.78975
0.828
0.1535
0.732
0.6365
0.75075
0.50725
0.5965
0.732
0.711
0.41975
0.694
0.77375
0.7985
0.72225
0.68675
0.72
0.818
0.75175
0.92125
0.75075
0.85525
0.72275
0.3015
0.752
0.72575
0.89225
0.792
0.715
0.80375
0.74525
0.77225
0.591
0.70375
0.7635
0.773
0.7515
0.79625
0.69425
0.90625
0.3545
0.75225
0.72575
0.70925
0.32225
0.89
0.72975
0.8365
0.79325
0.8785
0.7395
0.731
0.613
0.888
0.72
0.70425
0.7805
0.87825
0.7635
0.8725
0.7485
0.78225
0.83725
0.82425
0.80825
0.764
0.69875
0.85875
0.8145
0.89075
0.752
0.89125
0.53625
0.285
0.81825
0.8735
0.489
0.66775
0.63275
0.75225
0.7245
0.87125
0.77325
0.758
0.7705
0.87575
0.71325
0.76025
0.86475
0.647
0.7645
0.4595
0.7635
0.70425
0.743
0.61625
0.66725
0.73
0.84475
0.7165
0.59475
0.89425
0.69525
0.5625
0.631
0.709
0.6925
0.726
0.7005
0.79925
0.67175
0.725
0.799
0.83075
0.8195
0.82375
0.9285
0.71075
0.6665
0.63375
0.6645
0.7695
0.8635
0.782
0.3315
0.85375
0.86975
0.803
0.7115
0.6885
0.63825
0.7455
0.70725
0.36425
0.72075
0.77425
0.89125
0.72675
0.555
0.77725
0.7645
0.79825
0.588
0.82825
0.804
0.729
0.7445
0.232
0.642
0.79275
0.75275
0.69975
0.64225
0.83
0.821
0.7135
0.762
0.7805
0.84575
0.78625
0.781
0.593
0.7265
0.27925
0.37875
0.6415
0.7665
0.75075
0.74525
0.7395
0.73975
0.66925
0.30425
0.75925
0.71275
0.83375
0.783
0.766
0.75275
0.78475
0.7405
0.7185
0.70175
0.6865
0.777
0.75075
0.75925
0.8075
0.70325
0.806
0.77825
0.70975
0.775
0.855
0.454
0.81675
0.713
0.79075
0.8905
0.795
0.8665
0.907
0.92875
0.936
0.8765
0.76125
0.83275
0.783
0.70075
0.5075
0.76675
0.64275
0.903
0.82825
0.86075
0.799
0.8685
0.69225
0.721
0.9045
0.776
0.70275
0.66825
0.863
0.6705
0.81
0.68375
0.8505
0.87875
0.84875
0.7855
0.77275
0.7275
0.85475
0.7295
0.75225
0.88375
0.6245
0.788
0.801
0.88775
0.77325
0.82625
0.741
0.9055
0.7185
0.84925
0.58925
0.85175
0.73775
0.8555
0.7775
0.6915
0.4455
0.923
0.72475
0.833
0.8375
0.71025
0.77775
0.8305
0.72775
0.8045
0.536
0.7105
0.725
0.7955
0.75925
0.85375
0.81625
0.706
0.7395
0.805
0.57025
0.36075
0.74
0.89975
0.78475
0.86225
0.7245
0.895
0.90275
0.8085
0.66675
0.61675
0.33375
0.75075
0.94125
0.6335
0.769
0.716
0.766
0.8935
0.666
0.86875
0.80325
0.75025
0.77
0.6845
0.7275
0.89675
0.78025
0.745
0.68775
0.69075
0.31525
0.26275
0.74075
0.8055
0.679
0.42725
0.7745
0.92275
0.572
0.761
0.58125
0.53775
0.73375
0.496
0.6015
0.86725
0.8665
0.5185
0.88175
0.69775
0.6985
0.84375
0.6175
0.85675
0.6585
0.7885
0.629
0.68975
0.75875
0.69
0.5035
0.70375
0.918
0.72325
0.8245
0.641
0.6895
0.7905
0.904
0.83175
0.896
0.6655
0.90725
0.93225
0.90975
0.6745
0.756
0.66375
0.7
0.80525
0.72425
0.17825
0.85375
0.90125
0.7535
0.78275
0.80975
0.90925
0.7025
0.47475
0.849
0.7805
0.21075
0.77825
0.6785
0.64725
0.63375
0.90575
0.7065
0.91025
0.513
0.79025
0.7575
0.7415
0.70775
0.5615
0.8775
0.41775
0.644
0.76975
0.7435
0.63725
0.68375
0.67875
0.76075
0.80675
0.6175
0.90025
0.63825
0.00375
0.6945
0.796
0.55675
0.72275
0.6435
0.768
0.82325
0.575
0.714
0.8115
0.804
0.84575
0.77325
0.7555
0.5985
0.8255
0.7565
0.336
0.7405
0.8755
0.7395
0.68575
0.797
0.75375
0.7275
0.784
0.7065
0.956
0.81125
0.71525
0.3095
0.8745
0.7935
0.4955
0.84325
0.31525
0.85275
0.9075
0.852
0.69025
0.655
0.9235
0.85075
0.7985
0.822
0.71225
0.76
0.8565
0.73525
0.714
0.80375
0.8475
0.72775
0.74525
0.786
0.5605
0.75425
0.75975
0.896
0.76025
0.51775
0.47025
0.7385
0.70775
0.75125
0.905
0.73025
0.52325
0.69775
0.73275
0.8145
0.8255
0.94525
0.69125
0.74775
0.9555
0.70425
0.73525
0.66825
0.89125
0.73075
0.62925
0.3465
0.7185
0.726
0.66375
0.89475
0.72925
0.766
0.6845
0.89875
0.85275
0.64425
0.91525
0.6915
0.65625
0.67625
0.75475
0.779
0.77175
0.772
0.65775
0.6795
0.768
0.737
0.696
0.902
0.70575
0.5895
0.7825
0.76825
0.739
0.6965
0.81975
0.759
0.8925
0.8695
0.82425
0.7725
0.91975
0.72825
0.64325
0.5345
0.729
0.8815
0.6305
0.6535
0.93775
0.841
0.871
0.8225
0.85425
0.9525
0.83025
0.91325
0.763
0.17875
0.90225
0.78925
0.81525
0.71775
0.86625
0.68225
0.67275
0.757
0.52975
0.906
0.822
0.90075
0.824
0.59775
0.90725
0.7275
0.65775
0.52325
0.8205
0.575
0.545
0.71525
0.72025
0.8315
0.78725
0.76375
0.71375
0.88825
0.79725
0.7605
0.866
0.83475
0.9155
0.67775
0.56925
0.51425
0.82575
0.58075
0.88175
0.765
0.68675
0.82
0.626
0.831
0.81025
0.35125
0.48325
0.96
0.79125
0.71525
0.66225
0.71475
0.684
0.643
0.53425
0.7555
0.73325
0.70875
0.73875
0.56325
0.71475
0.30275
0.761
0.688
0.85125
0.71
0.59525
0.692
0.76525
0.72775
0.733
0.9195
0.89325
0.76525
0.69
0.77075
0.7965
0.6105
0.799
0.91525
0.726
0.7255
0.68025
0.76325
0.80725
0.6455
0.76275
0.81175
0.7575
0.81375
0.66775
0.87825
0.699
0.74475
0.78725
0.72275
0.77675
0.784
0.6315
0.792
0.875
0.65025
0.7235
0.74525
0.78825
0.81325
0.86
0.8605
0.79425
0.77625
0.7905
0.81675
0.9355
0.32
0.342
0.78675
0.353
0.70925
0.92775
0.6375
0.891
0.7635
0.898
0.787
0.85125
0.93175
0.53525
0.7935
0.9
0.75575
0.75625
0.69225
0.693
0.77025
0.81275
0.71425
0.825
0.69675
0.82875
0.79225
0.7055
0.71925
0.892
0.74425
0.73325
0.80175
0.39475
0.8085
0.809
0.71525
0.85325
0.7955
0.85775
0.65425
0.83475
0.79325
0.7405
0.70475
0.76425
0.5125
0.7075
0.736
0.7745
0.26425
0.78025
0.7065
0.561
0.76275
0.78475
0.75525
0.74925
0.83175
0.8955
0.6185
0.62775
0.51475
0.7365
0.75025
0.31075
0.72225
0.83575
0.64775
0.81075
0.34925
0.74175
0.8005
0.7965
0.67425
0.73775
0.848
0.685
0.77225
0.71125
0.7585
0.7295
0.76325
0.774
0.6775
0.81225
0.718
0.8605
0.798
0.72625
0.558
0.72775
0.9055
0.81075
0.86925
0.80675
0.647
0.69475
0.94175
0.75975
0.695
0.66825
0.7215
0.5305
0.54125
0.8445
0.70375
0.87525
0.6695
0.69675
0.7675
0.6455
0.3085
0.8235
0.81475
0.31925
0.799
0.83225
0.8
0.8425
0.72475
0.69825
0.6545
0.73825
0.7565
0.69975
0.74875
0.87225
0.792
0.8925
0.769
0.7665
0.855
0.77375
0.835
0.35075
0.82125
0.88425
0.76525
0.78125
0.66925
0.79825
0.681
0.78425
0.28875
0.5605
0.80025
0.741
0.684
0.789
0.7395
0.7225
0.652
0.7595
0.71625
0.54325
0.48525
0.79075
0.70125
0.5905
0.48375
0.84875
0.9345
0.77825
0.72025
0.7875
0.7025
0.83175
0.8465
0.819
0.68975
0.67875
0.77375
0.9
0.66225
0.71325
0.81225
0.7545
0.6755
0.9005
0.81925
0.8435
0.87575
0.67675
0.67025
0.9275
0.719
0.76675
0.799
0.7115
0.8585
0.611
0.86275
0.85675
0.827
0.73625
0.6835
0.8905
0.87625
0.8805
0.77875
0.69075
0.78975
0.68775
0.65
0.444
0.8355
0.6695
0.72725
0.8095
0.82675
0.84775
0.84225
0.7695
0.777
0.79525
0.7265
0.713
0.724
0.78775
0.8045
0.72075
0.8715
0.8115
0.70975
0.7765
0.73525
0.78175
0.6965
0.54775
0.344
0.808
0.7145
0.71225
0.93875
0.8215
0.91325
0.81675
0.80475
0.90425
0.78625
0.60375
0.76125
0.90125
0.6695
0.79675
0.57975
0.695
0.889
0.882
0.77975
0.7125
0.76675
0.78575
0.712
0.6935
0.56125
0.8455
0.671
0.777
0.6335
0.363
0.4145
0.8405
0.813
0.712
0.64075
0.93925
0.83225
0.8555
0.861
0.83475
0.73975
0.8195
0.6755
0.789
0.81525
0.838
0.873
0.7265
0.70225
0.70925
0.52025
0.7785
0.8195
0.5575
0.75775
0.714
0.8905
0.71825
0.5495
0.398
0.66725
0.7945
0.72725
0.789
0.8455
0.81125
0.76325
0.7785
0.7425
0.684
0.74825
0.766
0.60775
0.6545
0.84325
0.66225
0.674
0.69625
0.54675
0.80175
0.24075
0.67975
0.77125
0.90575
0.95525
0.65775
0.85775
0.75125
0.814
0.69025
0.87025
0.8425
0.701
0.70825
0.77275
0.82375
0.86
0.80775
0.893
0.9095
0.83175
0.78925
0.6625
0.7815
0.90925
0.78
0.89575
0.7135
0.4755
0.83725
0.715
0.80375
0.7495
0.89925
0.75725
0.74075
0.77425
0.79275
0.805
0.81475
0.789
0.73125
0.775
0.93375
0.54525
0.725
0.816
0.70275
0.67275
0.80525
0.33825
0.903
0.7765
0.77475
0.71775
0.648
0.7795
0.6485
0.84025
0.823
0.9005
0.823
0.34825
0.68575
0.761
0.7855
0.8505
0.811
0.89775
0.7295
0.787
0.715
0.814
0.50575
0.903
0.81375
0.6925
0.6945
0.901
0.7545
0.8375
0.69925
0.7895
0.8455
0.79575
0.82225
0.7985
0.682
0.74925
0.84075
0.77425
0.71075
0.7305
0.70375
0.8825
0.7505
0.70075
0.7605
0.7665
0.7625
0.83175
0.8185
0.70175
0.65225
0.73675
0.70875
0.7615
0.8905
0.81975
0.789
0.79725
0.367
0.79275
0.77625
0.87225
0.7735
0.79275
0.7695
0.722
0.84
0.84275
0.899
0.80075
0.79425
0.899
0.70925
0.70075
0.70675
0.85475
0.73725
0.60425
0.6
0.82575
0.807
0.74
0.905
0.78325
0.89075
0.80525
0.74775
0.848
0.75525
0.64325
0.4805
0.671
0.688
0.86575
0.76975
0.75775
0.8805
0.9165
0.751
0.84825
0.7845
0.75675
0.9015
0.815
0.65775
0.29025
0.86075
0.65325
0.78975
0.90775
0.754
0.7275
0.83725
0.827
0.7485
0.32275
0.577
0.76075
0.57925
0.79225
0.8185
0.931
0.77475
0.72325
0.6585
0.87275
0.58275
0.71475
0.6785
0.70025
0.9385
0.7595
0.8035
0.812
0.85425
0.8785
0.7565
0.3115
0.812
0.8255
0.6605
0.8
0.784
0.78475
0.91125
0.75275
0.32375
0.60775
0.86975
0.74075
0.701
0.68825
0.79375
0.35825
0.6575
0.819
0.69075
0.672
0.706
0.739
0.92475
0.79975
0.67225
0.745
0.82275
0.722
0.90875
0.75525
0.7725
0.634
0.703
0.722
0.88625
0.858
0.69675
0.724
0.875
0.598
0.747
0.9255
0.63075
0.7095
0.82875
0.739
0.72025
0.885
0.5535
0.7065
0.76175
0.29875
0.938
0.8185
0.81625
0.90725
0.727
0.9015
0.51025
0.8935
0.889
0.83025
0.7275
0.90625
0.583
0.6515
0.7205
0.91275
0.86525
0.70875
0.48025
0.85225
0.66775
0.56075
0.8415
0.7375
0.63375
0.745
0.6675
0.516
0.78125
0.63675
0.44175
0.70475
0.76825
0.64575
0.6995
0.77375
0.7025
0.813
0.6745
0.73525
0.6675
0.887
0.73375
0.846
0.8315
0.7085
0.60725
0.74275
0.84
0.77125
0.795
0.86525
0.695
0.3305
0.848
0.7335
0.85475
0.778
0.79425
0.76075
0.673
0.71675
0.662
0.78375
0.61875
0.73
0.821
0.35975
0.753
0.82375
0.8875
0.574
0.85225
0.7645
0.85375
0.90175
0.803
0.6945
0.66325
0.825
0.73625
0.69025
0.702
0.7055
0.83025
0.6635
0.68525
0.6895
0.7775
0.509
0.74475
0.72575
0.72
0.82725
0.767
0.87725
0.7215
0.01025
0.74375
0.453
0.81175
0.89925
0.6925
0.721
0.72675
0.792
0.6715
0.91775
0.71775
0.88675
0.7335
0.71375
0.4825
0.73675
0.70325
0.67025
0.65625
0.88475
0.865
0.92575
0.8775
0.789
0.75125
0.68825
0.71225
0.87725
0.6365
0.77775
0.654
0.784
0.85575
0.788
0.80075
0.761
0.83375
0.819
0.7175
0.64325
0.78025
0.73325
0.82975
0.48325
0.6395
0.807
0.76125
0.6975
0.7915
0.769
0.1845
0.7975
0.72275
0.95325
0.645
0.78575
0.8305
0.72725
0.724
0.761
0.76375
0.71775
0.80175
0.79925
0.8295
0.7665
0.716
0.797
0.7825
0.76575
0.50775
0.674
0.8325
0.77025
0.73625
0.55225
0.76975
0.69125
0.71975
0.65425
0.65575
0.746
0.26625
0.828
0.5465
0.641
0.824
0.30275
0.77275
0.8205
0.85775
0.8035
0.83975
0.91225
0.786
0.75175
0.74375
0.78375
0.757
0.7465
0.8005
0.794
0.67725
0.481
0.72
0.79625
0.8165
0.7885
0.75925
0.82375
0.6885
0.8115
0.8945
0.69025
0.737
0.9
0.86775
0.90175
0.784
0.6325
0.26125
0.837
0.75225
0.75975
0.70725
0.8215
0.8995
0.73125
0.647
0.6975
0.70375
0.4835
0.92875
0.76825
0.87375
0.72275
0.81875
0.77275
0.782
0.80225
0.39475
0.86675
0.791
0.6875
0.73825
0.307
0.73175
0.6635
0.647
0.70375
0.88875
0.30075
0.84475
0.7355
0.67625
0.78925
0.9585
0.77775
0.77175
0.82325
0.16375
0.894
0.7385
0.776
0.74
0.8155
0.6125
0.78075
0.70575
0.793
0.84475
0.81225
0.79725
0.69825
0.90875
0.67325
0.8305
0.6755
0.69175
0.70525
0.748
0.72175
0.676
0.87725
0.75125
0.3765
0.66625
0.84
0.736
0.71825
0.785
0.747
0.874
0.62875
0.8905
0.68325
0.75075
0.7515
0.74575
0.9345
0.78425
0.80775
0.785
0.69225
0.81225
0.94275
0.688
0.815
0.7205
0.78375
0.741
0.5125
0.7595
0.729
0.914
0.6395
0.725
0.73875
0.835
0.83925
0.71175
0.767
0.71175
0.75075
0.8635
0.687
0.77175
0.682
0.6625
0.815
0.88125
0.8275
0.696
0.81
0.718
0.849
0.81925
0.5805
0.61875
0.76525
0.28775
0.718
0.897
0.7465
0.2485
0.78025
0.847
0.57925
0.766
0.651
0.2985
0.89375
0.77375
0.77275
0.62625
0.79925
0.816
0.7475
0.728
0.73075
0.7945
0.76275
0.7805
0.743
0.7195
0.72625
0.55125
0.8355
0.86425
0.75775
0.7725
0.69125
0.83525
0.7795
0.5145
0.869
0.7215
0.76825
0.7185
0.809
0.84675
0.82875
0.55525
0.63775
0.75225
0.79275
0.63775
0.77025
0.35125
0.72
0.717
0.8225
0.726
0.8485
0.7445
0.6745
0.887
0.6145
0.65275
0.77275
0.7485
0.58425
0.85375
0.748
0.96125
0.72775
0.73375
0.84825
0.8485
0.656
0.793
0.76325
0.9285
0.90125
0.59825
0.722
0.70925
0.9015
0.7615
0.8435
0.78325
0.771
0.724
0.63575
0.807
0.47275
0.71725
0.71
0.836
0.78725
0.73775
0.7715
0.8375
0.714
0.84275
0.729
0.45625
0.9315
0.7285
0.908
0.7095
0.8
0.756
0.78475
0.71425
0.8645
0.923
0.761
0.88025
0.64475
0.83625
0.8785
0.282
0.71925
0.87225
0.90575
0.681
0.85325
0.3755
0.7225
0.7995
0.7545
0.74125
0.83025
0.83925
0.80775
0.7245
0.49725
0.7055
0.696
0.7265
0.875
0.66275
0.56
0.8455
0.75175
0.6035
0.7765
0.74
0.725
0.66375
0.8885
0.7215
0.89975
0.9385
0.847
0.89425
0.85075
0.5025
0.73075
0.739
0.89175
0.71125
0.78875
0.771
0.34575
0.76625
0.6575
0.8825
0.7205
0.6575
0.79975
0.83
0.7985
0.68075
0.89875
0.641
0.8945
0.796
0.76975
0.759
0.72525
0.796
0.48925
0.716
0.71175
0.34225
0.78725
0.68275
0.703
0.8395
0.802
0.83625
0.63875
0.7215
0.8705
0.756
0.74025
0.834
0.7795
0.8185
0.812
0.76175
0.551
0.888
0.65575
0.82775
0.74075
0.87975
0.50725
0.73775
0.83775
0.84325
0.76425
0.94925
0.335
0.72925
0.78575
0.746
0.8605
0.81825
0.90925
0.46975
0.78
0.61025
0.75525
0.773
0.6435
0.846
0.82775
0.77825
0.693
0.84425
0.71925
0.7905
0.78475
0.682
0.89525
0.91025
0.74175
0.80875
0.7165
0.49225
0.8355
0.559
0.91475
0.82525
0.584
0.75025
0.84275
0.47175
0.8105
0.38375
0.91575
0.709
0.79025
0.744
0.76375
0.7065
0.84975
0.574
0.755
0.807
0.714
0.813
0.7805
0.93675
0.79025
0.32225
0.72275
0.47025
0.7195
0.82525
0.71725
0.7915
0.74175
0.321
0.778
0.902
0.76125
0.81825
0.83675
0.80275
0.788
0.6865
0.8735
0.75175
0.76675
0.6555
0.71575
0.69775
0.70025
0.8605
0.82625
0.82475
0.85625
0.66075
0.83175
0.4815
0.66025
0.718
0.74775
0.95025
0.77975
0.81425
0.881
0.717
0.69275
0.73325
0.9315
0.74575
0.43275
0.806
0.575
0.62375
0.88925
0.5775
0.7225
0.89675
0.88275
0.93525
0.8285
0.7365
0.82425
0.71875
0.57775
0.837
0.755
0.91925
0.75725
0.63825
0.69175
0.6585
0.66725
0.2935
0.7315
0.69175
0.6645
0.7725
0.281
0.8295
0.693
0.8695
0.78925
0.726
0.76375
0.684
0.75075
0.85775
0.757
0.83275
0.76325
0.72625
0.754
0.886
0.85675
0.72825
0.501
0.6665
0.7855
0.93075
0.805
0.69275
0.82
0.95
0.7105
0.83675
0.7225
0.9335
0.62375
0.733
0.88875
0.7705
0.79225
0.58575
0.8085
0.797
0.73575
0.304
0.3155
0.8605
0.3755
0.7925
0.7335
0.7125
0.6905
0.79925
0.64725
0.73425
0.73925
0.794
0.43525
0.73025
0.78875
0.77525
0.817
0.8495
0.66625
0.847
0.7515
0.718
0.69075
0.6475
0.87475
0.5675
0.8365
0.7405
0.52375
0.8155
0.89125
0.8635
0.7335
0.866
0.72625
0.7255
0.80775
0.795
0.76525
0.301
0.66825
0.7085
0.68325
0.67575
0.69575
0.70775
0.67925
0.73375
0.6045
0.78625
0.89325
0.63275
0.7855
0.77
0.6875
0.89075
0.68475
0.48875
0.7485
0.9015
0.76425
0.50375
0.74275
0.9025
0.6935
0.7155
0.7535
0.5645
0.4415
0.83425
0.8005
0.734
0.33475
0.3145
0.84175
0.3525
0.882
0.77425
0.85575
0.703
0.64825
0.7795
0.7555
0.89275
0.70925
0.8375
0.8655
0.68275
0.772
0.84775
0.78775
0.665
0.82
0.744
0.81025
0.69525
0.83325
0.7565
0.71425
0.82675
0.77325
0.69375
0.6955
0.82325
0.7635
0.64
0.79375
0.5395
0.70625
0.8095
0.7885
0.65025
0.3055
0.725
0.93425
0.7295
0.7635
0.65625
0.93825
0.81925
0.94875
0.84375
0.66625
0.67475
0.76775
0.681
0.87
0.7695
0.7755
0.834
0.31575
0.77875
0.944
0.624
0.828
0.51975
0.72725
0.71875
0.7475
0.7385
0.6875
0.74175
0.895
0.76625
0.72225
0.65525
0.57325
0.648
0.71725
0.83125
0.7665
0.7745
0.595
0.35775
0.72325
0.57125
0.9035
0.60275
0.74425
0.7015
0.80275
0.61775
0.67375
0.87525
0.82575
0.71375
0.70525
0.67475
0.712
0.5335
0.7175
0.81225
0.893
0.9155
0.73375
0.71475
0.508
0.75025
0.76975
0.584
0.76725
0.8245
0.84525
0.7315
0.91425
0.87425
0.853
0.843
0.62625
0.82575
0.87375
0.552
0.88925
0.71475
0.8255
0.668
0.86875
0.773
0.6825
0.87775
0.672
0.84025
0.85525
0.85275
0.62375
0.809
0.47225
0.65025
0.79525
0.891
0.689
0.81
0.775
0.7075
0.80175
0.884
0.7775
0.779
0.7045
0.81425
0.6945
0.7845
0.8555
0.6085
0.788
0.94375
0.313
0.85425
0.80275
0.7295
0.89175
0.7215
0.783
0.77425
0.7795
0.67225
0.76025
0.6615
0.68525
0.67625
0.755
0.704
0.814
0.91325
0.9235
0.71
0.69025
0.83825
0.75975
0.8475
0.72175
0.92825
0.7765
0.86025
0.8695
0.7405
0.74225
0.8005
0.85825
0.68875
0.475
0.8485
0.756
0.7475
0.6625
0.7165
0.7055
0.86275
0.68475
0.753
0.63975
0.78975
0.73475
0.26275
0.792
0.687
0.8
0.61425
0.78425
0.87325
0.716
0.28925
0.82925
0.71125
0.78075
0.6585
0.88925
0.784
0.34375
0.857
0.6545
0.8545
0.52625
0.70975
0.695
0.79775
0.635
0.73425
0.73625
0.37475
0.80375
0.95925
0.73775
0.66425
0.8005
0.737
0.70225
0.85675
0.83775
0.8215
0.79175
0.74975
0.764
0.75125
0.66875
0.8915
0.75675
0.761
0.8405
0.719
0.77325
0.67975
0.80875
0.83175
0.863
0.728
0.7395
0.77475
0.8515
0.78025
0.714
0.909
0.64825
0.79225
0.7085
0.8285
0.75575
0.72525
0.78325
0.76075
0.63825
0.50625
0.845
0.8055
0.8465
0.74775
0.821
0.68575
0.655
0.796
0.78625
0.70075
0.48
0.67425
0.71275
0.635
0.74825
0.732
0.9525
0.7655
0.7835
0.80975
0.73725
0.73525
0.7865
0.78875
0.5495
0.5255
0.66875
0.6545
0.755
0.6955
0.66625
0.547
0.74175
0.701
0.6565
0.65075
0.781
0.87325
0.609
0.63275
0.70225
0.78175
0.68925
0.822
0.671
0.78575
0.93975
0.761
0.576
0.871
0.7425
0.7405
0.957
0.68925
0.7505
0.667
0.8735
0.97975
0.7915
0.494
0.862
0.8045
0.62825
0.74125
0.72775
0.4005
0.685
0.80275
0.82075
0.80375
0.886
0.84525
0.92025
0.801
0.80275
0.89125
0.759
0.81275
0.59975
0.8025
0.73525
0.76275
0.573
0.761
0.89725
0.32825
0.6965
0.86725
0.8255
0.7605
0.63375
0.62725
0.70275
0.75775
0.66725
0.72725
0.57975
0.32175
0.7055
0.7275
0.93625
0.5785
0.78675
0.7625
0.6905
0.6995
0.8095
0.9015
0.739
0.7205
0.81225
0.80225
0.7245
0.79125
0.76825
0.8265
0.834
0.88475
0.747
0.7185
0.26725
0.75125
0.7455
0.6695
0.4815
0.8425
0.88875
0.7
0.82775
0.59175
0.623
0.89325
0.69775
0.80725
0.8325
0.89025
0.7285
0.7165
0.5715
0.8925
0.6805
0.72075
0.521
0.72275
0.7345
0.88975
0.86
0.749
0.689
0.7345
0.46425
0.76225
0.69075
0.5055
0.78475
0.00025
0.76275
0.86525
0.7205
0.722
0.63225
0.90125
0.65
0.8195
0.717
0.9055
0.739
0.7085
0.4555
0.6715
0.81975
0.82425
0.71875
0.74825
0.8785
0.66675
0.85625
0.754
0.8865
0.3255
0.7965
0.7745
0.76975
0.8395
0.84325
0.7265
0.6515
0.6655
0.7775
0.72025
0.8245
0.59575
0.73575
0.69225
0.574
0.3425
0.84525
0.86525
0.76575
0.9025
0.79525
0.6825
0.816
0.6445
0.68525
0.7245
0.77
0.74925
0.81625
0.73125
0.87875
0.834
0.867
0.8615
0.8495
0.823
0.8265
0.7845
0.82
0.723
0.7905
0.52225
0.56
0.808
0.6935
0.91625
0.62325
0.6945
0.767
0.69275
0.6885
0.66625
0.791
0.40275
0.67525
0.931
0.881
0.85575
0.762
0.75975
0.301
0.73325
0.6635
0.85075
0.794
0.78625
0.7385
0.66325
0.77925
0.69875
0.74725
0.86375
0.67475
0.8725
0.67825
0.6965
0.761
0.764
0.77275
0.76075
0.6765
0.76975
0.60275
0.84475
0.853
0.76875
0.783
0.732
0.78975
0.7235
0.737
0.75425
0.6605
0.84575
0.68175
0.8915
0.6505
0.78575
0.8635
0.823
0.3475
0.555
0.7135
0.7565
0.753
0.6755
0.77675
0.76425
0.862
0.89675
0.35175
0.75225
0.75125
0.3365
0.84825
0.585
0.83325
0.754
0.777
0.93725
0.75625
0.71
0.90875
0.76675
0.6315
0.63675
0.761
0.73125
0.78675
0.825
0.68475
0.831
0.72925
0.802
0.87125
0.83425
0.88425
0.75475
0.769
0.857
0.797
0.74425
0.68075
0.8755
0.82475
0.793
0.70825
0.71925
0.836
0.75125
0.894
0.6785
0.813
0.693
0.73875
0.8575
0.6475
0.73625
0.553
0.8925
0.58325
0.7525
0.68475
0.698
0.91075
0.77025
0.7005
0.79975
0.183
0.838
0.72525
0.8215
0.65375
0.82625
0.6905
0.8085
0.71775
0.73475
0.75875
0.44825
0.6925
0.81425
0.8815
0.784
0.79675
0.782
0.84
0.809
0.366
0.7665
0.84525
0.788
0.6615
0.69125
0.80475
0.8315
0.69525
0.72175
0.773
0.78775
0.679
0.79125
0.80775
0.72225
0.541
0.89525
0.92775
0.8285
0.69
0.6805
0.63025
0.84175
0.38425
0.5375
0.76225
0.69875
0.855
0.75625
0.65875
0.68075
0.6555
0.82775
0.8475
0.30575
0.9155
0.64675
0.92675
0.74875
0.643
0.686
0.69475
0.84025
0.72025
0.845
0.9685
0.81325
0.781
0.87675
0.6765
0.825
0.27775
0.8475
0.7975
0.81125
0.8885
0.54525
0.77275
0.7575
0.88475
0.763
0.83525
0.8545
0.74925
0.8035
0.78325
0.76475
0.90575
0.973
0.6695
0.882
0.8695
0.83
0.7475
0.799
0.7765
0.748
0.77475
0.954
0.7425
0.82675
0.7845
0.824
0.7835
0.82175
0.814
0.81575
0.3245
0.6975
0.7845
0.746
0.9205
0.75925
0.80825
0.89525
0.88575
0.334
0.804
0.694
0.77125
0.857
0.7885
0.916
0.8095
0.7675
0.6425
0.9045
0.791
0.779
0.91575
0.53825
0.429
0.93225
0.84775
0.81375
0.84425
0.5385
0.8405
0.958
0.87525
0.93075
0.85475
0.55525
0.907
0.586
0.507
0.723
0.85125
0.7515
0.7955
0.723
0.83175
0.75375
0.80525
0.7685
0.79875
0.7575
0.906
0.73
0.6985
0.69525
0.914
0.7745
0.832
0.68475
0.73425
0.6375
0.752
0.76625
0.92925
0.7685
0.391
0.72825
0.85675
0.893
0.77475
0.742
0.76425
0.8815
0.78325
0.634
0.71375
0.7575
0.80025
0.80975
0.821
0.678
0.797
0.55575
0.732
0.732
0.599
0.78725
0.738
0.6925
0.878
0.7975
0.68725
0.618
0.72625
0.7905
0.77775
0.731
0.7445
0.77875
0.8485
0.6945
0.674
0.7055
0.5885
0.799
0.88925
0.74425
0.501
0.81775
0.70675
0.68425
0.9095
0.49025
0.76225
0.84475
0.729
0.8535
0.68175
0.7925
0.699
0.93525
0.52525
0.255
0.7845
0.63825
0.84375
0.656
0.778
0.702
0.74525
0.7115
0.7255
0.7325
0.74425
0.4305
0.66625
0.84575
0.29625
0.7635
0.69725
0.736
0.6965
0.8185
0.85675
0.86425
0.5095
0.6945
0.748
0.81075
0.814
0.698
0.78825
0.4435
0.7255
0.78275
0.839
0.72575
0.78775
0.7565
0.622
0.7985
0.62625
0.8355
0.63975
0.757
0.96525
0.78075
0.79975
0.746
0.6925
0.82225
0.756
0.71575
0.8325
0.79425
0.78875
0.87875
0.64825
0.8435
0.7045
0.726
0.6415
0.71875
0.82675
0.71075
0.87525
0.5995
0.74675
0.822
0.697
0.78675
0.8495
0.89525
0.77475
0.87875
0.63125
0.751
0.544
0.6945
0.755
0.7235
0.54225
0.722
0.89225
0.75925
0.88925
0.62725
0.261
0.527
0.786
0.811
0.788
0.51725
0.7115
0.72075
0.6395
0.685
0.7215
0.7025
0.72
0.81025
0.818
0.80775
0.73375
0.82175
0.26675
0.885
0.72175
0.64125
0.955
0.792
0.69075
0.6925
0.72525
0.827
0.80575
0.709
0.85425
0.781
0.87125
0.7645
0.89225
0.81875
0.65
0.77425
0.84075
0.80425
0.7305
0.83525
0.81975
0.8905
0.77225
0.77875
0.6635
0.90225
0.7495
0.7725
0.65275
0.53875
0.8965
0.7845
0.7835
0.76925
0.73025
0.892
0.71475
0.813
0.65325
0.673
0.9555
0.715
0.696
0.899
0.686
0.74975
0.80625
0.7285
0.67225
0.692
0.53575
0.5545
0.89475
0.857
0.7595
0.81525
0.6315
0.69975
0.827
0.7695
0.70225
0.8075
0.88575
0.69725
0.8265
0.87425
0.70175
0.5825
0.70125
0.56075
0.728
0.317
0.8955
0.69975
0.7895
0.903
0.8285
0.7645
0.58925
0.7705
0.70625
0.73125
0.899
0.75575
0.7585
0.64925
0.8945
0.447
0.60525
0.79725
0.75525
0.7195
0.78825
0.81925
0.6675
0.813
0.7255
0.84575
0.644
0.71225
0.56825
0.64175
0.72825
0.74175
0.68275
0.786
0.681
0.71125
0.72975
0.85075
0.7155
0.714
0.6315
0.8345
0.8725
0.7805
0.68225
0.62225
0.7745
0.8235
0.912
0.8305
0.65575
0.5755
0.839
0.4925
0.69075
0.75725
0.83025
0.72325
0.521
0.49125
0.553
0.86775
