0.626
0.692
0.802
0.63925
0.66
0.63975
0.655
0.6995
0.69625
0.853
0.68825
0.781
0.86375
0.84175
0.5495
0.66575
0.674
0.69075
0.76875
0.65775
0.84025
0.7205
0.7345
0.5975
0.67725
0.82975
0.6045
0.61025
0.712
0.652
0.722
0.85175
0.68075
0.71825
0.7935
0.738
0.71025
0.68025
0.7015
0.742
0.68225
0.81
0.765
0.743
0.80775
0.8065
0.66
0.82
0.79425
0.731
0.72875
0.705
0.78925
0.85875
0.67725
0.87275
0.6595
0.71125
0.717
0.6805
0.69775
0.655
0.6915
0.6115
0.6125
0.6675
0.66425
0.6885
0.77925
0.8165
0.766
0.86125
0.72825
0.75275
0.80925
0.7085
0.57675
0.59475
0.7065
0.77775
0.82425
0.615
0.77625
0.81375
0.61775
0.76
0.746
0.7795
0.6595
0.639
0.64275
0.73125
0.79875
0.821
0.79625
0.679
0.65925
0.70075
0.613
0.66825
0.692
0.726
0.90325
0.66475
0.832
0.8755
0.7155
0.70025
0.7025
0.586
0.85575
0.718
0.719
0.66775
0.70625
0.62925
0.779
0.74775
0.71325
0.73925
0.73825
0.90625
0.83625
0.7615
0.772
0.63125
0.7865
0.70025
0.7145
0.645
0.70375
0.81775
0.89775
0.675
0.769
0.59625
0.72575
0.67875
0.8265
0.7565
0.73075
0.62975
0.77225
0.73475
0.7535
0.66675
0.653
0.7085
0.79
0.60075
0.694
0.70925
0.68625
0.6735
0.707
0.7285
0.67775
0.7335
0.70125
0.71975
0.683
0.6845
0.6005
0.73475
0.85575
0.65675
0.7795
0.7135
0.7105
0.86075
0.76
0.72125
0.72425
0.795
0.68225
0.748
0.71225
0.78375
0.92
0.7215
0.712
0.63375
0.72275
0.85725
0.73775
0.66375
0.80225
0.6685
0.83325
0.6385
0.6405
0.69825
0.6615
0.714
0.7185
0.72325
0.71075
0.68825
0.65675
0.693
0.7255
0.54925
0.857
0.584
0.6375
0.68775
0.82475
0.64775
0.64925
0.762
0.6415
0.8285
0.6705
0.9265
0.73875
0.55675
0.70125
0.672
0.80475
0.76025
0.68675
0.70575
0.673
0.651
0.777
0.7135
0.75625
0.84025
0.699
0.6435
0.87775
0.83225
0.79775
0.74325
0.64925
0.679
0.66225
0.641
0.66925
0.71075
0.639
0.73525
0.713
0.7275
0.7425
0.70725
0.5785
0.89075
0.69575
0.70375
0.68825
0.65075
0.66725
0.74825
0.65325
0.57625
0.721
0.84775
0.87275
0.63925
0.76925
0.89825
0.651
0.85325
0.673
0.914
0.671
0.72525
0.79
0.74575
0.60525
0.7065
0.80975
0.586
0.622
0.7825
0.80625
0.689
0.7815
0.65125
0.761
0.834
0.7315
0.66875
0.59425
0.78125
0.67375
0.6865
0.80525
0.79025
0.756
0.6715
0.7015
0.7715
0.6635
0.678
0.74275
0.62175
0.556
0.588
0.77475
0.579
0.78375
0.7335
0.68925
0.773
0.81625
0.74075
0.7255
0.67475
0.64775
0.70525
0.55825
0.82
0.6205
0.75425
0.69825
0.69925
0.699
0.7335
0.67925
0.693
0.79275
0.7025
0.61425
0.6005
0.671
0.72375
0.72675
0.89025
0.8665
0.82625
0.68
0.8995
0.8055
0.58475
0.7385
0.5865
0.727
0.74475
0.63675
0.86375
0.78725
0.67775
0.7855
0.90225
0.6155
0.63525
0.6535
0.78525
0.72725
0.8005
0.7975
0.555
0.6595
0.78725
0.6755
0.8405
0.64075
0.6585
0.67475
0.67075
0.808
0.70475
0.6715
0.85925
0.71225
0.64475
0.69
0.61975
0.72225
0.637
0.716
0.8115
0.57925
0.70825
0.71475
0.7795
0.82925
0.67675
0.713
0.6825
0.6705
0.629
0.67975
0.783
0.951
0.6515
0.656
0.65625
0.741
0.85825
0.5365
0.70175
0.724
0.6155
0.81775
0.67075
0.6445
0.6605
0.703
0.648
0.66
0.70875
0.70325
0.6335
0.67375
0.80325
0.7075
0.8835
0.81125
0.7725
0.65
0.89375
0.7395
0.86525
0.739
0.761
0.713
0.74075
0.58625
0.8775
0.63925
0.69625
0.68475
0.72125
0.7525
0.74275
0.61925
0.72375
0.59525
0.632
0.6845
0.50425
0.55875
0.87
0.6715
0.7655
0.626
0.6965
0.7285
0.74425
0.634
0.6865
0.76
0.706
0.79725
0.73325
0.715
0.884
0.77525
0.69525
0.77225
0.82
0.753
0.595
0.67175
0.89025
0.673
0.7915
0.753
0.77125
0.65175
0.847
0.893
0.85325
0.633
0.73175
0.86975
0.8255
0.73325
0.62625
0.71375
0.79375
0.622
0.64325
0.82525
0.644
0.71
0.538
0.6905
0.71275
0.6455
0.67675
0.80975
0.7185
0.5955
0.79725
0.64525
0.732
0.62775
0.5815
0.56675
0.66025
0.77225
0.6765
0.70125
0.774
0.799
0.82175
0.769
0.72525
0.6615
0.61475
0.7335
0.75225
0.8225
0.70025
0.8405
0.764
0.6795
0.673
0.7385
0.61375
0.77825
0.8905
0.6485
0.88675
0.64375
0.72325
0.6455
0.739
0.88275
0.72725
0.703
0.76175
0.67825
0.77275
0.71825
0.7455
0.7825
0.90375
0.681
0.70675
0.89775
0.816
0.87875
0.6645
0.628
0.7225
0.6995
0.71725
0.7585
0.88875
0.83275
0.9115
0.72825
0.7565
0.60425
0.82325
0.69975
0.6265
0.68875
0.67575
0.639
0.58875
0.6305
0.775
0.8115
0.67225
0.72825
0.61925
0.5535
0.8055
0.62875
0.75475
0.735
0.67025
0.652
0.64675
0.62
0.87725
0.81025
0.66775
0.793
0.5955
0.71925
0.64175
0.693
0.677
0.7575
0.69425
0.687
0.8915
0.7865
0.9275
0.63
0.58575
0.6885
0.78525
0.62575
0.62175
0.6575
0.60175
0.70525
0.7525
0.83625
0.738
0.8645
0.696
0.64975
0.69025
0.60325
0.6555
0.78175
0.64575
0.54
0.65
0.71325
0.73925
0.684
0.63325
0.85075
0.70975
0.73275
0.67875
0.78425
0.6615
0.702
0.74975
0.892
0.5415
0.71225
0.78575
0.64625
0.651
0.806
0.67625
0.66425
0.90175
0.6605
0.84425
0.60775
0.74875
0.831
0.69125
0.6255
0.73225
0.65675
0.7525
0.6865
0.75675
0.70425
0.82425
0.77075
0.7175
0.669
0.7315
0.69075
0.68475
0.78725
0.67625
0.6525
0.734
0.6525
0.675
0.7785
0.69425
0.4795
0.83425
0.61275
0.66925
0.726
0.75225
0.689
0.66175
0.66675
0.80525
0.3705
0.7485
0.665
0.666
0.66375
0.627
0.631
0.60075
0.77225
0.642
0.503
0.73475
0.73025
0.85625
0.85225
0.698
0.654
0.7435
0.7375
0.5825
0.80325
0.6345
0.7615
0.788
0.761
0.6235
0.6735
0.77175
0.85225
0.79575
0.86925
0.80925
0.6325
0.73025
0.72325
0.76175
0.72975
0.7925
0.7365
0.8065
0.68
0.72475
0.7025
0.82125
0.81475
0.7315
0.4395
0.8695
0.82025
0.802
0.8145
0.8195
0.67425
0.7885
0.61675
0.621
0.801
0.69975
0.66275
0.592
0.8125
0.696
0.6075
0.736
0.726
0.728
0.69175
0.6515
0.68275
0.70625
0.6895
0.75725
0.774
0.6195
0.7725
0.65975
0.597
0.82075
0.58375
0.68925
0.83525
0.9
0.78375
0.86
0.77325
0.8205
0.66825
0.70775
0.6905
0.7275
0.7425
0.58825
0.819
0.86325
0.694
0.799
0.6825
0.7865
0.65775
0.58625
0.6715
0.89225
0.80125
0.60925
0.7525
0.73025
0.736
0.75175
0.77075
0.9245
0.6665
0.65775
0.602
0.68125
0.8135
0.7455
0.756
0.85175
0.63825
0.76425
0.85225
0.831
0.7275
0.77525
0.71425
0.79125
0.68125
0.718
0.82025
0.6325
0.85175
0.70375
0.65425
0.8105
0.571
0.7765
0.6355
0.64825
0.7085
0.77925
0.61075
0.72475
0.62675
0.63575
0.69575
0.50725
0.6655
0.68275
0.94575
0.71725
0.71225
0.79675
0.732
0.786
0.75225
0.7615
0.7085
0.67025
0.6345
0.89325
0.7875
0.61925
0.79625
0.85175
0.6555
0.75775
0.66025
0.77575
0.6375
0.6655
0.694
0.71325
0.7325
0.7385
0.656
0.75575
0.739
0.66725
0.57975
0.743
0.73625
0.6635
0.69125
0.71675
0.6835
0.7135
0.59
0.73625
0.6705
0.7535
0.81375
0.71475
0.791
0.67425
0.75875
0.783
0.69125
0.74225
0.67675
0.7995
0.6385
0.6785
0.78125
0.91025
0.67575
0.758
0.615
0.6135
0.8085
0.72175
0.6035
0.6275
0.8355
0.65975
0.56025
0.73825
0.603
0.60525
0.6845
0.79425
0.63875
0.81325
0.8055
0.72725
0.7845
0.68775
0.642
0.672
0.67725
0.672
0.70325
0.69025
0.7465
0.63875
0.783
0.63025
0.71425
0.60325
0.86475
0.83575
0.82025
0.797
0.805
0.7865
0.77975
0.7915
0.739
0.64175
0.65325
0.67575
0.75025
0.793
0.6245
0.6715
0.69325
0.657
0.76175
0.65675
0.60375
0.82375
0.7
0.74025
0.7025
0.6465
0.70975
0.74325
0.7405
0.7475
0.655
0.75025
0.80475
0.8385
0.797
0.814
0.66275
0.87975
0.7295
0.661
0.86725
0.8465
0.5835
0.78675
0.77425
0.66575
0.782
0.75425
0.70775
0.66325
0.729
0.733
0.69175
0.60475
0.7255
0.78725
0.71375
0.61625
0.749
0.8955
0.6675
0.8625
0.62875
0.7925
0.65525
0.73
0.6025
0.72475
0.619
0.764
0.6925
0.697
0.6345
0.83825
0.72075
0.7975
0.887
0.677
0.6215
0.78825
0.66375
0.67825
0.8175
0.86675
0.676
0.82075
0.68325
0.7655
0.7535
0.64825
0.69025
0.64075
0.65525
0.6785
0.693
0.61825
0.75175
0.72275
0.7
0.67
0.87475
0.71
0.828
0.6905
0.692
0.629
0.70375
0.723
0.736
0.7425
0.68525
0.64275
0.7245
0.5765
0.72625
0.605
0.74225
0.716
0.72625
0.77125
0.75225
0.6465
0.61625
0.80825
0.81475
0.69975
0.757
0.69425
0.71325
0.7055
0.74475
0.671
0.6105
0.67825
0.68975
0.778
0.70775
0.69125
0.797
0.68175
0.62025
0.63925
0.768
0.6625
0.782
0.7405
0.6995
0.65725
0.71175
0.78675
0.78425
0.7245
0.73025
0.782
0.65425
0.75875
0.69
0.66575
0.703
0.707
0.6965
0.79025
0.689
0.75575
0.78125
0.63525
0.705
0.65125
0.638
0.752
0.85275
0.67875
0.74975
0.67125
0.79
0.9125
0.6475
0.91875
0.837
0.8285
0.80725
0.78325
0.62375
0.68875
0.80225
0.672
0.6055
0.77675
0.639
0.66325
0.6415
0.68275
0.78225
0.64975
0.753
0.8265
0.7305
0.64525
0.6435
0.73975
0.742
0.6835
0.731
0.65925
0.81525
0.7005
0.62675
0.60675
0.65675
0.60825
0.78925
0.6845
0.50875
0.7225
0.695
0.829
0.663
0.697
0.7705
0.612
0.84525
0.5965
0.679
0.778
0.70025
0.65
0.84525
0.67725
0.80575
0.68575
0.68625
0.8265
0.668
0.79
0.61275
0.65525
0.83275
0.8155
0.6855
0.72525
0.63925
0.645
0.66275
0.71375
0.73975
0.629
0.6795
0.673
0.54925
0.9285
0.699
0.72725
0.588
0.67525
0.6785
0.741
0.66925
0.734
0.81225
0.59375
0.7945
0.6655
0.754
0.80675
0.7685
0.77275
0.74675
0.67425
0.67925
0.67575
0.71125
0.693
0.55925
0.77325
0.701
0.84225
0.79525
0.6255
0.75675
0.72575
0.86775
0.64275
0.80325
0.7205
0.79975
0.70825
0.66725
0.7285
0.86275
0.66825
0.67625
0.80775
0.772
0.707
0.692
0.63825
0.72075
0.78075
0.68075
0.7975
0.84225
0.6735
0.73325
0.709
0.88075
0.784
0.7465
0.68125
0.7885
0.71425
0.738
0.64025
0.78275
0.76075
0.7765
0.712
0.6075
0.6935
0.8195
0.759
0.60975
0.83575
0.69525
0.81425
0.85775
0.60025
0.794
0.53775
0.72975
0.7325
0.77325
0.6815
0.73075
0.71625
0.6545
0.82325
0.54525
0.672
0.72975
0.67425
0.5855
0.61125
0.76825
0.75325
0.58675
0.71475
0.63525
0.65575
0.756
0.75225
0.725
0.75275
0.6445
0.6765
0.82
0.76975
0.71375
0.9275
0.549
0.6085
0.68675
0.77025
0.81925
0.58725
0.67875
0.64025
0.72125
0.74875
0.7365
0.5845
0.66525
0.83825
0.75575
0.71025
0.707
0.73
0.5755
0.74375
0.822
0.557
0.7615
0.65275
0.72925
0.5335
0.73625
0.6905
0.7555
0.75075
0.6955
0.86125
0.697
0.75
0.7075
0.678
0.7655
0.79775
0.82825
0.69725
0.78575
0.7705
0.6805
0.796
0.744
0.68325
0.755
0.62725
0.8155
0.7305
0.599
0.8065
0.75125
0.704
0.70475
0.698
0.646
0.83675
0.75775
0.75475
0.67475
0.72775
0.7855
0.78225
0.75575
0.71375
0.689
0.72375
0.86575
0.79475
0.81375
0.6765
0.802
0.848
0.84175
0.69575
0.757
0.6405
0.798
0.8185
0.7585
0.65375
0.62125
0.72175
0.66025
0.60075
0.80175
0.772
0.74475
0.81225
0.8375
0.667
0.8005
0.811
0.62525
0.731
0.60075
0.7375
0.67475
0.66475
0.71375
0.614
0.682
0.67275
0.813
0.59125
0.61025
0.6575
0.879
0.705
0.59575
0.616
0.65775
0.669
0.6625
0.68575
0.6775
0.6665
0.753
0.65025
0.706
0.718
0.74125
0.7495
0.77975
0.607
0.80025
0.63125
0.86975
0.598
0.59675
0.72175
0.7305
0.59625
0.60625
0.6885
0.741
0.828
0.74125
0.6945
0.8145
0.79075
0.8015
0.70775
0.621
0.6595
0.67125
0.76
0.5785
0.67525
0.7645
0.6465
0.7075
0.68675
0.77675
0.88975
0.75775
0.73625
0.66325
0.73625
0.76
0.77125
0.74275
0.596
0.8195
0.706
0.89775
0.6825
0.703
0.71575
0.72475
0.79075
0.58675
0.8605
0.59175
0.74825
0.6655
0.62125
0.67925
0.73325
0.593
0.61575
0.61875
0.806
0.72675
0.71675
0.632
0.6955
0.7435
0.74875
0.8165
0.70975
0.7115
0.62825
0.66525
0.73375
0.707
0.608
0.74825
0.63525
0.69275
0.67975
0.808
0.716
0.69175
0.691
0.8005
0.7155
0.653
0.63975
0.7015
0.723
0.802
0.5885
0.629
0.76275
0.75425
0.69225
0.67725
0.67625
0.63575
0.7835
0.681
0.67325
0.68975
0.604
0.71525
0.664
0.72425
0.727
0.67
0.78325
0.71075
0.83975
0.76375
0.663
0.8265
0.639
0.8005
0.6535
0.6795
0.71475
0.74325
0.7145
0.83525
0.76475
0.8005
0.61075
0.81
0.9005
0.69925
0.89375
0.824
0.723
0.775
0.76075
0.66925
0.6415
0.779
0.7485
0.82925
0.5605
0.67425
0.85025
0.761
0.79075
0.819
0.75825
0.79475
0.676
0.67125
0.90175
0.749
0.70475
0.69675
0.5485
0.858
0.63675
0.58725
0.75975
0.66925
0.69475
0.6255
0.7215
0.875
0.61975
0.75225
0.72175
0.7325
0.7165
0.8105
0.76
0.76075
0.82875
0.66925
0.61425
0.7785
0.71775
0.82625
0.77375
0.828
0.7215
0.7925
0.88325
0.653
0.8065
0.65925
0.61475
0.78875
0.81675
0.64275
0.66575
0.77125
0.74275
0.71675
0.755
0.65075
0.8895
0.697
0.80175
0.82625
0.66725
0.72375
0.6135
0.68925
0.80075
0.65325
0.68125
0.72
0.74875
0.7055
0.731
0.56125
0.70575
0.69275
0.72525
0.76075
0.82675
0.7725
0.6785
0.663
0.6675
0.658
0.681
0.7785
0.6905
0.602
0.809
0.63425
0.638
0.59475
0.60925
0.67625
0.8105
0.62575
0.78375
0.73025
0.8395
0.785
0.701
0.826
0.617
0.8545
0.87875
0.631
0.8315
0.69575
0.76225
0.65025
0.84925
0.71525
0.653
0.7055
0.83025
0.89675
0.69825
0.71675
0.6565
0.68475
0.7495
0.71375
0.73575
0.75125
0.78425
0.6535
0.654
0.8025
0.8185
0.69725
0.794
0.75125
0.66725
0.73175
0.86025
0.714
0.76625
0.6915
0.6185
0.6505
0.785
0.66225
0.72725
0.73425
0.6185
0.59325
0.7105
0.8275
0.64475
0.79275
0.65825
0.711
0.67975
0.6685
0.685
0.641
0.7665
0.67775
0.7185
0.8055
0.709
0.653
0.67625
0.6915
0.83675
0.714
0.8315
0.717
0.65825
0.77625
0.633
0.62
0.64325
0.7945
0.6005
0.795
0.64
0.79175
0.6825
0.728
0.6695
0.23775
0.693
0.7855
0.6735
0.7815
0.693
0.69125
0.6705
0.6615
0.70325
0.894
0.6865
0.563
0.7905
0.76825
0.5885
0.7055
0.69425
0.8875
0.7485
0.60575
0.786
0.705
0.874
0.75825
0.66675
0.70325
0.802
0.8965
0.64625
0.83025
0.66575
0.7485
0.59425
0.66025
0.782
0.69825
0.57625
0.6135
0.82275
0.9065
0.702
0.85675
0.68525
0.795
0.8045
0.6075
0.92325
0.6665
0.69375
0.7915
0.73025
0.708
0.80425
0.64925
0.83925
0.727
0.68375
0.63525
0.55725
0.90425
0.68775
0.87875
0.80775
0.67125
0.745
0.6725
0.74975
0.731
0.7245
0.6665
0.629
0.6855
0.804
0.7285
0.85875
0.67675
0.59175
0.65425
0.672
0.621
0.69175
0.65125
0.64325
0.71875
0.79325
0.61975
0.889
0.663
0.696
0.59725
0.77325
0.64075
0.777
0.66725
0.72475
0.6295
0.7435
0.7095
0.7855
0.83525
0.65375
0.6285
0.6765
0.80625
0.6405
0.78975
0.80225
0.72325
0.769
0.76525
0.588
0.75475
0.75175
0.72325
0.6335
0.7645
0.7345
0.847
0.7455
0.66925
0.70125
0.7435
0.6315
0.676
0.60275
0.88375
0.70475
0.71025
0.68625
0.7455
0.91375
0.7065
0.7625
0.89225
0.686
0.78475
0.75125
0.69475
0.73025
0.74125
0.80175
0.75275
0.652
0.8255
0.7985
0.63
0.68
0.8405
0.9065
0.78725
0.69225
0.66675
0.68525
0.8715
0.8055
0.7635
0.7755
0.72275
0.777
0.75925
0.69725
0.797
0.6825
0.71675
0.67375
0.75475
0.80325
0.6335
0.66025
0.719
0.67175
0.702
0.678
0.66775
0.79
0.821
0.7515
0.7165
0.8205
0.7505
0.62525
0.6575
0.67275
0.6435
0.73825
0.69525
0.65525
0.74
0.84375
0.71525
0.73625
0.68875
0.685
0.73625
0.81625
0.8935
0.61825
0.67675
0.914
0.718
0.70575
0.62325
0.66975
0.82375
0.9025
0.7095
0.6325
0.7105
0.6655
0.6605
0.687
0.70675
0.81225
0.61475
0.68075
0.787
0.6705
0.8415
0.833
0.53475
0.848
0.55425
0.62125
0.62125
0.6525
0.63525
0.65825
0.73325
0.668
0.724
0.68675
0.71475
0.8525
0.6525
0.72975
0.7715
0.7805
0.65075
0.63675
0.8475
0.7115
0.591
0.7765
0.57625
0.70125
0.7485
0.73325
0.64025
0.62025
0.7945
0.7075
0.58975
0.85025
0.6865
0.76375
0.8125
0.82
0.75025
0.88375
0.75125
0.66125
0.625
0.63775
0.69175
0.70475
0.69425
0.702
0.80575
0.61875
0.71675
0.70575
0.92875
0.62025
0.8315
0.80175
0.76325
0.756
0.9155
0.80075
0.8045
0.89725
0.77575
0.678
0.6395
0.86325
0.74575
0.69225
0.75625
0.77725
0.73225
0.84375
0.7575
0.66425
0.73075
0.7205
0.7735
0.8085
0.65875
0.74275
0.71575
0.6335
0.8465
0.6095
0.72375
0.81675
0.843
0.782
0.63
0.7935
0.87575
0.7265
0.77525
0.7965
0.72175
0.707
0.5735
0.7115
0.848
0.6965
0.62
0.6965
0.87375
0.726
0.786
0.70975
0.71225
0.70425
0.855
0.69025
0.784
0.77875
0.69575
0.83625
0.796
0.881
0.6845
0.7405
0.688
0.795
0.81675
0.6435
0.834
0.6915
0.685
0.661
0.72375
0.62325
0.75725
0.60975
0.7985
0.74775
0.69625
0.63075
0.92975
0.687
0.6695
0.59675
0.6805
0.67375
0.593
0.6505
0.6605
0.63725
0.66225
0.6735
0.8125
0.8055
0.783
0.67725
0.71025
0.66675
0.8225
0.63025
0.73175
0.82275
0.63375
0.704
0.7835
0.73675
0.74375
0.788
0.71875
0.9115
0.62775
0.81025
0.86475
0.615
0.782
0.68075
0.7005
0.74425
0.825
0.627
0.85575
0.88775
0.6695
0.771
0.684
0.69
0.74125
0.65225
0.7265
0.6225
0.735
0.7235
0.792
0.63
0.6935
0.66
0.82825
0.61775
0.7315
0.67375
0.73775
0.716
0.68675
0.65975
0.7565
0.71275
0.75975
0.64075
0.7485
0.844
0.70175
0.7265
0.73925
0.6075
0.797
0.743
0.7175
0.76875
0.8095
0.7665
0.66375
0.7615
0.6935
0.75275
0.77225
0.6555
0.7545
0.656
0.707
0.90525
0.733
0.7525
0.6875
0.618
0.6225
0.8975
0.60325
0.674
0.79275
0.864
0.772
0.77
0.76275
0.77475
0.6945
0.6655
0.74425
0.87125
0.77925
0.787
0.88825
0.5775
0.78875
0.74
0.81975
0.7545
0.789
0.643
0.6885
0.67725
0.7305
0.8035
0.78025
0.8095
0.58525
0.7725
0.692
0.77725
0.78175
0.64125
0.66025
0.821
0.66425
0.68375
0.723
0.65
0.6805
0.8775
0.77625
0.6965
0.68075
0.5945
0.7385
0.60175
0.81375
0.78625
0.80175
0.703
0.70475
0.7025
0.56725
0.708
0.6615
0.70875
0.54025
0.7725
0.706
0.63975
0.71525
0.70775
0.64525
0.76125
0.71975
0.65775
0.78675
0.742
0.71925
0.78275
0.67075
0.59975
0.7815
0.6635
0.853
0.6185
0.72075
0.632
0.75775
0.69325
0.70025
0.782
0.6565
0.70525
0.734
0.656
0.77875
0.7375
0.6055
0.841
0.7185
0.71875
0.73325
0.77225
0.6635
0.698
0.842
0.657
0.68125
0.71125
0.7685
0.67825
0.75625
0.584
0.696
0.67775
0.6745
0.84375
0.60275
0.79
0.79325
0.7095
0.55525
0.7085
0.88725
0.6225
0.784
0.82125
0.77975
0.57875
0.80025
0.53225
0.91775
0.8425
0.6495
0.75575
0.7315
0.8565
0.698
0.718
0.634
0.757
0.62125
0.59975
0.6535
0.6695
0.687
0.6795
0.66775
0.78725
0.7065
0.77175
0.83925
0.80875
0.644
0.63475
0.643
0.7995
0.61725
0.59425
0.771
0.72275
0.655
0.68425
0.73375
0.746
0.776
0.726
0.66875
0.65925
0.68
0.67075
0.62175
0.74075
0.67625
0.6825
0.5975
0.797
0.5885
0.7385
0.8475
0.79925
0.64625
0.63725
0.62625
0.71975
0.628
0.836
0.7235
0.73575
0.6585
0.80625
0.60425
0.799
0.7895
0.5825
0.73475
0.7455
0.63425
0.68625
0.7005
0.77725
0.59725
0.70575
0.6395
0.8185
0.53975
0.801
0.6935
0.74175
0.66775
0.71975
0.7375
0.60875
0.62325
0.7095
0.68325
0.745
0.64375
0.725
0.70975
0.72875
0.7105
0.7835
0.72375
0.7815
0.87925
0.907
0.71425
0.6835
0.7805
0.66475
0.635
0.67225
0.76525
0.844
0.87425
0.77625
0.61725
0.652
0.72225
0.7345
0.8295
0.65775
0.75325
0.831
0.642
0.68975
0.8115
0.69925
0.639
0.64675
0.7695
0.75325
0.762
0.83125
0.6575
0.66375
0.608
0.84525
0.6585
0.7615
0.648
0.734
0.557
0.62525
0.86175
0.732
0.70825
0.83375
0.77925
0.78675
0.65475
0.66325
0.84775
0.66075
0.78475
0.738
0.71275
0.69675
0.8455
0.75325
0.65075
0.707
0.678
0.64525
0.6305
0.64825
0.79325
0.67675
0.63525
0.6875
0.686
0.75475
0.707
0.76525
0.78575
0.7895
0.74
0.712
0.6775
0.79075
0.742
0.6495
0.67775
0.80225
0.7145
0.77425
0.8105
0.765
0.68225
0.808
0.754
0.66125
0.78675
0.7615
0.6705
0.658
0.6365
0.676
0.71875
0.701
0.74625
0.66725
0.72775
0.73325
0.62375
0.90775
0.7705
0.6765
0.83225
0.89025
0.56025
0.62775
0.729
0.8045
0.783
0.88625
0.62975
0.7845
0.5965
0.70275
0.75675
0.86075
0.7385
0.68925
0.7935
0.63675
0.87875
0.8185
0.7055
0.61075
0.76275
0.62025
0.797
0.716
0.68025
0.654
0.8045
0.75875
0.57375
0.716
0.59425
0.706
0.6945
0.746
0.7215
0.715
0.639
0.64975
0.733
0.63675
0.6825
0.87375
0.8175
0.80625
0.79375
0.782
0.82525
0.72125
0.77525
0.754
0.7565
0.69225
0.7215
0.75025
0.6755
0.73225
0.65375
0.766
0.82675
0.81425
0.70025
0.63575
0.60925
0.6385
0.70275
0.6325
0.61725
0.71275
0.73475
0.6265
0.732
0.678
0.71175
0.664
0.66625
0.845
0.701
0.61725
0.69525
0.684
0.5995
0.7465
0.7095
0.73075
0.67625
0.6275
0.755
0.82175
0.78775
0.62525
0.7605
0.84675
0.71425
0.752
0.71625
0.73775
0.75225
0.74975
0.615
0.71825
0.7135
0.6215
0.62525
0.81275
0.58975
0.76675
0.6905
0.673
0.68575
0.795
0.74075
0.638
0.66875
0.77425
0.86
0.932
0.65525
0.7765
0.742
0.68875
0.79875
0.657
0.84275
0.64375
0.7865
0.699
0.65675
0.598
0.71525
0.7825
0.82275
0.7545
0.88025
0.85125
0.7035
0.85525
0.6645
0.72175
0.67425
0.57925
0.67375
0.6465
0.64025
0.73175
0.8455
0.75325
0.77925
0.80625
0.70525
0.6685
0.70725
0.77875
0.7155
0.73575
0.65275
0.80225
0.611
0.845
0.722
0.692
0.7325
0.7065
0.77975
0.65725
0.6705
0.71625
0.759
0.717
0.75225
0.705
0.92825
0.77575
0.674
0.6885
0.781
0.734
0.76725
0.789
0.74425
0.87625
0.82575
0.5995
0.667
0.68775
0.7105
0.6855
0.666
0.75225
0.64375
0.8535
0.78375
0.84275
0.73575
0.77625
0.62975
0.6645
0.7445
0.895
0.702
0.8255
0.68125
0.5765
0.69675
0.725
0.62475
0.822
0.80775
0.8255
0.8025
0.8405
0.84175
0.75225
0.662
0.8905
0.66625
0.72075
0.74025
0.6775
0.74325
0.63675
0.72625
0.72125
0.747
0.7855
0.62025
0.716
0.806
0.6145
0.7005
0.67125
0.66075
0.68425
0.83275
0.67675
0.7975
0.6355
0.586
0.63025
0.70975
0.6495
0.787
0.65825
0.73425
0.8555
0.561
0.75025
0.685
0.64425
0.6795
0.72875
0.7885
0.71575
0.64225
0.87825
0.822
0.76825
0.70975
0.72775
0.69025
0.62
0.728
0.755
0.71175
0.762
0.73225
0.75725
0.62875
0.691
0.75025
0.7865
0.72325
0.81925
0.85675
0.79475
0.72975
0.881
0.63175
0.6925
0.79475
0.58575
0.7895
0.7125
0.57225
0.7715
0.681
0.6565
0.60425
0.81125
0.81625
0.5895
0.68725
0.644
0.7495
0.7675
0.667
0.82375
0.6665
0.59475
0.84825
0.75675
0.81475
0.78725
0.69925
0.58075
0.75625
0.79175
0.7055
0.72025
0.63225
0.5985
0.671
0.65525
0.654
0.835
0.699
0.929
0.6845
0.75725
0.62975
0.703
0.893
0.707
0.74625
0.855
0.75225
0.82825
0.7625
0.7245
0.7705
0.72375
0.699
0.63675
0.745
0.84575
0.6575
0.7955
0.8255
0.6415
0.8575
0.80825
0.713
0.702
0.698
0.8055
0.63025
0.771
0.66825
0.73275
0.8635
0.70975
0.749
0.69825
0.7265
0.71175
0.91125
0.7525
0.6995
0.66425
0.573
0.71375
0.5845
0.6585
0.638
0.82025
0.616
0.66575
0.906
0.77275
0.81375
0.818
0.77
0.8105
0.72375
0.73125
0.62525
0.79175
0.796
0.62975
0.754
0.732
0.73725
0.6925
0.6995
0.896
0.60575
0.54975
0.70125
0.592
0.8495
0.6535
0.6235
0.81825
0.701
0.6345
0.6605
0.8145
0.6835
0.64175
0.78575
0.656
0.63625
0.651
0.696
0.6175
0.9025
0.7625
0.65325
0.66275
0.689
0.727
0.76175
0.7725
0.68075
0.56875
0.889
0.73425
0.66925
0.67575
0.58225
0.63225
0.70775
0.86575
0.807
0.70075
0.6405
0.73525
0.586
0.54025
0.6355
0.856
0.55025
0.7405
0.8805
0.5945
0.673
0.81
0.76125
0.689
0.7125
0.66475
0.7515
0.72025
0.814
0.4885
0.84925
0.76225
0.757
0.6385
0.79125
0.6665
0.70875
0.6655
0.522
0.9115
0.733
0.7545
0.8025
0.8805
0.7915
0.6935
0.8895
0.65575
0.85525
0.67975
0.61825
0.79475
0.82075
0.8485
0.7495
0.637
0.8795
0.639
0.7515
0.6065
0.66225
0.843
0.76275
0.68175
0.70675
0.65325
0.7935
0.66575
0.6635
0.70325
0.709
0.7425
0.682
0.6955
0.706
0.81575
0.62375
0.69525
0.66975
0.625
0.5815
0.7805
0.62275
0.76125
0.617
0.65325
0.752
0.70625
0.58125
0.72475
0.66875
0.672
0.846
0.75725
0.663
0.65175
0.67275
0.71325
0.76975
0.8375
0.7265
0.63125
0.7795
0.58575
0.7535
0.645
0.655
0.73775
0.677
0.72525
0.838
0.71025
0.71975
0.82225
0.602
0.652
0.8735
0.85275
0.73975
0.71875
0.84425
0.82625
0.79
0.6355
0.75225
0.59725
0.66225
0.63975
0.6685
0.79125
0.74975
0.845
0.627
0.646
0.667
0.76475
0.69075
0.77175
0.68875
0.73425
0.8225
0.63625
0.88575
0.81375
0.667
0.71675
0.67725
0.83275
0.875
0.72975
0.66325
0.653
0.91625
0.80725
0.68275
0.793
0.73125
0.64
0.706
0.642
0.7005
0.6975
0.61725
0.7915
0.5935
0.6695
0.78325
0.7045
0.6885
0.7985
0.7945
0.64475
0.6855
0.694
0.69025
0.79825
0.69975
0.828
0.68975
0.58275
0.66475
0.69525
0.72475
0.738
0.69375
0.64525
0.8635
0.66675
0.62875
0.678
0.6865
0.609
0.7835
0.612
0.90175
0.65025
0.695
0.638
0.78075
0.58725
0.623
0.85425
0.70775
0.6805
0.6495
0.5935
0.6995
0.63875
0.8095
0.6715
0.82925
0.65725
0.7305
0.7035
0.7755
0.89825
0.81875
0.767
0.69
0.641
0.64875
0.66575
0.78275
0.66925
0.7115
0.63475
0.84125
0.6505
0.69675
0.6155
0.749
0.8375
0.71425
0.76325
0.697
0.76175
0.7735
0.68475
0.6705
0.7885
0.6745
0.6945
0.6425
0.74475
0.6925
0.7645
0.648
0.81875
0.5915
0.8325
0.6355
0.6775
0.6015
0.76275
0.718
0.71275
0.6365
0.77125
0.733
0.7155
0.7645
0.86225
0.7225
0.75675
0.61925
0.6935
0.78975
0.9195
0.6365
0.73
0.6525
0.78375
0.6995
0.6965
0.71125
0.744
0.722
0.7385
0.72425
0.7525
0.79775
0.71725
0.676
0.685
0.77475
0.67675
0.579
0.674
0.80075
0.7165
0.64
0.79225
0.70825
0.7395
0.68625
0.60125
0.6875
0.69
0.7875
0.718
0.64725
0.611
0.7715
0.694
0.619
0.708
0.79125
0.6545
0.61225
0.744
0.6535
0.6795
0.74275
0.6475
0.77
0.76175
0.601
0.75475
0.762
0.89275
0.7155
0.753
0.6995
0.744
0.70675
0.70175
0.7855
0.7685
0.70325
0.7775
0.7885
0.7825
0.5695
0.7365
0.696
0.61175
0.725
0.805
0.78825
0.79125
0.65925
0.7185
0.64
0.71425
0.6235
0.7775
0.55975
0.68525
0.768
0.795
0.66875
0.8525
0.5605
0.64125
0.77275
0.868
0.64525
0.672
0.62675
0.66825
0.84275
0.85275
0.7435
0.59575
0.58625
0.85
0.65725
0.77225
0.729
0.695
0.772
0.89725
0.681
0.59225
0.608
0.661
0.73125
0.6555
0.729
0.7705
0.64
0.632
0.9185
0.7345
0.80075
0.713
0.79325
0.7245
0.73325
0.78375
0.59925
0.67125
0.701
0.80575
0.733
0.7195
0.74525
0.732
0.67675
0.6335
0.7055
0.63925
0.83825
0.80575
0.70625
0.773
0.69275
0.711
0.64975
0.6675
0.567
0.74525
0.926
0.7245
0.674
0.85725
0.802
0.7555
0.699
0.598
0.89725
0.893
0.68575
0.5765
0.67975
0.76775
0.78125
0.65775
0.76725
0.7345
0.6745
0.65875
0.75625
0.67275
0.81125
0.76375
0.79225
0.661
0.853
0.69775
0.75225
0.7505
0.69675
0.63425
0.70775
0.6735
0.7395
0.70475
0.776
0.6185
0.76975
0.742
0.63775
0.64925
0.73975
0.6685
0.72375
0.67125
0.7195
0.64975
0.802
0.62025
0.6055
0.83325
0.66275
0.7055
0.592
0.71275
0.928
0.7355
0.765
0.714
0.78925
0.71775
0.6675
0.7095
0.6145
0.804
0.91575
0.67425
0.67125
0.702
0.78375
0.67075
0.7045
0.67675
0.72925
0.7125
0.65775
0.732
0.59175
0.7015
0.65475
0.87625
0.7895
0.76675
0.629
0.7465
0.75525
0.69575
0.80225
0.787
0.6805
0.71125
0.705
0.73825
0.70875
0.7335
0.8315
0.65325
0.7195
0.647
0.68
0.667
0.8255
0.80725
0.69
0.75125
0.6965
0.72875
0.607
0.7685
0.648
0.61525
0.7705
0.662
0.7855
0.737
0.8045
0.69075
0.5885
0.678
0.7265
0.761
0.63325
0.5935
0.89375
0.66275
0.5775
0.73425
0.8355
0.92875
0.59675
0.63225
0.6975
0.667
0.64875
0.83175
0.71725
0.7315
0.65125
0.8105
0.7745
0.68175
0.69225
0.72575
0.70975
0.723
0.693
0.637
0.6405
0.66975
0.744
0.82725
0.69175
0.7185
0.7275
0.81775
0.8155
0.7425
0.72175
0.72175
0.7405
0.57825
0.7825
0.6155
0.6865
0.824
0.69475
0.725
0.80875
0.66775
0.7805
0.78525
0.73975
0.70475
0.7685
0.7785
0.811
0.61525
0.71
0.638
0.65725
0.6375
0.7025
0.76025
0.7045
0.581
0.69525
0.7195
0.57325
0.6375
0.73
0.66825
0.6595
0.78625
0.67475
0.67425
0.773
0.78525
0.73925
0.741
0.79825
0.81475
0.63475
0.63375
0.72
0.72675
0.67475
0.7985
0.73675
0.95175
0.619
0.6845
0.64225
0.5705
0.68575
0.8235
0.7555
0.666
0.66375
0.78575
0.7405
0.891
0.76525
0.885
0.66275
0.731
0.67375
0.70375
0.8205
0.8605
0.7495
0.7365
0.78575
0.66775
0.6295
0.5795
0.7435
0.7485
0.781
0.67825
0.641
0.71575
0.85225
0.6845
0.8035
0.709
0.60975
0.77625
0.6695
0.63525
0.72175
0.8285
0.767
0.68525
0.7805
0.7165
0.68475
0.68325
0.69
0.893
0.72425
0.8175
0.7465
0.80225
0.6655
0.76375
0.639
0.7665
0.65975
0.76325
0.67
0.80575
0.6905
0.82275
0.714
0.55525
0.83875
0.63725
0.80825
0.8405
0.59475
0.6315
0.78425
0.755
0.68675
0.86325
0.669
0.85625
0.807
0.864
0.6675
0.77825
0.744
0.69575
0.67475
0.796
0.7565
0.71875
0.73325
0.77175
0.603
0.66625
0.71075
0.6965
0.815
0.796
0.633
0.73125
0.88725
0.75175
0.7475
0.7
0.7525
0.77675
0.66
0.65625
0.7285
0.7965
0.6075
0.5905
0.7465
0.718
0.84825
0.89725
0.78725
0.54125
0.86
0.7995
0.7065
0.72
0.7325
0.807
0.6925
0.706
0.6875
0.69125
0.7135
0.715
0.71125
0.713
0.78975
0.6785
0.627
0.86975
0.71075
0.60975
0.5565
0.6135
0.79825
0.80175
0.79475
0.61975
0.85625
0.7545
0.86775
0.7385
0.7635
0.74675
0.71925
0.645
0.7785
0.6275
0.69175
0.7085
0.6815
0.72925
0.63775
0.67825
0.763
0.83375
0.78375
0.57325
0.53825
0.70175
0.69175
0.69
0.7995
0.769
0.78175
0.6195
0.694
0.7445
0.67925
0.676
0.8635
0.6885
0.77875
0.61475
0.689
0.7695
0.68975
0.82125
0.6205
0.72375
0.776
0.80775
0.71875
0.9185
0.80375
0.732
0.6605
0.631
0.704
0.7935
0.74675
0.6075
0.81575
0.768
0.862
0.67225
0.81225
0.7395
0.65125
0.633
0.73975
0.7125
0.6525
0.81425
0.7415
0.85325
0.717
0.7105
0.6485
0.782
0.74625
0.5945
0.70775
0.74025
0.70125
0.78775
0.825
0.87875
0.6645
0.7355
0.649
0.77825
0.57875
0.67725
0.791
0.754
0.83975
0.7785
0.731
0.72225
0.79025
0.75475
0.67375
0.7295
0.74575
0.62175
0.89125
0.6435
0.6995
0.727
0.7235
0.69325
0.674
0.76675
0.8015
0.668
0.786
0.6435
0.6895
0.6405
0.756
0.625
0.69575
0.8145
0.70425
0.74925
0.91675
0.75175
0.62725
0.71525
0.50275
0.65475
0.69325
0.6655
0.72725
0.683
0.7535
0.65775
0.84175
0.74775
0.6995
0.625
0.715
0.769
0.78225
0.74825
0.72375
0.60525
0.57475
0.7815
0.65275
0.75625
0.72475
0.676
0.714
0.64225
0.81025
0.737
0.7985
0.8495
0.59275
0.787
0.6425
0.75475
0.645
0.59
0.68175
0.717
0.7505
0.60625
0.945
0.75675
0.79425
0.769
0.6635
0.649
0.67625
0.81175
0.67425
0.9145
0.69
0.6755
0.6055
0.63775
0.59875
0.65125
0.764
0.64775
0.68025
0.816
0.722
0.66075
0.809
0.74125
0.634
0.6465
0.91775
0.823
0.60525
0.67525
0.69025
0.6155
0.59625
0.63975
0.70525
0.76375
0.7155
0.7235
0.60775
0.89375
0.706
0.66775
0.69425
0.6465
0.62175
0.7245
0.709
0.65075
0.765
0.64325
0.72025
0.7535
0.7325
0.74275
0.62075
0.7035
0.74075
0.756
0.738
0.826
0.75225
0.70075
0.6875
0.7385
0.8565
0.67775
0.6865
0.8315
0.6945
0.7095
0.75375
0.831
0.7235
0.59725
0.68275
0.8455
0.59075
0.7125
0.766
0.6735
0.65675
0.61825
0.758
0.855
0.798
0.64825
0.62125
0.7495
0.92875
0.721
0.78425
0.5955
0.79575
0.72175
0.89725
0.76375
0.74925
0.5635
0.84975
0.6865
0.72125
0.7165
0.73325
0.7715
0.77175
0.69325
0.63075
0.66725
0.775
0.863
0.766
0.7855
0.73
0.6735
0.80475
0.73425
0.611
0.66425
0.84275
0.6545
0.6435
0.749
0.63825
0.6885
0.648
0.72825
0.646
0.62175
0.7235
0.761
0.86675
0.62325
0.7035
0.7995
0.72125
0.701
0.607
0.59675
0.63875
0.63875
0.81675
0.764
0.82775
0.78175
0.63875
0.655
0.80225
0.83425
0.798
0.86425
0.60975
0.77625
0.6955
0.65425
0.685
0.72175
0.61175
0.8215
0.7325
0.722
0.82925
0.863
0.74475
0.85175
0.75175
0.711
0.80075
0.7655
0.63875
0.744
0.61675
0.67475
0.673
0.7205
0.6115
0.6585
0.6785
0.6195
0.674
0.58475
0.722
0.67825
0.83975
0.633
0.7055
0.93275
0.62475
0.74575
0.7415
0.82675
0.71175
0.757
0.657
0.71475
0.707
0.6275
0.81875
0.77625
0.70425
0.6085
0.5885
0.71725
0.87575
0.73125
0.7155
0.6405
0.7115
0.90925
0.71525
0.66025
0.73125
0.8345
0.64275
0.74725
0.644
0.63625
0.83425
0.7435
0.69575
0.8595
0.749
0.71725
0.7565
0.773
0.777
0.799
0.82525
0.87775
0.67275
0.75325
0.79525
0.7575
0.84575
0.631
0.6985
0.7395
0.84575
0.6405
0.77325
0.82325
0.65475
0.68975
0.81525
0.76075
0.556
0.60525
0.72525
0.75475
0.73925
0.739
0.628
0.7355
0.64125
0.81425
0.71725
0.63725
0.82325
0.70075
0.781
0.7075
0.752
0.6795
0.74475
0.655
0.65725
0.859
0.791
0.7305
0.6445
0.84875
0.68825
0.64125
0.80775
0.77125
0.71525
0.6115
0.65225
0.6895
0.67575
0.84425
0.908
0.692
0.71175
0.7935
0.6405
0.622
0.8075
0.618
0.696
0.894
0.803
0.7355
0.9395
0.76125
0.79225
0.7945
0.716
0.72725
0.64975
0.7105
0.6275
0.835
0.71775
0.60025
0.74175
0.81025
0.7315
0.67975
0.93075
0.63375
0.64275
0.79125
0.7785
0.813
0.694
0.6615
0.73775
0.688
0.64325
0.6955
0.7965
0.70275
0.72025
0.61325
0.6565
0.67225
0.712
0.708
0.716
0.79475
0.829
0.58575
0.63975
0.8
0.73625
0.64025
0.81925
0.61
0.682
0.6405
0.874
0.756
0.799
0.707
0.6505
0.72575
0.8175
0.6705
0.73775
0.63725
0.57725
0.84925
0.82275
0.6625
0.683
0.63775
0.66125
0.881
0.624
0.78325
0.60075
0.7715
0.8765
0.87025
0.605
0.66925
0.61175
0.66175
0.63875
0.65575
0.6245
0.66625
0.7245
0.735
0.7845
0.6925
0.62775
0.8925
0.7505
0.808
0.782
0.76225
0.57525
0.89425
0.75
0.8065
0.8125
0.8215
0.67975
0.81125
0.7275
0.762
0.67775
0.70825
0.8225
0.706
0.89525
0.70025
0.624
0.79325
0.581
0.77975
0.72625
0.806
0.7865
0.606
0.772
0.7625
0.71475
0.63425
0.7565
0.82475
0.68325
0.7975
0.70625
0.71575
0.64325
0.5735
0.617
0.75275
0.8405
0.80975
0.73225
0.6535
0.62675
0.7055
0.58675
0.768
0.77125
0.67525
0.771
0.6605
0.8275
0.7055
0.7295
0.85225
0.689
0.8195
0.745
0.6455
0.695
0.75925
0.705
0.77425
0.64775
0.65125
0.65125
0.53025
0.7215
0.66325
0.67775
0.626
0.5855
0.847
0.5435
0.678
0.63125
0.75975
0.887
0.892
0.66475
0.66325
0.7635
0.75025
0.6985
0.76625
0.678
0.91775
0.7155
0.688
0.72375
0.856
0.6975
0.78675
0.632
0.8595
0.65825
0.62875
0.782
0.65125
0.627
0.681
0.7315
0.7135
0.6715
0.77275
0.72775
0.68775
0.65625
0.69175
0.644
0.6725
0.702
0.7065
0.801
0.6415
0.6625
0.71025
0.6505
0.61675
0.7875
0.69975
0.69675
0.64625
0.77275
0.69425
0.7225
0.77075
0.60025
0.77
0.83025
0.685
0.68475
0.68575
0.786
0.68875
0.6685
0.7325
0.78775
0.839
0.61075
0.71575
0.64825
0.77675
0.792
0.8095
0.625
0.65225
0.6865
0.579
0.68975
0.60675
0.662
0.549
0.64325
0.656
0.707
0.738
0.83775
0.6585
0.69025
0.76325
0.6015
0.71075
0.66575
0.702
0.74125
0.71175
0.652
0.94725
0.83475
0.7955
0.68275
0.85925
0.6275
0.6335
0.6605
0.73575
0.5955
0.83175
0.59575
0.80825
0.7455
0.72575
0.68275
0.767
0.7125
0.648
0.84525
0.756
0.69125
0.8125
0.623
0.68375
0.70025
0.6795
0.688
0.70275
0.76775
0.72975
0.88
0.6865
0.65675
0.6035
0.7445
0.8075
0.77175
0.7145
0.7005
0.7375
0.6535
0.873
0.841
0.81775
0.8475
0.5665
0.73325
0.6255
0.67475
0.831
0.61675
0.69575
0.6635
0.705
0.67625
0.64875
0.762
0.75425
0.61425
0.57625
0.7565
0.815
0.6745
0.79025
0.7185
0.769
0.69925
0.57525
0.63825
0.674
0.8315
0.7145
0.71425
0.74325
0.878
0.67425
0.599
0.65775
0.62575
0.64875
0.73675
0.57325
0.65
0.74175
0.639
0.92225
0.77325
0.73825
0.569
0.73525
0.5565
0.7255
0.7575
0.78
0.71775
0.73475
0.709
0.64875
0.735
0.76075
0.753
0.6405
0.75175
0.62
0.6085
0.6775
0.7145
0.6455
0.77725
0.615
0.54475
0.69975
0.68025
0.83825
0.67725
0.66725
0.61675
0.7285
0.819
0.7135
0.636
0.64125
0.7435
0.6605
0.811
0.6885
0.801
0.8925
0.70925
0.712
0.606
0.83275
0.6625
0.782
0.788
0.92875
0.6935
0.7195
0.663
0.8205
0.785
0.96675
0.754
0.7
0.8135
0.67025
0.6365
0.715
0.7455
0.664
0.6055
0.81075
0.64975
0.67975
0.60825
0.692
0.677
0.8335
0.7355
0.8185
0.6665
0.75175
0.85775
0.61175
0.81375
0.902
0.78075
0.6425
0.722
0.80225
0.7595
0.7565
0.7465
0.8325
0.78875
0.71175
0.6895
0.75875
0.6
0.759
0.853
0.77575
0.913
0.704
0.787
0.8035
0.78825
0.701
0.57575
0.613
0.7085
0.7955
0.74375
0.54675
0.6945
0.70175
0.63375
0.647
0.68975
0.6705
0.7215
0.58425
0.94575
0.632
0.7395
0.7425
0.675
0.6825
0.69425
0.6295
0.7085
0.88475
0.71375
0.66225
0.786
0.76325
0.617
0.75725
0.73025
0.7795
0.755
0.72975
0.687
0.67075
0.71325
0.49175
0.687
0.76475
0.7085
0.64525
0.708
0.7845
0.64975
0.843
0.77625
0.6095
0.7935
0.781
0.58225
0.61725
0.6055
0.8505
0.735
0.6625
0.76625
0.75225
0.7435
0.864
0.70275
0.60275
0.698
0.802
0.6365
0.64175
0.6725
0.86475
0.659
0.51575
0.571
0.69075
0.603
0.69875
0.6115
0.808
0.81275
0.90575
0.7835
0.77775
0.68025
0.732
0.6605
0.7115
0.65625
0.8245
0.648
0.77025
0.72125
0.67575
0.63625
0.7345
0.8035
0.748
0.661
0.66975
0.81125
0.7835
0.68375
0.62525
0.5855
0.82675
0.70625
0.7225
0.732
0.676
0.82
0.797
0.7985
0.83325
0.618
0.661
0.52575
0.79675
0.844
0.78725
0.63375
0.714
0.6655
0.862
0.69
0.674
0.81275
0.7145
0.70025
0.84875
0.68325
0.56925
0.70025
0.70825
0.7515
0.75975
0.81875
0.717
0.58075
0.64225
0.66925
0.636
0.73675
0.67125
0.8265
0.699
0.6965
0.658
0.6125
0.6885
0.7675
0.82225
0.62675
0.72725
0.87225
0.74125
0.66475
0.754
0.6385
0.78575
0.833
0.7365
0.68075
0.7445
0.671
0.716
0.78775
0.66925
0.6955
0.5505
0.76925
0.64925
0.8035
0.83875
0.649
0.806
0.8175
0.81875
0.74975
0.65675
0.8055
0.77875
0.7195
0.7195
0.74275
0.6765
0.5955
0.7185
0.7475
0.80925
0.723
0.7315
0.62075
0.87775
0.778
0.634
0.667
0.73125
0.69325
0.81975
0.79525
0.617
0.6805
0.72825
0.68525
0.6335
0.9055
0.80425
0.80375
0.84625
0.69075
0.6685
0.66525
0.6375
0.67525
0.64525
0.83375
0.71925
0.67725
0.6535
0.68425
0.74375
0.7655
0.6595
0.74925
0.81125
0.669
0.61575
0.81575
0.6985
0.73425
0.7355
0.7315
0.752
0.76125
0.66675
0.74425
0.743
0.66325
0.7515
0.8905
0.753
0.581
0.76325
0.8155
0.7965
0.74675
0.7845
0.69275
0.73175
0.66325
0.71125
0.71825
0.7455
0.69725
0.69775
0.6725
0.666
0.83475
0.68
0.74375
0.80375
0.755
0.6625
0.686
0.56475
0.67525
0.72625
0.704
0.67125
0.7285
0.72875
0.63125
0.81425
0.692
0.75725
0.8025
0.748
0.75775
0.68425
0.57175
0.691
0.7555
0.69125
0.794
0.66725
0.64275
0.6715
0.78225
0.6325
0.6365
0.7445
0.77275
0.86875
0.711
0.8385
0.68075
0.6675
0.8685
0.6795
0.59175
0.64575
0.6985
0.71375
0.789
0.8105
0.62275
0.5615
0.589
0.7985
0.73775
0.74675
0.823
0.69575
0.82975
0.6635
0.822
0.736
0.63925
0.555
0.71325
0.855
0.78075
0.691
0.6515
0.81825
0.793
0.83325
0.71775
0.63125
0.67225
0.826
0.69075
0.82775
0.62175
0.78725
0.5825
0.65775
0.69275
0.56125
0.829
0.766
0.64825
0.65725
0.6045
0.7085
0.82575
0.7315
0.84825
0.7615
0.711
0.8225
0.724
0.83525
0.654
0.6735
0.871
0.7015
0.826
0.69525
0.778
0.7355
0.7535
0.64625
0.57325
0.77275
0.65125
0.6655
0.70325
0.63725
0.6225
0.808
0.6035
0.7475
0.66625
0.705
0.732
0.6355
0.64775
0.7395
0.6955
0.8295
0.76475
0.6265
0.75575
0.68325
0.64825
0.81975
0.7345
0.68975
0.67275
0.82275
0.68875
0.73225
0.686
0.65875
0.70625
0.7925
0.78375
0.723
0.699
0.64875
0.8335
0.684
0.72625
0.77375
0.64875
0.6855
0.65675
0.6635
0.88175
0.92425
0.722
0.78725
0.68825
0.585
0.6425
0.82175
0.58325
0.77325
0.7695
0.628
0.695
0.63925
0.78825
0.7385
0.84025
0.677
0.89175
0.68175
0.681
0.73275
0.8085
0.777
0.686
0.89875
0.6295
0.9015
0.75475
0.622
0.71
0.6915
0.64075
0.8625
0.7205
0.8385
0.94475
0.792
0.86575
0.71
0.719
0.8425
0.67575
0.7405
0.7315
0.58425
0.801
0.7425
0.745
0.79075
0.76
0.74175
0.75525
0.6355
0.848
0.5715
0.66575
0.65175
0.696
0.80525
0.8405
0.761
0.68975
0.75475
0.60425
0.8475
0.737
0.7155
0.84225
0.94625
0.67175
0.83075
0.848
0.73675
0.70325
0.70125
0.73125
0.70975
0.65225
0.83
0.6455
0.92425
0.54975
0.70475
0.7745
0.66
0.71725
0.65125
0.83425
0.7545
0.63825
0.63325
0.80125
0.8285
0.79525
0.63925
0.725
0.68675
0.69875
0.71425
0.78475
0.78175
0.90625
0.67075
0.62225
0.70875
0.66725
0.749
0.851
0.62875
0.83825
0.7105
0.74075
0.65575
0.616
0.6695
0.8285
0.71375
0.8805
0.647
0.74575
0.63175
0.62
0.831
0.75425
0.72925
0.618
0.848
0.73975
0.75775
0.89425
0.738
0.77675
0.66025
0.61775
0.8545
0.8815
0.79
0.7825
0.63875
0.7675
0.726
0.78775
0.9375
0.83575
0.8915
0.87
0.82475
0.736
0.76925
0.65375
0.88725
0.65675
0.6065
0.63125
0.80075
0.70325
0.6475
0.738
0.7515
0.856
0.66025
0.812
0.741
0.7995
0.63175
0.821
0.75025
0.7775
0.73475
0.729
0.78625
0.75125
0.656
0.592
0.91775
0.67725
0.78
0.65475
0.68
0.65975
0.64875
0.755
0.8785
0.734
0.756
0.67875
0.60375
0.64175
0.80825
0.89225
0.74575
0.91675
0.65925
0.65075
0.75225
0.825
0.64275
0.566
0.732
0.61225
0.69
0.70925
0.793
0.7365
0.6855
0.7365
0.7355
0.66025
0.759
0.66425
0.8155
0.69575
0.692
0.702
0.75825
0.84525
0.79175
0.7325
0.6355
0.62325
0.884
0.74025
0.65075
0.59575
0.61075
0.696
0.72825
0.688
0.7525
0.716
0.64325
0.72025
0.7195
0.7895
0.805
0.6815
0.586
0.694
0.79925
0.75625
0.852
0.70975
0.6025
0.765
0.70625
0.75575
0.672
0.908
0.66675
0.7275
0.73575
0.687
0.691
0.78675
0.624
0.74175
0.64825
0.903
0.64875
0.81625
0.6385
0.7535
0.76825
0.66525
0.60475
0.81075
0.6115
0.77425
0.645
0.6625
0.741
0.66425
0.6915
0.7245
0.72875
0.72075
0.9275
0.7065
0.5725
0.69625
0.57575
0.78275
0.6325
0.6675
0.841
0.70625
0.6915
0.66375
0.77075
0.68925
0.77775
0.62125
0.768
0.82625
0.7145
0.606
0.703
0.60325
0.70125
0.777
0.7115
0.6295
0.7495
0.62875
0.64975
0.7875
0.80275
0.666
0.79425
0.72075
0.726
0.782
0.74175
0.7215
0.56525
0.74625
0.60875
0.5985
0.7945
0.63575
0.765
0.66225
0.70425
0.67025
0.91175
0.72125
0.73275
0.71
0.73725
0.72675
0.663
0.70225
0.82775
0.69625
0.81475
0.70325
0.6405
0.812
0.585
0.67
0.632
0.648
0.618
0.6925
0.79425
0.67625
0.6685
0.8455
0.61925
0.69275
0.76325
0.6405
0.819
0.789
0.73475
0.86975
0.66175
0.8495
0.71725
0.58825
0.678
0.7575
0.62325
0.61525
0.736
0.682
0.80225
0.6875
0.8585
0.744
0.85275
0.81775
0.70825
0.66525
0.71375
0.66775
0.62825
0.72175
0.73325
0.674
0.80925
0.84025
0.802
0.70625
0.78125
0.64275
0.68475
0.68725
0.75775
0.694
0.64875
0.67725
0.664
0.7295
0.59675
0.7225
0.791
0.72125
0.77375
0.80825
0.637
0.748
0.69475
0.80375
0.645
0.6615
0.83575
0.68025
0.59875
0.91775
0.7985
0.7195
0.653
0.7425
0.701
0.7605
0.805
0.68225
0.732
0.80675
0.725
0.69925
0.846
0.668
0.7795
0.88925
0.72925
0.65825
0.719
0.709
0.73075
0.8075
0.70325
0.663
0.804
0.75
0.89425
0.7825
0.75275
0.65375
0.87225
0.684
0.7015
0.6935
0.70675
0.6385
0.83425
0.75025
0.73025
0.708
0.7005
0.698
0.65425
0.7695
0.8045
0.5875
0.8855
0.5805
0.83025
0.78
0.781
0.749
0.62675
0.714
0.93175
0.70775
0.7275
0.61675
0.57225
0.83025
0.649
0.652
0.657
0.6535
0.7575
0.67625
0.8005
0.678
0.85375
0.828
0.839
0.81
0.61375
0.68875
0.7685
0.6235
0.65525
0.741
0.7895
0.6805
0.63225
0.69175
0.77875
0.8475
0.8015
0.651
0.7175
0.85325
0.854
0.68125
0.8705
0.672
0.6745
0.885
0.8125
0.698
0.8285
0.68425
0.76375
0.78975
0.824
0.707
0.569
0.731
0.7185
0.695
0.741
0.82425
0.71775
0.6325
0.67225
0.82125
0.69625
0.65875
0.759
0.6725
0.67
0.7615
0.6965
0.6735
0.83875
0.815
0.79975
0.8465
0.66625
0.6755
0.78775
0.69675
0.7845
0.57375
0.64875
0.82425
0.67425
0.58275
0.71525
0.68625
0.71025
0.69
0.60325
0.74525
0.64925
0.66575
0.74375
0.7825
0.778
0.721
0.66275
0.67325
0.61025
0.787
0.87175
0.69725
0.57425
0.6425
0.80725
0.7425
0.57475
0.84875
0.72725
0.653
0.735
0.88475
0.61525
0.689
0.636
0.78925
0.7475
0.83
0.66175
0.668
0.7175
0.7125
0.78925
0.664
0.8875
0.77575
0.81725
0.7255
0.702
0.78175
