0.7989100817438692
0.8702997275204359
0.8400544959128066
0.8160762942779292
0.7869209809264305
0.9340599455040872
0.9054495912806539
0.7158038147138964
0.8087193460490463
0.867574931880109
0.9220708446866485
0.8400544959128066
0.6994550408719346
0.7651226158038147
0.8356948228882833
0.679291553133515
0.8468664850136239
0.8351498637602179
0.9215258855585831
0.8430517711171662
0.8419618528610354
0.8188010899182562
0.7866485013623978
0.7250681198910082
0.8983651226158038
0.8013623978201635
0.9010899182561308
0.4561307901907357
0.802724795640327
0.7970027247956403
0.8149863760217984
0.7008174386920981
0.8070844686648502
0.453133514986376
0.7163487738419618
0.726975476839237
0.8250681198910081
0.78283378746594
0.8945504087193461
0.8512261580381472
0.808174386920981
0.8923705722070845
0.7852861035422344
0.7773841961852861
0.8749318801089918
0.8809264305177111
0.808174386920981
0.884741144414169
0.7155313351498638
0.9
0.7640326975476839
0.7474114441416894
0.7771117166212534
0.8430517711171662
0.8561307901907357
0.9163487738419619
0.5506811989100817
0.7081743869209809
0.8430517711171662
0.8811989100817439
0.9356948228882834
0.828882833787466
0.7392370572207084
0.8212534059945504
0.8539509536784741
0.8253405994550409
0.8332425068119891
0.7994550408719346
0.9544959128065396
0.9188010899182562
0.8376021798365123
0.8528610354223434
0.7811989100817439
0.6223433242506812
0.8852861035422344
0.9392370572207085
0.8455040871934605
0.8599455040871935
0.7509536784741144
0.9190735694822888
0.8577656675749319
0.8539509536784741
0.8174386920980926
0.8095367847411444
0.691008174386921
0.7662125340599455
0.837874659400545
0.7724795640326976
0.8029972752043597
0.7953678474114442
0.8245231607629427
0.8471389645776567
0.6686648501362398
0.820708446866485
0.9427792915531336
0.7959128065395096
0.8651226158038147
0.8070844686648502
0.8520435967302452
0.844141689373297
0.8771117166212534
0.8128065395095367
0.8923705722070845
0.9588555858310627
0.21171662125340598
0.8395095367847412
0.896457765667575
0.8395095367847412
0.7978201634877384
0.8940054495912807
0.7438692098092643
0.638692098092643
0.7242506811989101
0.732425068119891
0.7277929155313352
0.7719346049046322
0.8811989100817439
0.7866485013623978
0.867574931880109
0.9204359673024524
0.7310626702997275
0.8098092643051771
0.7841961852861036
0.946866485013624
0.75858310626703
0.7476839237057221
0.9032697547683923
0.8408719346049046
0.762125340599455
0.802724795640327
0.826158038147139
0.8286103542234332
0.8198910081743869
0.8228882833787466
0.8989100817438692
0.7719346049046322
0.5762942779291553
0.9514986376021798
0.8915531335149863
0.9049046321525885
0.8209809264305177
0.761307901907357
0.7752043596730245
0.829700272479564
0.7782016348773841
0.811716621253406
0.8299727520435968
0.8525885558583106
0.7967302452316076
0.8722070844686648
0.8160762942779292
0.7899182561307901
0.749591280653951
0.8392370572207084
0.8239782016348773
0.9193460490463216
0.7010899182561308
0.9435967302452316
0.7656675749318801
0.9474114441416893
0.7994550408719346
0.8795640326975477
0.8321525885558583
0.6983651226158039
0.5771117166212534
0.6741144414168937
0.7776566757493188
0.8043596730245232
0.8076294277929156
0.8024523160762943
0.8839237057220708
0.8485013623978201
0.7705722070844687
0.14931880108991827
0.8239782016348773
0.7801089918256131
0.8029972752043597
0.8692098092643051
0.8994550408719346
0.8817438692098093
0.8019073569482289
0.7967302452316076
0.8051771117166212
0.6961852861035422
0.8768392370572207
0.7057220708446866
0.9193460490463216
0.8711171662125341
0.4228882833787466
0.8356948228882833
0.6901907356948229
0.8776566757493188
0.8228882833787466
0.7926430517711172
0.8070844686648502
0.805449591280654
0.8839237057220708
0.7373297002724796
0.6836512261580382
0.8141689373297003
0.9305177111716622
0.9318801089918256
0.8836512261580381
0.773841961852861
0.9376021798365123
0.7934604904632152
0.7517711171662126
0.844141689373297
0.7841961852861036
0.7002724795640327
0.917983651226158
0.8073569482288828
0.820708446866485
0.9618528610354223
0.7915531335149864
0.8727520435967302
0.8035422343324251
0.861307901907357
0.8188010899182562
0.8659400544959128
0.726975476839237
0.9027247956403269
0.7752043596730245
0.7956403269754768
0.7719346049046322
0.7634877384196185
0.7877384196185286
0.7384196185286104
0.8487738419618529
0.7959128065395096
0.840599455040872
0.759400544959128
0.679291553133515
0.8482288828337875
0.9730245231607629
0.8242506811989101
0.779291553133515
0.9149863760217983
0.7520435967302452
0.7825613079019074
0.8861035422343324
0.8043596730245232
0.8005449591280654
0.7125340599455041
0.8446866485013624
0.8373297002724795
0.6749318801089919
0.8035422343324251
0.8572207084468665
0.8185286103542234
0.8961852861035422
0.8520435967302452
0.8035422343324251
0.9264305177111717
0.808991825613079
0.8667574931880109
0.7490463215258856
0.7373297002724796
0.7950953678474114
0.8880108991825613
0.8809264305177111
0.896457765667575
0.8100817438692098
0.8188010899182562
0.8411444141689374
0.8272479564032698
0.7130790190735695
0.7138964577656676
0.811716621253406
0.8476839237057221
0.7752043596730245
0.9130790190735695
0.8536784741144414
0.8051771117166212
0.8569482288828338
0.9362397820163487
0.8479564032697547
0.8536784741144414
0.7891008174386921
0.8694822888283379
0.9471389645776567
0.885558583106267
0.9212534059945504
0.8158038147138964
0.7114441416893733
0.8430517711171662
0.8615803814713896
0.8354223433242507
0.8103542234332425
0.784741144414169
0.8713896457765667
0.720708446866485
0.8506811989100818
0.7514986376021798
0.8705722070844687
0.6525885558583107
0.735149863760218
0.8185286103542234
0.8920980926430517
0.8885558583106267
0.770299727520436
0.7640326975476839
0.8059945504087194
0.7877384196185286
0.7517711171662126
0.8021798365122615
0.5942779291553133
0.7231607629427793
0.8501362397820164
0.8610354223433242
0.8931880108991825
0.9482288828337875
0.8010899182561307
0.8103542234332425
0.8103542234332425
0.8814713896457765
0.8351498637602179
0.8904632152588556
0.7602179836512262
0.9223433242506812
0.767574931880109
0.7948228882833788
0.9354223433242507
0.8931880108991825
0.9299727520435968
0.8065395095367848
0.832425068119891
0.8692098092643051
0.9381471389645777
0.8337874659400545
0.8046321525885558
0.8899182561307902
0.8119891008174387
0.6956403269754768
0.7438692098092643
0.8122615803814713
0.7277929155313352
0.8035422343324251
0.919891008174387
0.8182561307901908
0.8528610354223434
0.6839237057220708
0.7705722070844687
0.8016348773841961
0.6844686648501362
0.7659400544959128
0.8397820163487738
0.7356948228882834
0.7836512261580382
0.8594005449591281
0.8029972752043597
0.9479564032697547
0.8787465940054496
0.9634877384196185
0.7220708446866485
0.8681198910081744
0.7735694822888284
0.9002724795640327
0.8307901907356948
0.8896457765667575
0.6850136239782016
0.8122615803814713
0.7128065395095368
0.7367847411444142
0.7316076294277929
0.8291553133514986
0.9346049046321526
0.8008174386920981
0.7817438692098093
0.7694822888283379
0.8395095367847412
0.7888283378746594
0.9209809264305178
0.773024523160763
0.8253405994550409
0.7422343324250681
0.8948228882833787
0.8430517711171662
0.7850136239782016
0.7673024523160763
0.8989100817438692
0.8623978201634878
0.8915531335149863
0.8542234332425068
0.8340599455040872
0.7940054495912806
0.8536784741144414
0.7501362397820164
0.8689373297002725
0.7893732970027248
0.647683923705722
0.7697547683923706
0.8596730245231607
0.6978201634877385
0.426158038147139
0.838692098092643
0.7583106267029973
0.8084468664850136
0.7806539509536785
0.9024523160762943
0.7474114441416894
0.8114441416893733
0.8534059945504087
0.7852861035422344
0.8874659400544959
0.7463215258855586
0.7980926430517711
0.6803814713896458
0.8645776566757494
0.7822888283378746
0.7942779291553134
0.8373297002724795
0.8997275204359673
0.16321525885558583
0.7433242506811989
0.861307901907357
0.8967302452316076
0.7959128065395096
0.8569482288828338
0.8904632152588556
0.8237057220708447
0.7643051771117166
0.8937329700272479
0.8975476839237058
0.8021798365122615
0.8237057220708447
0.8280653950953678
0.8544959128065395
0.817983651226158
0.8392370572207084
0.8689373297002725
0.8626702997275204
0.9024523160762943
0.8286103542234332
0.8866485013623978
0.8525885558583106
0.9059945504087193
0.7801089918256131
0.8831062670299727
0.6801089918256131
0.779291553133515
0.7373297002724796
0.8806539509536785
0.8196185286103542
0.03896457765667575
0.8174386920980926
0.8653950953678474
0.8100817438692098
0.7686648501362398
0.8166212534059946
0.864032697547684
0.844141689373297
0.8591280653950953
0.9054495912806539
0.6978201634877385
0.8893732970027248
0.884741144414169
0.7479564032697548
0.8239782016348773
0.8201634877384196
0.8196185286103542
0.7220708446866485
0.8651226158038147
0.8059945504087194
0.8790190735694823
0.8643051771117166
0.9275204359673025
0.8411444141689374
0.8912806539509537
0.7959128065395096
0.8155313351498638
0.8490463215258856
0.9689373297002725
0.7896457765667575
0.873024523160763
0.8896457765667575
0.8343324250681199
0.9111716621253406
0.8348773841961853
0.9152588555858311
0.8501362397820164
0.853133514986376
0.670299727520436
0.785558583106267
0.7577656675749319
0.8809264305177111
0.728882833787466
0.7446866485013623
0.8446866485013624
0.8
0.7920980926430518
0.6782016348773842
0.35504087193460493
0.7471389645776567
0.7166212534059946
0.7994550408719346
0.8514986376021798
0.814441416893733
0.6956403269754768
0.94141689373297
0.8673024523160763
0.7760217983651226
0.78283378746594
0.9155313351498637
0.8588555858310627
0.84141689373297
0.726158038147139
0.8632152588555858
0.7771117166212534
0.7858310626702997
0.8403269754768392
0.5373297002724796
0.8258855585831063
0.8095367847411444
0.7959128065395096
0.644141689373297
0.8574931880108991
0.7724795640326976
0.8136239782016349
0.8070844686648502
0.9038147138964577
0.8474114441416893
0.8517711171662126
0.8896457765667575
0.7880108991825613
0.9457765667574932
0.7980926430517711
0.06239782016348774
0.7059945504087194
0.8741144414168938
0.8465940054495913
0.7986376021798365
0.8070844686648502
0.7294277929155313
0.8365122615803815
0.87574931880109
0.9095367847411444
0.8359673024523161
0.8223433242506812
0.820708446866485
0.7204359673024523
0.8049046321525886
0.7397820163487738
0.7449591280653951
0.7803814713896458
0.7212534059945505
0.9231607629427793
0.8953678474114442
0.8588555858310627
0.8100817438692098
0.8912806539509537
0.7493188010899182
0.7564032697547683
0.8005449591280654
0.8482288828337875
0.7318801089918257
0.8002724795640327
0.7722070844686648
0.853133514986376
0.8005449591280654
0.6471389645776566
0.8989100817438692
0.8269754768392371
0.7975476839237057
0.8307901907356948
0.8433242506811989
0.7174386920980926
0.78283378746594
0.814441416893733
0.8888283378746594
0.9376021798365123
0.8313351498637602
0.9283378746594005
0.9196185286103542
0.7907356948228883
0.8449591280653951
0.759400544959128
0.884741144414169
0.7716621253405994
0.7643051771117166
0.8365122615803815
0.7724795640326976
0.7591280653950954
0.726975476839237
0.8348773841961853
0.7920980926430518
0.8286103542234332
0.71716621253406
0.6926430517711172
0.7953678474114442
0.8147138964577657
0.8468664850136239
0.8302452316076294
0.820708446866485
0.7465940054495913
0.9024523160762943
0.7825613079019074
0.8743869209809264
0.6596730245231608
0.7024523160762943
0.8735694822888284
0.9182561307901907
0.7335149863760217
0.8912806539509537
0.8079019073569482
0.8667574931880109
0.7493188010899182
0.8188010899182562
0.7803814713896458
0.8463215258855585
0.7553133514986377
0.9389645776566757
0.767574931880109
0.9046321525885559
0.7825613079019074
0.8190735694822888
0.7787465940054495
0.8070844686648502
0.12942779291553133
0.7198910081743869
0.8294277929155314
0.8506811989100818
0.762125340599455
0.8784741144414169
0.8517711171662126
0.8223433242506812
0.7784741144414169
0.8517711171662126
0.6961852861035422
0.7536784741144414
0.8803814713896457
0.8125340599455041
0.873024523160763
0.7997275204359673
0.8430517711171662
0.8021798365122615
0.7283378746594006
0.8607629427792916
0.8664850136239782
0.8479564032697547
0.8365122615803815
0.888283378746594
0.7950953678474114
0.8697547683923705
0.8373297002724795
0.8283378746594006
0.9
0.8643051771117166
0.8841961852861036
0.7768392370572207
0.8956403269754768
0.7822888283378746
0.864032697547684
0.7100817438692099
0.7735694822888284
0.8956403269754768
0.8389645776566758
0.771117166212534
0.8880108991825613
0.7713896457765668
0.7457765667574932
0.7768392370572207
0.8975476839237058
0.8536784741144414
0.8915531335149863
0.6512261580381471
0.6376021798365122
0.6912806539509537
0.8185286103542234
0.8359673024523161
0.7989100817438692
0.7637602179836512
0.7460490463215259
0.7931880108991826
0.9051771117166213
0.7713896457765668
0.7839237057220708
0.714441416893733
0.8460490463215259
0.7986376021798365
0.917983651226158
0.7858310626702997
0.853133514986376
0.7961852861035422
0.8929155313351499
0.7463215258855586
0.8746594005449592
0.8095367847411444
0.8610354223433242
0.8741144414168938
0.8177111716621254
0.737874659400545
0.917983651226158
0.81716621253406
0.638692098092643
0.7891008174386921
0.7651226158038147
0.808991825613079
0.7362397820163488
0.8861035422343324
0.8852861035422344
0.7771117166212534
0.873841961852861
0.8591280653950953
0.7978201634877384
0.6599455040871934
0.8250681198910081
0.8125340599455041
0.4997275204359673
0.8732970027247956
0.7986376021798365
0.8937329700272479
0.8940054495912807
0.7757493188010899
0.7940054495912806
0.7498637602179836
0.8727520435967302
0.8490463215258856
0.8705722070844687
0.8310626702997275
0.7604904632152588
0.9242506811989101
0.7662125340599455
0.8370572207084469
0.9019073569482289
0.8803814713896457
0.8152588555858311
0.8076294277929156
0.8534059945504087
0.9245231607629428
0.8188010899182562
0.8602179836512261
0.9005449591280654
0.8536784741144414
0.844141689373297
0.8520435967302452
0.8384196185286104
0.8133514986376021
0.8253405994550409
0.8918256130790191
0.7550408719346049
0.8046321525885558
0.820708446866485
0.8874659400544959
0.7959128065395096
0.9247956403269755
0.7779291553133515
0.9038147138964577
0.9043596730245231
0.6512261580381471
0.8098092643051771
0.8335149863760218
0.8653950953678474
0.3795640326975477
0.8670299727520436
0.726975476839237
0.8302452316076294
0.7681198910081743
0.7931880108991826
0.8152588555858311
0.8065395095367848
0.7656675749318801
0.740599455040872
0.853133514986376
0.8463215258855585
0.7891008174386921
0.8149863760217984
0.7476839237057221
0.788283378746594
0.8119891008174387
0.8277929155313352
0.740599455040872
0.7839237057220708
0.820708446866485
0.8269754768392371
0.7599455040871934
0.820708446866485
0.9188010899182562
0.8389645776566758
0.02779291553133515
0.8444141689373297
0.8242506811989101
0.8741144414168938
0.6414168937329701
0.8444141689373297
0.7019073569482289
0.8422343324250681
0.744141689373297
0.8168937329700272
0.4662125340599455
0.7844686648501362
0.7912806539509537
0.7779291553133515
0.773024523160763
0.9021798365122616
0.8068119891008174
0.8746594005449592
0.8392370572207084
0.8907356948228883
0.8177111716621254
0.8326975476839237
0.6381471389645776
0.9057220708446867
0.7831062670299728
0.7326975476839237
0.8697547683923705
0.8321525885558583
0.8896457765667575
0.852316076294278
0.7343324250681199
0.7128065395095368
0.8452316076294278
0.838692098092643
0.8476839237057221
0.8114441416893733
0.8013623978201635
0.8961852861035422
0.9272479564032697
0.9182561307901907
0.8174386920980926
0.8880108991825613
0.9002724795640327
0.7465940054495913
0.7523160762942779
0.7986376021798365
0.8509536784741144
0.8283378746594006
0.8817438692098093
0.8970027247956404
0.7754768392370572
0.8188010899182562
0.8910081743869209
0.7337874659400545
0.7978201634877384
0.8553133514986376
0.8079019073569482
0.837874659400545
0.8425068119891008
0.6623978201634877
0.7831062670299728
0.8901907356948229
0.723433242506812
0.7564032697547683
0.9201634877384196
0.7918256130790191
0.7294277929155313
0.7580381471389646
0.8138964577656675
0.8610354223433242
0.7877384196185286
0.7891008174386921
0.8645776566757494
0.8599455040871935
0.8670299727520436
0.8455040871934605
0.9479564032697547
0.705449591280654
0.8016348773841961
0.7555858310626703
0.794550408719346
0.8305177111716622
0.8945504087193461
0.8008174386920981
0.8912806539509537
0.8937329700272479
0.8705722070844687
0.7457765667574932
0.7354223433242507
0.7520435967302452
0.14305177111716622
0.8594005449591281
0.8705722070844687
0.8367847411444141
0.8566757493188011
0.8716621253405995
0.7953678474114442
0.8408719346049046
0.7822888283378746
0.8980926430517712
0.7871934604904632
0.8204359673024523
0.8152588555858311
0.8016348773841961
0.7822888283378746
0.7463215258855586
0.864850136239782
0.7975476839237057
0.7400544959128066
0.6024523160762942
0.9087193460490464
0.8103542234332425
0.8422343324250681
0.8267029972752044
0.8743869209809264
0.8201634877384196
0.8555858310626703
0.6645776566757493
0.7746594005449591
0.7362397820163488
0.7664850136239783
0.8438692098092643
0.8190735694822888
0.8893732970027248
0.808991825613079
0.8013623978201635
0.7888283378746594
0.7997275204359673
0.808991825613079
0.7874659400544959
0.8267029972752044
0.7980926430517711
0.7989100817438692
0.8286103542234332
0.8610354223433242
0.791008174386921
0.8024523160762943
0.7326975476839237
0.8119891008174387
0.8585831062670299
0.8174386920980926
0.8043596730245232
0.9130790190735695
0.8128065395095367
0.8727520435967302
0.862125340599455
0.9035422343324251
0.8553133514986376
0.9008174386920981
0.9
0.8068119891008174
0.8773841961852861
0.806267029972752
0.8076294277929156
0.7940054495912806
0.8313351498637602
0.9108991825613079
0.7049046321525886
0.9239782016348774
0.8942779291553133
0.8795640326975477
0.8493188010899183
0.9130790190735695
0.7681198910081743
0.9373297002724795
0.8040871934604905
0.7299727520435967
0.7049046321525886
0.8316076294277929
0.7888283378746594
0.9215258855585831
0.8525885558583106
0.8476839237057221
0.8277929155313352
0.8465940054495913
0.8168937329700272
0.7893732970027248
0.8302452316076294
0.8901907356948229
0.8198910081743869
0.8190735694822888
0.9479564032697547
0.7119891008174387
0.8833787465940055
0.8991825613079019
0.7455040871934605
0.8754768392370572
0.791008174386921
0.817983651226158
0.931607629427793
0.8310626702997275
0.8926430517711171
0.8787465940054496
0.749591280653951
0.8092643051771117
0.626975476839237
0.7948228882833788
0.8566757493188011
0.7940054495912806
0.8125340599455041
0.8226158038147139
0.8591280653950953
0.7632152588555858
0.8108991825613079
0.8539509536784741
0.8335149863760218
0.7517711171662126
0.7893732970027248
0.8471389645776567
0.8485013623978201
0.6814713896457766
0.9111716621253406
0.8574931880108991
0.8520435967302452
0.797275204359673
0.8904632152588556
0.8997275204359673
0.8645776566757494
0.9103542234332425
0.8953678474114442
0.7754768392370572
0.41607629427792914
0.8918256130790191
0.7841961852861036
0.9141689373297003
0.8008174386920981
0.8471389645776567
0.8904632152588556
0.8940054495912807
0.9013623978201635
0.7877384196185286
0.7809264305177112
0.8356948228882833
0.9239782016348774
0.844141689373297
0.8547683923705722
0.7757493188010899
0.7343324250681199
0.7771117166212534
0.7550408719346049
0.8403269754768392
0.8043596730245232
0.920708446866485
0.7861035422343324
0.8373297002724795
0.7474114441416894
0.7741144414168938
0.7806539509536785
0.7220708446866485
0.7831062670299728
0.8790190735694823
0.8937329700272479
0.8024523160762943
0.6912806539509537
0.8967302452316076
0.6762942779291553
0.8528610354223434
0.7811989100817439
0.8760217983651226
0.7550408719346049
0.7302452316076294
0.7705722070844687
0.7732970027247956
0.8068119891008174
0.723433242506812
0.8904632152588556
0.9446866485013624
0.785558583106267
0.8433242506811989
0.8746594005449592
0.5724795640326975
0.9019073569482289
0.8768392370572207
0.9242506811989101
0.9536784741144414
0.7534059945504087
0.8024523160762943
0.8569482288828338
0.8108991825613079
0.8694822888283379
0.9272479564032697
0.8125340599455041
0.8340599455040872
0.8787465940054496
0.7942779291553134
0.8724795640326976
0.8702997275204359
0.8005449591280654
0.7343324250681199
0.8177111716621254
0.7989100817438692
0.7079019073569482
0.9182561307901907
0.838692098092643
0.9147138964577657
0.9122615803814714
0.7833787465940054
0.8220708446866485
0.6768392370572207
0.8193460490463216
0.7953678474114442
0.764850136239782
0.6950953678474114
0.8989100817438692
0.8247956403269755
0.4427792915531335
0.8166212534059946
0.7070844686648501
0.7719346049046322
0.8163487738419618
0.8692098092643051
0.7340599455040872
0.8945504087193461
0.770299727520436
0.7446866485013623
0.004904632152588556
0.740599455040872
0.6602179836512262
0.8659400544959128
0.8201634877384196
0.8607629427792916
0.776566757493188
0.8653950953678474
0.8283378746594006
0.8980926430517712
0.8689373297002725
0.8128065395095367
0.6651226158038147
0.8566757493188011
0.7547683923705722
0.7970027247956403
0.9269754768392371
0.8326975476839237
0.8212534059945504
0.8087193460490463
0.7961852861035422
0.7632152588555858
0.7108991825613079
0.9482288828337875
0.8040871934604905
0.9362397820163487
0.7479564032697548
0.8820163487738419
0.8561307901907357
0.8632152588555858
0.8858310626702998
0.8272479564032698
0.8498637602179836
0.8544959128065395
0.8912806539509537
0.9452316076294278
0.688283378746594
0.750408719346049
0.8910081743869209
0.8280653950953678
0.8247956403269755
0.779291553133515
0.8335149863760218
0.8885558583106267
0.788283378746594
0.8460490463215259
0.7871934604904632
0.8337874659400545
0.9049046321525885
0.7618528610354224
0.8043596730245232
0.8163487738419618
0.7970027247956403
0.8896457765667575
0.7915531335149864
0.837874659400545
0.7411444141689373
0.8040871934604905
0.8326975476839237
0.7904632152588555
0.8005449591280654
0.8476839237057221
0.9348773841961853
0.7779291553133515
0.7950953678474114
0.849591280653951
0.814441416893733
0.8553133514986376
0.9547683923705722
0.06103542234332425
0.8632152588555858
0.8373297002724795
0.8217983651226158
0.673841961852861
0.1776566757493188
0.917983651226158
0.8384196185286104
0.7501362397820164
0.8158038147138964
0.7321525885558583
0.7490463215258856
0.8991825613079019
0.8237057220708447
0.7362397820163488
0.9
0.9528610354223433
0.762125340599455
0.7643051771117166
0.8446866485013624
0.81716621253406
0.8163487738419618
0.726975476839237
0.7795640326975477
0.8163487738419618
0.8016348773841961
0.7858310626702997
0.9291553133514986
0.8901907356948229
0.691825613079019
0.8602179836512261
0.4476839237057221
0.7978201634877384
0.7874659400544959
0.9059945504087193
0.7771117166212534
0.8653950953678474
0.8147138964577657
0.9392370572207085
0.8569482288828338
0.6719346049046322
0.7874659400544959
0.9021798365122616
0.7967302452316076
0.9594005449591281
0.8820163487738419
0.8852861035422344
0.8463215258855585
0.9177111716621253
0.8602179836512261
0.8160762942779292
0.8771117166212534
0.7602179836512262
0.844141689373297
0.849591280653951
0.8967302452316076
0.8711171662125341
0.771117166212534
0.8953678474114442
0.7427792915531335
0.8599455040871935
0.8346049046321525
0.8452316076294278
0.9147138964577657
0.8901907356948229
0.9321525885558584
0.7776566757493188
0.8585831062670299
0.8634877384196186
0.828882833787466
0.8863760217983652
0.8228882833787466
0.7915531335149864
0.7452316076294278
0.8482288828337875
0.8885558583106267
0.8049046321525886
0.7681198910081743
0.9103542234332425
0.8136239782016349
0.8166212534059946
0.8836512261580381
0.8634877384196186
0.9435967302452316
0.7651226158038147
0.8247956403269755
0.8223433242506812
0.8782016348773842
0.885558583106267
0.9152588555858311
0.8024523160762943
0.7771117166212534
0.8825613079019073
0.8904632152588556
0.8572207084468665
0.7305177111716621
0.9534059945504088
0.8395095367847412
0.7708446866485014
0.7580381471389646
0.6732970027247956
0.7980926430517711
0.802724795640327
0.7591280653950954
0.8561307901907357
0.8267029972752044
0.776566757493188
0.7724795640326976
0.8920980926430517
0.7561307901907357
0.7536784741144414
0.7716621253405994
0.8430517711171662
0.808174386920981
0.9460490463215259
0.8198910081743869
0.8901907356948229
0.8637602179836512
0.7457765667574932
0.7722070844686648
0.8506811989100818
0.6961852861035422
0.25177111716621253
0.9378746594005449
0.7866485013623978
0.7809264305177112
0.7188010899182561
0.7771117166212534
0.7463215258855586
0.8403269754768392
0.8373297002724795
0.8283378746594006
0.9002724795640327
0.8411444141689374
0.7564032697547683
0.793732970027248
0.8079019073569482
0.7217983651226159
0.8147138964577657
0.8223433242506812
0.7337874659400545
0.844141689373297
0.876566757493188
0.7329700272479565
0.8068119891008174
0.7645776566757493
0.8376021798365123
0.8337874659400545
0.8482288828337875
0.8880108991825613
0.829700272479564
0.8743869209809264
0.8411444141689374
0.8893732970027248
0.8228882833787466
0.8002724795640327
0.9446866485013624
0.7084468664850136
0.8242506811989101
0.7980926430517711
0.8158038147138964
0.04223433242506812
0.9294277929155313
0.8893732970027248
0.8833787465940055
0.9419618528610354
0.8277929155313352
0.8228882833787466
0.9239782016348774
0.8408719346049046
0.8632152588555858
0.761307901907357
0.7615803814713896
0.8111716621253406
0.832425068119891
0.8877384196185286
0.8670299727520436
0.7811989100817439
0.6177111716621253
0.7803814713896458
0.8010899182561307
0.8422343324250681
0.7866485013623978
0.9049046321525885
0.8250681198910081
0.7313351498637602
0.6953678474114442
0.8307901907356948
0.8858310626702998
0.8866485013623978
0.8618528610354224
0.84141689373297
0.8577656675749319
0.8471389645776567
0.7125340599455041
0.8318801089918256
0.8422343324250681
0.8422343324250681
0.8032697547683924
0.8463215258855585
0.802724795640327
0.8114441416893733
0.8643051771117166
0.7708446866485014
0.8245231607629427
0.8722070844686648
0.7365122615803815
0.8727520435967302
0.9141689373297003
0.17166212534059946
0.6929155313351498
0.8468664850136239
0.8087193460490463
0.87574931880109
0.779291553133515
0.8381471389645777
0.8547683923705722
0.7779291553133515
0.8566757493188011
0.940599455040872
0.796457765667575
0.8487738419618529
0.7809264305177112
0.6727520435967302
0.7493188010899182
0.832425068119891
0.7822888283378746
0.6752043596730245
0.7528610354223433
0.7430517711171662
0.7580381471389646
0.8863760217983652
0.8662125340599455
0.8002724795640327
0.8918256130790191
0.837874659400545
0.9226158038147139
0.8705722070844687
0.9201634877384196
0.8365122615803815
0.6754768392370573
0.8896457765667575
0.7228882833787466
0.9583106267029973
0.6168937329700273
0.7836512261580382
0.7975476839237057
0.7348773841961853
0.7542234332425068
0.7757493188010899
0.8019073569482289
0.7528610354223433
0.873841961852861
0.7811989100817439
0.9220708446866485
0.6662125340599455
0.5694822888283378
0.6588555858310626
0.8485013623978201
0.24114441416893734
0.8
0.8599455040871935
0.7888283378746594
0.8476839237057221
0.782016348773842
0.705449591280654
0.7692098092643052
0.8100817438692098
0.7615803814713896
0.8891008174386921
0.9226158038147139
0.7700272479564033
0.782016348773842
0.8196185286103542
0.8762942779291553
0.9119891008174387
0.8891008174386921
0.8940054495912807
0.844141689373297
0.853133514986376
0.8147138964577657
0.8046321525885558
0.8594005449591281
0.8049046321525886
0.794550408719346
0.7286103542234332
0.8272479564032698
0.8307901907356948
0.7896457765667575
0.7588555858310627
0.8607629427792916
0.7773841961852861
0.8430517711171662
0.7615803814713896
0.8190735694822888
0.8318801089918256
0.7787465940054495
0.8493188010899183
0.7564032697547683
0.9024523160762943
0.817983651226158
0.771117166212534
0.8435967302452316
0.7346049046321526
0.8850136239782016
0.8474114441416893
0.6258855585831062
0.8389645776566758
0.750408719346049
0.7348773841961853
0.9228882833787466
0.7525885558583106
0.8547683923705722
0.9103542234332425
0.7043596730245232
0.7904632152588555
0.8632152588555858
0.8073569482288828
0.9215258855585831
0.8455040871934605
0.9253405994550409
0.7686648501362398
0.6583106267029972
0.0005449591280653951
0.7825613079019074
0.8294277929155314
0.8348773841961853
0.7831062670299728
0.8277929155313352
0.8950953678474114
0.8809264305177111
0.8659400544959128
0.7514986376021798
0.7858310626702997
0.7626702997275204
0.6795640326975477
0.8509536784741144
0.7509536784741144
0.8555858310626703
0.7651226158038147
0.737874659400545
0.9122615803814714
0.7455040871934605
0.7871934604904632
0.8493188010899183
0.8463215258855585
0.8861035422343324
0.81716621253406
0.8239782016348773
0.8455040871934605
0.7376021798365122
0.8051771117166212
0.8732970027247956
0.8596730245231607
0.8550408719346049
0.7817438692098093
0.8991825613079019
0.8626702997275204
0.7899182561307901
0.8302452316076294
0.8689373297002725
0.7920980926430518
0.8084468664850136
0.7536784741144414
0.7493188010899182
0.7926430517711172
0.8242506811989101
0.7926430517711172
0.7959128065395096
0.9490463215258855
0.8542234332425068
0.853133514986376
0.8937329700272479
0.9449591280653951
0.8228882833787466
0.8337874659400545
0.9217983651226158
0.6836512261580382
0.8607629427792916
0.8536784741144414
0.9174386920980926
0.8553133514986376
0.791008174386921
0.9264305177111717
0.828882833787466
0.7362397820163488
0.8411444141689374
0.8174386920980926
0.7455040871934605
0.7111716621253406
0.862125340599455
0.6588555858310626
0.8141689373297003
0.8040871934604905
0.8076294277929156
0.8724795640326976
0.805449591280654
0.6869209809264305
0.8316076294277929
0.6929155313351498
0.9457765667574932
0.8931880108991825
0.7182561307901907
0.8880108991825613
0.8544959128065395
0.850408719346049
0.8316076294277929
0.8811989100817439
0.8994550408719346
0.8918256130790191
0.7741144414168938
0.7583106267029973
0.7634877384196185
0.7841961852861036
0.8457765667574932
0.7596730245231608
0.8220708446866485
0.7814713896457766
0.8961852861035422
0.7904632152588555
0.8425068119891008
0.65858310626703
0.7997275204359673
0.8286103542234332
0.7986376021798365
0.796457765667575
0.8694822888283379
0.8931880108991825
0.7716621253405994
0.8226158038147139
0.7896457765667575
0.7277929155313352
0.8217983651226158
0.771117166212534
0.7155313351498638
0.8623978201634878
0.7321525885558583
0.8065395095367848
0.7877384196185286
0.8610354223433242
0.8190735694822888
0.5825613079019074
0.8397820163487738
0.8283378746594006
0.9226158038147139
0.9697547683923706
0.8049046321525886
0.8076294277929156
0.9010899182561308
0.7634877384196185
0.9079019073569482
0.7555858310626703
0.8833787465940055
0.8125340599455041
0.8332425068119891
0.8403269754768392
0.8455040871934605
0.9193460490463216
0.7956403269754768
0.8708446866485013
0.8005449591280654
0.6749318801089919
0.8727520435967302
0.7997275204359673
0.9182561307901907
0.8076294277929156
0.9247956403269755
0.782016348773842
0.8814713896457765
0.8313351498637602
0.7782016348773841
0.7514986376021798
0.7953678474114442
0.8152588555858311
0.8517711171662126
0.8365122615803815
0.7784741144414169
0.8070844686648502
0.8294277929155314
0.953133514986376
0.6190735694822889
0.7899182561307901
0.8591280653950953
0.923433242506812
0.8174386920980926
0.8983651226158038
0.8079019073569482
0.7891008174386921
0.8525885558583106
0.753133514986376
0.8528610354223434
0.8828337874659401
0.8809264305177111
0.8683923705722071
0.7493188010899182
0.6128065395095368
0.8335149863760218
0.9356948228882834
0.744141689373297
0.9024523160762943
0.8267029972752044
0.8068119891008174
0.7885558583106267
0.8561307901907357
0.8975476839237058
0.917983651226158
0.8923705722070845
0.8528610354223434
0.7604904632152588
0.9128065395095368
0.852316076294278
0.8564032697547684
0.7803814713896458
0.7493188010899182
0.864032697547684
0.84141689373297
0.8283378746594006
0.7427792915531335
0.7798365122615804
0.8814713896457765
0.832425068119891
0.8049046321525886
0.8013623978201635
0.9217983651226158
0.8147138964577657
0.7978201634877384
0.7760217983651226
0.832425068119891
0.8910081743869209
0.1768392370572207
0.8637602179836512
0.7735694822888284
0.7692098092643052
0.7656675749318801
0.649591280653951
0.785558583106267
0.7809264305177112
0.9013623978201635
0.8942779291553133
0.8564032697547684
0.7970027247956403
0.20517711171662126
0.8057220708446866
0.8474114441416893
0.8008174386920981
0.8506811989100818
0.8702997275204359
0.8024523160762943
0.7482288828337874
0.8525885558583106
0.8615803814713896
0.9076294277929156
0.8465940054495913
0.8547683923705722
0.9076294277929156
0.7817438692098093
0.7863760217983651
0.7250681198910082
0.9043596730245231
0.8825613079019073
0.6697547683923706
0.7544959128065395
0.8190735694822888
0.8455040871934605
0.896457765667575
0.5509536784741145
0.7239782016348774
0.8959128065395096
0.8250681198910081
0.8841961852861036
0.7193460490463215
0.7752043596730245
0.8059945504087194
0.7626702997275204
0.8828337874659401
0.9155313351498637
0.84141689373297
0.9223433242506812
0.8732970027247956
0.861307901907357
0.8400544959128066
0.679291553133515
0.7912806539509537
0.9166212534059945
0.7626702997275204
0.8163487738419618
0.87574931880109
0.808991825613079
0.8049046321525886
0.8863760217983652
0.7272479564032698
0.8629427792915532
0.5626702997275205
0.8686648501362397
0.8242506811989101
0.47247956403269753
0.8670299727520436
0.953133514986376
0.837874659400545
0.749591280653951
0.685558583106267
0.7043596730245232
0.7487738419618528
0.7542234332425068
0.8149863760217984
0.9637602179836512
0.8452316076294278
0.8779291553133515
0.8577656675749319
0.8351498637602179
0.8419618528610354
0.8645776566757494
0.8732970027247956
0.759400544959128
0.884741144414169
0.8217983651226158
0.8198910081743869
0.7912806539509537
0.7673024523160763
0.9201634877384196
0.8910081743869209
0.8389645776566758
0.6970027247956403
0.782016348773842
0.8888283378746594
0.7850136239782016
0.6997275204359673
0.8689373297002725
0.7580381471389646
0.7771117166212534
0.8133514986376021
0.919891008174387
0.8479564032697547
0.8599455040871935
0.8168937329700272
0.8874659400544959
0.7967302452316076
0.8002724795640327
0.6787465940054496
0.8318801089918256
0.8869209809264306
0.8762942779291553
0.7555858310626703
0.7572207084468665
0.8564032697547684
0.7057220708446866
0.8877384196185286
0.7095367847411445
0.8561307901907357
0.9294277929155313
0.7329700272479565
0.7419618528610354
0.8212534059945504
0.8326975476839237
0.8923705722070845
0.776566757493188
0.8253405994550409
0.8149863760217984
0.9302452316076294
0.84141689373297
0.849591280653951
0.9204359673024524
0.7678474114441417
0.8915531335149863
0.9008174386920981
0.8994550408719346
0.8760217983651226
0.7553133514986377
0.9242506811989101
0.9138964577656675
0.7724795640326976
0.9008174386920981
0.8403269754768392
0.7501362397820164
0.8858310626702998
0.7389645776566758
0.7891008174386921
0.8016348773841961
0.8782016348773842
0.7997275204359673
0.8343324250681199
0.7768392370572207
0.7555858310626703
0.7291553133514986
0.7814713896457766
0.8280653950953678
0.8193460490463216
0.7422343324250681
0.8283378746594006
0.8264305177111717
0.8482288828337875
0.7961852861035422
0.8040871934604905
0.7752043596730245
0.732425068119891
0.8272479564032698
0.8326975476839237
0.8544959128065395
0.8111716621253406
0.8403269754768392
0.8741144414168938
0.7901907356948229
0.8811989100817439
0.8272479564032698
0.802724795640327
0.8752043596730246
0.7942779291553134
0.9111716621253406
0.8095367847411444
0.8643051771117166
0.8839237057220708
0.8904632152588556
0.837874659400545
0.8493188010899183
0.7749318801089918
0.8076294277929156
0.7376021798365122
0.8893732970027248
0.7395095367847412
0.8362397820163487
0.8370572207084469
0.8149863760217984
0.7147138964577656
0.8967302452316076
0.1326975476839237
0.8907356948228883
0.8449591280653951
0.8762942779291553
0.9125340599455041
0.46811989100817436
0.8264305177111717
0.7449591280653951
0.8880108991825613
0.7866485013623978
0.8087193460490463
0.7485013623978202
0.7858310626702997
0.8686648501362397
0.647683923705722
0.8084468664850136
0.7771117166212534
0.7866485013623978
0.9059945504087193
0.7092643051771117
0.7934604904632152
0.8724795640326976
0.7463215258855586
0.9027247956403269
0.7694822888283379
0.8455040871934605
0.7784741144414169
0.9008174386920981
0.7528610354223433
0.7874659400544959
0.7970027247956403
0.7975476839237057
0.8433242506811989
0.7795640326975477
0.9258855585831063
0.7869209809264305
0.9024523160762943
0.626975476839237
0.9068119891008174
0.770299727520436
0.7572207084468665
0.7877384196185286
0.7956403269754768
0.7501362397820164
0.7662125340599455
0.8852861035422344
0.7912806539509537
0.861307901907357
0.9
0.8365122615803815
0.7986376021798365
0.8057220708446866
0.6215258855585831
0.7604904632152588
0.861307901907357
0.793732970027248
0.8487738419618529
0.7408719346049046
0.8580381471389645
0.8670299727520436
0.8160762942779292
0.8637602179836512
0.7907356948228883
0.8564032697547684
0.87574931880109
0.7801089918256131
0.8166212534059946
0.8038147138964578
0.796457765667575
0.8836512261580381
0.7381471389645776
0.7087193460490463
0.8411444141689374
0.9258855585831063
0.48610354223433244
0.9610354223433243
0.7228882833787466
0.8580381471389645
0.8291553133514986
0.8321525885558583
0.814441416893733
0.8427792915531335
0.8209809264305177
0.8956403269754768
0.8065395095367848
0.8850136239782016
0.8367847411444141
0.746866485013624
0.8822888283378747
0.8198910081743869
0.16021798365122616
0.8220708446866485
0.7980926430517711
0.8427792915531335
0.8975476839237058
0.7986376021798365
0.7877384196185286
0.7024523160762943
0.8084468664850136
0.7782016348773841
0.7722070844686648
0.0027247956403269754
0.6896457765667575
0.852316076294278
0.8376021798365123
0.8242506811989101
0.8907356948228883
0.844141689373297
0.7923705722070845
0.7901907356948229
0.7839237057220708
0.8049046321525886
0.779291553133515
0.8564032697547684
0.8277929155313352
0.7019073569482289
0.8942779291553133
0.8599455040871935
0.8555858310626703
0.8149863760217984
0.6523160762942779
0.759400544959128
0.9
0.7305177111716621
0.785558583106267
0.7681198910081743
0.8566757493188011
0.7662125340599455
0.8329700272479564
0.9024523160762943
0.7514986376021798
0.7602179836512262
0.9114441416893733
0.8574931880108991
0.920708446866485
0.8332425068119891
0.5989100817438692
0.6852861035422343
0.9158038147138965
0.9239782016348774
0.8678474114441417
0.7885558583106267
0.829700272479564
0.9138964577656675
0.7634877384196185
0.7155313351498638
0.48446866485013623
0.8343324250681199
0.8318801089918256
0.7130790190735695
0.9550408719346049
0.8411444141689374
0.8618528610354224
0.832425068119891
0.8384196185286104
0.8544959128065395
0.7574931880108992
0.8803814713896457
0.8329700272479564
0.8250681198910081
0.8185286103542234
0.8185286103542234
0.7305177111716621
0.9027247956403269
0.8228882833787466
0.8446866485013624
0.6831062670299728
0.7632152588555858
0.6493188010899182
0.6280653950953679
0.9634877384196185
0.8653950953678474
0.8168937329700272
0.8653950953678474
0.7896457765667575
0.9335149863760218
0.78283378746594
0.8163487738419618
0.814441416893733
0.8365122615803815
0.7534059945504087
0.8370572207084469
0.8190735694822888
0.8373297002724795
0.8820163487738419
0.7460490463215259
0.920708446866485
0.8514986376021798
0.22479564032697547
0.7809264305177112
0.8138964577656675
0.7359673024523161
0.908991825613079
0.8114441416893733
0.7732970027247956
0.8588555858310627
0.8397820163487738
0.7452316076294278
0.81716621253406
0.7956403269754768
0.8980926430517712
0.5841961852861035
0.9068119891008174
0.7258855585831062
0.773024523160763
0.7912806539509537
0.9465940054495913
0.8490463215258856
0.7806539509536785
0.8095367847411444
0.802724795640327
0.8689373297002725
0.953133514986376
0.8310626702997275
0.8217983651226158
0.87574931880109
0.8452316076294278
0.8256130790190735
0.8476839237057221
0.8542234332425068
0.8239782016348773
0.6160762942779292
0.7784741144414169
0.9280653950953679
0.867574931880109
0.5408719346049047
0.7119891008174387
0.7915531335149864
0.8550408719346049
0.8885558583106267
0.9049046321525885
0.8185286103542234
0.7790190735694823
0.8005449591280654
0.9038147138964577
0.785558583106267
0.7719346049046322
0.6667574931880109
0.8569482288828338
0.8354223433242507
0.7757493188010899
0.7084468664850136
0.8509536784741144
0.8888283378746594
0.8392370572207084
0.808174386920981
0.7566757493188011
0.7700272479564033
0.8084468664850136
0.7100817438692099
0.7931880108991826
0.7809264305177112
0.8182561307901908
0.9095367847411444
0.7683923705722071
0.7953678474114442
0.4337874659400545
0.7735694822888284
0.9204359673024524
0.8250681198910081
0.829700272479564
0.8782016348773842
0.8686648501362397
0.8005449591280654
0.7989100817438692
0.8310626702997275
0.8190735694822888
0.7806539509536785
0.7645776566757493
0.9057220708446867
0.7858310626702997
0.7888283378746594
0.8457765667574932
0.9032697547683923
0.8727520435967302
0.8389645776566758
0.8125340599455041
0.779291553133515
0.8637602179836512
0.9005449591280654
0.7948228882833788
0.8084468664850136
0.8920980926430517
0.9133514986376022
0.8354223433242507
0.828882833787466
0.759400544959128
0.8010899182561307
0.7798365122615804
0.8850136239782016
0.8084468664850136
0.8076294277929156
0.791008174386921
0.7798365122615804
0.8092643051771117
0.8010899182561307
0.8705722070844687
0.8877384196185286
0.7626702997275204
0.911716621253406
0.7340599455040872
0.7108991825613079
0.8070844686648502
0.8326975476839237
0.8359673024523161
0.8904632152588556
0.7874659400544959
0.973841961852861
0.6948228882833788
0.7610354223433242
0.7313351498637602
0.864032697547684
0.7694822888283379
0.7732970027247956
0.7970027247956403
0.9495912806539509
0.8457765667574932
0.9163487738419619
0.7340599455040872
0.8427792915531335
0.8149863760217984
0.7866485013623978
0.9147138964577657
0.8610354223433242
0.808991825613079
0.7983651226158038
0.770299727520436
0.8400544959128066
0.8272479564032698
0.7411444141689373
0.7762942779291553
0.46403269754768395
0.7049046321525886
0.8550408719346049
0.7899182561307901
0.8256130790190735
0.6
0.864032697547684
0.8013623978201635
0.8479564032697547
0.9528610354223433
0.791008174386921
0.9215258855585831
0.7986376021798365
0.7474114441416894
0.832425068119891
0.7359673024523161
0.8185286103542234
0.7839237057220708
0.9217983651226158
0.6392370572207084
0.9049046321525885
0.5762942779291553
0.7983651226158038
0.8019073569482289
0.8457765667574932
0.9024523160762943
0.9065395095367847
0.8013623978201635
0.8896457765667575
0.8967302452316076
0.8555858310626703
0.8351498637602179
0.7727520435967302
0.8637602179836512
0.8708446866485013
0.797275204359673
0.8735694822888284
0.7915531335149864
0.8316076294277929
0.7798365122615804
0.9138964577656675
0.7302452316076294
0.8629427792915532
0.8784741144414169
0.8228882833787466
0.8773841961852861
0.7618528610354224
0.9057220708446867
0.9032697547683923
0.9275204359673025
0.9196185286103542
0.9059945504087193
0.8553133514986376
0.7950953678474114
0.919891008174387
0.850408719346049
0.8425068119891008
0.8351498637602179
0.7242506811989101
0.9065395095367847
0.8141689373297003
0.8329700272479564
0.8801089918256131
0.7130790190735695
0.9019073569482289
0.9158038147138965
0.8381471389645777
0.8316076294277929
0.8392370572207084
0.7553133514986377
0.8474114441416893
0.593732970027248
0.7980926430517711
0.7326975476839237
0.7653950953678474
0.8487738419618529
0.8904632152588556
0.7596730245231608
0.12970027247956403
0.8152588555858311
0.7961852861035422
0.8735694822888284
0.8228882833787466
0.7844686648501362
0.8370572207084469
0.7610354223433242
0.7782016348773841
0.9250681198910081
0.7915531335149864
0.7735694822888284
0.8871934604904632
0.7980926430517711
0.850408719346049
0.8866485013623978
0.9452316076294278
0.7528610354223433
0.8961852861035422
0.8645776566757494
0.7065395095367848
0.8934604904632153
0.8670299727520436
0.8852861035422344
0.8100817438692098
0.7111716621253406
0.7893732970027248
0.806267029972752
0.7209809264305177
0.8316076294277929
0.8408719346049046
0.7656675749318801
0.8585831062670299
0.8485013623978201
0.8564032697547684
0.794550408719346
0.7888283378746594
0.9106267029972752
0.8408719346049046
0.8722070844686648
0.702724795640327
0.8084468664850136
0.8814713896457765
0.9343324250681199
0.8367847411444141
0.8138964577656675
0.7929155313351499
0.7771117166212534
0.8656675749318801
0.8841961852861036
0.7305177111716621
0.8239782016348773
0.8188010899182562
0.87574931880109
0.8059945504087194
0.8294277929155314
0.7561307901907357
0.852316076294278
0.8079019073569482
0.8732970027247956
0.8128065395095367
0.9425068119891008
0.8128065395095367
0.7790190735694823
0.8226158038147139
0.8147138964577657
0.8196185286103542
0.8354223433242507
0.8446866485013624
0.7479564032697548
0.8465940054495913
0.8681198910081744
0.8427792915531335
0.8133514986376021
0.8811989100817439
0.8419618528610354
0.8228882833787466
0.8460490463215259
0.7198910081743869
0.8940054495912807
0.7536784741144414
0.8087193460490463
0.7817438692098093
0.6694822888283378
0.7722070844686648
0.42833787465940054
0.8762942779291553
0.8801089918256131
0.8583106267029973
0.8945504087193461
0.7081743869209809
0.8697547683923705
0.7280653950953678
0.8787465940054496
0.7498637602179836
0.7841961852861036
0.8010899182561307
0.7618528610354224
0.8474114441416893
0.1119891008174387
0.9425068119891008
0.8217983651226158
0.876566757493188
0.8861035422343324
0.8095367847411444
0.7771117166212534
0.7776566757493188
0.9498637602179837
0.8079019073569482
0.9610354223433243
0.7866485013623978
0.38228882833787464
0.8588555858310627
0.932425068119891
0.8128065395095367
0.7550408719346049
0.9171662125340599
0.8956403269754768
0.9403269754768392
0.8989100817438692
0.8604904632152589
0.7430517711171662
0.8460490463215259
0.9237057220708447
0.7896457765667575
0.6861035422343325
0.8057220708446866
0.7929155313351499
0.7506811989100818
0.759400544959128
0.7852861035422344
0.708991825613079
0.8059945504087194
0.7814713896457766
0.8395095367847412
0.8373297002724795
0.8970027247956404
0.8544959128065395
0.7749318801089918
0.793732970027248
0.9272479564032697
0.7217983651226159
0.7574931880108992
0.9038147138964577
0.8237057220708447
0.32098092643051773
0.8653950953678474
0.8346049046321525
0.7544959128065395
0.8059945504087194
0.9416893732970028
0.8705722070844687
0.7776566757493188
0.7967302452316076
0.9275204359673025
0.8395095367847412
0.8517711171662126
0.917983651226158
0.8585831062670299
0.7997275204359673
0.8422343324250681
0.8128065395095367
0.9365122615803815
0.8010899182561307
0.9068119891008174
0.8381471389645777
0.8337874659400545
0.8389645776566758
0.8168937329700272
0.8079019073569482
0.8746594005449592
0.8411444141689374
0.8228882833787466
0.7722070844686648
0.791008174386921
0.8634877384196186
0.6989100817438693
0.7896457765667575
0.8283378746594006
0.8346049046321525
0.7689373297002725
0.8673024523160763
0.9188010899182562
0.7460490463215259
0.8923705722070845
0.7929155313351499
0.7839237057220708
0.4326975476839237
0.8929155313351499
0.9051771117166213
0.155858310626703
0.8713896457765667
0.8517711171662126
0.8198910081743869
0.7722070844686648
0.7806539509536785
0.9002724795640327
0.8147138964577657
0.8991825613079019
0.7779291553133515
0.8585831062670299
0.7332425068119891
0.8536784741144414
0.8512261580381472
0.7310626702997275
0.837874659400545
0.7258855585831062
0.8138964577656675
0.7700272479564033
0.8092643051771117
0.7825613079019074
0.7433242506811989
0.7896457765667575
0.7422343324250681
0.794550408719346
0.9087193460490464
0.7425068119891008
0.3899182561307902
0.8918256130790191
0.8106267029972752
0.7376021798365122
0.7790190735694823
0.7465940054495913
0.908174386920981
0.8359673024523161
0.796457765667575
0.7681198910081743
0.8604904632152589
0.8204359673024523
0.7239782016348774
0.7975476839237057
0.9163487738419619
0.7814713896457766
0.7901907356948229
0.7555858310626703
0.8373297002724795
0.8980926430517712
0.797275204359673
0.8313351498637602
0.7370572207084468
0.8629427792915532
0.9245231607629428
0.8754768392370572
0.8594005449591281
0.7460490463215259
0.9381471389645777
0.6847411444141689
0.8098092643051771
0.788283378746594
0.8585831062670299
0.8926430517711171
0.7732970027247956
0.8299727520435968
0.8193460490463216
0.717983651226158
0.8517711171662126
0.8346049046321525
0.8177111716621254
0.14114441416893733
0.8643051771117166
0.884741144414169
0.8228882833787466
0.852316076294278
0.8237057220708447
0.7196185286103542
0.8076294277929156
0.9337874659400545
0.8656675749318801
0.7841961852861036
0.8716621253405995
0.7640326975476839
0.838692098092643
0.8716621253405995
0.7125340599455041
0.6452316076294278
0.9209809264305178
0.9416893732970028
0.8019073569482289
0.7561307901907357
0.6762942779291553
0.8307901907356948
0.8920980926430517
0.8343324250681199
0.884741144414169
0.8528610354223434
0.8231607629427793
0.8204359673024523
0.8291553133514986
0.820708446866485
0.6362397820163488
0.8831062670299727
0.7776566757493188
0.8073569482288828
0.8899182561307902
0.7049046321525886
0.9572207084468665
0.6942779291553134
0.8585831062670299
0.8237057220708447
0.7811989100817439
0.7433242506811989
0.8029972752043597
0.764850136239782
0.8217983651226158
0.7825613079019074
0.755858310626703
0.8493188010899183
0.4773841961852861
0.7877384196185286
0.8798365122615803
0.8084468664850136
0.7452316076294278
0.7934604904632152
0.9128065395095368
0.8185286103542234
0.7662125340599455
0.864032697547684
0.8343324250681199
0.753133514986376
0.8272479564032698
0.703542234332425
0.8844686648501362
0.8122615803814713
0.7983651226158038
0.7776566757493188
0.770299727520436
0.7653950953678474
0.8566757493188011
0.9098092643051771
0.9054495912806539
0.755858310626703
0.7874659400544959
0.7877384196185286
0.8318801089918256
0.7313351498637602
0.7653950953678474
0.8795640326975477
0.7798365122615804
0.7615803814713896
0.9220708446866485
0.9027247956403269
0.8989100817438692
0.8934604904632153
0.8831062670299727
0.8997275204359673
0.844141689373297
0.9136239782016349
0.7950953678474114
0.853133514986376
0.7692098092643052
0.8065395095367848
0.9389645776566757
0.7806539509536785
0.8762942779291553
0.8888283378746594
0.8749318801089918
0.8975476839237058
0.8844686648501362
0.7188010899182561
0.8599455040871935
0.7310626702997275
0.8896457765667575
0.7465940054495913
0.7068119891008174
0.6896457765667575
0.8005449591280654
0.9032697547683923
0.8016348773841961
0.7487738419618528
0.8059945504087194
0.8588555858310627
0.7689373297002725
0.8198910081743869
0.8874659400544959
0.8316076294277929
0.944141689373297
0.8948228882833787
0.8476839237057221
0.9182561307901907
0.788283378746594
0.8013623978201635
0.8177111716621254
0.8209809264305177
0.7245231607629428
0.84141689373297
0.7498637602179836
0.6623978201634877
0.8130790190735695
0.7212534059945505
0.7752043596730245
0.7959128065395096
0.8269754768392371
0.9457765667574932
0.7719346049046322
0.7803814713896458
0.8283378746594006
0.8343324250681199
0.7653950953678474
0.8512261580381472
0.8392370572207084
0.8002724795640327
0.7858310626702997
0.850408719346049
0.8408719346049046
0.7108991825613079
0.3811989100817439
0.867574931880109
0.8732970027247956
0.7400544959128066
0.7869209809264305
0.8068119891008174
0.7618528610354224
0.8237057220708447
0.7237057220708447
0.8588555858310627
0.7700272479564033
0.8419618528610354
0.7752043596730245
0.8474114441416893
0.7520435967302452
0.8749318801089918
0.908991825613079
0.7550408719346049
0.7643051771117166
0.8970027247956404
0.7978201634877384
0.9100817438692098
0.8212534059945504
0.8743869209809264
0.6970027247956403
0.9049046321525885
0.7920980926430518
0.797275204359673
0.7752043596730245
0.850408719346049
0.7934604904632152
0.5599455040871935
0.8010899182561307
0.7656675749318801
0.7542234332425068
0.8343324250681199
0.817983651226158
0.9498637602179837
0.8956403269754768
0.897275204359673
0.7841961852861036
0.7692098092643052
0.7602179836512262
0.8899182561307902
0.8065395095367848
0.8457765667574932
0.7912806539509537
0.8038147138964578
0.7476839237057221
0.9119891008174387
0.8280653950953678
0.8746594005449592
0.779291553133515
0.7051771117166212
0.7683923705722071
0.8493188010899183
0.8580381471389645
0.7934604904632152
0.7664850136239783
0.9212534059945504
0.8692098092643051
0.770299727520436
0.8942779291553133
0.6825613079019074
0.8005449591280654
0.6907356948228883
0.5446866485013624
0.7713896457765668
0.6280653950953679
0.75858310626703
0.6136239782016348
0.8196185286103542
0.7975476839237057
0.7267029972752044
0.8610354223433242
0.8326975476839237
0.8749318801089918
0.7869209809264305
0.7313351498637602
0.814441416893733
0.744141689373297
0.8803814713896457
0.826158038147139
0.7490463215258856
0.8198910081743869
0.7079019073569482
0.6332425068119891
0.7724795640326976
0.8294277929155314
0.8585831062670299
0.8435967302452316
0.7335149863760217
0.611716621253406
0.8615803814713896
0.8226158038147139
0.7223433242506812
0.4040871934604905
0.7904632152588555
0.755858310626703
0.8438692098092643
0.7934604904632152
0.2122615803814714
0.7188010899182561
0.6825613079019074
0.7811989100817439
0.5626702997275205
0.05994550408719346
0.8634877384196186
0.7899182561307901
0.7395095367847412
0.8806539509536785
0.9348773841961853
0.8485013623978201
0.8814713896457765
0.7294277929155313
0.8899182561307902
0.9035422343324251
0.9376021798365123
0.7275204359673024
0.7950953678474114
0.735149863760218
0.8809264305177111
0.9801089918256131
0.8493188010899183
0.9040871934604905
0.7705722070844687
0.8798365122615803
0.7866485013623978
0.7918256130790191
0.7746594005449591
0.7425068119891008
0.7550408719346049
0.9130790190735695
0.8485013623978201
0.864850136239782
0.8539509536784741
0.9027247956403269
0.8356948228882833
0.9280653950953679
0.8335149863760218
0.9092643051771118
0.8346049046321525
0.8831062670299727
0.8735694822888284
0.8907356948228883
0.8702997275204359
0.8100817438692098
0.8408719346049046
0.9070844686648502
0.7010899182561308
0.8910081743869209
0.873841961852861
0.8065395095367848
0.7550408719346049
0.7193460490463215
0.8326975476839237
0.7346049046321526
0.8253405994550409
0.7242506811989101
0.6915531335149864
0.7893732970027248
0.9446866485013624
0.820708446866485
0.7825613079019074
0.8264305177111717
0.6411444141689373
0.8005449591280654
0.844141689373297
0.9386920980926431
0.8411444141689374
0.820708446866485
0.844141689373297
0.840599455040872
0.8754768392370572
0.8662125340599455
0.8871934604904632
0.6212534059945504
0.7904632152588555
0.8019073569482289
0.7286103542234332
0.8114441416893733
0.8670299727520436
0.9013623978201635
0.8741144414168938
0.784741144414169
0.8536784741144414
0.8136239782016349
0.7198910081743869
0.9144414168937329
0.7277929155313352
0.8430517711171662
0.8471389645776567
0.8174386920980926
0.7741144414168938
0.8043596730245232
0.9114441416893733
0.7692098092643052
0.762125340599455
0.694550408719346
0.7787465940054495
0.8986376021798365
0.8940054495912807
0.8354223433242507
0.7476839237057221
0.7523160762942779
0.7166212534059946
0.7114441416893733
0.7722070844686648
0.8528610354223434
0.0005449591280653951
0.7950953678474114
0.8604904632152589
0.19182561307901907
0.6904632152588556
0.8861035422343324
0.8332425068119891
0.8771117166212534
0.9389645776566757
0.7869209809264305
0.6811989100817438
0.8662125340599455
0.9160762942779291
0.8577656675749319
0.8321525885558583
0.8509536784741144
0.9136239782016349
0.7422343324250681
0.8863760217983652
0.8302452316076294
0.897275204359673
0.7833787465940054
0.759400544959128
0.8411444141689374
0.8234332425068119
0.8901907356948229
0.8801089918256131
0.8155313351498638
0.7193460490463215
0.6784741144414169
0.814441416893733
0.7801089918256131
0.7713896457765668
0.8043596730245232
0.7430517711171662
0.7956403269754768
0.16103542234332424
0.8599455040871935
0.6967302452316076
0.829700272479564
0.8547683923705722
0.771117166212534
0.8814713896457765
0.6798365122615804
0.8359673024523161
0.8512261580381472
0.8277929155313352
0.806267029972752
0.8147138964577657
0.7978201634877384
0.8978201634877384
0.9147138964577657
0.8953678474114442
0.8463215258855585
0.828882833787466
0.8395095367847412
0.862125340599455
0.7694822888283379
0.7798365122615804
0.8836512261580381
0.8242506811989101
0.16321525885558583
0.7498637602179836
0.9223433242506812
0.7956403269754768
0.8188010899182562
0.8155313351498638
0.7692098092643052
0.8877384196185286
0.682016348773842
0.864850136239782
0.7841961852861036
0.9286103542234332
0.8942779291553133
0.9013623978201635
0.7989100817438692
0.7961852861035422
0.896457765667575
0.7983651226158038
0.8141689373297003
0.7659400544959128
0.8452316076294278
0.6438692098092643
0.8258855585831063
0.9098092643051771
0.7580381471389646
0.9095367847411444
0.782016348773842
0.740599455040872
0.8182561307901908
0.8381471389645777
0.808174386920981
0.8326975476839237
0.8506811989100818
0.7950953678474114
0.9294277929155313
0.8237057220708447
0.6536784741144415
0.8629427792915532
0.8983651226158038
0.8079019073569482
0.6730245231607629
0.7637602179836512
0.7948228882833788
0.7245231607629428
0.8073569482288828
0.873841961852861
0.7683923705722071
0.6692098092643052
0.8307901907356948
0.9185286103542234
0.8850136239782016
0.693732970027248
0.7825613079019074
0.7618528610354224
0.764850136239782
0.8425068119891008
0.7871934604904632
0.8411444141689374
0.8945504087193461
0.9032697547683923
0.794550408719346
0.7732970027247956
0.8125340599455041
0.8397820163487738
0.8046321525885558
0.8577656675749319
0.7059945504087194
0.8896457765667575
0.7637602179836512
0.794550408719346
0.9397820163487739
0.8356948228882833
0.7844686648501362
0.9365122615803815
0.6228882833787466
0.7825613079019074
0.8024523160762943
0.8193460490463216
0.8604904632152589
0.8806539509536785
0.7722070844686648
0.8852861035422344
0.7732970027247956
0.8934604904632153
0.8891008174386921
0.797275204359673
0.9032697547683923
0.7354223433242507
0.805449591280654
0.8907356948228883
0.7841961852861036
0.6926430517711172
0.8722070844686648
0.6980926430517711
0.8880108991825613
0.793732970027248
0.8961852861035422
0.6874659400544959
0.8103542234332425
0.7997275204359673
0.7795640326975477
0.7553133514986377
0.8544959128065395
0.8452316076294278
0.7991825613079019
0.9040871934604905
0.8468664850136239
0.8108991825613079
0.8057220708446866
0.7727520435967302
0.764850136239782
0.9264305177111717
0.8029972752043597
0.8190735694822888
0.7553133514986377
0.8542234332425068
0.8234332425068119
0.735149863760218
0.8828337874659401
0.7479564032697548
0.8392370572207084
0.8408719346049046
0.791008174386921
0.837874659400545
0.9032697547683923
0.8509536784741144
0.8692098092643051
0.7877384196185286
0.7501362397820164
0.8904632152588556
0.7839237057220708
0.8196185286103542
0.8182561307901908
0.7618528610354224
0.8237057220708447
0.862125340599455
0.8713896457765667
0.8032697547683924
0.81716621253406
0.7190735694822888
0.6506811989100817
0.8106267029972752
0.7561307901907357
0.7809264305177112
0.9566757493188011
0.8825613079019073
0.8474114441416893
0.7517711171662126
0.7577656675749319
0.6904632152588556
0.8716621253405995
0.8566757493188011
0.8212534059945504
0.7689373297002725
0.7623978201634878
0.9487738419618529
0.7760217983651226
0.7577656675749319
0.8869209809264306
0.888283378746594
0.8430517711171662
0.7395095367847412
0.702724795640327
0.9392370572207085
0.740599455040872
0.7877384196185286
0.7049046321525886
0.8822888283378747
0.7997275204359673
0.9760217983651226
0.7877384196185286
0.7983651226158038
0.9111716621253406
0.7863760217983651
0.8438692098092643
0.8569482288828338
0.47547683923705725
0.829700272479564
0.9079019073569482
0.8664850136239782
0.7566757493188011
0.9182561307901907
0.7858310626702997
0.7899182561307901
0.8732970027247956
0.7839237057220708
0.791008174386921
0.9002724795640327
0.9817438692098093
0.737874659400545
0.8803814713896457
0.8659400544959128
0.8367847411444141
0.7416893732970027
0.8226158038147139
0.726158038147139
0.8217983651226158
0.811716621253406
0.8784741144414169
0.829700272479564
0.8771117166212534
0.8653950953678474
0.8700272479564033
0.8967302452316076
0.7457765667574932
0.8321525885558583
0.8
0.9272479564032697
0.8569482288828338
0.9043596730245231
0.9242506811989101
0.8267029972752044
0.7806539509536785
0.8814713896457765
0.850408719346049
0.8980926430517712
0.744141689373297
0.8626702997275204
0.8776566757493188
0.6817438692098092
0.9177111716621253
0.8803814713896457
0.8359673024523161
0.9444141689373297
0.7604904632152588
0.9335149863760218
0.8828337874659401
0.8692098092643051
0.8931880108991825
0.3746594005449591
0.8896457765667575
0.9705722070844687
0.8948228882833787
0.8422343324250681
0.8918256130790191
0.9332425068119891
0.740599455040872
0.814441416893733
0.8689373297002725
0.8419618528610354
0.8596730245231607
0.7991825613079019
0.7465940054495913
0.8643051771117166
0.8798365122615803
0.8403269754768392
0.8798365122615803
0.8934604904632153
0.8193460490463216
0.8100817438692098
0.6757493188010899
0.8498637602179836
0.8904632152588556
0.7256130790190736
0.8362397820163487
0.6700272479564032
0.7724795640326976
0.9504087193460491
0.7
0.855858310626703
0.7629427792915532
0.9059945504087193
0.8553133514986376
0.48446866485013623
0.7871934604904632
0.8583106267029973
0.9223433242506812
0.793732970027248
0.8065395095367848
0.8138964577656675
0.837874659400545
0.7498637602179836
0.8700272479564033
0.7722070844686648
0.8051771117166212
0.7662125340599455
0.828882833787466
0.8850136239782016
0.8305177111716622
0.6961852861035422
0.7367847411444142
0.711716621253406
0.764850136239782
0.8313351498637602
0.7893732970027248
0.8422343324250681
0.8065395095367848
0.7318801089918257
0.7673024523160763
0.8920980926430517
0.8787465940054496
0.8850136239782016
0.8381471389645777
0.7839237057220708
0.8594005449591281
0.8002724795640327
0.8021798365122615
0.7528610354223433
0.9564032697547684
0.7970027247956403
0.8258855585831063
0.844141689373297
0.7901907356948229
0.68283378746594
0.9359673024523161
0.6956403269754768
0.8476839237057221
0.7643051771117166
0.873841961852861
0.7395095367847412
0.8577656675749319
0.7553133514986377
0.8163487738419618
0.8348773841961853
0.8204359673024523
0.7692098092643052
0.8891008174386921
0.8585831062670299
0.8136239782016349
0.764850136239782
0.8566757493188011
0.8370572207084469
0.8850136239782016
0.702724795640327
0.9
0.7667574931880109
0.8204359673024523
0.7373297002724796
0.7801089918256131
0.8956403269754768
0.7283378746594006
0.8596730245231607
0.7610354223433242
0.8937329700272479
0.7664850136239783
0.6997275204359673
0.6803814713896458
0.8553133514986376
0.6422343324250681
0.8108991825613079
0.7866485013623978
0.9490463215258855
0.8403269754768392
0.838692098092643
0.7912806539509537
0.867574931880109
0.8046321525885558
0.808991825613079
0.8544959128065395
0.7182561307901907
0.8820163487738419
0.7433242506811989
0.8948228882833787
0.7629427792915532
0.776566757493188
0.7223433242506812
0.7858310626702997
0.7457765667574932
0.8692098092643051
0.8084468664850136
0.8899182561307902
0.670299727520436
0.8122615803814713
0.8487738419618529
0.7435967302452317
0.8128065395095367
0.9106267029972752
0.8411444141689374
0.9245231607629428
0.7305177111716621
0.8457765667574932
0.7359673024523161
0.8040871934604905
0.8866485013623978
0.8005449591280654
0.9114441416893733
0.7885558583106267
0.9111716621253406
0.7550408719346049
0.8098092643051771
0.7512261580381472
0.8277929155313352
0.7539509536784741
0.8711171662125341
0.8844686648501362
0.8356948228882833
0.8509536784741144
0.7637602179836512
0.6869209809264305
0.8149863760217984
0.785558583106267
0.8754768392370572
0.850408719346049
0.873024523160763
0.8741144414168938
0.8272479564032698
0.7643051771117166
0.867574931880109
0.7871934604904632
0.7572207084468665
0.7408719346049046
0.7632152588555858
0.7692098092643052
0.8534059945504087
0.8850136239782016
0.7501362397820164
0.8362397820163487
0.8043596730245232
0.9155313351498637
0.829700272479564
0.9359673024523161
0.8108991825613079
0.750408719346049
0.7787465940054495
0.8343324250681199
0.8850136239782016
0.829700272479564
0.764850136239782
0.9040871934604905
0.7411444141689373
0.873024523160763
0.7299727520435967
0.8043596730245232
0.785558583106267
0.8155313351498638
0.8986376021798365
0.8016348773841961
0.8128065395095367
0.8362397820163487
0.8046321525885558
0.8079019073569482
0.8029972752043597
0.9103542234332425
0.9168937329700273
0.8626702997275204
0.8615803814713896
0.8351498637602179
0.7125340599455041
0.9730245231607629
0.8539509536784741
0.3329700272479564
0.9348773841961853
0.7858310626702997
0.8354223433242507
0.826158038147139
0.7365122615803815
0.8937329700272479
0.9108991825613079
0.8381471389645777
0.771117166212534
0.8220708446866485
0.749591280653951
0.726158038147139
0.8395095367847412
0.7754768392370572
0.7798365122615804
0.8735694822888284
0.9152588555858311
0.8708446866485013
0.9220708446866485
0.11716621253405994
0.764850136239782
0.8544959128065395
0.9286103542234332
0.9087193460490464
0.7389645776566758
0.8433242506811989
0.6959128065395095
0.8356948228882833
0.7950953678474114
0.7833787465940054
0.8321525885558583
0.9264305177111717
0.7433242506811989
0.3773841961852861
0.6416893732970027
0.8953678474114442
0.8376021798365123
0.7228882833787466
0.8455040871934605
0.8242506811989101
0.8040871934604905
0.8566757493188011
0.8798365122615803
0.6776566757493188
0.7806539509536785
0.6389645776566758
0.8024523160762943
0.7790190735694823
0.8087193460490463
0.7697547683923706
0.808174386920981
0.7073569482288828
0.7798365122615804
0.873024523160763
0.7752043596730245
0.8724795640326976
0.7991825613079019
0.48637602179836514
0.7049046321525886
0.811716621253406
0.9059945504087193
0.8403269754768392
0.9370572207084469
0.7201634877384196
0.8182561307901908
0.7068119891008174
0.8572207084468665
0.8596730245231607
0.6929155313351498
0.74141689373297
0.8234332425068119
0.8310626702997275
0.8564032697547684
0.7803814713896458
0.9035422343324251
