0.7320179820179821
0.8688811188811189
0.9300699300699301
0.8698801198801199
0.8316683316683317
0.8526473526473527
0.9410589410589411
0.8204295704295704
0.9445554445554446
0.9315684315684316
0.7002997002997003
0.8623876123876124
0.9310689310689311
0.8513986013986014
0.8598901098901099
0.6605894105894106
0.7972027972027972
0.6026473526473527
0.8346653346653347
0.7834665334665335
0.8181818181818182
0.9103396603396603
0.8753746253746254
0.8484015984015985
0.8591408591408591
0.7667332667332667
0.9355644355644356
0.8389110889110889
0.9080919080919081
0.7395104895104895
0.8259240759240759
0.9455544455544456
0.8379120879120879
0.9415584415584416
0.8583916083916084
0.810939060939061
0.8429070929070929
0.7977022977022977
0.8489010989010989
0.8084415584415584
0.7847152847152847
0.7774725274725275
0.9020979020979021
0.8833666333666333
0.9128371628371629
0.8234265734265734
0.9028471528471529
0.8593906093906094
0.9195804195804196
0.7757242757242757
0.9083416583416584
0.8938561438561439
0.7844655344655345
0.7172827172827173
0.7842157842157842
0.8691308691308691
0.8908591408591409
0.9225774225774226
0.7969530469530469
0.804945054945055
0.7472527472527473
0.7952047952047953
0.8426573426573427
0.9058441558441559
0.9423076923076923
0.8631368631368631
0.7654845154845155
0.9155844155844156
0.8896103896103896
0.8648851148851149
0.8738761238761239
0.8234265734265734
0.938061938061938
0.8701298701298701
0.6673326673326674
0.827922077922078
0.9310689310689311
0.9572927072927073
0.8229270729270729
0.8096903096903096
0.7612387612387612
0.9428071928071928
0.8061938061938062
0.8548951048951049
0.8988511488511488
0.7202797202797203
0.7992007992007992
0.8526473526473527
0.8389110889110889
0.8444055944055944
0.8988511488511488
0.7679820179820179
0.7175324675324676
0.8321678321678322
0.9565434565434565
0.8394105894105894
0.939060939060939
0.8379120879120879
0.823926073926074
0.8356643356643356
0.8996003996003996
0.8541458541458542
0.9652847152847153
0.8471528471528471
0.9368131868131868
0.8324175824175825
0.926073926073926
0.7634865134865135
0.787962037962038
0.8866133866133866
0.8186813186813187
0.7295204795204795
0.9483016983016983
0.768981018981019
0.8843656343656343
0.738011988011988
0.972027972027972
0.8416583416583416
0.7874625374625375
0.9213286713286714
0.9140859140859141
0.811938061938062
0.8256743256743256
0.8988511488511488
0.8558941058941059
0.8661338661338661
0.9338161838161838
0.8184315684315684
0.9612887112887113
0.8946053946053946
0.9013486513486514
0.8503996003996004
0.7914585414585414
0.801948051948052
0.8628871128871128
0.8301698301698301
0.8459040959040959
0.8933566433566433
0.8356643356643356
0.8501498501498501
0.8016983016983017
0.9315684315684316
0.7047952047952047
0.8951048951048951
0.9612887112887113
0.8266733266733267
0.8598901098901099
0.9065934065934066
0.8678821178821179
0.7105394605394605
0.2857142857142857
0.7614885114885115
0.8663836163836164
0.7932067932067932
0.8793706293706294
0.8936063936063936
0.8613886113886113
0.751998001998002
0.8099400599400599
0.9013486513486514
0.8006993006993007
0.9258241758241759
0.8831168831168831
0.8341658341658341
0.6898101898101898
0.8206793206793207
0.8231768231768232
0.9228271728271729
0.8681318681318682
0.8963536463536463
0.9108391608391608
0.7804695304695305
0.9115884115884116
0.7867132867132867
0.8661338661338661
0.791958041958042
0.8553946053946054
0.8316683316683317
0.8986013986013986
0.7972027972027972
0.7732267732267732
0.8289210789210789
0.8271728271728271
0.9203296703296703
0.942057942057942
0.9045954045954046
0.7967032967032966
0.939060939060939
0.5726773226773226
0.8598901098901099
0.7717282717282717
0.8528971028971029
0.8406593406593407
0.939060939060939
0.6018981018981019
0.8873626373626373
0.9775224775224776
0.9033466533466533
0.8434065934065934
0.9028471528471529
0.8516483516483516
0.9308191808191808
0.8201798201798202
0.76998001998002
0.9235764235764236
0.8111888111888111
0.8998501498501499
0.7617382617382618
0.8489010989010989
0.7809690309690309
0.8523976023976024
0.8294205794205795
0.7190309690309691
0.7305194805194806
0.267982017982018
0.798951048951049
0.7722277722277723
0.8311688311688312
0.8508991008991009
0.985014985014985
0.8436563436563437
0.9410589410589411
0.735014985014985
0.9020979020979021
0.8116883116883117
0.708041958041958
0.777972027972028
0.8386613386613386
0.8216783216783217
0.9015984015984015
0.8508991008991009
0.9225774225774226
0.9245754245754245
0.833916083916084
0.8044455544455544
0.9575424575424576
0.9308191808191808
0.8171828171828172
0.8903596403596403
0.8201798201798202
0.7190309690309691
0.7837162837162838
0.8891108891108891
0.8653846153846154
0.8961038961038961
0.8171828171828172
0.8646353646353646
0.8666333666333667
0.7302697302697303
0.4657842157842158
0.8943556443556444
0.8404095904095904
0.9378121878121878
0.9310689310689311
0.9308191808191808
0.8711288711288712
0.9468031968031968
0.7814685314685315
0.9018481518481518
0.8661338661338661
0.8781218781218781
0.776973026973027
0.8991008991008991
0.9627872127872128
0.8301698301698301
0.9098401598401599
0.9345654345654346
0.8236763236763237
0.708041958041958
0.7867132867132867
0.8926073926073926
0.8946053946053946
0.8816183816183816
0.823926073926074
0.7952047952047953
0.8678821178821179
0.8466533466533467
0.7694805194805194
0.7892107892107892
0.8499000999000998
0.8384115884115884
0.8658841158841158
0.7809690309690309
0.7972027972027972
0.8386613386613386
0.9073426573426573
0.8518981018981019
0.8736263736263736
0.8126873126873126
0.8918581418581418
0.8968531468531469
0.9605394605394605
0.8578921078921079
0.9143356643356644
0.7185314685314685
0.8311688311688312
0.8996003996003996
0.8401598401598401
0.9565434565434565
0.7942057942057942
0.9545454545454546
0.8958541458541458
0.954045954045954
0.7977022977022977
0.8673826173826173
0.9587912087912088
0.9070929070929071
0.9460539460539461
0.8091908091908092
0.8054445554445554
0.7652347652347652
0.9303196803196803
0.8561438561438561
0.8543956043956044
0.7502497502497503
0.7514985014985015
0.721028971028971
0.772977022977023
0.8661338661338661
0.800949050949051
0.8234265734265734
0.8518981018981019
0.7972027972027972
0.804945054945055
0.972027972027972
0.9178321678321678
0.9772727272727273
0.45254745254745254
0.8986013986013986
0.800949050949051
0.8489010989010989
0.9273226773226774
0.9340659340659341
0.7160339660339661
0.8151848151848152
0.6913086913086913
0.7827172827172827
0.8481518481518482
0.9537962037962038
0.8096903096903096
0.8718781218781219
0.7714785214785215
0.9393106893106893
0.8011988011988012
0.8756243756243757
0.7847152847152847
0.9150849150849151
0.8286713286713286
0.7514985014985015
0.7752247752247752
0.9140859140859141
0.8706293706293706
0.9155844155844156
0.77997002997003
0.8396603396603397
0.8299200799200799
0.8828671328671329
0.804945054945055
0.8961038961038961
0.8191808191808192
0.8623876123876124
0.8419080919080919
0.8234265734265734
0.8706293706293706
0.5774225774225774
0.8479020979020979
0.8089410589410589
0.9208291708291708
0.7212787212787213
0.8316683316683317
0.8723776223776224
0.7677322677322678
0.9120879120879121
0.8074425574425574
0.8546453546453546
0.723026973026973
0.8583916083916084
0.7190309690309691
0.8014485514485514
0.8359140859140859
0.935064935064935
0.9440559440559441
0.37037962037962036
0.7872127872127872
0.8783716283716284
0.9170829170829171
0.7954545454545454
0.8866133866133866
0.9148351648351648
0.8391608391608392
0.8409090909090909
0.7704795204795205
0.9013486513486514
0.9358141858141859
0.8786213786213786
0.9478021978021978
0.8491508491508492
0.8596403596403597
0.8116883116883117
0.8751248751248751
0.813936063936064
0.8738761238761239
0.9023476523476524
0.8538961038961039
0.8266733266733267
0.9263236763236763
0.8898601398601399
0.8921078921078921
0.919080919080919
0.8449050949050949
0.8983516483516484
0.7757242757242757
0.9005994005994006
0.6748251748251748
0.7934565434565435
0.7782217782217782
0.8933566433566433
0.8523976023976024
0.7917082917082917
0.9013486513486514
0.8811188811188811
0.8988511488511488
0.8908591408591409
0.2977022977022977
0.7582417582417582
0.922077922077922
0.9218281718281718
0.9308191808191808
0.9028471528471529
0.7592407592407593
0.8391608391608392
0.830919080919081
0.7902097902097902
0.6940559440559441
0.8961038961038961
0.9225774225774226
0.8523976023976024
0.9522977022977023
0.9008491508491508
0.6258741258741258
0.8806193806193806
0.9068431568431569
0.8076923076923077
0.9073426573426573
0.9807692307692307
0.7927072927072927
0.9015984015984015
0.053946053946053944
0.916083916083916
0.8474025974025974
0.9365634365634365
0.8863636363636364
0.8151848151848152
0.774975024975025
0.7617382617382618
0.8743756243756243
0.7847152847152847
0.7662337662337663
0.9195804195804196
0.8921078921078921
0.7447552447552448
0.8873626373626373
0.8883616383616384
0.8281718281718282
0.7347652347652348
0.24525474525474525
0.8836163836163836
0.9625374625374625
0.7482517482517482
0.7974525474525475
0.8658841158841158
0.9003496503496503
0.8626373626373627
0.7627372627372627
0.9677822177822177
0.8883616383616384
0.8016983016983017
0.9270729270729271
0.8878621378621379
0.8546453546453546
0.763986013986014
0.8691308691308691
0.7517482517482518
0.8706293706293706
0.8444055944055944
0.8456543456543456
0.8214285714285714
0.7887112887112887
0.744005994005994
0.8204295704295704
0.746003996003996
0.813936063936064
0.7225274725274725
0.9165834165834166
0.8563936063936064
0.8936063936063936
0.797952047952048
0.8611388611388612
0.9727772227772228
0.8336663336663337
0.8996003996003996
0.8526473526473527
0.8518981018981019
0.8071928071928072
0.6945554445554446
0.9173326673326674
0.8693806193806194
0.8751248751248751
0.8601398601398601
0.8234265734265734
0.8416583416583416
0.8578921078921079
0.7265234765234765
0.8926073926073926
0.8041958041958042
0.7892107892107892
0.9123376623376623
0.9295704295704296
0.8681318681318682
0.9085914085914086
0.7757242757242757
0.8678821178821179
0.9040959040959041
0.6590909090909091
0.8059440559440559
0.7092907092907093
0.8224275724275725
0.8906093906093906
0.7742257742257742
0.7477522477522478
0.8341658341658341
0.7907092907092907
0.7305194805194806
0.9090909090909091
0.8861138861138861
0.8546453546453546
0.8389110889110889
0.8486513486513486
0.8906093906093906
0.8069430569430569
0.8464035964035964
0.7792207792207793
0.9010989010989011
0.8354145854145855
0.8768731268731269
0.7947052947052947
0.9493006993006993
0.8489010989010989
0.8189310689310689
0.9500499500499501
0.9405594405594405
0.8371628371628371
0.8696303696303697
0.8626373626373627
0.7862137862137862
0.781968031968032
0.7662337662337663
0.722027972027972
0.7612387612387612
0.8261738261738262
0.8503996003996004
0.9555444555444556
0.8571428571428571
0.74000999000999
0.8016983016983017
0.811938061938062
0.8356643356643356
0.8454045954045954
0.77997002997003
0.9283216783216783
0.739010989010989
0.8074425574425574
0.7247752247752248
0.9045954045954046
0.5704295704295704
0.9345654345654346
0.9195804195804196
0.7964535464535465
0.8776223776223776
0.8416583416583416
0.8636363636363636
0.8084415584415584
0.8583916083916084
0.9040959040959041
0.7854645354645354
0.949050949050949
0.8101898101898102
0.8399100899100899
0.8606393606393606
0.8024475524475524
0.8329170829170829
0.9115884115884116
0.7774725274725275
0.8319180819180819
0.682067932067932
0.8426573426573427
0.8771228771228772
0.474025974025974
0.9025974025974026
0.8891108891108891
0.8189310689310689
0.8084415584415584
0.7909590409590409
0.903096903096903
0.6828171828171828
0.7714785214785215
0.8386613386613386
0.8296703296703297
0.8833666333666333
0.8206793206793207
0.6091408591408591
0.8933566433566433
0.8908591408591409
0.7867132867132867
0.8618881118881119
0.8918581418581418
0.9033466533466533
0.8374125874125874
0.9105894105894106
0.8236763236763237
0.8756243756243757
0.7942057942057942
0.8893606393606394
0.8833666333666333
0.9108391608391608
0.8471528471528471
0.9043456543456544
0.7672327672327672
0.7524975024975025
0.9038461538461539
0.8394105894105894
0.9555444555444556
0.7679820179820179
0.972027972027972
0.9258241758241759
0.9148351648351648
0.8848651348651349
0.827922077922078
0.9170829170829171
0.760989010989011
0.6625874125874126
0.8106893106893107
0.9053446553446554
0.8758741258741258
0.9333166833166833
0.5966533466533467
0.8121878121878122
0.8626373626373627
0.8251748251748252
0.8241758241758241
0.7909590409590409
0.774975024975025
0.7265234765234765
0.7302697302697303
0.8923576423576424
0.6461038961038961
0.8344155844155844
0.6715784215784216
0.9248251748251748
0.8793706293706294
0.8626373626373627
0.8256743256743256
0.7984515484515484
0.9208291708291708
0.8099400599400599
0.9013486513486514
0.9240759240759241
0.8533966033966034
0.8863636363636364
0.846903096903097
0.768981018981019
0.8046953046953047
0.8294205794205795
0.8121878121878122
0.6513486513486514
0.9635364635364635
0.7612387612387612
0.774975024975025
0.7717282717282717
0.8873626373626373
0.8898601398601399
0.8306693306693307
0.9300699300699301
0.8898601398601399
0.8061938061938062
0.8788711288711288
0.774975024975025
0.5721778221778222
0.8888611388611388
0.8933566433566433
0.9373126873126874
0.7709790209790209
0.8618881118881119
0.9073426573426573
0.6343656343656343
0.8978521478521478
0.8464035964035964
0.8963536463536463
0.8169330669330669
0.744005994005994
0.9493006993006993
0.8184315684315684
0.9068431568431569
0.903096903096903
0.8274225774225774
0.9438061938061938
0.8903596403596403
0.9460539460539461
0.8766233766233766
0.8346653346653347
0.8726273726273727
0.8401598401598401
0.8271728271728271
0.9128371628371629
0.8324175824175825
0.7987012987012987
0.8701298701298701
0.8276723276723277
0.8921078921078921
0.9215784215784216
0.8004495504495505
0.9195804195804196
0.9175824175824175
0.8988511488511488
0.685064935064935
0.8326673326673326
0.8431568431568431
0.8653846153846154
0.8923576423576424
0.8963536463536463
0.8641358641358642
0.7884615384615384
0.8114385614385614
0.8169330669330669
0.711038961038961
0.8046953046953047
0.8851148851148851
0.8691308691308691
0.8641358641358642
0.8084415584415584
0.8421578421578422
0.9502997002997003
0.8306693306693307
0.8661338661338661
0.9093406593406593
0.8349150849150849
0.7584915084915085
0.8771228771228772
0.8054445554445554
0.7762237762237763
0.9378121878121878
0.8921078921078921
0.9050949050949051
0.9073426573426573
0.8698801198801199
0.9328171828171828
0.6268731268731269
0.9035964035964036
0.721028971028971
0.8486513486513486
0.8648851148851149
0.8578921078921079
0.8416583416583416
0.9330669330669331
0.8269230769230769
0.8898601398601399
0.9250749250749251
0.9078421578421578
0.7739760239760239
0.926073926073926
0.8973526473526473
0.8464035964035964
0.6663336663336663
0.9250749250749251
0.7984515484515484
0.6840659340659341
0.8903596403596403
0.8518981018981019
0.8334165834165834
0.8883616383616384
0.8266733266733267
0.8294205794205795
0.8743756243756243
0.8716283716283716
0.7417582417582418
0.8571428571428571
0.8114385614385614
0.8978521478521478
0.8891108891108891
0.9445554445554446
0.9395604395604396
0.8938561438561439
0.9248251748251748
0.7737262737262737
0.8231768231768232
0.9008491508491508
0.8758741258741258
0.8429070929070929
0.9268231768231768
0.7807192807192808
0.9010989010989011
0.9020979020979021
0.6933066933066933
0.8024475524475524
0.8733766233766234
0.8324175824175825
0.8271728271728271
0.6680819180819181
0.8181818181818182
0.9015984015984015
0.7517482517482518
0.9500499500499501
0.7422577422577422
0.8041958041958042
0.8676323676323676
0.7632367632367633
0.8091908091908092
0.8359140859140859
0.8866133866133866
0.7947052947052947
0.7904595404595405
0.8736263736263736
0.8763736263736264
0.8991008991008991
0.9632867132867133
0.7642357642357642
0.8026973026973027
0.8366633366633367
0.6406093906093906
0.75999000999001
0.9195804195804196
0.8636363636363636
0.9200799200799201
0.9073426573426573
0.9035964035964036
0.7242757242757243
0.8016983016983017
0.8154345654345654
0.8361638361638362
0.7974525474525475
0.8583916083916084
0.8034465534465535
0.9170829170829171
0.8551448551448552
0.8264235764235764
0.8414085914085914
0.8446553446553446
0.8561438561438561
0.7405094905094906
0.9038461538461539
0.715034965034965
0.8416583416583416
0.807942057942058
0.8454045954045954
0.7777222777222778
0.8741258741258742
0.8199300699300699
0.6338661338661339
0.8516483516483516
0.8508991008991009
0.8603896103896104
0.9205794205794205
0.9068431568431569
0.8641358641358642
0.7537462537462537
0.8259240759240759
0.8334165834165834
0.748001998001998
0.8064435564435565
0.846903096903097
0.9275724275724275
0.8174325674325674
0.7302697302697303
0.8998501498501499
0.8389110889110889
0.8076923076923077
0.8371628371628371
0.820929070929071
0.8981018981018981
0.7912087912087912
0.8666333666333667
0.8821178821178821
0.785964035964036
0.6301198801198801
0.8426573426573427
0.7899600399600399
0.8546453546453546
0.8334165834165834
0.7167832167832168
0.7742257742257742
0.8271728271728271
0.8983516483516484
0.722027972027972
0.8396603396603397
0.8578921078921079
0.9365634365634365
0.9250749250749251
0.9458041958041958
0.9310689310689311
0.8386613386613386
0.8948551448551448
0.8773726273726273
0.7957042957042957
0.8631368631368631
0.9275724275724275
0.9393106893106893
0.9208291708291708
0.913086913086913
0.8733766233766234
0.9268231768231768
0.9488011988011988
0.8184315684315684
0.9008491508491508
0.7817182817182817
0.8861138861138861
0.798951048951049
0.926073926073926
0.9215784215784216
0.8391608391608392
0.8606393606393606
0.8683816183816184
0.8414085914085914
0.9233266733266733
0.7927072927072927
0.8676323676323676
0.7182817182817183
0.9123376623376623
0.8211788211788211
0.8431568431568431
0.9622877122877123
0.7922077922077922
0.9005994005994006
0.9115884115884116
0.8956043956043956
0.7375124875124875
0.9200799200799201
0.8029470529470529
0.8201798201798202
0.9585414585414586
0.8364135864135864
0.9058441558441559
0.8983516483516484
0.7587412587412588
0.8503996003996004
0.8723776223776224
0.8189310689310689
0.8931068931068931
0.8364135864135864
0.8446553446553446
0.8911088911088911
0.7924575424575424
0.731018981018981
0.4542957042957043
0.8756243756243757
0.9315684315684316
0.8576423576423576
0.8199300699300699
0.8756243756243757
0.9270729270729271
0.8503996003996004
0.814935064935065
0.9285714285714286
0.4243256743256743
0.903096903096903
0.9270729270729271
0.9385614385614386
0.9105894105894106
0.8166833166833167
0.27022977022977024
0.9612887112887113
0.8316683316683317
0.8711288711288712
0.9078421578421578
0.9180819180819181
0.9055944055944056
0.8069430569430569
0.9028471528471529
0.791958041958042
0.8623876123876124
0.9408091908091908
0.8688811188811189
0.8174325674325674
0.8384115884115884
0.8259240759240759
0.7872127872127872
0.7594905094905094
0.8491508491508492
0.9333166833166833
0.43481518481518483
0.7882117882117882
0.7954545454545454
0.8111888111888111
0.8956043956043956
0.7287712287712288
0.9145854145854145
0.9208291708291708
0.8184315684315684
0.7702297702297702
0.7544955044955045
0.8983516483516484
0.6605894105894106
0.8931068931068931
0.7247752247752248
0.8956043956043956
0.7777222777222778
0.7642357642357642
0.8656343656343657
0.7105394605394605
0.8304195804195804
0.8276723276723277
0.7782217782217782
0.8259240759240759
0.8266733266733267
0.7832167832167832
0.916083916083916
0.8786213786213786
0.9428071928071928
0.5539460539460539
0.9657842157842158
0.9483016983016983
0.7367632367632367
0.8101898101898102
0.8681318681318682
0.9275724275724275
0.9522977022977023
0.8526473526473527
0.8548951048951049
0.8556443556443556
0.8094405594405595
0.8961038961038961
0.8856143856143857
0.8241758241758241
0.8111888111888111
0.9662837162837162
0.929070929070929
0.9343156843156843
0.8351648351648352
0.6708291708291708
0.8114385614385614
0.7932067932067932
0.7809690309690309
0.8933566433566433
0.8484015984015985
0.8396603396603397
0.3244255744255744
0.7987012987012987
0.7897102897102897
0.8459040959040959
0.8666333666333667
0.754995004995005
0.9310689310689311
0.7177822177822177
0.0014985014985014985
0.754995004995005
0.8356643356643356
0.6715784215784216
0.8199300699300699
0.8721278721278721
0.8136863136863137
0.8908591408591409
0.8903596403596403
0.8951048951048951
0.8621378621378621
0.8151848151848152
0.8886113886113887
0.8706293706293706
0.9270729270729271
0.8511488511488512
0.8401598401598401
0.813936063936064
0.8533966033966034
0.817932067932068
0.752997002997003
0.8908591408591409
0.98001998001998
0.8499000999000998
0.954045954045954
0.8321678321678322
0.8858641358641358
0.9035964035964036
0.8966033966033966
0.9542957042957043
0.7355144855144855
0.7582417582417582
0.9410589410589411
0.9048451548451548
0.846903096903097
0.8596403596403597
0.836913086913087
0.8406593406593407
0.9023476523476524
0.7807192807192808
0.8581418581418582
0.9275724275724275
0.7977022977022977
0.8099400599400599
0.8576423576423576
0.8449050949050949
0.8698801198801199
0.9045954045954046
0.8101898101898102
0.8643856143856143
0.7684815184815185
0.8249250749250749
0.7190309690309691
0.7934565434565435
0.9495504495504495
0.7904595404595405
0.8229270729270729
0.8046953046953047
0.8978521478521478
0.9632867132867133
0.8264235764235764
0.972027972027972
0.8029470529470529
0.6745754245754245
0.9405594405594405
0.968031968031968
0.8086913086913087
0.8021978021978022
0.9133366633366633
0.9205794205794205
0.6623376623376623
0.952047952047952
0.7902097902097902
0.738011988011988
0.8006993006993007
0.6650849150849151
0.7147852147852148
0.8631368631368631
0.8454045954045954
0.8541458541458542
0.8214285714285714
0.7702297702297702
0.9400599400599401
0.9055944055944056
0.6930569430569431
0.8501498501498501
0.8414085914085914
0.830919080919081
0.8748751248751249
0.8536463536463537
0.9378121878121878
0.8481518481518482
0.9303196803196803
0.9025974025974026
0.8593906093906094
0.9463036963036963
0.8701298701298701
0.8191808191808192
0.8006993006993007
0.9085914085914086
0.735014985014985
0.8441558441558441
0.965034965034965
0.8898601398601399
0.9815184815184815
0.8678821178821179
0.9025974025974026
0.9537962037962038
0.8811188811188811
0.7942057942057942
0.8718781218781219
0.8671328671328671
0.8713786213786214
0.9068431568431569
0.7427572427572428
0.8956043956043956
0.8521478521478522
0.9443056943056943
0.8878621378621379
0.9145854145854145
0.7395104895104895
0.9512987012987013
0.8568931068931069
0.8763736263736264
0.8916083916083916
0.9043456543456544
0.846903096903097
0.8169330669330669
0.7839660339660339
0.8906093906093906
0.9410589410589411
0.784965034965035
0.4288211788211788
0.9218281718281718
0.7672327672327672
0.906093906093906
0.8983516483516484
0.9595404595404595
0.8721278721278721
0.8321678321678322
0.9183316683316683
0.9050949050949051
0.9315684315684316
0.7944555444555444
0.8991008991008991
0.9008491508491508
0.8786213786213786
0.7447552447552448
0.9735264735264735
0.8771228771228772
0.8321678321678322
0.7607392607392608
0.741008991008991
0.8306693306693307
0.8416583416583416
0.8424075924075924
0.8951048951048951
0.8616383616383616
0.7527472527472527
0.8953546453546454
0.7654845154845155
0.7982017982017982
0.8004495504495505
0.9103396603396603
0.8351648351648352
0.9175824175824175
0.9345654345654346
0.5981518481518482
0.8244255744255744
0.7614885114885115
0.8006993006993007
0.8464035964035964
0.957042957042957
0.8379120879120879
0.7962037962037962
0.8489010989010989
0.8379120879120879
0.7697302697302697
0.8941058941058941
0.8666333666333667
0.7844655344655345
0.932067932067932
0.8861138861138861
0.8104395604395604
0.8296703296703297
0.7247752247752248
0.7497502497502497
0.8593906093906094
0.9300699300699301
0.8159340659340659
0.8344155844155844
0.8494005994005994
0.8419080919080919
0.8711288711288712
0.8893606393606394
0.8756243756243757
0.9038461538461539
0.8663836163836164
0.8988511488511488
0.9100899100899101
0.968031968031968
0.833916083916084
0.9557942057942058
0.7025474525474525
0.7939560439560439
0.8633866133866134
0.8663836163836164
0.9595404595404595
0.9115884115884116
0.8921078921078921
0.9642857142857143
0.8556443556443556
0.9395604395604396
0.8474025974025974
0.8753746253746254
0.7894605394605395
0.7295204795204795
0.8089410589410589
0.8938561438561439
0.8806193806193806
0.6071428571428571
0.7315184815184815
0.9435564435564435
0.8426573426573427
0.9400599400599401
0.9088411588411588
0.8204295704295704
0.692057942057942
0.9235764235764236
0.9110889110889111
0.768981018981019
0.8878621378621379
0.8611388611388612
0.8411588411588412
0.7544955044955045
0.8436563436563437
0.8064435564435565
0.8738761238761239
0.8116883116883117
0.8666333666333667
0.8226773226773226
0.7984515484515484
0.8763736263736264
0.5851648351648352
0.8404095904095904
0.9418081918081919
0.743006993006993
0.8101898101898102
0.7207792207792207
0.8389110889110889
0.8811188811188811
0.8716283716283716
0.8578921078921079
0.8491508491508492
0.7664835164835165
0.8101898101898102
0.7682317682317682
0.795954045954046
0.8241758241758241
0.3409090909090909
0.8426573426573427
0.8251748251748252
0.7842157842157842
0.9128371628371629
0.9138361638361638
0.8806193806193806
0.8429070929070929
0.8806193806193806
0.9013486513486514
0.9213286713286714
0.9020979020979021
0.6151348651348651
0.7552447552447552
0.9765234765234765
0.8663836163836164
0.8868631368631369
0.7842157842157842
0.7684815184815185
0.8214285714285714
0.735014985014985
0.8229270729270729
0.7974525474525475
0.8941058941058941
0.814935064935065
0.938061938061938
0.755994005994006
0.8503996003996004
0.33016983016983015
0.6476023976023976
0.9015984015984015
0.6830669330669331
0.8901098901098901
0.8304195804195804
0.9095904095904096
0.7969530469530469
0.792957042957043
0.8174325674325674
0.7747252747252747
0.817932067932068
0.8628871128871128
0.8973526473526473
0.9448051948051948
0.8821178821178821
0.7834665334665335
0.8416583416583416
0.8459040959040959
0.8154345654345654
0.8878621378621379
0.9080919080919081
0.9123376623376623
0.8294205794205795
0.8406593406593407
0.7132867132867133
0.8431568431568431
0.8761238761238761
0.731018981018981
0.718031968031968
0.8913586413586414
0.843906093906094
0.7752247752247752
0.8788711288711288
0.8269230769230769
0.8613886113886113
0.7964535464535465
0.8923576423576424
0.8254245754245755
0.7437562437562437
0.8841158841158842
0.9040959040959041
0.9690309690309691
0.846903096903097
0.7842157842157842
0.8701298701298701
0.7592407592407593
0.9165834165834166
0.8756243756243757
0.8761238761238761
0.785964035964036
0.8089410589410589
0.8956043956043956
0.7864635364635365
0.8761238761238761
0.9418081918081919
0.7375124875124875
0.8221778221778222
0.8386613386613386
0.7674825174825175
0.9440559440559441
0.8968531468531469
0.8963536463536463
0.9438061938061938
0.7564935064935064
0.5187312687312687
0.836913086913087
0.8436563436563437
0.782967032967033
0.9205794205794205
0.8186813186813187
0.9043456543456544
0.9055944055944056
0.8698801198801199
0.8194305694305695
0.929070929070929
0.8361638361638362
0.9410589410589411
0.7412587412587412
0.8089410589410589
0.8781218781218781
0.7327672327672328
0.5616883116883117
0.739010989010989
0.9058441558441559
0.7927072927072927
0.8541458541458542
0.8121878121878122
0.8426573426573427
0.8846153846153846
0.8419080919080919
0.8741258741258742
0.8371628371628371
0.8104395604395604
0.765984015984016
0.8001998001998002
0.8274225774225774
0.8768731268731269
0.8893606393606394
0.7952047952047953
0.9098401598401599
0.8701298701298701
0.8231768231768232
0.804945054945055
0.8324175824175825
0.8044455544455544
0.9692807192807192
0.8946053946053946
0.38686313686313684
0.9502997002997003
0.8706293706293706
0.8256743256743256
0.9328171828171828
0.6723276723276723
0.8893606393606394
0.8221778221778222
0.9375624375624375
0.8578921078921079
0.09565434565434565
0.9163336663336663
0.8938561438561439
0.8379120879120879
0.725024975024975
0.8571428571428571
0.8743756243756243
0.7375124875124875
0.7392607392607392
0.8851148851148851
0.7997002997002997
0.8496503496503497
0.8931068931068931
0.8623876123876124
0.701048951048951
0.846903096903097
0.7260239760239761
0.9602897102897103
0.8976023976023976
0.9070929070929071
0.8851148851148851
0.7939560439560439
0.8908591408591409
0.8671328671328671
0.8399100899100899
0.8084415584415584
0.836913086913087
0.9008491508491508
0.9185814185814186
0.8681318681318682
0.8623876123876124
0.8276723276723277
0.8044455544455544
0.8563936063936064
0.8029470529470529
0.41033966033966035
0.8101898101898102
0.8521478521478522
0.2504995004995005
0.8636363636363636
0.8586413586413586
0.8029470529470529
0.8916083916083916
0.7907092907092907
0.9203296703296703
0.8251748251748252
0.8573926073926074
0.8803696303696303
0.7057942057942058
0.8611388611388612
0.8076923076923077
0.7452547452547452
0.7402597402597403
0.7567432567432567
0.8024475524475524
0.7475024975024975
0.8326673326673326
0.7837162837162838
0.8876123876123876
0.8706293706293706
0.776973026973027
0.9308191808191808
0.9732767232767233
0.7075424575424576
0.8691308691308691
0.8936063936063936
0.9268231768231768
0.7637362637362637
0.913086913086913
0.9018481518481518
0.8586413586413586
0.9153346653346653
0.8813686313686314
0.935064935064935
0.939060939060939
0.8404095904095904
0.0004995004995004995
0.8761238761238761
0.811938061938062
0.7962037962037962
0.6895604395604396
0.8266733266733267
0.9373126873126874
0.9025974025974026
0.8164335664335665
0.8221778221778222
0.741008991008991
0.8396603396603397
0.8998501498501499
0.8651348651348651
0.8623876123876124
0.7345154845154845
0.8643856143856143
0.8496503496503497
0.9502997002997003
0.9050949050949051
0.8174325674325674
0.8026973026973027
0.8668831168831169
0.8883616383616384
0.9423076923076923
0.7744755244755245
0.8873626373626373
0.8341658341658341
0.8001998001998002
0.7817182817182817
0.8943556443556444
0.939060939060939
0.8084415584415584
0.8016983016983017
0.8379120879120879
0.8364135864135864
0.715034965034965
0.9465534465534465
0.8723776223776224
0.8006993006993007
0.8349150849150849
0.8738761238761239
0.8941058941058941
0.9338161838161838
0.9065934065934066
0.8781218781218781
0.7782217782217782
0.9398101898101898
0.8586413586413586
0.8763736263736264
0.7939560439560439
0.8906093906093906
0.8316683316683317
0.7207792207792207
0.8891108891108891
0.9355644355644356
0.8219280719280719
0.8061938061938062
0.8651348651348651
0.9318181818181818
0.8618881118881119
0.7817182817182817
0.7425074925074925
0.8154345654345654
0.7957042957042957
0.9365634365634365
0.8916083916083916
0.8976023976023976
0.8586413586413586
0.9080919080919081
0.8746253746253746
0.8763736263736264
0.8261738261738262
0.7622377622377622
0.9063436563436563
0.29445554445554445
0.9345654345654346
0.09290709290709291
0.8898601398601399
0.935064935064935
0.7475024975024975
0.9165834165834166
0.7734765234765235
0.9195804195804196
0.9200799200799201
0.7115384615384616
0.7814685314685315
0.8583916083916084
0.8808691308691309
0.9303196803196803
0.8359140859140859
0.7337662337662337
0.9560439560439561
0.8998501498501499
0.846903096903097
0.8918581418581418
0.827922077922078
0.3101898101898102
0.734015984015984
0.39635364635364634
0.8236763236763237
0.958041958041958
0.9033466533466533
0.9488011988011988
0.8508991008991009
0.9383116883116883
0.9090909090909091
0.9035964035964036
0.8666333666333667
0.8936063936063936
0.8788711288711288
0.8429070929070929
0.7507492507492507
0.8571428571428571
0.9020979020979021
0.8449050949050949
0.8301698301698301
0.8204295704295704
0.8961038961038961
0.8903596403596403
0.9120879120879121
0.7952047952047953
0.8588911088911089
0.8588911088911089
0.9617882117882118
0.7037962037962038
0.7702297702297702
0.7712287712287712
0.8006993006993007
0.9742757242757243
0.8608891108891109
0.8773726273726273
0.8526473526473527
0.8409090909090909
0.8826173826173827
0.7365134865134865
0.8968531468531469
0.8521478521478522
0.8823676323676324
0.9485514485514486
0.8261738261738262
0.7522477522477522
0.9233266733266733
0.7012987012987013
0.8613886113886113
0.7415084915084915
0.8936063936063936
0.7754745254745254
0.712037962037962
0.791958041958042
0.9575424575424576
0.8726273726273727
0.8356643356643356
0.8374125874125874
0.8876123876123876
0.8046953046953047
0.9333166833166833
0.8449050949050949
0.8161838161838162
0.8126873126873126
0.9210789210789211
0.9095904095904096
0.8181818181818182
0.8094405594405595
0.919080919080919
0.5097402597402597
0.8563936063936064
0.9393106893106893
0.785964035964036
0.8181818181818182
0.8931068931068931
0.8556443556443556
0.8116883116883117
0.967032967032967
0.8841158841158842
0.9373126873126874
0.929070929070929
0.9140859140859141
0.9195804195804196
0.8061938061938062
0.9375624375624375
0.752997002997003
0.7969530469530469
0.8064435564435565
0.8728771228771228
0.9003496503496503
0.7482517482517482
0.8621378621378621
0.8169330669330669
0.8189310689310689
0.8146853146853147
0.33141858141858144
0.8291708291708292
0.7517482517482518
0.8626373626373627
0.6748251748251748
0.8371628371628371
0.7969530469530469
0.8631368631368631
0.7957042957042957
0.8454045954045954
0.8933566433566433
0.8314185814185814
0.9008491508491508
0.8274225774225774
0.8953546453546454
0.8503996003996004
0.8801198801198801
0.9110889110889111
0.9275724275724275
0.8001998001998002
0.9138361638361638
0.9108391608391608
0.8698801198801199
0.8771228771228772
0.7664835164835165
0.8199300699300699
0.7082917082917083
0.7485014985014985
0.8551448551448552
0.8963536463536463
0.8446553446553446
0.9365634365634365
0.8444055944055944
0.8578921078921079
0.9385614385614386
0.6311188811188811
0.8833666333666333
0.9203296703296703
0.9203296703296703
0.6428571428571429
0.8269230769230769
0.7994505494505495
0.9110889110889111
0.8803696303696303
0.722027972027972
0.753996003996004
0.7807192807192808
0.8883616383616384
0.6698301698301699
0.8314185814185814
0.7757242757242757
0.916083916083916
0.9275724275724275
0.7634865134865135
0.8029470529470529
0.8236763236763237
0.820929070929071
0.9293206793206793
0.6923076923076923
0.8381618381618382
0.9315684315684316
0.781968031968032
0.8454045954045954
0.8474025974025974
0.7742257742257742
0.8783716283716284
0.7827172827172827
0.9582917082917083
0.787962037962038
0.8983516483516484
0.8161838161838162
0.7927072927072927
0.8976023976023976
0.8066933066933067
0.7375124875124875
0.7564935064935064
0.9223276723276723
0.8736263736263736
0.9657842157842158
0.9335664335664335
0.8451548451548452
0.766983016983017
0.8264235764235764
0.7582417582417582
0.9325674325674326
0.8508991008991009
0.8721278721278721
0.7597402597402597
0.9143356643356644
0.8141858141858141
0.8723776223776224
0.8766233766233766
0.8581418581418582
0.5114885114885115
0.8926073926073926
0.8523976023976024
0.8888611388611388
0.7192807192807192
0.7062937062937062
0.8551448551448552
0.8391608391608392
0.8693806193806194
0.8773726273726273
0.9378121878121878
0.8596403596403597
0.9660339660339661
0.7877122877122877
0.8601398601398601
0.8691308691308691
0.8114385614385614
0.8336663336663337
0.8426573426573427
0.8404095904095904
0.9075924075924076
0.8314185814185814
0.8603896103896104
0.8888611388611388
0.7477522477522478
0.9055944055944056
0.8371628371628371
0.774975024975025
0.8101898101898102
0.8416583416583416
0.40084915084915085
0.7972027972027972
0.760989010989011
0.8404095904095904
0.756993006993007
0.8516483516483516
0.7412587412587412
0.8971028971028971
0.8623876123876124
0.801948051948052
0.9153346653346653
0.8608891108891109
0.8726273726273727
0.9507992007992008
0.8056943056943057
0.8456543456543456
0.8623876123876124
0.8971028971028971
0.8341658341658341
0.8576423576423576
0.8176823176823177
0.8926073926073926
0.8174325674325674
0.8543956043956044
0.8029470529470529
0.8713786213786214
0.922077922077922
0.7512487512487512
0.7774725274725275
0.9268231768231768
0.9445554445554446
0.6830669330669331
0.7627372627372627
0.9200799200799201
0.9215784215784216
0.8708791208791209
0.8039460539460539
0.8826173826173827
0.9315684315684316
0.7015484515484516
0.32992007992007993
0.8066933066933067
0.814935064935065
0.9595404595404595
0.8668831168831169
0.9075924075924076
0.8721278721278721
0.9003496503496503
0.9093406593406593
0.8106893106893107
0.7127872127872128
0.8496503496503497
0.7377622377622378
0.9195804195804196
0.8513986013986014
0.8898601398601399
0.755994005994006
0.836913086913087
0.8074425574425574
0.763986013986014
0.7534965034965035
0.9772727272727273
0.8661338661338661
0.8424075924075924
0.8893606393606394
0.9557942057942058
0.8391608391608392
0.8001998001998002
0.8606393606393606
0.8848651348651349
0.8161838161838162
0.8536463536463537
0.8059440559440559
0.8671328671328671
0.8781218781218781
0.8484015984015985
0.9592907092907093
0.7037962037962038
0.8266733266733267
0.9218281718281718
0.7947052947052947
0.8993506493506493
0.782967032967033
0.7412587412587412
0.7892107892107892
0.8256743256743256
0.8981018981018981
0.7544955044955045
0.9370629370629371
0.7787212787212787
0.2772227772227772
0.8449050949050949
0.961038961038961
0.8526473526473527
0.836913086913087
0.8946053946053946
0.972027972027972
0.8421578421578422
0.6625874125874126
0.8938561438561439
0.8479020979020979
0.843906093906094
0.8608891108891109
0.8503996003996004
0.8648851148851149
0.8666333666333667
0.7687312687312687
0.9433066933066933
0.8846153846153846
0.7777222777222778
0.8561438561438561
0.8511488511488512
0.9253246753246753
0.7552447552447552
0.8641358641358642
0.9208291708291708
0.8089410589410589
0.8271728271728271
0.8706293706293706
0.7974525474525475
0.7547452547452548
0.8916083916083916
0.9025974025974026
0.9053446553446554
0.8581418581418582
0.8868631368631369
0.8961038961038961
0.8851148851148851
0.8973526473526473
0.7897102897102897
0.7909590409590409
0.7937062937062938
0.8224275724275725
0.8034465534465535
0.8459040959040959
0.9233266733266733
0.7277722277722277
0.8499000999000998
0.8389110889110889
0.827922077922078
0.9278221778221778
0.836913086913087
0.8586413586413586
0.8806193806193806
0.8953546453546454
0.8261738261738262
0.804945054945055
0.8461538461538461
0.8563936063936064
0.8281718281718282
0.8029470529470529
0.8156843156843157
0.9278221778221778
0.820929070929071
0.820929070929071
0.8216783216783217
0.8978521478521478
0.8941058941058941
0.8638861138861139
0.7984515484515484
0.8264235764235764
0.8281718281718282
0.9005994005994006
0.8361638361638362
0.929070929070929
0.8873626373626373
0.8736263736263736
0.8816183816183816
0.8808691308691309
0.9328171828171828
0.8598901098901099
0.7992007992007992
0.7882117882117882
0.8156843156843157
0.8976023976023976
0.8414085914085914
0.8404095904095904
0.8231768231768232
0.7777222777222778
0.9068431568431569
0.9313186813186813
0.7687312687312687
0.7195304695304695
0.8391608391608392
0.8466533466533467
0.9185814185814186
0.836913086913087
0.9717782217782218
0.7899600399600399
0.8621378621378621
0.7577422577422578
0.8826173826173827
0.8956043956043956
0.7644855144855145
0.37962037962037964
0.8451548451548452
0.9597902097902098
0.8726273726273727
0.9475524475524476
0.8406593406593407
0.814935064935065
0.7862137862137862
0.9048451548451548
0.9308191808191808
0.8686313686313686
0.8713786213786214
0.8993506493506493
0.8241758241758241
0.8454045954045954
0.15834165834165834
0.8051948051948052
0.8921078921078921
0.8838661338661339
0.8621378621378621
0.7055444555444556
0.8746253746253746
0.8186813186813187
0.804945054945055
0.9507992007992008
0.7877122877122877
0.9070929070929071
0.7887112887112887
0.8421578421578422
0.6863136863136863
0.8476523476523476
0.7532467532467533
0.9158341658341659
0.9323176823176823
0.823926073926074
0.9225774225774226
0.5951548451548452
0.8893606393606394
0.9223276723276723
0.7557442557442557
0.8988511488511488
0.8626373626373627
0.9063436563436563
0.9228271728271729
0.8176823176823177
0.8901098901098901
0.8031968031968032
0.8244255744255744
0.9013486513486514
0.8731268731268731
0.8479020979020979
0.8678821178821179
0.8773726273726273
0.8156843156843157
0.8234265734265734
0.801948051948052
0.9285714285714286
0.8798701298701299
0.8941058941058941
0.8376623376623377
0.9018481518481518
0.8254245754245755
0.8114385614385614
0.7672327672327672
0.9038461538461539
0.9188311688311688
0.9475524475524476
0.9165834165834166
0.932067932067932
0.9000999000999002
0.8806193806193806
0.9338161838161838
0.8031968031968032
0.8866133866133866
0.8494005994005994
0.8341658341658341
0.9300699300699301
0.787962037962038
0.9425574425574426
0.8943556443556444
0.9435564435564435
0.8716283716283716
0.8563936063936064
0.8751248751248751
0.8931068931068931
0.8598901098901099
0.733016983016983
0.744005994005994
0.8898601398601399
0.8908591408591409
0.6723276723276723
0.8516483516483516
0.8146853146853147
0.8254245754245755
0.8978521478521478
0.8676323676323676
0.776973026973027
0.8471528471528471
0.8563936063936064
0.8171828171828172
0.8531468531468531
0.9240759240759241
0.8151848151848152
0.7277722277722277
0.8991008991008991
0.8386613386613386
0.9178321678321678
0.8249250749250749
0.8728771228771228
0.8926073926073926
0.8806193806193806
0.9637862137862138
0.7902097902097902
0.9243256743256744
0.9035964035964036
0.9370629370629371
0.724025974025974
0.8376623376623377
0.7832167832167832
0.6695804195804196
0.8411588411588412
0.7809690309690309
0.8786213786213786
0.8896103896103896
0.8389110889110889
0.7977022977022977
0.8356643356643356
0.9153346653346653
0.8566433566433567
0.8601398601398601
0.3239260739260739
0.9085914085914086
0.8761238761238761
0.9453046953046953
0.8766233766233766
0.8633866133866134
0.8416583416583416
0.9015984015984015
0.7942057942057942
0.8923576423576424
0.8896103896103896
0.75999000999001
0.9595404595404595
0.8289210789210789
0.8336663336663337
0.7714785214785215
0.8843656343656343
0.9025974025974026
0.8808691308691309
0.8146853146853147
0.8973526473526473
0.8494005994005994
0.962037962037962
0.8768731268731269
0.8104395604395604
0.6001498501498501
0.8289210789210789
0.8321678321678322
0.8833666333666333
0.9218281718281718
0.8244255744255744
0.8356643356643356
0.8816183816183816
0.8851148851148851
0.8756243756243757
0.8733766233766234
0.7415084915084915
0.8913586413586414
0.5911588411588412
0.827922077922078
0.75
0.8271728271728271
0.7647352647352648
0.9055944055944056
0.8983516483516484
0.8973526473526473
0.8936063936063936
0.7757242757242757
0.8921078921078921
0.8081918081918081
0.7562437562437563
0.8006993006993007
0.7857142857142857
0.967032967032967
0.8563936063936064
0.9280719280719281
0.788961038961039
0.782967032967033
0.7954545454545454
0.9735264735264735
0.9797702297702298
0.8224275724275725
0.7962037962037962
0.725024975024975
0.9410589410589411
0.8316683316683317
0.7942057942057942
0.9280719280719281
0.9315684315684316
0.733016983016983
0.9612887112887113
0.9145854145854145
0.34315684315684314
0.8399100899100899
0.7824675324675324
0.8389110889110889
0.9090909090909091
0.8566433566433567
0.9070929070929071
0.8416583416583416
0.7492507492507493
0.7742257742257742
0.8054445554445554
0.7972027972027972
0.791958041958042
0.7909590409590409
0.7155344655344655
0.8221778221778222
0.8806193806193806
0.8783716283716284
0.8284215784215784
0.8134365634365635
0.9485514485514486
0.76998001998002
0.9170829170829171
0.8751248751248751
0.8311688311688312
0.8134365634365635
0.8216783216783217
0.9592907092907093
0.8826173826173827
0.8324175824175825
0.794955044955045
0.9575424575424576
0.8638861138861139
0.9070929070929071
0.8011988011988012
0.8623876123876124
0.9567932067932068
0.8479020979020979
0.823926073926074
0.9295704295704296
0.8601398601398601
0.8234265734265734
0.8688811188811189
0.8421578421578422
0.8186813186813187
0.9008491508491508
0.9198301698301699
0.8324175824175825
0.750999000999001
0.8506493506493507
0.744005994005994
0.7874625374625375
0.8886113886113887
0.8626373626373627
0.8474025974025974
0.8721278721278721
0.8918581418581418
0.9205794205794205
0.7924575424575424
0.9010989010989011
0.7882117882117882
0.7367632367632367
0.9208291708291708
0.8976023976023976
0.9215784215784216
0.9015984015984015
0.8871128871128872
0.827922077922078
0.7969530469530469
0.916083916083916
0.810939060939061
0.7874625374625375
0.8753746253746254
0.8583916083916084
0.8678821178821179
0.747002997002997
0.8421578421578422
0.7864635364635365
0.6963036963036963
0.7962037962037962
0.8081918081918081
0.776973026973027
0.8394105894105894
0.34815184815184813
0.8211788211788211
0.9308191808191808
0.8216783216783217
0.7307692307692307
0.9090909090909091
0.8668831168831169
0.7717282717282717
0.8888611388611388
0.9310689310689311
0.7532467532467533
0.774975024975025
0.8471528471528471
0.8246753246753247
0.7832167832167832
0.8146853146853147
0.9557942057942058
0.8706293706293706
0.8051948051948052
0.8419080919080919
0.7982017982017982
0.8633866133866134
0.8831168831168831
0.772977022977023
0.9170829170829171
0.8511488511488512
0.8406593406593407
0.763986013986014
0.8873626373626373
0.9577922077922078
0.7097902097902098
0.8928571428571429
0.9105894105894106
0.8523976023976024
0.7562437562437563
0.8883616383616384
0.919080919080919
0.7894605394605395
0.8993506493506493
0.922077922077922
0.7572427572427572
0.8526473526473527
0.8996003996003996
0.7305194805194806
0.8166833166833167
0.8788711288711288
0.8236763236763237
0.7427572427572428
0.8793706293706294
0.8399100899100899
0.8738761238761239
0.8563936063936064
0.7579920079920079
0.9455544455544456
0.8449050949050949
0.8548951048951049
0.7142857142857143
0.9145854145854145
0.7847152847152847
0.9013486513486514
0.8831168831168831
0.765984015984016
0.8161838161838162
0.9318181818181818
0.9667832167832168
0.8011988011988012
0.8988511488511488
0.9577922077922078
0.9208291708291708
0.8781218781218781
0.9792707292707292
0.9043456543456544
0.8014485514485514
0.8409090909090909
0.8451548451548452
0.8014485514485514
0.913086913086913
0.8354145854145855
0.830919080919081
0.9063436563436563
0.8426573426573427
0.8821178821178821
0.968031968031968
0.6785714285714286
0.6875624375624375
0.8913586413586414
0.7827172827172827
0.8199300699300699
0.9408091908091908
0.8256743256743256
0.7872127872127872
0.7997002997002997
0.8134365634365635
0.7922077922077922
0.8986013986013986
0.9063436563436563
0.8444055944055944
0.707042957042957
0.9180819180819181
0.8736263736263736
0.9355644355644356
0.8104395604395604
0.7702297702297702
0.843906093906094
0.7704795204795205
0.8803696303696303
0.753996003996004
0.8776223776223776
0.8189310689310689
0.7932067932067932
0.8051948051948052
0.8141858141858141
0.7277722277722277
0.8893606393606394
0.9123376623376623
0.9393106893106893
0.8394105894105894
0.32817182817182816
0.8661338661338661
0.8104395604395604
0.7187812187812188
0.728021978021978
0.7892107892107892
0.8831168831168831
0.9150849150849151
0.8101898101898102
0.9453046953046953
0.9285714285714286
0.9310689310689311
0.8893606393606394
0.9105894105894106
0.9373126873126874
0.9395604395604396
0.8104395604395604
0.8818681318681318
0.836913086913087
0.9525474525474525
0.7457542457542458
0.9023476523476524
0.9113386613386614
0.9195804195804196
0.7402597402597403
0.8726273726273727
0.7617382617382618
0.9100899100899101
0.7837162837162838
0.8234265734265734
0.7772227772227772
0.6745754245754245
0.8591408591408591
0.9173326673326674
0.8461538461538461
0.8306693306693307
0.9003496503496503
0.9035964035964036
0.7847152847152847
0.903096903096903
0.8701298701298701
0.9660339660339661
0.9033466533466533
0.8896103896103896
0.949050949050949
0.8219280719280719
0.8601398601398601
0.8066933066933067
0.8506493506493507
0.7355144855144855
0.8481518481518482
0.6698301698301699
0.5841658341658341
0.7984515484515484
0.8204295704295704
0.7882117882117882
0.8701298701298701
0.7802197802197802
0.7627372627372627
0.8391608391608392
0.8294205794205795
0.814935064935065
0.9375624375624375
0.8588911088911089
0.9093406593406593
0.8386613386613386
0.903096903096903
0.8096903096903096
0.8918581418581418
0.9253246753246753
0.7075424575424576
0.3256743256743257
0.8866133866133866
0.8161838161838162
0.8506493506493507
0.8411588411588412
0.8059440559440559
0.8583916083916084
0.8064435564435565
0.7427572427572428
0.916083916083916
0.7317682317682318
0.8391608391608392
0.6588411588411588
0.7874625374625375
0.8978521478521478
0.7772227772227772
0.8698801198801199
0.787962037962038
0.7292707292707292
0.8828671328671329
0.9328171828171828
0.8014485514485514
0.8906093906093906
0.8189310689310689
0.8416583416583416
0.9165834165834166
0.8211788211788211
0.8958541458541458
0.774975024975025
0.8656343656343657
0.7974525474525475
0.8518981018981019
0.8479020979020979
0.3129370629370629
0.8449050949050949
0.8573926073926074
0.8219280719280719
0.9722777222777222
0.9373126873126874
0.8284215784215784
0.8099400599400599
0.8356643356643356
0.8543956043956044
0.7872127872127872
0.9163336663336663
0.8586413586413586
0.7257742257742258
0.8553946053946054
0.795954045954046
0.9405594405594405
0.8386613386613386
0.8978521478521478
0.7597402597402597
0.3741258741258741
0.8866133866133866
0.8723776223776224
0.7909590409590409
0.7212787212787213
0.8424075924075924
0.9200799200799201
0.8996003996003996
0.7894605394605395
0.9478021978021978
0.9330669330669331
0.936063936063936
0.8686313686313686
0.6865634365634365
0.945054945054945
0.8196803196803197
0.8064435564435565
0.8471528471528471
0.8513986013986014
0.7307692307692307
0.6673326673326674
0.9050949050949051
0.9005994005994006
0.8069430569430569
0.8531468531468531
0.8054445554445554
0.7842157842157842
0.8446553446553446
0.8014485514485514
0.7784715284715285
0.7972027972027972
0.7285214785214785
0.7395104895104895
0.7677322677322678
0.9735264735264735
0.8596403596403597
0.8823676323676324
0.8823676323676324
0.8361638361638362
0.8593906093906094
0.8711288711288712
0.8691308691308691
0.7297702297702298
0.7437562437562437
0.8226773226773226
0.7637362637362637
0.8086913086913087
0.8144355644355644
0.7642357642357642
0.6773226773226774
0.9245754245754245
0.7812187812187812
0.5237262737262737
0.8631368631368631
0.8136863136863137
0.9285714285714286
0.7927072927072927
0.9133366633366633
0.9652847152847153
0.8169330669330669
0.7397602397602397
0.8923576423576424
0.9065934065934066
0.7812187812187812
0.8331668331668332
0.9000999000999002
0.9917582417582418
0.8933566433566433
0.9103396603396603
0.8503996003996004
0.7622377622377622
0.8014485514485514
0.7427572427572428
0.8986013986013986
0.8801198801198801
0.8981018981018981
0.8788711288711288
0.9253246753246753
0.9532967032967034
0.8129370629370629
0.9335664335664335
0.8451548451548452
0.8703796203796204
0.8359140859140859
0.8838661338661339
0.8246753246753247
0.8436563436563437
0.7767232767232767
0.8828671328671329
0.8349150849150849
0.9055944055944056
0.8883616383616384
0.7894605394605395
0.6818181818181818
0.7512487512487512
0.753996003996004
0.764985014985015
0.8344155844155844
0.9647852147852148
0.8851148851148851
0.8499000999000998
0.8528971028971029
0.8389110889110889
0.7987012987012987
0.8474025974025974
0.9677822177822177
0.8471528471528471
0.8523976023976024
0.8721278721278721
0.8341658341658341
0.8214285714285714
0.8996003996003996
0.8966033966033966
0.9118381618381618
0.7644855144855145
0.8186813186813187
0.798951048951049
0.7652347652347652
0.7722277722277723
0.7937062937062938
0.7862137862137862
0.9238261738261738
0.9155844155844156
0.8004495504495505
0.8908591408591409
0.7297702297702298
0.7472527472527473
0.9383116883116883
0.7237762237762237
0.8883616383616384
0.7342657342657343
0.932067932067932
0.75999000999001
0.777972027972028
0.9353146853146853
0.8014485514485514
0.8056943056943057
0.7674825174825175
0.9433066933066933
0.9183316683316683
0.7697302697302697
0.830919080919081
0.744005994005994
0.8888611388611388
0.9148351648351648
0.9313186813186813
0.8111888111888111
0.8826173826173827
0.8056943056943057
0.712037962037962
0.6363636363636364
0.8491508491508492
0.8938561438561439
0.9458041958041958
0.8041958041958042
0.9333166833166833
0.7832167832167832
0.764985014985015
0.8988511488511488
0.9358141858141859
0.8121878121878122
0.8633866133866134
0.9210789210789211
0.7637362637362637
0.9155844155844156
0.8351648351648352
0.9263236763236763
0.8961038961038961
0.8566433566433567
0.8441558441558441
0.8686313686313686
0.8941058941058941
0.8781218781218781
0.8334165834165834
0.754995004995005
0.7085414585414586
0.8521478521478522
0.7922077922077922
0.7682317682317682
0.41883116883116883
0.8821178821178821
0.9080919080919081
0.8581418581418582
0.9433066933066933
0.8608891108891109
0.8126873126873126
0.8806193806193806
0.75999000999001
0.9038461538461539
0.7844655344655345
0.8546453546453546
0.8084415584415584
0.8276723276723277
0.9008491508491508
0.8501498501498501
0.800949050949051
0.9000999000999002
0.9238261738261738
0.9173326673326674
0.9255744255744256
0.8703796203796204
0.8998501498501499
0.8971028971028971
0.8951048951048951
0.8958541458541458
0.8354145854145855
0.8404095904095904
0.8891108891108891
0.8026973026973027
0.7597402597402597
0.9463036963036963
0.8993506493506493
0.737012987012987
0.7774725274725275
0.8501498501498501
0.8181818181818182
0.8793706293706294
0.712037962037962
0.8653846153846154
0.7944555444555444
0.9388111888111889
0.9143356643356644
0.9283216783216783
0.9413086913086913
0.8261738261738262
0.8259240759240759
0.8901098901098901
0.8246753246753247
0.8731268731268731
0.8011988011988012
0.8768731268731269
0.7574925074925075
0.8371628371628371
0.9428071928071928
0.9288211788211789
0.7834665334665335
0.8336663336663337
0.760989010989011
0.8688811188811189
0.8409090909090909
0.8703796203796204
0.7634865134865135
0.9353146853146853
0.8356643356643356
0.6878121878121878
0.8878621378621379
0.8991008991008991
0.8361638361638362
0.8244255744255744
0.7864635364635365
0.8758741258741258
0.8541458541458542
0.8508991008991009
0.9135864135864136
0.9438061938061938
0.8164335664335665
0.9398101898101898
0.8908591408591409
0.8234265734265734
0.8076923076923077
0.800949050949051
0.7582417582417582
0.8886113886113887
0.8583916083916084
0.9033466533466533
0.8943556443556444
0.8434065934065934
0.6905594405594405
0.3951048951048951
0.8858641358641358
0.7832167832167832
0.9118381618381618
0.8523976023976024
0.962037962037962
0.8736263736263736
0.922077922077922
0.7709790209790209
0.7964535464535465
0.9532967032967034
0.8256743256743256
0.8426573426573427
0.8374125874125874
0.8893606393606394
0.9020979020979021
0.7712287712287712
0.8958541458541458
0.8206793206793207
0.9200799200799201
0.9265734265734266
0.9058441558441559
0.8496503496503497
0.8528971028971029
0.9198301698301699
0.8858641358641358
0.8051948051948052
0.794955044955045
0.8923576423576424
0.7917082917082917
0.798951048951049
0.8968531468531469
0.8454045954045954
0.9198301698301699
0.785964035964036
0.8196803196803197
0.7809690309690309
0.7674825174825175
0.8543956043956044
0.8923576423576424
0.9425574425574426
0.8254245754245755
0.7834665334665335
0.7832167832167832
0.9542957042957043
0.8513986013986014
0.7934565434565435
0.8066933066933067
0.8176823176823177
0.7579920079920079
0.8871128871128872
0.8573926073926074
0.7395104895104895
0.9050949050949051
0.7694805194805194
0.8853646353646354
0.8601398601398601
0.9050949050949051
0.820929070929071
0.8943556443556444
0.8051948051948052
0.7954545454545454
0.9023476523476524
0.8726273726273727
0.8421578421578422
0.7827172827172827
0.8394105894105894
0.8788711288711288
0.8673826173826173
0.7874625374625375
0.8061938061938062
0.7934565434565435
0.8503996003996004
0.8621378621378621
0.7195304695304695
0.8044455544455544
0.9690309690309691
0.8906093906093906
0.9048451548451548
0.7912087912087912
0.8476523476523476
0.6438561438561439
0.9205794205794205
0.8364135864135864
0.7944555444555444
0.794955044955045
0.967032967032967
0.7774725274725275
0.7302697302697303
0.9110889110889111
0.9048451548451548
0.8843656343656343
0.8031968031968032
0.7447552447552448
0.964035964035964
0.8459040959040959
0.7052947052947053
0.6748251748251748
0.9125874125874126
0.7587412587412588
0.8908591408591409
0.9790209790209791
0.8551448551448552
0.8281718281718282
0.9140859140859141
0.771978021978022
0.8321678321678322
0.8803696303696303
0.8733766233766234
0.9178321678321678
0.8676323676323676
0.936063936063936
0.8898601398601399
0.807942057942058
0.8796203796203796
0.8521478521478522
0.8231768231768232
0.8396603396603397
0.9245754245754245
0.988011988011988
0.8146853146853147
0.8978521478521478
0.9025974025974026
0.8621378621378621
0.8568931068931069
0.8251748251748252
0.7112887112887113
0.8496503496503497
0.9782717282717283
0.9003496503496503
0.8394105894105894
0.8818681318681318
0.8886113886113887
0.8833666333666333
0.9180819180819181
0.6723276723276723
0.8776223776223776
0.8396603396603397
0.814935064935065
0.9502997002997003
0.8896103896103896
0.9355644355644356
0.9223276723276723
0.8231768231768232
0.7564935064935064
0.8958541458541458
0.8961038961038961
0.9415584415584416
0.7567432567432567
0.8598901098901099
0.8948551448551448
0.9375624375624375
0.8981018981018981
0.8833666333666333
0.9587912087912088
0.952047952047952
0.8541458541458542
0.9637862137862138
0.9063436563436563
0.9145854145854145
0.8876123876123876
0.9230769230769231
0.9123376623376623
0.9385614385614386
0.8861138861138861
0.9565434565434565
0.7647352647352648
0.7564935064935064
0.8144355644355644
0.9098401598401599
0.8476523476523476
0.8746253746253746
0.7977022977022977
0.8973526473526473
0.8361638361638362
0.9035964035964036
0.8513986013986014
0.8603896103896104
0.8638861138861139
0.9203296703296703
0.8029470529470529
0.748001998001998
0.9530469530469531
0.8404095904095904
0.9133366633366633
0.7222777222777222
0.6958041958041958
0.8116883116883117
0.961038961038961
0.8723776223776224
0.7967032967032966
0.9358141858141859
0.9463036963036963
0.8691308691308691
0.967032967032967
0.8254245754245755
0.8876123876123876
0.9365634365634365
0.8141858141858141
0.8174325674325674
0.8291708291708292
0.8691308691308691
0.7422577422577422
0.7884615384615384
0.9145854145854145
0.8216783216783217
0.8224275724275725
0.9198301698301699
0.8571428571428571
0.807942057942058
0.9228271728271729
0.8853646353646354
0.7417582417582418
0.6308691308691309
0.772977022977023
0.8136863136863137
0.8499000999000998
0.8384115884115884
0.8296703296703297
0.8134365634365635
0.8296703296703297
0.8026973026973027
0.7822177822177823
0.8818681318681318
0.8941058941058941
0.9398101898101898
0.7365134865134865
0.8926073926073926
0.763986013986014
0.8159340659340659
0.8144355644355644
0.7877122877122877
0.7662337662337663
0.9645354645354646
0.6241258741258742
0.8836163836163836
0.7582417582417582
0.8933566433566433
0.7827172827172827
0.8918581418581418
0.762987012987013
0.777972027972028
0.8201798201798202
0.8114385614385614
0.8174325674325674
0.8086913086913087
0.9070929070929071
0.8568931068931069
0.8244255744255744
0.8593906093906094
0.8646353646353646
0.8648851148851149
0.8344155844155844
0.9333166833166833
0.6963036963036963
0.8608891108891109
0.9045954045954046
0.8026973026973027
0.7782217782217782
0.7882117882117882
0.9113386613386614
0.813936063936064
0.8748751248751249
0.8636363636363636
0.8906093906093906
0.7914585414585414
0.7197802197802198
0.8606393606393606
0.8978521478521478
0.7355144855144855
0.7987012987012987
0.8456543456543456
0.8426573426573427
0.8389110889110889
0.8778721278721279
0.8511488511488512
0.761988011988012
0.8871128871128872
0.35214785214785216
0.9070929070929071
0.7697302697302697
0.9283216783216783
0.7287712287712288
0.8046953046953047
0.7679820179820179
0.8159340659340659
0.9200799200799201
0.7125374625374625
0.8471528471528471
0.8728771228771228
0.7792207792207793
0.8906093906093906
0.9193306693306693
0.820929070929071
0.9478021978021978
0.8968531468531469
0.836913086913087
0.8723776223776224
0.8583916083916084
0.7587412587412588
0.7994505494505495
0.9000999000999002
0.813936063936064
0.9493006993006993
0.8386613386613386
0.9328171828171828
0.9230769230769231
0.8214285714285714
0.8396603396603397
0.5254745254745254
0.8029470529470529
0.8561438561438561
0.9093406593406593
0.8751248751248751
0.8603896103896104
0.8751248751248751
0.775974025974026
0.792957042957043
0.7504995004995005
0.8246753246753247
0.8366633366633367
0.9045954045954046
0.8371628371628371
0.7794705294705294
0.9085914085914086
0.8084415584415584
0.7994505494505495
0.9732767232767233
0.814935064935065
0.833916083916084
0.906093906093906
0.8783716283716284
0.8633866133866134
0.8489010989010989
0.9285714285714286
0.8294205794205795
0.9383116883116883
0.8371628371628371
0.7677322677322678
0.8851148851148851
0.9043456543456544
0.8548951048951049
0.7994505494505495
0.9090909090909091
0.060939060939060936
0.9512987012987013
0.8653846153846154
0.7455044955044955
0.9498001998001998
0.8081918081918081
0.7814685314685315
0.8496503496503497
0.9170829170829171
0.8771228771228772
0.8636363636363636
0.8449050949050949
0.9215784215784216
0.949050949050949
0.8508991008991009
0.8903596403596403
0.7864635364635365
0.9817682317682318
0.8721278721278721
0.782967032967033
0.9458041958041958
0.7992007992007992
0.836913086913087
0.7127872127872128
0.7837162837162838
0.8893606393606394
0.929070929070929
0.9148351648351648
0.7030469530469531
0.8189310689310689
0.775974025974026
0.8831168831168831
0.7584915084915085
0.794955044955045
0.8916083916083916
0.9085914085914086
0.9125874125874126
0.7882117882117882
0.8491508491508492
0.9423076923076923
0.737012987012987
0.9015984015984015
0.7057942057942058
0.8671328671328671
0.9163336663336663
0.8076923076923077
0.6715784215784216
0.8603896103896104
0.7817182817182817
0.8598901098901099
0.9183316683316683
0.8256743256743256
0.17007992007992007
0.7232767232767233
0.8476523476523476
0.6723276723276723
0.8618881118881119
0.7692307692307693
0.8411588411588412
0.8971028971028971
0.8184315684315684
0.8291708291708292
0.8708791208791209
0.7792207792207793
0.8891108891108891
0.7984515484515484
0.9035964035964036
0.7072927072927073
0.7697302697302697
0.8066933066933067
0.8319180819180819
0.725024975024975
0.001998001998001998
0.7954545454545454
0.8454045954045954
0.9078421578421578
0.8673826173826173
0.7737262737262737
0.8921078921078921
0.7894605394605395
0.739010989010989
0.755994005994006
0.9298201798201798
0.7537462537462537
0.916083916083916
0.942057942057942
0.7432567432567433
0.76998001998002
0.7222777222777222
0.8941058941058941
0.9263236763236763
0.7732267732267732
0.7352647352647352
0.8206793206793207
0.35414585414585414
0.9063436563436563
0.753996003996004
0.8613886113886113
0.8616383616383616
0.9208291708291708
