0.7448924731182796
0.8833333333333333
0.8806451612903226
0.8569892473118279
0.746505376344086
0.832258064516129
0.9295698924731183
0.9120967741935484
0.8150537634408602
0.8655913978494624
0.8567204301075269
0.8973118279569893
0.8112903225806452
0.8158602150537635
0.7188172043010753
0.7532258064516129
0.5975806451612903
0.7911290322580645
0.8061827956989247
0.8959677419354839
0.8134408602150538
0.8422043010752688
0.8233870967741935
0.746505376344086
0.9252688172043011
0.9209677419354839
0.7620967741935484
0.8916666666666667
0.807258064516129
0.7163978494623656
0.8572580645161291
0.8051075268817204
0.8150537634408602
0.8279569892473119
0.8330645161290322
0.2639784946236559
0.867741935483871
0.9013440860215054
0.8900537634408602
0.9158602150537635
0.8282258064516129
0.7733870967741936
0.8147849462365592
0.9051075268817205
0.8239247311827957
0.7631720430107527
0.8870967741935484
0.889247311827957
0.707258064516129
0.7596774193548387
0.8580645161290322
0.9080645161290323
0.842741935483871
0.6782258064516129
0.7948924731182796
0.8685483870967742
0.8943548387096775
0.9228494623655914
0.8381720430107527
0.8879032258064516
0.8314516129032258
0.9223118279569893
0.8118279569892473
0.8811827956989248
0.8260752688172043
0.8247311827956989
0.9518817204301075
0.9102150537634408
0.8381720430107527
0.8739247311827957
0.7763440860215054
0.8182795698924731
0.9368279569892473
0.8403225806451613
0.7709677419354839
0.8491935483870968
0.8548387096774194
0.8951612903225806
0.8010752688172043
0.8814516129032258
0.7889784946236559
0.853763440860215
0.7884408602150538
0.8650537634408603
0.8134408602150538
0.7935483870967742
0.8368279569892473
0.6196236559139785
0.839247311827957
0.9260752688172043
0.8588709677419355
0.9096774193548387
0.8561827956989247
0.8629032258064516
0.8438172043010753
0.8475806451612903
0.8916666666666667
0.9502688172043011
0.7088709677419355
0.810752688172043
0.7806451612903226
0.8728494623655914
0.7032258064516129
0.6870967741935484
0.8470430107526882
0.8467741935483871
0.7131720430107527
0.8217741935483871
0.9034946236559139
0.8897849462365591
0.6854838709677419
0.9018817204301075
0.7422043010752688
0.9637096774193549
0.7811827956989247
0.9026881720430108
0.8615591397849462
0.8266129032258065
0.7922043010752688
0.85
0.8505376344086022
0.8604838709677419
0.9112903225806451
0.8193548387096774
0.9516129032258065
0.9005376344086021
0.8373655913978495
0.8475806451612903
0.7244623655913979
0.7147849462365592
0.828494623655914
0.882258064516129
0.867741935483871
0.831989247311828
0.7731182795698924
0.9317204301075269
0.7908602150537635
0.7940860215053763
0.8163978494623656
0.8526881720430107
0.8545698924731183
0.9
0.7620967741935484
0.946505376344086
0.8370967741935483
0.8521505376344086
0.6551075268817205
0.781989247311828
0.8099462365591398
0.7900537634408602
0.8174731182795699
0.8602150537634409
0.8881720430107527
0.8182795698924731
0.7658602150537634
0.7053763440860215
0.8862903225806451
0.8131720430107527
0.8236559139784946
0.9002688172043011
0.875268817204301
0.8196236559139785
0.8422043010752688
0.7731182795698924
0.8451612903225807
0.885752688172043
0.7634408602150538
0.9395161290322581
0.8755376344086021
0.8801075268817204
0.635483870967742
0.9295698924731183
0.7763440860215054
0.8462365591397849
0.7709677419354839
0.7704301075268817
0.8911290322580645
0.7274193548387097
0.7231182795698925
0.810752688172043
0.8349462365591398
0.9120967741935484
0.9271505376344086
0.8819892473118279
0.946236559139785
0.8295698924731183
0.760483870967742
0.8419354838709677
0.9233870967741935
0.9220430107526881
0.8755376344086021
0.9650537634408602
0.8801075268817204
0.8373655913978495
0.8895161290322581
0.853763440860215
0.8868279569892473
0.7908602150537635
0.7994623655913978
0.8333333333333334
0.9206989247311828
0.7948924731182796
0.8440860215053764
0.7881720430107527
0.7271505376344086
0.8059139784946237
0.8131720430107527
0.850268817204301
0.889247311827957
0.7322580645161291
0.3911290322580645
0.8830645161290323
0.9801075268817204
0.8513440860215054
0.8290322580645161
0.9123655913978495
0.7569892473118279
0.7975806451612903
0.8790322580645161
0.7733870967741936
0.771236559139785
0.7537634408602151
0.7637096774193548
0.7946236559139785
0.7940860215053763
0.8919354838709678
0.8443548387096774
0.864516129032258
0.7959677419354839
0.953494623655914
0.9040322580645161
0.8169354838709677
0.8946236559139785
0.7438172043010752
0.9053763440860215
0.7615591397849463
0.8551075268817204
0.9190860215053763
0.8811827956989248
0.8970430107526882
0.8338709677419355
0.8182795698924731
0.8365591397849462
0.8360215053763441
0.7825268817204301
0.8596774193548387
0.8223118279569892
0.8258064516129032
0.9024193548387097
0.9099462365591398
0.8440860215053764
0.875
0.9395161290322581
0.8615591397849462
0.8387096774193549
0.7932795698924732
0.8895161290322581
0.9502688172043011
0.8981182795698924
0.9408602150537635
0.8166666666666667
0.6631720430107527
0.8814516129032258
0.8551075268817204
0.8126344086021505
0.8032258064516129
0.9088709677419354
0.8255376344086022
0.8588709677419355
0.8688172043010752
0.8228494623655914
0.7586021505376344
0.7454301075268818
0.8631720430107527
0.8728494623655914
0.7852150537634408
0.7884408602150538
0.828494623655914
0.8954301075268817
0.8435483870967742
0.7137096774193549
0.8470430107526882
0.8731182795698925
0.9483870967741935
0.828494623655914
0.9048387096774193
0.8352150537634409
0.8776881720430108
0.7755376344086021
0.9204301075268817
0.8005376344086022
0.9333333333333333
0.9193548387096774
0.946505376344086
0.885483870967742
0.8341397849462365
0.8341397849462365
0.8712365591397849
0.9352150537634408
0.9123655913978495
0.8080645161290323
0.7774193548387097
0.7895161290322581
0.8524193548387097
0.8018817204301075
0.8443548387096774
0.9018817204301075
0.853225806451613
0.7301075268817204
0.7255376344086022
0.8013440860215054
0.8094086021505377
0.7685483870967742
0.7908602150537635
0.864247311827957
0.7306451612903225
0.7744623655913978
0.7728494623655914
0.8572580645161291
0.8346774193548387
0.7903225806451613
0.9486559139784946
0.9032258064516129
0.9599462365591398
0.771505376344086
0.853225806451613
0.9026881720430108
0.7795698924731183
0.896505376344086
0.9163978494623656
0.7790322580645161
0.8325268817204301
0.7424731182795699
0.8381720430107527
0.935752688172043
0.8293010752688172
0.7064516129032258
0.860752688172043
0.9282258064516129
0.7881720430107527
0.1153225806451613
0.8255376344086022
0.9206989247311828
0.8631720430107527
0.7889784946236559
0.710752688172043
0.9193548387096774
0.896505376344086
0.8833333333333333
0.8650537634408603
0.8456989247311828
0.8279569892473119
0.8739247311827957
0.8314516129032258
0.8706989247311828
0.8002688172043011
0.8704301075268818
0.8169354838709677
0.7586021505376344
0.8494623655913979
0.7685483870967742
0.8282258064516129
0.8198924731182796
0.7774193548387097
0.6798387096774193
0.7462365591397849
0.8411290322580646
0.7532258064516129
0.8989247311827957
0.8478494623655914
0.7938172043010753
0.7325268817204301
0.8424731182795699
0.44650537634408605
0.8314516129032258
0.8352150537634409
0.9174731182795699
0.7629032258064516
0.8733870967741936
0.9018817204301075
0.7954301075268817
0.8720430107526882
0.8895161290322581
0.8419354838709677
0.7602150537634409
0.7723118279569893
0.8663978494623656
0.8193548387096774
0.8666666666666667
0.789247311827957
0.8408602150537634
0.8569892473118279
0.9013440860215054
0.8491935483870968
0.9112903225806451
0.8594086021505376
0.925
0.7470430107526882
0.7825268817204301
0.7720430107526882
0.8903225806451613
0.8379032258064516
0.875268817204301
0.8991935483870968
0.8400537634408602
0.8462365591397849
0.8556451612903225
0.8352150537634409
0.5088709677419355
0.8591397849462366
0.928763440860215
0.918010752688172
0.7615591397849463
0.8336021505376344
0.8236559139784946
0.8494623655913979
0.7204301075268817
0.9094086021505376
0.8663978494623656
0.8811827956989248
0.7459677419354839
0.9282258064516129
0.725268817204301
0.8919354838709678
0.8935483870967742
0.8002688172043011
0.8543010752688172
0.8424731182795699
0.9612903225806452
0.7876344086021505
0.8841397849462366
0.8387096774193549
0.828494623655914
0.9303763440860215
0.8717741935483871
0.8655913978494624
0.8618279569892473
0.8669354838709677
0.8443548387096774
0.7803763440860215
0.8833333333333333
0.8612903225806452
0.8443548387096774
0.8370967741935483
0.7779569892473118
0.792741935483871
0.49435483870967745
0.9631720430107527
0.7766129032258065
0.8389784946236559
0.8569892473118279
0.8137096774193548
0.7540322580645161
0.946505376344086
0.8588709677419355
0.8470430107526882
0.8096774193548387
0.8932795698924731
0.8653225806451613
0.8599462365591398
0.8209677419354838
0.8768817204301075
0.832258064516129
0.853494623655914
0.8188172043010753
0.7989247311827957
0.7158602150537634
0.8814516129032258
0.8153225806451613
0.8370967741935483
0.8983870967741936
0.871505376344086
0.8682795698924731
0.817741935483871
0.9306451612903226
0.8295698924731183
0.6779569892473118
0.7846774193548387
0.863978494623656
0.7768817204301075
0.8129032258064516
0.7989247311827957
0.6669354838709678
0.8373655913978495
0.8408602150537634
0.8973118279569893
0.8696236559139785
0.8387096774193549
0.825
0.810752688172043
0.814247311827957
0.8293010752688172
0.8190860215053763
0.8723118279569892
0.8053763440860215
0.8080645161290323
0.9268817204301075
0.896236559139785
0.8564516129032258
0.8938172043010753
0.7967741935483871
0.8228494623655914
0.9056451612903226
0.7010752688172043
0.671236559139785
0.8
0.9150537634408602
0.771236559139785
0.8276881720430107
0.7868279569892473
0.8298387096774194
0.6911290322580645
0.9094086021505376
0.8612903225806452
0.8236559139784946
0.9102150537634408
0.7631720430107527
0.7548387096774194
0.8400537634408602
0.8819892473118279
0.8524193548387097
0.9346774193548387
0.831989247311828
0.9196236559139785
0.7817204301075269
0.8787634408602151
0.6876344086021505
0.8647849462365591
0.8379032258064516
0.7983870967741935
0.7422043010752688
0.7268817204301076
0.7204301075268817
0.7908602150537635
0.8153225806451613
0.9169354838709678
0.7454301075268818
0.7793010752688172
0.7967741935483871
0.8454301075268817
0.764247311827957
0.8647849462365591
0.8290322580645161
0.7889784946236559
0.7889784946236559
0.906989247311828
0.8271505376344086
0.7911290322580645
0.875268817204301
0.7268817204301076
0.8182795698924731
0.9161290322580645
0.7782258064516129
0.9005376344086021
0.8360215053763441
0.8376344086021505
0.714516129032258
0.803763440860215
0.8451612903225807
0.8303763440860215
0.7279569892473118
0.8596774193548387
0.8739247311827957
0.839516129032258
0.9223118279569893
0.8311827956989247
0.9053763440860215
0.8413978494623656
0.843010752688172
0.8352150537634409
0.8352150537634409
0.8801075268817204
0.8658602150537634
0.8381720430107527
0.6419354838709678
0.8475806451612903
0.8551075268817204
0.8131720430107527
0.8620967741935484
0.8346774193548387
0.8064516129032258
0.7233870967741935
0.34408602150537637
0.8086021505376344
0.8478494623655914
0.8653225806451613
0.7413978494623656
0.8862903225806451
0.8919354838709678
0.7889784946236559
0.8879032258064516
0.8053763440860215
0.8540322580645161
0.8717741935483871
0.8139784946236559
0.8602150537634409
0.843010752688172
0.9056451612903226
0.8720430107526882
0.8905913978494624
0.8376344086021505
0.8927419354838709
0.831989247311828
0.8602150537634409
0.7889784946236559
0.26801075268817204
0.8451612903225807
0.8405913978494624
0.8741935483870967
0.7946236559139785
0.9298387096774193
0.8930107526881721
0.853225806451613
0.7680107526881721
0.8061827956989247
0.757258064516129
0.8717741935483871
0.7040322580645161
0.8228494623655914
0.8873655913978494
0.8448924731182795
0.8981182795698924
0.7685483870967742
0.739247311827957
0.8309139784946237
0.9018817204301075
0.8032258064516129
0.7674731182795699
0.7400537634408603
0.835752688172043
0.8973118279569893
0.7744623655913978
0.8454301075268817
0.714247311827957
0.8080645161290323
0.796505376344086
0.8720430107526882
0.7841397849462366
0.8897849462365591
0.8185483870967742
0.9112903225806451
0.7443548387096774
0.8209677419354838
0.7887096774193548
0.8155913978494623
0.8903225806451613
0.793010752688172
0.821505376344086
0.8204301075268817
0.8134408602150538
0.9564516129032258
0.7787634408602151
0.8040322580645162
0.8295698924731183
0.6610215053763441
0.8155913978494623
0.8924731182795699
0.888978494623656
0.8236559139784946
0.9155913978494624
0.8311827956989247
0.8405913978494624
0.8389784946236559
0.8577956989247312
0.8091397849462365
0.8951612903225806
0.9131720430107527
0.8067204301075269
0.785752688172043
0.9120967741935484
0.763978494623656
0.8927419354838709
0.8384408602150538
0.9338709677419355
0.7806451612903226
0.8908602150537634
0.8631720430107527
0.8247311827956989
0.8241935483870968
0.8739247311827957
0.9139784946236559
0.8825268817204301
0.8440860215053764
0.839516129032258
0.8626344086021506
0.8185483870967742
0.818010752688172
0.8940860215053763
0.7938172043010753
0.7365591397849462
0.8731182795698925
0.8629032258064516
0.9137096774193548
0.735752688172043
0.9134408602150538
0.8981182795698924
0.853225806451613
0.7204301075268817
0.867741935483871
0.896236559139785
0.8685483870967742
0.8569892473118279
0.8432795698924731
0.8005376344086022
0.7432795698924731
0.703763440860215
0.6881720430107527
0.7704301075268817
0.7387096774193549
0.867741935483871
0.7795698924731183
0.6981182795698925
0.7575268817204301
0.7432795698924731
0.842741935483871
0.882258064516129
0.8301075268817204
0.9346774193548387
0.7368279569892473
0.8163978494623656
0.8201612903225807
0.9223118279569893
0.861021505376344
0.8986559139784946
0.8569892473118279
0.9403225806451613
0.6551075268817205
0.8768817204301075
0.692741935483871
0.8723118279569892
0.8838709677419355
0.803763440860215
0.9255376344086022
0.7860215053763441
0.9338709677419355
0.8306451612903226
0.9091397849462366
0.8416666666666667
0.9051075268817205
0.7784946236559139
0.8755376344086021
0.7094086021505376
0.9123655913978495
0.7922043010752688
0.7814516129032258
0.8924731182795699
0.9043010752688172
0.8685483870967742
0.9155913978494624
0.8470430107526882
0.29193548387096774
0.9080645161290323
0.7895161290322581
0.8620967741935484
0.8682795698924731
0.8002688172043011
0.8510752688172043
0.7841397849462366
0.8868279569892473
0.9206989247311828
0.9102150537634408
0.9196236559139785
0.818010752688172
0.8927419354838709
0.9005376344086021
0.6994623655913978
0.8314516129032258
0.9102150537634408
0.8362903225806452
0.8075268817204301
0.8959677419354839
0.7344086021505376
0.821236559139785
0.8408602150537634
0.8360215053763441
0.8403225806451613
0.5965053763440861
0.7446236559139785
0.8279569892473119
0.8924731182795699
0.8155913978494623
0.6994623655913978
0.9244623655913978
0.8002688172043011
0.7986559139784947
0.7206989247311828
0.8338709677419355
0.7967741935483871
0.7631720430107527
0.8701612903225806
0.8720430107526882
0.8591397849462366
0.8986559139784946
0.9440860215053763
0.7879032258064517
0.7779569892473118
0.7365591397849462
0.7537634408602151
0.9099462365591398
0.8129032258064516
0.9158602150537635
0.888978494623656
0.8943548387096775
0.7838709677419354
0.7322580645161291
0.5258064516129032
0.8225806451612904
0.8196236559139785
0.749731182795699
0.8733870967741936
0.9233870967741935
0.8927419354838709
0.8462365591397849
0.8134408602150538
0.8728494623655914
0.8043010752688172
0.8809139784946236
0.7790322580645161
0.9201612903225806
0.975268817204301
0.7825268817204301
0.8104838709677419
0.7698924731182796
0.8701612903225806
0.8051075268817204
0.8118279569892473
0.7833333333333333
0.6841397849462365
0.8346774193548387
0.8696236559139785
0.8196236559139785
0.889247311827957
0.8435483870967742
0.8244623655913978
0.6330645161290323
0.7956989247311828
0.828763440860215
0.8658602150537634
0.7991935483870968
0.8706989247311828
0.828763440860215
0.8924731182795699
0.8231182795698925
0.8029569892473118
0.8462365591397849
0.7973118279569893
0.8470430107526882
0.8131720430107527
0.8580645161290322
0.8776881720430108
0.7790322580645161
0.8303763440860215
0.7220430107526882
0.8298387096774194
0.7685483870967742
0.789247311827957
0.828763440860215
0.6067204301075269
0.9185483870967742
0.8172043010752689
0.9099462365591398
0.7483870967741936
0.8817204301075269
0.9204301075268817
0.8225806451612904
0.9080645161290323
0.9400537634408602
0.9099462365591398
0.8045698924731183
0.9005376344086021
0.8513440860215054
0.7029569892473119
0.8446236559139785
0.9217741935483871
0.9352150537634408
0.8599462365591398
0.8983870967741936
0.8473118279569892
0.9086021505376344
0.8494623655913979
0.9413978494623656
0.8435483870967742
0.8376344086021505
0.27983870967741936
0.8973118279569893
0.8303763440860215
0.9139784946236559
0.7779569892473118
0.8419354838709677
0.850268817204301
0.8838709677419355
0.821505376344086
0.8615591397849462
0.9185483870967742
0.8838709677419355
0.917741935483871
0.8553763440860215
0.8231182795698925
0.9446236559139785
0.7255376344086022
0.8741935483870967
0.8717741935483871
0.888978494623656
0.7594086021505376
0.8844086021505376
0.8545698924731183
0.8043010752688172
0.9540322580645161
0.8612903225806452
0.8704301075268818
0.8577956989247312
0.7900537634408602
0.8086021505376344
0.4510752688172043
0.796236559139785
0.7650537634408602
0.8182795698924731
0.7876344086021505
0.7647849462365591
0.853494623655914
0.8088709677419355
0.7940860215053763
0.8290322580645161
0.578494623655914
0.839516129032258
0.8263440860215053
0.9172043010752688
0.8682795698924731
0.8948924731182796
0.7932795698924732
0.8994623655913978
0.946505376344086
0.8935483870967742
0.8709677419354839
0.16559139784946236
0.9362903225806452
0.8131720430107527
0.8669354838709677
0.9005376344086021
0.910752688172043
0.7884408602150538
0.8056451612903226
0.8438172043010753
0.9325268817204301
0.8540322580645161
0.8564516129032258
0.7860215053763441
0.8126344086021505
0.7295698924731183
0.739247311827957
0.8223118279569892
0.9059139784946236
0.7895161290322581
0.7760752688172043
0.7532258064516129
0.8088709677419355
0.7682795698924731
0.8916666666666667
0.6889784946236559
0.8978494623655914
0.7166666666666667
0.8317204301075268
0.8252688172043011
0.8131720430107527
0.7623655913978494
0.8903225806451613
0.6352150537634409
0.8908602150537634
0.7217741935483871
0.8927419354838709
0.8083333333333333
0.8701612903225806
0.735752688172043
0.8489247311827957
0.714516129032258
0.8580645161290322
0.7645161290322581
0.8760752688172043
0.8220430107526882
0.7970430107526881
0.8569892473118279
0.9155913978494624
0.9255376344086022
0.6521505376344086
0.9688172043010753
0.7521505376344086
0.7451612903225806
0.8190860215053763
0.8717741935483871
0.8024193548387096
0.6306451612903226
0.9080645161290323
0.9510752688172043
0.8040322580645162
0.8252688172043011
0.7913978494623656
0.771505376344086
0.9016129032258065
0.886021505376344
0.7209677419354839
0.843010752688172
0.7682795698924731
0.7405913978494624
0.7255376344086022
0.9443548387096774
0.9193548387096774
0.8244623655913978
0.8341397849462365
0.6768817204301075
0.8026881720430108
0.6760752688172043
0.8150537634408602
0.9473118279569892
0.7669354838709678
0.7720430107526882
0.781989247311828
0.7411290322580645
0.8526881720430107
0.8569892473118279
0.7494623655913979
0.9161290322580645
0.7024193548387097
0.002956989247311828
0.714516129032258
0.6817204301075269
0.7954301075268817
0.8690860215053764
0.8263440860215053
0.8774193548387097
0.8887096774193548
0.899731182795699
0.8282258064516129
0.9026881720430108
0.8131720430107527
0.9467741935483871
0.8139784946236559
0.8379032258064516
0.7868279569892473
0.8282258064516129
0.8478494623655914
0.9405913978494623
0.8650537634408603
0.9440860215053763
0.7448924731182796
0.8653225806451613
0.860752688172043
0.8919354838709678
0.8298387096774194
0.9021505376344086
0.9317204301075269
0.9521505376344086
0.725268817204301
0.9077956989247312
0.8491935483870968
0.8432795698924731
0.8411290322580646
0.7983870967741935
0.8736559139784946
0.35618279569892475
0.8233870967741935
0.8153225806451613
0.8623655913978494
0.9029569892473118
0.7529569892473118
0.8196236559139785
0.8413978494623656
0.8336021505376344
0.8849462365591397
0.8817204301075269
0.886021505376344
0.828494623655914
0.8930107526881721
0.8094086021505377
0.781989247311828
0.796505376344086
0.7709677419354839
0.8524193548387097
0.9274193548387096
0.7814516129032258
0.8403225806451613
0.8701612903225806
0.8569892473118279
0.8932795698924731
0.9486559139784946
0.8
0.8451612903225807
0.8196236559139785
0.7354838709677419
0.9293010752688172
0.8408602150537634
0.8596774193548387
0.8061827956989247
0.7975806451612903
0.8927419354838709
0.8583333333333333
0.9008064516129032
0.7405913978494624
0.9163978494623656
0.9454301075268817
0.8067204301075269
0.8032258064516129
0.8088709677419355
0.8833333333333333
0.8782258064516129
0.8271505376344086
0.831989247311828
0.7989247311827957
0.8543010752688172
0.8260752688172043
0.7790322580645161
0.9010752688172043
0.9037634408602151
0.6887096774193548
0.8712365591397849
0.8486559139784946
0.8666666666666667
0.9163978494623656
0.8311827956989247
0.9432795698924731
0.8763440860215054
0.9293010752688172
0.8389784946236559
0.8094086021505377
0.8373655913978495
0.8048387096774193
0.8053763440860215
0.8981182795698924
0.7586021505376344
0.8303763440860215
0.8943548387096775
0.9637096774193549
0.9118279569892473
0.860752688172043
0.7462365591397849
0.8580645161290322
0.7766129032258065
0.9099462365591398
0.8763440860215054
0.8913978494623656
0.8368279569892473
0.6956989247311828
0.8911290322580645
0.9169354838709678
0.3793010752688172
0.8725806451612903
0.8844086021505376
0.8908602150537634
0.7865591397849462
0.7486559139784946
0.8508064516129032
0.8948924731182796
0.842741935483871
0.8290322580645161
0.7938172043010753
0.9118279569892473
0.8548387096774194
0.8362903225806452
0.8908602150537634
0.9061827956989247
0.9352150537634408
0.7438172043010752
0.8887096774193548
0.8911290322580645
0.896236559139785
0.7486559139784946
0.896774193548387
0.8819892473118279
0.8782258064516129
0.7938172043010753
0.8569892473118279
0.8349462365591398
0.7564516129032258
0.8188172043010753
0.8153225806451613
0.8188172043010753
0.8145161290322581
0.7424731182795699
0.7631720430107527
0.7298387096774194
0.9048387096774193
0.8053763440860215
0.8569892473118279
0.750268817204301
0.7744623655913978
0.9118279569892473
0.8795698924731182
0.9327956989247311
0.9126344086021505
0.8443548387096774
0.7763440860215054
0.18629032258064515
0.8381720430107527
0.9293010752688172
0.9478494623655914
0.8040322580645162
0.7626344086021506
0.8158602150537635
0.7354838709677419
0.7365591397849462
0.8008064516129032
0.8505376344086022
0.8352150537634409
0.8112903225806452
0.9040322580645161
0.8693548387096774
0.8169354838709677
0.8459677419354839
0.7440860215053764
0.8556451612903225
0.7489247311827957
0.8634408602150537
0.931989247311828
0.6537634408602151
0.8293010752688172
0.803763440860215
0.885483870967742
0.8994623655913978
0.8413978494623656
0.8806451612903226
0.8481182795698925
0.8615591397849462
0.8793010752688172
0.8360215053763441
0.8782258064516129
0.861021505376344
0.9543010752688172
0.8196236559139785
0.9376344086021505
0.7317204301075269
0.8373655913978495
0.8825268817204301
0.9096774193548387
0.8002688172043011
0.7978494623655914
0.8559139784946237
0.9494623655913978
0.9083333333333333
0.8924731182795699
0.9575268817204301
0.8782258064516129
0.8139784946236559
0.9231182795698925
0.8580645161290322
0.8572580645161291
0.7986559139784947
0.7768817204301075
0.8381720430107527
0.7416666666666667
0.8763440860215054
0.8655913978494624
0.8354838709677419
0.7080645161290322
0.7755376344086021
0.8580645161290322
0.9155913978494624
0.889247311827957
0.8381720430107527
0.8293010752688172
0.7094086021505376
0.8989247311827957
0.9145161290322581
0.8397849462365592
0.8771505376344086
0.839247311827957
0.7266129032258064
0.8456989247311828
0.8094086021505377
0.7336021505376344
0.839247311827957
0.850268817204301
0.8930107526881721
0.8384408602150538
0.8370967741935483
0.8758064516129033
0.8147849462365592
0.8456989247311828
0.9155913978494624
0.7580645161290323
0.7897849462365591
0.8553763440860215
0.8120967741935484
0.8717741935483871
0.656989247311828
0.875268817204301
0.9344086021505377
0.8346774193548387
0.8373655913978495
0.8336021505376344
0.8134408602150538
0.7470430107526882
0.8263440860215053
0.6612903225806451
0.8411290322580646
0.7486559139784946
0.8473118279569892
0.8018817204301075
0.8825268817204301
0.8411290322580646
0.8529569892473118
0.9309139784946237
0.7922043010752688
0.8852150537634409
0.9220430107526881
0.8623655913978494
0.6220430107526882
0.9024193548387097
0.7424731182795699
0.9483870967741935
0.7709677419354839
0.7344086021505376
0.7349462365591398
0.8196236559139785
0.793010752688172
0.7733870967741936
0.8685483870967742
0.8241935483870968
0.9126344086021505
0.7736559139784946
0.8147849462365592
0.25510752688172045
0.7505376344086021
0.7755376344086021
0.8733870967741936
0.8217741935483871
0.8862903225806451
0.7846774193548387
0.8153225806451613
0.7473118279569892
0.4236559139784946
0.8182795698924731
0.8704301075268818
0.8236559139784946
0.7809139784946236
0.8801075268817204
0.9233870967741935
0.8279569892473119
0.8317204301075268
0.7989247311827957
0.8481182795698925
0.874731182795699
0.8690860215053764
0.8895161290322581
0.7196236559139785
0.821236559139785
0.8209677419354838
0.8666666666666667
0.8548387096774194
0.7860215053763441
0.874731182795699
0.7094086021505376
0.8760752688172043
0.831989247311828
0.7669354838709678
0.8806451612903226
0.8228494623655914
0.8346774193548387
0.7658602150537634
0.8647849462365591
0.671505376344086
0.8029569892473118
0.9034946236559139
0.8408602150537634
0.7956989247311828
0.8725806451612903
0.7975806451612903
0.8913978494623656
0.8701612903225806
0.7938172043010753
0.9405913978494623
0.7524193548387097
0.8217741935483871
0.918010752688172
0.7736559139784946
0.8233870967741935
0.9252688172043011
0.9112903225806451
0.9365591397849462
0.814247311827957
0.0005376344086021505
0.860752688172043
0.818010752688172
0.796236559139785
0.9040322580645161
0.8
0.9193548387096774
0.8852150537634409
0.8653225806451613
0.8301075268817204
0.7809139784946236
0.9123655913978495
0.7806451612903226
0.9029569892473118
0.8064516129032258
0.8223118279569892
0.9365591397849462
0.8448924731182795
0.8110215053763441
0.8526881720430107
0.5416666666666666
0.6435483870967742
0.907258064516129
0.771236559139785
0.8231182795698925
0.850268817204301
0.8569892473118279
0.7706989247311828
0.8970430107526882
0.8384408602150538
0.821505376344086
0.839247311827957
0.8325268817204301
0.8244623655913978
0.7932795698924732
0.8669354838709677
0.8913978494623656
0.8543010752688172
0.7870967741935484
0.9204301075268817
0.8935483870967742
0.8102150537634408
0.8344086021505376
0.8604838709677419
0.864247311827957
0.8258064516129032
0.8040322580645162
0.8266129032258065
0.9475806451612904
0.8924731182795699
0.8959677419354839
0.656989247311828
0.9373655913978495
0.8881720430107527
0.8424731182795699
0.8129032258064516
0.6873655913978495
0.8959677419354839
0.8489247311827957
0.9260752688172043
0.8309139784946237
0.9129032258064517
0.874731182795699
0.8365591397849462
0.7905913978494624
0.5908602150537634
0.842741935483871
0.7814516129032258
0.7782258064516129
0.8459677419354839
0.864247311827957
0.7975806451612903
0.8115591397849462
0.8946236559139785
0.8596774193548387
0.6744623655913978
0.9387096774193548
0.8663978494623656
0.8696236559139785
0.8741935483870967
0.9123655913978495
0.9153225806451613
0.8102150537634408
0.871505376344086
0.8247311827956989
0.828494623655914
0.8494623655913979
0.9059139784946236
0.8895161290322581
0.8298387096774194
0.8666666666666667
0.839247311827957
0.8174731182795699
0.8206989247311828
0.8583333333333333
0.8131720430107527
0.8115591397849462
0.8422043010752688
0.7868279569892473
0.8935483870967742
0.7206989247311828
0.9198924731182796
0.8260752688172043
0.85
0.7053763440860215
0.8416666666666667
0.8470430107526882
0.7903225806451613
0.7419354838709677
0.867741935483871
0.7720430107526882
0.8206989247311828
0.9053763440860215
0.7115591397849462
0.8739247311827957
0.8465053763440861
0.9153225806451613
0.9631720430107527
0.8094086021505377
0.8844086021505376
0.8091397849462365
0.921236559139785
0.806989247311828
0.9059139784946236
0.8895161290322581
0.8120967741935484
0.7526881720430108
0.8661290322580645
0.8903225806451613
0.9172043010752688
0.9120967741935484
0.9067204301075269
0.8798387096774194
0.8327956989247312
0.8653225806451613
0.9397849462365592
0.8112903225806452
0.8825268817204301
0.8263440860215053
0.8801075268817204
0.7833333333333333
0.7728494623655914
0.7830645161290323
0.839516129032258
0.8776881720430108
0.8161290322580645
0.828763440860215
0.9489247311827957
0.9
0.8806451612903226
0.8346774193548387
0.8104838709677419
0.8306451612903226
0.9266129032258065
0.7736559139784946
0.8596774193548387
0.8018817204301075
0.7865591397849462
0.9040322580645161
0.8682795698924731
0.8903225806451613
0.8405913978494624
0.8623655913978494
0.8231182795698925
0.7760752688172043
0.9150537634408602
0.8387096774193549
0.885752688172043
0.8663978494623656
0.8887096774193548
0.8973118279569893
0.9115591397849462
0.8545698924731183
0.7801075268817205
0.9188172043010753
0.8631720430107527
0.8658602150537634
0.792741935483871
0.8661290322580645
0.874731182795699
0.8247311827956989
0.860752688172043
0.6908602150537635
0.8470430107526882
0.8481182795698925
0.9163978494623656
0.8188172043010753
0.8147849462365592
0.8483870967741935
0.9086021505376344
0.8760752688172043
0.7827956989247312
0.6309139784946236
0.7766129032258065
0.7303763440860215
0.8556451612903225
0.725
0.9126344086021505
0.8895161290322581
0.8475806451612903
0.8620967741935484
0.8830645161290323
0.8712365591397849
0.8301075268817204
0.7685483870967742
0.8618279569892473
0.4561827956989247
0.914247311827957
0.8811827956989248
0.8916666666666667
0.910483870967742
0.7370967741935484
0.8946236559139785
0.8341397849462365
0.8021505376344086
0.8685483870967742
0.9016129032258065
0.7158602150537634
0.4150537634408602
0.8591397849462366
0.8631720430107527
0.782258064516129
0.8779569892473118
0.8556451612903225
0.7938172043010753
0.7045698924731183
0.8196236559139785
0.8400537634408602
0.8841397849462366
0.910483870967742
0.8362903225806452
0.9206989247311828
0.8723118279569892
0.8768817204301075
0.8271505376344086
0.8637096774193549
0.8440860215053764
0.757258064516129
0.8266129032258065
0.9174731182795699
0.7462365591397849
0.8397849462365592
0.8408602150537634
0.8260752688172043
0.8424731182795699
0.8529569892473118
0.6793010752688172
0.8913978494623656
0.8263440860215053
0.44327956989247314
0.8475806451612903
0.946505376344086
0.8626344086021506
0.7430107526881721
0.7551075268817204
0.7706989247311828
0.7494623655913979
0.8145161290322581
0.9559139784946237
0.8620967741935484
0.8948924731182796
0.874731182795699
0.8540322580645161
0.8924731182795699
0.85
0.8771505376344086
0.7728494623655914
0.9051075268817205
0.8301075268817204
0.8618279569892473
0.9360215053763441
0.8336021505376344
0.8190860215053763
0.7637096774193548
0.8978494623655914
0.843010752688172
0.7462365591397849
0.8849462365591397
0.7470430107526882
0.8814516129032258
0.7844086021505376
0.7110215053763441
0.9526881720430107
0.8637096774193549
0.8655913978494624
0.7981182795698925
0.8930107526881721
0.8905913978494624
0.814247311827957
0.9279569892473118
0.8712365591397849
0.793010752688172
0.6395161290322581
0.8526881720430107
0.9026881720430108
0.8913978494623656
0.825
0.7849462365591398
0.896505376344086
0.5741935483870968
0.8720430107526882
0.9298387096774193
0.7271505376344086
0.7293010752688172
0.8016129032258065
0.914247311827957
0.8129032258064516
0.8661290322580645
0.8491935483870968
0.9602150537634409
0.9158602150537635
0.7354838709677419
0.9172043010752688
0.8935483870967742
0.8696236559139785
0.785752688172043
0.9373655913978495
0.7806451612903226
0.7919354838709678
0.803494623655914
0.8913978494623656
0.789247311827957
0.8112903225806452
0.8873655913978494
0.7021505376344086
0.8666666666666667
0.8120967741935484
0.7626344086021506
0.771505376344086
0.8612903225806452
0.8110215053763441
0.839247311827957
0.8405913978494624
0.8153225806451613
0.8615591397849462
0.8260752688172043
0.8766129032258064
0.7631720430107527
0.8217741935483871
0.8161290322580645
0.8959677419354839
0.7430107526881721
0.8696236559139785
0.8387096774193549
0.8306451612903226
0.8706989247311828
0.7741935483870968
0.7567204301075269
0.907258064516129
0.8110215053763441
0.8475806451612903
0.8935483870967742
0.9228494623655914
0.818010752688172
0.8470430107526882
0.7811827956989247
0.8424731182795699
0.7645161290322581
0.8150537634408602
0.8543010752688172
0.8381720430107527
0.8916666666666667
0.8040322580645162
0.8276881720430107
0.9220430107526881
0.7424731182795699
0.8959677419354839
0.8903225806451613
0.9233870967741935
0.8451612903225807
0.8201612903225807
0.860752688172043
0.8193548387096774
0.9120967741935484
0.8612903225806452
0.803494623655914
0.728763440860215
0.7865591397849462
0.7790322580645161
0.8895161290322581
0.7881720430107527
0.8086021505376344
0.9024193548387097
0.807258064516129
0.8481182795698925
0.8986559139784946
0.8943548387096775
0.7024193548387097
0.8795698924731182
0.8682795698924731
0.7736559139784946
0.8056451612903226
0.7897849462365591
0.8381720430107527
0.8298387096774194
0.9400537634408602
0.8424731182795699
0.9112903225806451
0.7946236559139785
0.8086021505376344
0.7913978494623656
0.7443548387096774
0.774731182795699
0.8741935483870967
0.8814516129032258
0.9064516129032258
0.7844086021505376
0.821236559139785
0.8080645161290323
0.8266129032258065
0.8776881720430108
0.7626344086021506
0.9045698924731183
0.8298387096774194
0.8594086021505376
0.8166666666666667
0.8706989247311828
0.8951612903225806
0.7086021505376344
0.8922043010752688
0.871505376344086
0.7658602150537634
0.8099462365591398
0.8559139784946237
0.6583333333333333
0.8983870967741936
0.7739247311827957
0.7067204301075268
0.8293010752688172
0.8521505376344086
0.9529569892473119
0.8376344086021505
0.9583333333333334
0.7438172043010752
0.8935483870967742
0.8193548387096774
0.8276881720430107
0.8166666666666667
0.8309139784946237
0.8260752688172043
0.821236559139785
0.8913978494623656
0.8720430107526882
0.8688172043010752
0.8397849462365592
0.6994623655913978
0.8736559139784946
0.8680107526881721
0.760752688172043
0.7806451612903226
0.8720430107526882
0.8352150537634409
0.8201612903225807
0.6900537634408602
0.8231182795698925
0.760752688172043
0.8360215053763441
0.6548387096774193
0.8658602150537634
0.8650537634408603
0.8370967741935483
0.8077956989247311
0.8577956989247312
0.8647849462365591
0.9373655913978495
0.7755376344086021
0.8134408602150538
0.8698924731182796
0.8970430107526882
0.8680107526881721
0.8188172043010753
0.9005376344086021
0.8258064516129032
0.3163978494623656
0.9005376344086021
0.8137096774193548
0.8231182795698925
0.8591397849462366
0.9137096774193548
0.6491935483870968
0.7725806451612903
0.9075268817204301
0.8935483870967742
0.9201612903225806
0.6615591397849462
0.918010752688172
0.0005376344086021505
0.8706989247311828
0.8129032258064516
0.8688172043010752
0.7731182795698924
0.7505376344086021
0.6911290322580645
0.8774193548387097
0.8059139784946237
0.8188172043010753
0.8169354838709677
0.9583333333333334
0.8623655913978494
0.9053763440860215
0.8443548387096774
0.8669354838709677
0.9110215053763441
0.8830645161290323
0.8497311827956989
0.8467741935483871
0.8373655913978495
0.7491935483870967
0.7704301075268817
0.885483870967742
0.8720430107526882
0.8650537634408603
0.7483870967741936
0.8462365591397849
0.8548387096774194
0.8486559139784946
0.7983870967741935
0.9475806451612904
0.9456989247311828
0.785483870967742
0.6225806451612903
0.8849462365591397
0.8478494623655914
0.8629032258064516
0.8239247311827957
0.8446236559139785
0.7849462365591398
0.9024193548387097
0.8521505376344086
0.8908602150537634
0.8053763440860215
0.9196236559139785
0.7010752688172043
0.7704301075268817
0.831989247311828
0.9129032258064517
0.8327956989247312
0.8494623655913979
0.7986559139784947
0.882258064516129
0.7669354838709678
0.853494623655914
0.8478494623655914
0.9059139784946236
0.6911290322580645
0.9220430107526881
0.8188172043010753
0.7970430107526881
0.8139784946236559
0.8454301075268817
0.8354838709677419
0.8198924731182796
0.7760752688172043
0.8795698924731182
0.9400537634408602
0.8384408602150538
0.878494623655914
0.8478494623655914
0.8010752688172043
0.8365591397849462
0.771236559139785
0.863978494623656
0.703494623655914
0.7766129032258065
0.9341397849462365
0.8830645161290323
0.8279569892473119
0.8064516129032258
0.9053763440860215
0.8435483870967742
0.867741935483871
0.7696236559139785
0.785483870967742
0.7682795698924731
0.7674731182795699
0.8758064516129033
0.8758064516129033
0.8731182795698925
0.8948924731182796
0.8567204301075269
0.7612903225806451
0.7513440860215054
0.7908602150537635
0.9360215053763441
0.8088709677419355
0.8413978494623656
0.8903225806451613
0.7575268817204301
0.8024193548387096
0.828763440860215
0.8497311827956989
0.9373655913978495
0.8225806451612904
0.8370967741935483
0.671505376344086
0.8801075268817204
0.8220430107526882
0.8166666666666667
0.8403225806451613
0.828494623655914
0.7887096774193548
0.8290322580645161
0.8946236559139785
0.8548387096774194
0.8344086021505376
0.8293010752688172
0.8951612903225806
0.8924731182795699
0.7811827956989247
0.8741935483870967
0.8198924731182796
0.8876344086021506
0.8959677419354839
0.8150537634408602
0.8182795698924731
0.9075268817204301
0.7787634408602151
0.8669354838709677
0.8497311827956989
0.8787634408602151
0.8919354838709678
0.9204301075268817
0.8405913978494624
0.7516129032258064
0.8043010752688172
0.8370967741935483
0.906989247311828
0.8145161290322581
0.7443548387096774
0.7994623655913978
0.8830645161290323
0.8919354838709678
0.7255376344086022
0.8166666666666667
0.8629032258064516
0.8908602150537634
0.8051075268817204
0.8163978494623656
0.7860215053763441
0.8435483870967742
0.7344086021505376
0.9206989247311828
0.8798387096774194
0.7908602150537635
0.6956989247311828
0.861021505376344
0.9545698924731183
0.8803763440860215
0.9252688172043011
0.8666666666666667
0.8129032258064516
0.8298387096774194
0.9306451612903226
0.8400537634408602
0.8637096774193549
0.8650537634408603
0.7814516129032258
0.8231182795698925
0.8545698924731183
0.9037634408602151
0.8959677419354839
0.8685483870967742
0.7940860215053763
0.8309139784946237
0.8051075268817204
0.8543010752688172
0.7932795698924732
0.8231182795698925
0.9260752688172043
0.8126344086021505
0.9163978494623656
0.8241935483870968
0.8126344086021505
0.8279569892473119
0.7575268817204301
0.8475806451612903
0.7400537634408603
0.9139784946236559
0.921505376344086
0.7220430107526882
0.9067204301075269
0.656989247311828
0.8615591397849462
0.7975806451612903
0.8862903225806451
0.9217741935483871
0.7938172043010753
0.8838709677419355
0.9188172043010753
0.8454301075268817
0.8897849462365591
0.8338709677419355
0.8279569892473119
0.850268817204301
0.853225806451613
0.8602150537634409
0.8518817204301076
0.839516129032258
0.8231182795698925
0.8422043010752688
0.8188172043010753
0.9155913978494624
0.8505376344086022
0.8938172043010753
0.8620967741935484
0.8653225806451613
0.8360215053763441
0.7763440860215054
0.899731182795699
0.85
0.9370967741935484
0.9508064516129032
0.9053763440860215
0.899731182795699
0.8118279569892473
0.7884408602150538
0.9252688172043011
0.7577956989247312
0.8615591397849462
0.8091397849462365
0.8653225806451613
0.6811827956989247
0.9094086021505376
0.8126344086021505
0.8801075268817204
0.8908602150537634
0.9387096774193548
0.9279569892473118
0.8553763440860215
0.8443548387096774
0.8817204301075269
0.7895161290322581
0.7368279569892473
0.8879032258064516
0.8938172043010753
0.6774193548387096
0.803494623655914
0.8370967741935483
0.7956989247311828
0.8293010752688172
0.8956989247311828
0.850268817204301
0.6973118279569892
0.8524193548387097
0.8099462365591398
0.8166666666666667
0.9196236559139785
0.8094086021505377
0.9048387096774193
0.8150537634408602
0.9024193548387097
0.8790322580645161
0.8524193548387097
0.9029569892473118
0.9432795698924731
0.8954301075268817
0.875268817204301
0.8110215053763441
0.9005376344086021
0.8782258064516129
0.9064516129032258
0.8631720430107527
0.8725806451612903
0.6916666666666667
0.7739247311827957
0.8943548387096775
0.9247311827956989
0.8666666666666667
0.7913978494623656
0.8766129032258064
0.8623655913978494
0.8349462365591398
0.8295698924731183
0.7559139784946236
0.771774193548387
0.9067204301075269
0.853494623655914
0.8723118279569892
0.7577956989247312
0.8489247311827957
0.896505376344086
0.9306451612903226
0.8341397849462365
0.8282258064516129
0.8295698924731183
0.8696236559139785
0.8755376344086021
0.6717741935483871
0.8252688172043011
0.8338709677419355
0.8239247311827957
0.8870967741935484
0.8905913978494624
0.843010752688172
0.8298387096774194
0.8620967741935484
0.85
0.9491935483870968
0.8475806451612903
0.8298387096774194
0.7983870967741935
0.5669354838709677
0.8653225806451613
0.7873655913978495
0.7959677419354839
0.8120967741935484
0.8091397849462365
0.8709677419354839
0.8387096774193549
0.864516129032258
0.8567204301075269
0.8349462365591398
0.8991935483870968
0.4924731182795699
0.8408602150537634
0.8077956989247311
0.7900537634408602
0.6970430107526882
0.8913978494623656
0.8682795698924731
0.8720430107526882
0.7239247311827957
0.8733870967741936
0.7817204301075269
0.7825268817204301
0.9459677419354838
0.8120967741935484
0.914247311827957
0.7817204301075269
0.8172043010752689
0.9567204301075268
0.8
0.6771505376344086
0.7459677419354839
0.7266129032258064
0.9096774193548387
0.9110215053763441
0.7741935483870968
0.9365591397849462
0.9018817204301075
0.8526881720430107
0.8551075268817204
0.7618279569892473
0.7556451612903226
0.8451612903225807
0.9268817204301075
0.8623655913978494
0.7454301075268818
0.7881720430107527
0.7948924731182796
0.7981182795698925
0.7182795698924731
0.7276881720430107
0.235752688172043
0.7387096774193549
0.6932795698924731
0.8620967741935484
0.8365591397849462
0.7975806451612903
0.9005376344086021
0.8884408602150538
0.8086021505376344
0.9244623655913978
0.7228494623655914
0.9134408602150538
0.7061827956989247
0.8696236559139785
0.8591397849462366
0.7319892473118279
0.7806451612903226
0.8666666666666667
0.8620967741935484
0.8612903225806452
0.8629032258064516
0.9360215053763441
0.8833333333333333
0.8768817204301075
0.9634408602150538
0.8489247311827957
0.8862903225806451
0.8263440860215053
0.9389784946236559
0.8362903225806452
0.9172043010752688
0.8196236559139785
0.8056451612903226
0.8672043010752688
0.8658602150537634
0.8346774193548387
0.839247311827957
0.7908602150537635
0.7475806451612903
0.8018817204301075
0.8446236559139785
0.8647849462365591
0.9271505376344086
0.7793010752688172
0.8830645161290323
0.8094086021505377
0.8032258064516129
0.781989247311828
0.9102150537634408
0.8975806451612903
0.9032258064516129
0.7303763440860215
0.8782258064516129
0.8717741935483871
0.9061827956989247
0.7623655913978494
0.7846774193548387
0.7911290322580645
0.8298387096774194
0.9118279569892473
0.8155913978494623
0.7809139784946236
0.9002688172043011
0.8279569892473119
0.7956989247311828
0.8325268817204301
0.6913978494623656
0.8443548387096774
0.8145161290322581
0.7935483870967742
0.681989247311828
0.7879032258064517
0.4161290322580645
0.7647849462365591
0.9051075268817205
0.8330645161290322
0.7478494623655914
0.8518817204301076
0.9193548387096774
0.7938172043010753
0.8844086021505376
0.8201612903225807
0.9217741935483871
0.7844086021505376
0.8161290322580645
0.8615591397849462
0.8336021505376344
0.7903225806451613
0.8387096774193549
0.9354838709677419
0.864516129032258
0.6696236559139785
0.7424731182795699
0.8486559139784946
0.8903225806451613
0.9043010752688172
0.8448924731182795
0.8317204301075268
0.8991935483870968
0.917741935483871
0.8309139784946237
0.9424731182795699
0.7631720430107527
0.8397849462365592
0.9155913978494624
0.7403225806451613
0.9120967741935484
0.7752688172043011
0.8634408602150537
0.750268817204301
0.9043010752688172
0.8510752688172043
0.8336021505376344
0.906989247311828
0.8290322580645161
0.8298387096774194
0.9118279569892473
0.8475806451612903
0.6790322580645162
0.9295698924731183
0.8658602150537634
0.771236559139785
0.9293010752688172
0.7532258064516129
0.8596774193548387
0.7467741935483871
0.6956989247311828
0.9086021505376344
0.9473118279569892
0.8266129032258065
0.7919354838709678
0.7658602150537634
0.8564516129032258
0.842741935483871
0.8720430107526882
0.8599462365591398
0.9682795698924731
0.8862903225806451
0.8561827956989247
0.757258064516129
0.8473118279569892
0.8064516129032258
0.785483870967742
0.9247311827956989
0.8166666666666667
0.8282258064516129
0.885483870967742
0.8271505376344086
0.9561827956989247
0.6639784946236559
0.7663978494623656
0.8663978494623656
0.8626344086021506
0.8922043010752688
0.793010752688172
0.8067204301075269
0.7688172043010753
0.9370967741935484
0.8526881720430107
0.8266129032258065
0.818010752688172
0.7733870967741936
0.8252688172043011
0.8185483870967742
0.875
0.8290322580645161
0.7478494623655914
0.8443548387096774
0.6932795698924731
0.9094086021505376
0.8413978494623656
0.8540322580645161
0.7989247311827957
0.8545698924731183
0.7889784946236559
0.8981182795698924
0.8938172043010753
0.8236559139784946
0.7516129032258064
0.8083333333333333
0.9163978494623656
0.7932795698924732
0.8521505376344086
0.8852150537634409
0.9252688172043011
0.9338709677419355
0.8467741935483871
0.8803763440860215
0.8075268817204301
0.7454301075268818
0.7685483870967742
0.7932795698924732
0.8922043010752688
0.8771505376344086
0.796236559139785
0.9416666666666667
0.9053763440860215
0.8365591397849462
0.9
0.8766129032258064
0.9037634408602151
0.9118279569892473
0.8317204301075268
0.8604838709677419
0.8172043010752689
0.785483870967742
0.7629032258064516
0.9209677419354839
0.8940860215053763
0.8779569892473118
0.9145161290322581
0.8900537634408602
0.7690860215053763
0.8946236559139785
0.9172043010752688
0.8008064516129032
0.8338709677419355
0.7346774193548387
0.703494623655914
0.917741935483871
0.8698924731182796
0.8580645161290322
0.9053763440860215
0.910752688172043
0.8545698924731183
0.828494623655914
0.839247311827957
0.8913978494623656
0.9432795698924731
0.8696236559139785
0.9018817204301075
0.8849462365591397
0.9276881720430108
0.8475806451612903
0.8524193548387097
0.8258064516129032
0.7379032258064516
0.8459677419354839
0.7336021505376344
0.6639784946236559
0.7760752688172043
0.7830645161290323
0.7897849462365591
0.8379032258064516
0.9325268817204301
0.793010752688172
0.7408602150537634
0.8551075268817204
0.8282258064516129
0.8575268817204301
0.9247311827956989
0.864247311827957
0.8922043010752688
0.9016129032258065
0.8043010752688172
0.7698924731182796
0.817741935483871
0.8669354838709677
0.7596774193548387
0.7959677419354839
0.8817204301075269
0.8548387096774194
0.8481182795698925
0.821505376344086
0.8024193548387096
0.8989247311827957
0.6852150537634408
0.8309139784946237
0.8104838709677419
0.8365591397849462
0.7446236559139785
0.8551075268817204
0.5231182795698924
0.45806451612903226
0.7836021505376344
0.8870967741935484
0.8005376344086022
0.8137096774193548
0.8075268817204301
0.9016129032258065
0.8564516129032258
0.7435483870967742
0.8916666666666667
0.8013440860215054
0.8317204301075268
0.735752688172043
0.6720430107526881
0.8352150537634409
0.853763440860215
0.8827956989247312
0.8870967741935484
0.9631720430107527
0.9172043010752688
0.896236559139785
0.8440860215053764
0.8333333333333334
0.8379032258064516
0.7884408602150538
0.9029569892473118
0.9112903225806451
0.8370967741935483
0.8841397849462366
0.8172043010752689
0.8258064516129032
0.7739247311827957
0.9341397849462365
0.882258064516129
0.7943548387096774
0.8634408602150537
0.8819892473118279
0.7370967741935484
0.8094086021505377
0.8922043010752688
0.7010752688172043
0.9317204301075269
0.9317204301075269
0.907258064516129
0.8225806451612904
0.6946236559139785
0.521774193548387
0.9206989247311828
0.8126344086021505
0.85
0.8196236559139785
0.7524193548387097
0.8991935483870968
0.875268817204301
0.793010752688172
0.8494623655913979
0.821505376344086
0.7693548387096775
0.7733870967741936
0.7583333333333333
0.8228494623655914
0.7693548387096775
0.6900537634408602
0.7405913978494624
0.7919354838709678
0.9545698924731183
0.8091397849462365
0.7505376344086021
0.8774193548387097
0.8806451612903226
0.8481182795698925
0.7731182795698924
0.7889784946236559
0.7349462365591398
0.738978494623656
0.8045698924731183
0.7870967741935484
0.850268817204301
0.9209677419354839
0.7029569892473119
0.6067204301075269
0.8631720430107527
0.8276881720430107
0.718010752688172
0.3258064516129032
0.8787634408602151
0.7795698924731183
0.764247311827957
0.875268817204301
0.9473118279569892
0.8580645161290322
0.8685483870967742
0.9064516129032258
0.9411290322580645
0.8056451612903226
0.8462365591397849
0.8755376344086021
0.9663978494623656
0.8384408602150538
0.8166666666666667
0.9075268817204301
0.8951612903225806
0.8349462365591398
0.8188172043010753
0.8400537634408602
0.7524193548387097
0.7169354838709677
0.9005376344086021
0.8551075268817204
0.8580645161290322
0.9061827956989247
0.9497311827956989
0.8274193548387097
0.921505376344086
0.8465053763440861
0.8658602150537634
0.8806451612903226
0.817741935483871
0.821505376344086
0.7026881720430107
0.8913978494623656
0.8801075268817204
0.8905913978494624
0.8384408602150538
0.7637096774193548
0.7897849462365591
0.7682795698924731
0.8196236559139785
0.792741935483871
0.6978494623655914
0.8075268817204301
0.9510752688172043
0.7771505376344086
0.8758064516129033
0.7946236559139785
0.8674731182795699
0.6846774193548387
0.6416666666666667
0.8193548387096774
0.9325268817204301
0.806989247311828
0.8655913978494624
0.6693548387096774
0.8311827956989247
0.8803763440860215
0.9174731182795699
0.8924731182795699
0.8397849462365592
0.8295698924731183
0.8083333333333333
0.8612903225806452
0.774731182795699
0.8220430107526882
0.38763440860215054
0.914247311827957
0.7897849462365591
0.8849462365591397
0.7650537634408602
0.9102150537634408
0.725268817204301
0.8360215053763441
0.8680107526881721
0.9293010752688172
0.7870967741935484
0.8260752688172043
0.9223118279569893
0.7978494623655914
0.7924731182795699
0.8043010752688172
0.8908602150537634
0.9134408602150538
0.9153225806451613
0.7836021505376344
0.8298387096774194
0.7233870967741935
0.8266129032258065
0.7588709677419355
0.7354838709677419
0.8806451612903226
0.0016129032258064516
0.9131720430107527
0.9024193548387097
0.8096774193548387
0.7311827956989247
0.8862903225806451
0.7672043010752688
0.8663978494623656
0.9134408602150538
0.9317204301075269
0.8102150537634408
0.7494623655913979
0.8604838709677419
0.8419354838709677
0.8655913978494624
0.9268817204301075
0.8147849462365592
0.8147849462365592
0.8206989247311828
0.8575268817204301
0.8881720430107527
0.8830645161290323
0.7448924731182796
0.6838709677419355
0.814247311827957
0.789247311827957
0.7647849462365591
0.8096774193548387
0.8018817204301075
0.8005376344086022
0.9341397849462365
0.8120967741935484
0.8126344086021505
0.8994623655913978
0.7779569892473118
0.878494623655914
0.8510752688172043
0.8196236559139785
0.8448924731182795
0.803763440860215
0.8927419354838709
0.9161290322580645
0.9048387096774193
0.28763440860215056
0.8416666666666667
0.8540322580645161
0.896505376344086
0.8938172043010753
0.8446236559139785
0.9045698924731183
0.8583333333333333
0.8451612903225807
0.8416666666666667
0.8809139784946236
0.7405913978494624
0.925
0.885752688172043
0.7709677419354839
0.8279569892473119
0.8301075268817204
0.7782258064516129
0.7029569892473119
0.8276881720430107
0.8666666666666667
0.7344086021505376
0.9223118279569893
0.9026881720430108
0.9389784946236559
0.7844086021505376
0.8131720430107527
0.8596774193548387
0.7846774193548387
0.9150537634408602
0.821505376344086
0.8333333333333334
0.8311827956989247
0.738978494623656
0.8524193548387097
0.8158602150537635
0.8330645161290322
0.8981182795698924
0.796236559139785
0.8400537634408602
0.7481182795698925
0.8873655913978494
0.7811827956989247
0.7981182795698925
0.8959677419354839
0.7733870967741936
0.6948924731182796
0.8561827956989247
0.885483870967742
0.8338709677419355
0.8196236559139785
0.8301075268817204
0.7981182795698925
0.7293010752688172
0.8091397849462365
0.7354838709677419
0.928494623655914
0.7884408602150538
0.7817204301075269
0.818010752688172
0.9330645161290323
0.8540322580645161
0.7827956989247312
0.8123655913978495
0.8771505376344086
0.8158602150537635
0.792741935483871
0.8276881720430107
0.867741935483871
0.8032258064516129
0.9083333333333333
0.8424731182795699
0.8685483870967742
0.8526881720430107
0.8002688172043011
0.8870967741935484
0.7026881720430107
0.886021505376344
0.8056451612903226
0.853763440860215
0.8551075268817204
0.9564516129032258
0.8115591397849462
0.8701612903225806
0.7583333333333333
0.9395161290322581
0.7669354838709678
0.35618279569892475
0.7989247311827957
0.8225806451612904
0.8661290322580645
0.8728494623655914
0.7330645161290322
0.9061827956989247
0.8903225806451613
0.7529569892473118
0.899731182795699
0.7483870967741936
0.9102150537634408
0.8241935483870968
0.8849462365591397
0.8653225806451613
0.7758064516129032
0.7422043010752688
0.8701612903225806
0.8206989247311828
0.9153225806451613
0.8311827956989247
0.8975806451612903
0.7448924731182796
0.8733870967741936
0.8481182795698925
0.8817204301075269
0.8005376344086022
0.8010752688172043
0.8905913978494624
0.7674731182795699
0.9346774193548387
0.889247311827957
0.8518817204301076
0.8325268817204301
0.8008064516129032
0.7806451612903226
0.9314516129032258
0.8365591397849462
0.8271505376344086
0.8099462365591398
0.7946236559139785
0.7158602150537634
0.8817204301075269
0.8518817204301076
0.7118279569892473
0.9112903225806451
0.7693548387096775
0.8489247311827957
0.8298387096774194
0.8766129032258064
0.8169354838709677
0.8994623655913978
0.8465053763440861
0.8836021505376344
0.8370967741935483
0.7577956989247312
0.8913978494623656
0.8559139784946237
0.8016129032258065
0.8333333333333334
0.7865591397849462
0.8247311827956989
0.874731182795699
0.8586021505376344
0.8306451612903226
0.793010752688172
0.8295698924731183
0.8091397849462365
0.7123655913978495
0.9422043010752689
0.7731182795698924
0.8591397849462366
0.889247311827957
0.6400537634408602
0.8930107526881721
0.8540322580645161
0.8147849462365592
0.7701612903225806
0.9311827956989247
0.6825268817204301
0.9018817204301075
0.8838709677419355
0.8618279569892473
0.7900537634408602
0.7564516129032258
0.960752688172043
0.7150537634408602
0.6803763440860215
0.7596774193548387
0.6341397849462366
0.807258064516129
0.899731182795699
0.9618279569892473
0.19381720430107527
0.8951612903225806
0.7833333333333333
0.8577956989247312
0.8467741935483871
0.7720430107526882
0.9061827956989247
0.842741935483871
0.8833333333333333
0.9158602150537635
0.728763440860215
0.8317204301075268
0.8919354838709678
0.8193548387096774
0.8123655913978495
0.8803763440860215
0.978494623655914
0.6946236559139785
0.8989247311827957
0.8846774193548387
0.888978494623656
0.8690860215053764
0.8306451612903226
0.8293010752688172
0.7596774193548387
0.8516129032258064
0.9408602150537635
0.8282258064516129
0.7849462365591398
0.886021505376344
0.8927419354838709
0.7086021505376344
0.8373655913978495
0.939247311827957
0.8583333333333333
0.9236559139784947
0.9145161290322581
0.8505376344086022
0.8424731182795699
0.9158602150537635
0.8518817204301076
0.9241935483870968
0.8349462365591398
0.8809139784946236
0.896774193548387
0.8768817204301075
0.8978494623655914
0.9540322580645161
0.8112903225806452
0.935752688172043
0.8787634408602151
0.48440860215053766
0.8916666666666667
0.9629032258064516
0.8940860215053763
0.8798387096774194
0.8803763440860215
0.9276881720430108
0.8295698924731183
0.7440860215053764
0.7852150537634408
0.8943548387096775
0.8690860215053764
0.7975806451612903
0.8661290322580645
0.8846774193548387
0.9099462365591398
0.8306451612903226
0.8696236559139785
0.8685483870967742
0.914247311827957
0.8083333333333333
0.8231182795698925
0.803763440860215
0.9456989247311828
0.8680107526881721
0.8841397849462366
0.7637096774193548
0.8268817204301075
0.717741935483871
0.8653225806451613
0.9483870967741935
0.8336021505376344
0.8083333333333333
0.9145161290322581
0.8811827956989248
0.9586021505376344
0.835752688172043
0.8400537634408602
0.9083333333333333
0.8346774193548387
0.8102150537634408
0.8631720430107527
0.7793010752688172
0.8658602150537634
0.8293010752688172
0.810752688172043
0.8336021505376344
0.8615591397849462
0.7365591397849462
0.8712365591397849
0.8470430107526882
0.7424731182795699
0.7338709677419355
0.7787634408602151
0.8688172043010752
0.7994623655913978
0.8448924731182795
0.8102150537634408
0.7653225806451613
0.9002688172043011
0.8594086021505376
0.921236559139785
0.8311827956989247
0.8803763440860215
0.8053763440860215
0.850268817204301
0.7981182795698925
0.7766129032258065
0.8150537634408602
0.8672043010752688
0.8387096774193549
0.8024193548387096
0.9508064516129032
0.6416666666666667
0.8416666666666667
0.7706989247311828
0.9088709677419354
0.8833333333333333
0.8137096774193548
0.8096774193548387
0.8422043010752688
0.8336021505376344
0.8408602150537634
0.7518817204301075
0.8776881720430108
0.8846774193548387
0.9064516129032258
0.8352150537634409
0.7158602150537634
0.8615591397849462
0.8387096774193549
0.9086021505376344
0.7594086021505376
0.8930107526881721
0.8075268817204301
0.789247311827957
0.9161290322580645
0.7655913978494624
0.8317204301075268
0.8543010752688172
0.7341397849462366
0.7150537634408602
0.7064516129032258
0.8809139784946236
0.7959677419354839
0.7782258064516129
0.9712365591397849
0.8258064516129032
0.8599462365591398
0.8438172043010753
0.8868279569892473
0.8935483870967742
0.7647849462365591
0.9024193548387097
0.8330645161290322
0.7532258064516129
0.7994623655913978
0.9201612903225806
0.6376344086021506
0.8688172043010752
0.8524193548387097
0.7830645161290323
0.8220430107526882
0.9061827956989247
0.9290322580645162
0.7827956989247312
0.7336021505376344
0.8483870967741935
0.7766129032258065
0.782258064516129
0.918010752688172
0.7913978494623656
0.9010752688172043
0.8233870967741935
0.9061827956989247
0.8137096774193548
0.7422043010752688
0.8516129032258064
0.7938172043010753
0.8290322580645161
0.8661290322580645
0.7830645161290323
0.8360215053763441
0.8325268817204301
0.8497311827956989
0.8255376344086022
0.8758064516129033
0.8653225806451613
0.7569892473118279
0.8306451612903226
0.7653225806451613
0.8352150537634409
0.8491935483870968
0.7330645161290322
0.8561827956989247
0.7416666666666667
0.8704301075268818
0.8604838709677419
0.821505376344086
0.8223118279569892
0.839516129032258
0.910752688172043
0.8849462365591397
0.9077956989247312
0.8456989247311828
0.6612903225806451
0.7938172043010753
0.8413978494623656
0.8680107526881721
0.7268817204301076
0.8739247311827957
0.001075268817204301
0.9206989247311828
0.8930107526881721
0.7736559139784946
0.9185483870967742
0.7779569892473118
0.7408602150537634
0.8330645161290322
0.8946236559139785
0.8104838709677419
0.8282258064516129
0.8059139784946237
0.832258064516129
0.9241935483870968
0.9306451612903226
0.9013440860215054
0.8583333333333333
0.8486559139784946
0.8682795698924731
0.7911290322580645
0.9387096774193548
0.796505376344086
0.860752688172043
0.4817204301075269
0.792741935483871
0.9059139784946236
0.9276881720430108
0.810752688172043
0.8263440860215053
0.8440860215053764
0.7473118279569892
0.749731182795699
0.7075268817204301
0.775
0.9102150537634408
0.9077956989247312
0.9067204301075269
0.7674731182795699
0.8446236559139785
0.9201612903225806
0.7784946236559139
0.8900537634408602
0.7741935483870968
0.889247311827957
0.810752688172043
0.7102150537634409
0.8548387096774194
0.5467741935483871
0.7938172043010753
0.8553763440860215
0.9209677419354839
0.7908602150537635
0.7155913978494624
0.8123655913978495
0.6881720430107527
0.8508064516129032
0.7884408602150538
0.8290322580645161
0.8376344086021505
0.8575268817204301
0.861021505376344
0.7981182795698925
0.8911290322580645
0.825
0.7196236559139785
0.7319892473118279
0.7997311827956989
0.8295698924731183
0.8551075268817204
0.6924731182795699
0.8002688172043011
0.8868279569892473
0.8672043010752688
0.692741935483871
0.8478494623655914
0.7849462365591398
0.7728494623655914
0.8268817204301075
0.7620967741935484
0.8865591397849463
0.9282258064516129
0.7897849462365591
0.8129032258064516
0.739516129032258
0.8935483870967742
0.8865591397849463
0.8024193548387096
0.7491935483870967
0.7739247311827957
0.9016129032258065
0.8026881720430108
0.9526881720430107
0.9080645161290323
0.8473118279569892
