0.8115228720324261
0.814997104806022
0.8094962362478286
0.7924145917776491
0.7139548349739433
0.7475390851187029
0.731615518239722
0.8005211349160394
0.8352634626519977
0.8161551823972206
0.6077012159814708
0.7000579038795599
0.7446438911407064
0.7747539085118703
0.8314997104806022
0.7605674580196873
0.8045744064852345
0.5998841922408802
0.7298784018529242
0.8060220034742328
0.6392588303416329
0.7292993630573248
0.7035321366531557
0.7437753329473075
0.8578459756803706
0.7478286045165026
0.7469600463231036
0.7104806022003475
0.7078749276201506
0.8039953676896352
0.6878980891719745
0.8378691372321946
0.7588303416328894
0.19195136074116967
0.8288940359004053
0.5289519397799652
0.8277359583092068
0.8396062536189924
0.6994788650839606
0.7967573827446439
0.890851187029531
0.7307469600463231
0.7510133178922987
0.6097278517660684
0.7588303416328894
0.7686740011580776
0.7203242617255357
0.719166184134337
0.7744643891140707
0.8271569195136074
0.7805442964678634
0.7646207295888825
0.7243775332947308
0.7623045744064852
0.8019687319050376
0.8054429646786335
0.7845975680370585
0.8045744064852345
0.7217718587145339
0.6685002895193978
0.46178343949044587
0.13839027214823393
0.7721482339316734
0.8106543138390272
0.7903879559930516
0.7304574406485235
0.6939779965257672
0.7472495657209033
0.8995367689635205
0.7541980312680949
0.8532136653155762
0.8902721482339316
0.7785176606832658
0.8118123914302259
0.8326577880718008
0.6870295309785756
0.7495657209033005
0.7866242038216561
0.7596988998262884
0.7857556456282571
0.7924145917776491
0.7643312101910829
0.8045744064852345
0.8882455124493341
0.6905037637521714
0.7709901563404749
0.7489866821077013
0.7452229299363057
0.7423277359583093
0.7209033005211349
0.8222350897510133
0.9047481181239143
0.8112333526346265
0.7996525767226405
0.7819918934568616
0.814128546612623
0.7967573827446439
0.3480023161551824
0.7240880138969311
0.7973364215402432
0.7857556456282571
0.8039953676896352
0.7162709901563404
0.6789229878401853
0.48031268094962365
0.7292993630573248
0.7628836132020845
0.7663578459756804
0.6786334684423856
0.7646207295888825
0.719166184134337
0.7822814128546612
0.7507237984944991
0.6864504921829763
0.7510133178922987
0.8636363636363636
0.7232194557035322
0.8152866242038217
0.7345107122177186
0.755066589461494
0.7984944991314418
0.8288940359004053
0.8089171974522293
0.8002316155182397
0.3468442385639838
0.8028372900984366
0.8031268094962363
0.8607411696583671
0.7521713954834974
0.7101910828025477
0.7944412275622467
0.861609727851766
0.6864504921829763
0.6832657788071801
0.6829762594093804
0.7481181239143022
0.820787492762015
0.7348002316155182
0.7669368847712796
0.8323682686740012
0.761725535610886
0.8005211349160394
0.6551823972206138
0.897510133178923
0.7495657209033005
0.0005790387955993051
0.6884771279675739
0.7935726693688477
0.9365952518818761
0.7779386218876665
0.720034742327736
0.6847133757961783
0.8410538506079908
0.7877822814128547
0.7495657209033005
0.7171395483497395
0.7762015055008685
0.7857556456282571
0.779965257672264
0.7437753329473075
0.8572669368847713
0.896641574985524
0.8413433700057904
0.8381586566299942
0.7762015055008685
0.6525767226404169
0.23769542559351475
0.7828604516502605
0.7513028372900984
0.6740011580775912
0.7764910248986682
0.7773595830920672
0.8228141285466126
0.7319050376375217
0.7489866821077013
0.7984944991314418
0.6612623045744065
0.7892298784018529
0.7651997683844818
0.7744643891140707
0.8592935726693689
0.8679791546033584
0.6656050955414012
0.23798494499131442
0.8413433700057904
0.7458019687319051
0.8355529820497973
0.7087434858135495
0.7651997683844818
0.7672264041690793
0.21945570353213664
0.7935726693688477
0.7489866821077013
0.7330631152287204
0.7362478286045165
0.7753329473074696
0.7562246670526925
0.85002895193978
0.7585408222350898
0.7591198610306891
0.822524609148813
0.7596988998262884
0.678343949044586
0.8161551823972206
0.7843080486392588
0.7643312101910829
0.7414591777649102
0.6962941517081644
0.8106543138390272
0.84163288940359
0.8569774174869716
0.8109438332368268
0.6835552982049797
0.8341053850607991
0.8219455703532137
0.8277359583092068
0.7130862767805443
0.7237984944991315
0.8161551823972206
0.15518239722061378
0.7388535031847133
0.7252460914881297
0.7536189924724956
0.7869137232194557
0.7640416907932831
0.8326577880718008
0.6818181818181818
0.6690793283149971
0.6664736537348003
0.7961783439490446
0.7999420961204401
0.827446438911407
0.8636363636363636
0.8071800810654314
0.8911407064273307
0.3138390272148234
0.6268094962362478
0.7154024319629415
0.7692530399536769
0.7782281412854661
0.7790966994788651
0.8199189345686161
0.9221192819918934
0.6745801968731905
0.7889403590040532
0.7246670526925304
0.8231036479444123
0.7544875506658946
0.8086276780544297
0.7877822814128547
0.6997683844817603
0.8653734800231615
0.7246670526925304
0.22611464968152867
0.8161551823972206
0.7304574406485235
0.7672264041690793
0.759988419224088
0.7113491603937464
0.7301679212507238
0.7301679212507238
0.7625940938042849
0.6893456861609728
0.6195715112912565
0.7321945570353213
0.7802547770700637
0.7845975680370585
0.945859872611465
0.685002895193978
0.439200926462073
0.7298784018529242
0.7863346844238563
0.23219455703532135
0.7284308048639259
0.7423277359583093
0.698320787492762
0.7898089171974523
0.7582513028372901
0.7452229299363057
0.29009843659525186
0.8164447017950203
0.731615518239722
0.8668210770121598
0.7895193977996525
0.8089171974522293
0.8288940359004053
0.7906774753908512
0.8642154024319629
0.773306311522872
0.7961783439490446
0.29212507237984947
0.7924145917776491
0.8497394325419804
0.6768963520555877
0.7203242617255357
0.8303416328894035
0.8540822235089751
0.8080486392588303
0.7802547770700637
0.16155182397220613
0.7790966994788651
0.26404169079328316
0.5830920671685003
0.8824551244933411
0.7501447596988998
0.7921250723798494
0.7513028372900984
0.6962941517081644
0.7709901563404749
0.7411696583671106
0.8190503763752172
0.7246670526925304
0.8702953097857556
0.7863346844238563
0.7620150550086856
0.8080486392588303
0.9012738853503185
0.7767805442964678
0.7568037058482918
0.6740011580775912
0.7866242038216561
0.8456861609727852
0.8555298204979733
0.7970469021424436
0.8494499131441806
0.8375796178343949
0.7463810075275044
0.12738853503184713
0.6832657788071801
0.7394325419803127
0.7788071800810654
0.7825709322524609
0.7501447596988998
0.7429067747539085
0.7017950202663579
0.8086276780544297
0.7452229299363057
0.8196294151708164
0.7232194557035322
0.7003474232773595
0.7898089171974523
0.14736537348002315
0.6977417486971627
0.8343949044585988
0.7350897510133179
0.7264041690793284
0.7460914881297047
0.7374059061957151
0.7264041690793284
0.753329473074696
0.7906774753908512
0.7243775332947308
0.7319050376375217
0.1673422119281992
0.7455124493341054
0.8068905616676317
0.8951939779965258
0.863346844238564
0.7970469021424436
0.6910828025477707
0.8262883613202084
0.8951939779965258
0.7929936305732485
0.7159814707585408
0.7434858135495078
0.8303416328894035
0.7272727272727273
0.8523451071221771
0.8543717429067748
0.7330631152287204
0.897510133178923
0.8355529820497973
0.9140127388535032
0.7837290098436596
0.8121019108280255
0.8977996525767227
0.8126809496236248
0.9513607411696584
0.7863346844238563
0.8465547191661842
0.6589461493920092
0.8511870295309786
0.7814128546612623
0.7501447596988998
0.7087434858135495
0.7623045744064852
0.6705269253039954
0.8384481760277939
0.7663578459756804
0.7759119861030689
0.6543138390272148
0.7475390851187029
0.7735958309206716
0.7570932252460915
0.7084539664157499
0.72495657209033
0.8934568616097278
0.7753329473074696
0.7498552403011002
0.6928199189345686
0.8147075854082223
0.7851766068326578
0.7307469600463231
0.7498552403011002
0.8760856977417487
0.8436595251881877
0.9287782281412854
0.7321945570353213
0.6763173132599885
0.8199189345686161
0.8228141285466126
0.6971627099015634
0.7284308048639259
0.26577880718008107
0.8317892298784019
0.7964678633468443
0.868268674001158
0.7313259988419224
0.697452229299363
0.7935726693688477
0.6928199189345686
0.672553561088593
0.7394325419803127
0.7330631152287204
0.8836132020845396
0.8109438332368268
0.24203821656050956
0.6546033584250145
0.7350897510133179
0.7159814707585408
0.6780544296467863
0.7759119861030689
0.7843080486392588
0.6893456861609728
0.8173132599884192
0.7591198610306891
0.2744643891140706
0.8028372900984366
0.7423277359583093
0.8569774174869716
0.8034163288940359
0.7353792704111175
0.7738853503184714
0.6962941517081644
0.7547770700636943
0.7431962941517082
0.7417486971627099
0.761725535610886
0.726693688477128
0.7544875506658946
0.7174290677475391
0.6543138390272148
0.7851766068326578
0.7145338737695426
0.7568037058482918
0.738274464389114
0.6528662420382165
0.629994209612044
0.6957151129125652
0.7240880138969311
0.7955993051534452
0.7909669947886508
0.719166184134337
0.8312101910828026
0.2544875506658946
0.7492762015055009
0.7649102489866821
0.6826867400115808
0.6621308627678054
0.794151708164447
0.2776491024898668
0.554140127388535
0.8060220034742328
0.7070063694267515
0.868268674001158
0.7220613781123335
0.7368268674001158
0.8199189345686161
0.8066010422698321
0.7371163867979155
0.7738853503184714
0.8031268094962363
0.705848291835553
0.7834394904458599
0.7278517660683266
0.7628836132020845
0.9009843659525189
0.8856398378691372
0.7898089171974523
0.7802547770700637
0.7753329473074696
0.7654892877822814
0.7596988998262884
0.7197452229299363
0.7840185292414592
0.8068905616676317
0.7084539664157499
0.7707006369426752
0.7403011001737116
0.8656629994209613
0.8569774174869716
0.7628836132020845
0.7976259409380428
0.8459756803705848
0.2440648523451071
0.8034163288940359
0.704111175448755
0.868268674001158
0.6928199189345686
0.6957151129125652
0.822524609148813
0.7579617834394905
0.6931094383323683
0.738274464389114
0.8106543138390272
0.8048639258830341
0.7052692530399537
0.7229299363057324
0.7770700636942676
0.7727272727272727
0.7776491024898669
0.5138969310943833
0.80833815865663
0.7376954255935148
0.8118123914302259
0.6592356687898089
0.788361320208454
0.8164447017950203
0.8627678054429647
0.755066589461494
0.8569774174869716
0.7035321366531557
0.7101910828025477
0.795020266357846
0.26027793862188764
0.711638679791546
0.8161551823972206
0.8546612623045744
0.8019687319050376
0.7909669947886508
0.8372900984365953
0.6363636363636364
0.8592935726693689
0.8063115228720324
0.7072958888245513
0.7831499710480602
0.2620150550086856
0.732484076433121
0.8320787492762015
0.8404748118123915
0.9412275622466705
0.740011580775912
0.6899247249565721
0.7544875506658946
0.8436595251881877
0.7964678633468443
0.8598726114649682
0.671685002895194
0.8147075854082223
0.8286045165026057
0.7822814128546612
0.8057324840764332
0.8375796178343949
0.6896352055587724
0.7967573827446439
0.7643312101910829
0.8503184713375797
0.7420382165605095
0.7240880138969311
0.8671105964099595
0.7866242038216561
0.6548928778228141
0.8474232773595831
0.7431962941517082
0.7429067747539085
0.5613781123335263
0.7032426172553561
0.7744643891140707
0.7252460914881297
0.9163288940359005
0.6719745222929936
0.7695425593514765
0.16270990156340476
0.8187608569774175
0.8123914302258252
0.7431962941517082
0.670816444701795
0.8914302258251303
0.7906774753908512
0.7637521713954835
0.7918355529820498
0.7637521713954835
0.7353792704111175
0.8248407643312102
0.2154024319629415
0.7165605095541401
0.6887666473653735
0.8233931673422119
0.7246670526925304
0.7721482339316734
0.7776491024898669
0.7026635784597568
0.29878401852924147
0.7640416907932831
0.6771858714533874
0.678343949044586
0.7984944991314418
0.7446438911407064
0.7785176606832658
0.768384481760278
0.7026635784597568
0.821656050955414
0.7099015634047481
0.7539085118702953
0.7180081065431384
0.8002316155182397
0.8123914302258252
0.7269832078749277
0.8503184713375797
0.1667631731325999
0.7156919513607412
0.767515923566879
0.896641574985524
0.746670526925304
0.18702953097857555
0.7232194557035322
0.8031268094962363
0.7770700636942676
0.7993630573248408
0.7295888824551245
0.7090330052113492
0.8193398957730168
0.8245512449334106
0.8540822235089751
0.8002316155182397
0.7880718008106543
0.6936884771279676
0.7379849449913144
0.8138390272148234
0.7588303416328894
0.7582513028372901
0.6728430804863926
0.6030689056166764
0.7469600463231036
0.7243775332947308
0.8659525188187609
0.8517660683265779
0.8390272148233932
0.7793862188766647
0.7996525767226405
0.7895193977996525
0.7321945570353213
0.7987840185292414
0.8144180660104227
0.14968152866242038
0.7087434858135495
0.761725535610886
0.8164447017950203
0.7220613781123335
0.7313259988419224
0.8126809496236248
0.7669368847712796
0.6198610306890562
0.8077591198610307
0.8100752750434279
0.787492762015055
0.7553561088592936
0.7866242038216561
0.7707006369426752
0.7764910248986682
0.685002895193978
0.7672264041690793
0.8639258830341633
0.8277359583092068
0.7814128546612623
0.7481181239143022
0.8474232773595831
0.7793862188766647
0.8572669368847713
0.8618992472495657
0.6569195136074117
0.6988998262883613
0.7898089171974523
0.8028372900984366
0.7640416907932831
0.7278517660683266
0.731615518239722
0.7649102489866821
0.6621308627678054
0.6905037637521714
0.8937463810075275
0.7246670526925304
0.7654892877822814
0.8931673422119282
0.7539085118702953
0.8161551823972206
0.6902142443543717
0.8248407643312102
0.7029530978575564
0.7628836132020845
0.7970469021424436
0.7521713954834974
0.7455124493341054
0.157498552403011
0.7226404169079328
0.8170237405906196
0.8231036479444123
0.8836132020845396
0.7420382165605095
0.6777649102489867
0.827446438911407
0.7594093804284887
0.8245512449334106
0.8257093225246092
0.7458019687319051
0.8314997104806022
0.7872032426172554
0.7779386218876665
0.6653155761436016
0.781702374059062
0.6563404748118123
0.7484076433121019
0.7301679212507238
0.7840185292414592
0.7099015634047481
0.8688477127967574
0.7709901563404749
0.8471337579617835
0.7866242038216561
0.7857556456282571
0.7177185871453388
0.7727272727272727
0.8367110596409959
0.7738853503184714
0.7463810075275044
0.8410538506079908
0.6068326577880718
0.7837290098436596
0.809206716850029
0.7727272727272727
0.5512449334105385
0.7793862188766647
0.7518818760856978
0.7793862188766647
0.7724377533294731
0.7796757382744643
0.7136653155761437
0.7938621887666474
0.25969889982628835
0.7188766647365373
0.7206137811233353
0.7194557035321366
0.7455124493341054
0.6522872032426172
0.16213086276780544
0.7860451650260567
0.814997104806022
0.8086276780544297
0.7023740590619572
0.6077012159814708
0.8288940359004053
0.2906774753908512
0.15402431962941518
0.7854661262304574
0.7837290098436596
0.7596988998262884
0.7275622466705269
0.7637521713954835
0.8176027793862188
0.7770700636942676
0.7860451650260567
0.7753329473074696
0.780833815865663
0.7857556456282571
0.8060220034742328
0.6126230457440649
0.6438911407064273
0.7243775332947308
0.7255356108859293
0.827446438911407
0.7929936305732485
0.27070063694267515
0.7556456282570932
0.9490445859872612
0.8442385639837869
0.8152866242038217
0.8094962362478286
0.7521713954834974
0.8902721482339316
0.7211928199189346
0.6378112333526347
0.7240880138969311
0.7982049797336421
0.8497394325419804
0.8060220034742328
0.7924145917776491
0.7290098436595251
0.644180660104227
0.7585408222350898
0.7521713954834974
0.294151708164447
0.7848870874348581
0.7591198610306891
0.7275622466705269
0.6890561667631732
0.6592356687898089
0.3089171974522293
0.7814128546612623
0.6806601042269832
0.7301679212507238
0.8477127967573828
0.7562246670526925
0.6577880718008107
0.7507237984944991
0.6624203821656051
0.7912565141864505
0.8002316155182397
0.7475390851187029
0.8824551244933411
0.7472495657209033
0.7498552403011002
0.7078749276201506
0.8239722061378112
0.8135495078170237
0.6933989577301679
0.7518818760856978
0.8210770121598147
0.7990735379270412
0.7686740011580776
0.7255356108859293
0.8094962362478286
0.7217718587145339
0.8578459756803706
0.7017950202663579
0.7307469600463231
0.6997683844817603
0.602489866821077
0.8925883034163289
0.7767805442964678
0.7310364794441228
0.7374059061957151
0.7119281991893457
0.7423277359583093
0.8471337579617835
0.7214823393167342
0.7605674580196873
0.8045744064852345
0.8236826867400115
0.7388535031847133
0.7510133178922987
0.7443543717429068
0.6757382744643892
0.761725535610886
0.7411696583671106
0.7802547770700637
0.5292414591777649
0.7796757382744643
0.8109438332368268
0.7012159814707586
0.7313259988419224
0.64997104806022
0.7909669947886508
0.7579617834394905
0.7990735379270412
0.7162709901563404
0.6748697162709901
0.7802547770700637
0.8928778228141285
0.7307469600463231
0.7724377533294731
0.8173132599884192
0.8106543138390272
0.7877822814128547
0.6285466126230458
0.7388535031847133
0.80833815865663
0.6789229878401853
0.5720903300521135
0.8807180081065431
0.7788071800810654
0.8572669368847713
0.7825709322524609
0.8097857556456283
0.7828604516502605
0.780833815865663
0.7834394904458599
0.7290098436595251
0.7834394904458599
0.7845975680370585
0.7472495657209033
0.73335263462652
0.7414591777649102
0.7321945570353213
0.746670526925304
0.80833815865663
0.6563404748118123
0.8480023161551824
0.795020266357846
0.6514186450492183
0.7877822814128547
0.8193398957730168
0.822524609148813
0.7113491603937464
0.7243775332947308
0.7547770700636943
0.6580775911986103
0.7625940938042849
0.7035321366531557
0.7272727272727273
0.7342211928199189
0.7090330052113492
0.6933989577301679
0.7353792704111175
0.7562246670526925
0.7348002316155182
0.602489866821077
0.7145338737695426
0.849160393746381
0.744933410538506
0.9021424435437174
0.7498552403011002
0.7553561088592936
0.25188187608569773
0.8456861609727852
0.7811233352634627
0.6887666473653735
0.15402431962941518
0.7912565141864505
0.7877822814128547
0.7223508975101331
0.8401852924145917
0.7982049797336421
0.8037058482918356
0.7866242038216561
0.6572090330052114
0.7987840185292414
0.8508975101331789
0.6346265199768385
0.7434858135495078
0.6540243196294152
0.27243775332947306
0.73335263462652
0.7162709901563404
0.7753329473074696
0.7151129125651419
0.32078749276201507
0.7698320787492762
0.7203242617255357
0.7553561088592936
0.29154603358425013
0.7602779386218876
0.8474232773595831
0.7643312101910829
0.8231036479444123
0.7712796757382745
0.6551823972206138
0.801679212507238
0.7348002316155182
0.7220613781123335
0.7620150550086856
0.8060220034742328
0.8213665315576144
0.779965257672264
0.6800810654313839
0.890851187029531
0.7310364794441228
0.8245512449334106
0.7805442964678634
0.8042848870874348
0.7620150550086856
0.6948465547191662
0.7788071800810654
0.8865083960625362
0.8063115228720324
0.8998262883613202
0.7822814128546612
0.7012159814707586
0.8173132599884192
0.692530399536769
0.740011580775912
0.8387376954255935
0.822524609148813
0.6543138390272148
0.6980312680949624
0.7026635784597568
0.29704690214244356
0.8396062536189924
0.7837290098436596
0.8390272148233932
0.8294730746960046
0.6980312680949624
0.6826867400115808
0.8051534452808338
0.697452229299363
0.773306311522872
0.64997104806022
0.7631731325998842
0.7689635205558772
0.7854661262304574
0.6268094962362478
0.5952518818760857
0.7845975680370585
0.7695425593514765
0.6928199189345686
0.7356687898089171
0.7197452229299363
0.7426172553561089
0.6117544875506659
0.6771858714533874
0.7307469600463231
0.7643312101910829
0.8144180660104227
0.6890561667631732
0.7547770700636943
0.7747539085118703
0.7278517660683266
0.8451071221771859
0.8005211349160394
0.7779386218876665
0.7918355529820498
0.8812970469021424
0.7397220613781124
0.7177185871453388
0.6447596988998263
0.7130862767805443
0.76664736537348
0.8419224088013897
0.7628836132020845
0.8320787492762015
0.8173132599884192
0.8161551823972206
0.7295888824551245
0.711638679791546
0.6719745222929936
0.8239722061378112
0.7055587724377533
0.7764910248986682
0.8054429646786335
0.7359583092067169
0.8314997104806022
0.7947307469600463
0.8587145338737695
0.7608569774174869
0.7663578459756804
0.7773595830920672
0.780833815865663
0.7643312101910829
0.6236247828604516
0.30689056166763173
0.7130862767805443
0.9134337000579039
0.7686740011580776
0.7568037058482918
0.7544875506658946
0.8248407643312102
0.7264041690793284
0.6896352055587724
0.809206716850029
0.7594093804284887
0.7009264620729588
0.6447596988998263
0.6305732484076433
0.6198610306890562
0.27012159814707587
0.2515923566878981
0.781702374059062
0.7478286045165026
0.77504342790967
0.8674001158077591
0.7663578459756804
0.7814128546612623
0.6673422119281992
0.7805442964678634
0.719166184134337
0.6207295888824551
0.6745801968731905
0.767515923566879
0.7973364215402432
0.7209033005211349
0.2831499710480602
0.7921250723798494
0.72495657209033
0.7348002316155182
0.7929936305732485
0.6948465547191662
0.7495657209033005
0.7434858135495078
0.7093225246091488
0.7006369426751592
0.7709901563404749
0.6676317313259988
0.7576722640416907
0.697452229299363
0.6375217139548349
0.7000579038795599
0.7272727272727273
0.801679212507238
0.7843080486392588
0.7735958309206716
0.8005211349160394
0.8387376954255935
0.7863346844238563
0.7455124493341054
0.8152866242038217
0.7724377533294731
0.809206716850029
0.7478286045165026
0.8529241459177765
0.848291835552982
0.8740590619571511
0.8957730167921251
0.8595830920671685
0.7501447596988998
0.8063115228720324
0.4140127388535032
0.7779386218876665
0.753329473074696
0.7709901563404749
0.16821077012159816
0.6777649102489867
0.7955993051534452
0.8595830920671685
0.7828604516502605
0.8694267515923567
0.7246670526925304
0.7825709322524609
0.8772437753329473
0.73335263462652
0.7458019687319051
0.6881876085697741
0.7478286045165026
0.8013896931094383
0.7979154603358425
0.8792704111175449
0.7727272727272727
0.7851766068326578
0.7979154603358425
0.820787492762015
0.7376954255935148
0.7880718008106543
0.85002895193978
0.6795020266357846
0.8436595251881877
0.8355529820497973
0.8109438332368268
0.7982049797336421
0.7669368847712796
0.8106543138390272
0.7553561088592936
0.8228141285466126
0.8317892298784019
0.7938621887666474
0.6855819339895773
0.7973364215402432
0.7779386218876665
0.8989577301679212
0.759988419224088
0.8387376954255935
0.7374059061957151
0.7029530978575564
0.7472495657209033
0.2521713954834974
0.6951360741169659
0.7782281412854661
0.7290098436595251
0.744933410538506
0.7298784018529242
0.8448176027793862
0.6679212507237985
0.8928778228141285
0.7793862188766647
0.7553561088592936
0.29878401852924147
0.7845975680370585
0.00028951939779965256
0.8653734800231615
0.6117544875506659
0.7197452229299363
0.8022582513028373
0.7365373480023162
0.8248407643312102
0.8077591198610307
0.8167342211928199
0.827446438911407
0.8578459756803706
0.718297625940938
0.2779386218876665
0.6954255935147655
0.8656629994209613
0.938332368268674
0.7177185871453388
0.7264041690793284
0.2924145917776491
0.7348002316155182
0.7744643891140707
0.7237984944991315
0.8228141285466126
0.8494499131441806
0.7113491603937464
0.7544875506658946
0.6766068326577881
0.7843080486392588
0.861609727851766
0.753329473074696
0.7501447596988998
0.678343949044586
0.7634626519976838
0.7915460335842501
0.6855819339895773
0.6407064273306311
0.7330631152287204
0.8176027793862188
0.7559351476548929
0.7724377533294731
0.7429067747539085
0.2802547770700637
0.6349160393746381
0.7151129125651419
0.7301679212507238
0.7455124493341054
0.8320787492762015
0.7900984365952519
0.8384481760277939
0.7342211928199189
0.7854661262304574
0.7093225246091488
0.645049218297626
0.8257093225246092
0.6169658367110596
0.7819918934568616
0.731615518239722
0.8097857556456283
0.7709901563404749
0.8039953676896352
0.6137811233352635
0.744933410538506
0.7623045744064852
0.7539085118702953
0.2582513028372901
0.7113491603937464
0.8184713375796179
0.9186450492182976
0.7614360162130863
0.8115228720324261
0.7993630573248408
0.6957151129125652
0.8231036479444123
0.7553561088592936
0.8595830920671685
0.7924145917776491
0.8894035900405327
0.6988998262883613
0.7478286045165026
0.8532136653155762
0.9360162130862768
0.8231036479444123
0.7084539664157499
0.774174869716271
0.6624203821656051
0.7385639837869137
0.7915460335842501
0.7284308048639259
0.6977417486971627
0.5961204400694846
0.8164447017950203
0.8711638679791546
0.7469600463231036
0.8474232773595831
0.7672264041690793
0.7623045744064852
0.7440648523451071
0.7122177185871453
0.8115228720324261
0.795020266357846
0.6728430804863926
0.8045744064852345
0.7345107122177186
0.6815286624203821
0.8827446438911407
0.6960046323103648
0.8839027214823393
0.801679212507238
0.7651997683844818
0.6734221192819919
0.8054429646786335
0.7460914881297047
0.7484076433121019
0.6644470179502027
0.809206716850029
0.7938621887666474
0.861609727851766
0.7805442964678634
0.7498552403011002
0.29009843659525186
0.6528662420382165
0.7217718587145339
0.7223508975101331
0.8031268094962363
0.6881876085697741
0.809206716850029
0.7362478286045165
0.7026635784597568
0.024898668210770122
0.685002895193978
0.7032426172553561
0.7541980312680949
0.7017950202663579
0.6493920092646207
0.73335263462652
0.7547770700636943
0.7385639837869137
0.8960625361899247
0.6922408801389693
0.7145338737695426
0.7987840185292414
0.807469600463231
0.7715691951360741
0.7996525767226405
0.76664736537348
0.6476548928778229
0.7909669947886508
0.8193398957730168
0.7877822814128547
0.8685581933989577
0.7932831499710481
0.7156919513607412
0.76664736537348
0.7654892877822814
0.3161551823972206
0.9073537927041112
0.7206137811233353
0.809206716850029
0.11030689056166763
0.8584250144759699
0.8031268094962363
0.7785176606832658
0.7623045744064852
0.7854661262304574
0.8086276780544297
0.42530399536768965
0.8228141285466126
0.9232773595830921
0.6997683844817603
0.9018529241459178
0.7724377533294731
0.7405906195715113
0.7672264041690793
0.7727272727272727
0.2854661262304574
0.7507237984944991
0.801679212507238
0.7484076433121019
0.8019687319050376
0.7287203242617255
0.7223508975101331
0.835842501447597
0.7570932252460915
0.7880718008106543
0.7651997683844818
0.7643312101910829
0.800810654313839
0.7582513028372901
0.8312101910828026
0.7518818760856978
0.7376954255935148
0.7709901563404749
0.11754487550665894
0.7747539085118703
0.8135495078170237
0.7678054429646787
0.31412854661262307
0.7973364215402432
0.7785176606832658
0.7718587145338738
0.8372900984365953
0.8144180660104227
0.7478286045165026
0.7906774753908512
0.6172553561088593
0.6902142443543717
0.8592935726693689
0.9322524609148813
0.7770700636942676
0.6557614360162131
0.7623045744064852
0.7426172553561089
0.7194557035321366
0.8442385639837869
0.7275622466705269
0.8439490445859873
0.7061378112333526
0.8080486392588303
0.8326577880718008
0.685871453387377
0.8575564562825709
0.7252460914881297
0.7252460914881297
0.8228141285466126
0.7892298784018529
0.746670526925304
0.794151708164447
0.6954255935147655
0.8045744064852345
0.7982049797336421
0.7527504342790967
0.7414591777649102
0.8595830920671685
0.8494499131441806
0.6960046323103648
0.7171395483497395
0.8494499131441806
0.7915460335842501
0.779965257672264
0.6806601042269832
0.8477127967573828
0.7498552403011002
0.8112333526346265
0.8037058482918356
0.8138390272148234
0.7987840185292414
0.6279675738274464
0.11986103068905617
0.7180081065431384
0.8152866242038217
0.301679212507238
0.903300521134916
0.2460914881297047
0.8520555877243775
0.8135495078170237
0.809206716850029
0.9012738853503185
0.815865662999421
0.7987840185292414
0.8587145338737695
0.815865662999421
0.7866242038216561
0.7872032426172554
0.8103647944412276
0.8042848870874348
0.7872032426172554
0.7680949623624783
0.8335263462651997
0.7964678633468443
0.7524609148812971
0.7898089171974523
0.8508975101331789
0.6870295309785756
0.821656050955414
0.8526346265199768
0.6050955414012739
0.7756224667052692
0.8508975101331789
0.8132599884192241
0.7142443543717429
0.7892298784018529
0.8867979154603358
0.8126809496236248
0.8314997104806022
0.8248407643312102
0.8231036479444123
0.7938621887666474
0.7721482339316734
0.7301679212507238
0.8115228720324261
0.7570932252460915
0.8555298204979733
0.6826867400115808
0.7756224667052692
0.6902142443543717
0.8445280833815866
0.7680949623624783
0.814997104806022
0.809206716850029
0.7217718587145339
0.780833815865663
0.8257093225246092
0.8940359004053272
0.7602779386218876
0.7211928199189346
0.7967573827446439
0.8228141285466126
0.8610306890561668
0.8248407643312102
0.7585408222350898
0.6919513607411697
0.8063115228720324
0.7046902142443544
0.8152866242038217
0.7811233352634627
0.7356687898089171
0.6922408801389693
0.918355529820498
0.7168500289519398
0.6847133757961783
0.7136653155761437
0.6279675738274464
0.779965257672264
0.7348002316155182
0.712507237984945
0.7203242617255357
0.8514765489287782
0.7582513028372901
0.1702374059061957
0.6632889403590041
0.814997104806022
0.6896352055587724
0.7020845396641575
0.7889403590040532
0.8103647944412276
0.7802547770700637
0.7935726693688477
0.8856398378691372
0.7788071800810654
0.8398957730167921
0.7929936305732485
0.7420382165605095
0.8451071221771859
0.9021424435437174
0.795020266357846
0.7541980312680949
0.7596988998262884
0.7594093804284887
0.5848291835552982
0.7510133178922987
0.7570932252460915
0.7556456282570932
0.7628836132020845
0.848291835552982
0.7738853503184714
0.5993051534452808
0.29936305732484075
0.6962941517081644
0.5671685002895194
0.7431962941517082
0.7087434858135495
0.7796757382744643
0.809206716850029
0.767515923566879
0.7365373480023162
0.7811233352634627
0.64997104806022
0.780833815865663
0.8393167342211928
0.8312101910828026
0.7319050376375217
0.29444122756224667
0.8005211349160394
0.781702374059062
0.8115228720324261
0.809206716850029
0.8196294151708164
0.8697162709901564
0.690793283149971
0.7730167921250723
0.7932831499710481
0.8844817602779386
0.7113491603937464
0.7061378112333526
0.815865662999421
0.643312101910828
0.8132599884192241
0.29444122756224667
0.7851766068326578
0.8836132020845396
0.8401852924145917
0.8659525188187609
0.8972206137811234
0.7970469021424436
0.8103647944412276
0.8317892298784019
0.7953097857556456
0.794151708164447
0.6800810654313839
0.704111175448755
0.7730167921250723
0.8045744064852345
0.8297625940938043
0.7747539085118703
0.7764910248986682
0.7779386218876665
0.7310364794441228
0.672553561088593
0.7481181239143022
0.7594093804284887
0.8213665315576144
0.8126809496236248
0.7194557035321366
0.7321945570353213
0.6485234510712218
0.7976259409380428
0.7084539664157499
0.8094962362478286
0.8222350897510133
0.8144180660104227
0.7301679212507238
0.8294730746960046
0.781702374059062
0.725825130283729
0.7999420961204401
0.6890561667631732
0.8320787492762015
0.7625940938042849
0.7779386218876665
0.7061378112333526
0.7539085118702953
0.7790966994788651
0.7397220613781124
0.7246670526925304
0.8233931673422119
0.7773595830920672
0.7863346844238563
0.7898089171974523
0.7246670526925304
0.30428488708743484
0.8022582513028373
0.8323682686740012
0.7162709901563404
0.7822814128546612
0.802547770700637
0.6962941517081644
0.7620150550086856
0.822524609148813
0.6108859293572669
0.7510133178922987
0.8702953097857556
0.7880718008106543
0.8123914302258252
0.815865662999421
0.72495657209033
0.6962941517081644
0.7718587145338738
0.7414591777649102
0.7113491603937464
0.7304574406485235
0.7127967573827446
0.8167342211928199
0.7730167921250723
0.7481181239143022
0.7151129125651419
0.7350897510133179
0.8642154024319629
0.809206716850029
0.7782281412854661
0.84163288940359
0.7776491024898669
0.8329473074696004
0.8132599884192241
0.768384481760278
0.8630573248407644
0.7880718008106543
0.8164447017950203
0.6913723219455703
0.9192240880138969
0.6852924145917777
0.7087434858135495
0.6939779965257672
0.7475390851187029
0.7408801389693109
0.7524609148812971
0.7811233352634627
0.589171974522293
0.8233931673422119
0.719166184134337
0.7776491024898669
0.7203242617255357
0.7180081065431384
0.6751592356687898
0.822524609148813
0.8480023161551824
0.8268674001158077
0.7507237984944991
0.7999420961204401
0.7093225246091488
0.6786334684423856
0.718297625940938
0.7585408222350898
0.7990735379270412
0.7110596409959468
0.8607411696583671
0.8410538506079908
0.7472495657209033
0.7565141864504922
0.8390272148233932
0.7605674580196873
0.8097857556456283
0.8795599305153445
0.7886508396062536
0.815865662999421
0.753329473074696
0.7446438911407064
0.7518818760856978
0.7898089171974523
0.7119281991893457
0.7932831499710481
0.7313259988419224
0.7492762015055009
0.6936884771279676
0.8199189345686161
0.7704111175448755
0.7185871453387377
0.7880718008106543
0.7811233352634627
0.7562246670526925
0.7330631152287204
0.7003474232773595
0.7565141864504922
0.6572090330052114
0.7762015055008685
0.7524609148812971
0.8190503763752172
0.7869137232194557
0.8242617255356108
0.9070642733063116
0.7932831499710481
0.7136653155761437
0.7513028372900984
0.8112333526346265
0.8144180660104227
0.6980312680949624
0.7431962941517082
0.809206716850029
0.876664736537348
0.7790966994788651
0.8370005790387955
0.7032426172553561
0.7486971627099016
0.7541980312680949
0.7159814707585408
0.8286045165026057
0.8161551823972206
0.7843080486392588
0.8642154024319629
0.7654892877822814
0.6933989577301679
0.6528662420382165
0.8960625361899247
0.6997683844817603
0.7643312101910829
0.8002316155182397
0.8624782860451651
0.7243775332947308
0.848291835552982
0.4348581354950782
0.7631731325998842
0.6812391430225825
0.7142443543717429
0.8401852924145917
0.6352055587724378
0.8144180660104227
0.7510133178922987
0.7414591777649102
0.8642154024319629
0.7947307469600463
0.7032426172553561
0.30428488708743484
0.6653155761436016
0.6913723219455703
0.5248986682107701
0.8755066589461494
0.6913723219455703
0.767515923566879
0.7646207295888825
0.6685002895193978
0.76664736537348
0.8037058482918356
0.7912565141864505
0.7976259409380428
0.8427909669947886
0.7446438911407064
0.7805442964678634
0.6818181818181818
0.6852924145917777
0.7484076433121019
0.8115228720324261
0.8077591198610307
0.7857556456282571
0.7298784018529242
0.8537927041111755
0.8204979733642154
0.725825130283729
0.8173132599884192
0.7220613781123335
0.7793862188766647
0.7730167921250723
0.7669368847712796
0.2938621887666474
0.7643312101910829
0.780833815865663
0.7695425593514765
0.7796757382744643
0.9038795599305154
0.8219455703532137
0.8401852924145917
0.8607411696583671
0.9024319629415171
0.8288940359004053
0.7437753329473075
0.8372900984365953
0.889982628836132
0.7811233352634627
0.6603937463810076
0.8193398957730168
0.7596988998262884
0.8708743485813549
0.7272727272727273
0.7368268674001158
0.8280254777070064
0.829183555298205
0.711638679791546
0.738274464389114
0.7417486971627099
0.7107701215981471
0.6123335263462651
0.7663578459756804
0.8045744064852345
0.7403011001737116
0.7345107122177186
0.7214823393167342
0.7762015055008685
0.7921250723798494
0.8320787492762015
0.7553561088592936
0.7061378112333526
0.7898089171974523
0.671685002895194
0.889982628836132
0.774174869716271
0.8022582513028373
0.8569774174869716
0.8123914302258252
0.8268674001158077
0.7237984944991315
0.8184713375796179
0.753329473074696
0.7903879559930516
0.781702374059062
0.2686740011580776
0.35089751013317894
0.8057324840764332
0.861609727851766
0.7785176606832658
0.7345107122177186
0.7180081065431384
0.7999420961204401
0.6430225825130284
0.6766068326577881
0.25854082223508973
0.7840185292414592
0.7269832078749277
0.7715691951360741
0.7802547770700637
0.7822814128546612
0.7232194557035322
0.835842501447597
0.6968731905037637
0.7171395483497395
0.7903879559930516
0.7738853503184714
0.7857556456282571
0.6887666473653735
0.8372900984365953
0.22872032426172553
0.719166184134337
0.8242617255356108
0.7376954255935148
0.8636363636363636
0.7498552403011002
0.6864504921829763
0.7475390851187029
0.7718587145338738
0.6971627099015634
0.6922408801389693
0.7029530978575564
0.7568037058482918
0.767515923566879
0.7455124493341054
0.8097857556456283
0.7970469021424436
0.7573827446438911
0.6905037637521714
0.7834394904458599
0.8630573248407644
0.9302258251302837
0.7078749276201506
0.8037058482918356
0.6462072958888245
0.8343949044585988
0.6829762594093804
0.898378691372322
0.794151708164447
0.7397220613781124
0.7596988998262884
0.7313259988419224
0.8430804863925883
0.7921250723798494
0.8830341632889404
0.8039953676896352
0.8453966415749855
0.8563983786913724
0.7530399536768964
0.7310364794441228
0.8830341632889404
0.7605674580196873
0.2880718008106543
0.8977996525767227
0.6855819339895773
0.7984944991314418
0.7458019687319051
0.7576722640416907
0.868268674001158
0.7246670526925304
0.7527504342790967
0.7788071800810654
0.8138390272148234
0.8037058482918356
0.2889403590040533
0.6962941517081644
0.8277359583092068
0.8037058482918356
0.5940938042848871
0.9111175448755067
0.7860451650260567
0.8123914302258252
0.7518818760856978
0.7611464968152867
0.8236826867400115
0.7802547770700637
0.8506079907353793
0.815865662999421
0.7217718587145339
0.7321945570353213
0.6771858714533874
0.6809496236247828
0.699189345686161
0.8442385639837869
0.807469600463231
0.8329473074696004
0.726693688477128
0.7434858135495078
0.8233931673422119
0.7906774753908512
0.8300521134916039
0.7898089171974523
0.7793862188766647
0.8011001737116387
0.7947307469600463
0.76664736537348
0.8213665315576144
0.8468442385639838
0.8077591198610307
0.6893456861609728
0.8717429067747539
0.7863346844238563
0.80833815865663
0.6864504921829763
0.7851766068326578
0.8147075854082223
0.8031268094962363
0.7764910248986682
0.6780544296467863
0.7472495657209033
0.7223508975101331
0.7154024319629415
0.7003474232773595
0.8618992472495657
0.7475390851187029
0.26230457440648525
0.7515923566878981
0.7944412275622467
0.794151708164447
0.7536189924724956
0.7724377533294731
0.7348002316155182
0.8028372900984366
0.712507237984945
0.6690793283149971
0.6864504921829763
0.6933989577301679
0.8126809496236248
0.2718587145338738
0.8951939779965258
0.7504342790966995
0.8176027793862188
0.7020845396641575
0.22698320787492762
0.2845975680370585
0.7510133178922987
0.8121019108280255
0.698320787492762
0.7287203242617255
0.7243775332947308
0.7657788071800811
0.6826867400115808
0.8077591198610307
0.7585408222350898
0.7825709322524609
0.8590040532715691
0.8167342211928199
0.7278517660683266
0.8946149392009265
0.7553561088592936
0.2718587145338738
0.8086276780544297
0.8112333526346265
0.761725535610886
0.794151708164447
0.7374059061957151
0.16531557614360162
0.8572669368847713
0.6253618992472496
0.7811233352634627
0.7709901563404749
0.8404748118123915
0.6942675159235668
0.13896931094383325
0.8618992472495657
0.8115228720324261
0.7649102489866821
0.6870295309785756
0.6838448176027794
0.6569195136074117
0.62507237984945
0.8011001737116387
0.7984944991314418
0.7122177185871453
0.7692530399536769
0.7423277359583093
0.8590040532715691
0.7735958309206716
0.8526346265199768
0.7822814128546612
0.8002316155182397
0.781702374059062
0.834973943254198
0.8115228720324261
0.7455124493341054
0.7376954255935148
0.6514186450492183
0.6795020266357846
0.8497394325419804
0.6103068905616676
0.7287203242617255
0.8190503763752172
0.8844817602779386
0.8071800810654314
0.7929936305732485
0.7348002316155182
0.7591198610306891
0.8265778807180081
0.8561088592935727
0.7536189924724956
0.7802547770700637
0.8430804863925883
0.7101910828025477
0.8445280833815866
0.7811233352634627
0.7811233352634627
0.8537927041111755
0.8236826867400115
0.7481181239143022
0.718297625940938
0.7643312101910829
0.7226404169079328
0.7052692530399537
0.7495657209033005
0.699189345686161
0.7261146496815286
0.9024319629415171
0.7863346844238563
0.8671105964099595
0.781702374059062
0.807469600463231
0.8312101910828026
0.7929936305732485
0.8393167342211928
0.781702374059062
0.705848291835553
0.8384481760277939
0.7217718587145339
0.2770700636942675
0.9009843659525189
0.6528662420382165
0.7753329473074696
0.711638679791546
0.8514765489287782
0.712507237984945
0.7620150550086856
0.801679212507238
0.6786334684423856
0.8320787492762015
0.7168500289519398
0.7886508396062536
0.7397220613781124
0.6922408801389693
0.7093225246091488
0.7104806022003475
0.8798494499131442
0.7927041111754487
0.8343949044585988
0.7672264041690793
0.8236826867400115
0.7811233352634627
0.8885350318471338
0.7651997683844818
0.7568037058482918
0.6546033584250145
0.7724377533294731
0.7822814128546612
0.8404748118123915
0.7814128546612623
0.725825130283729
0.7229299363057324
0.7547770700636943
0.8590040532715691
0.5524030110017372
0.8147075854082223
0.8555298204979733
0.6745801968731905
0.7017950202663579
0.7770700636942676
0.7287203242617255
0.8474232773595831
0.6890561667631732
0.7709901563404749
0.7139548349739433
0.6624203821656051
0.8951939779965258
0.7790966994788651
0.7559351476548929
0.8068905616676317
0.8555298204979733
0.7437753329473075
0.7151129125651419
0.7492762015055009
0.6948465547191662
0.8384481760277939
0.814128546612623
0.8943254198031269
0.861609727851766
0.6986103068905617
0.8844817602779386
0.29009843659525186
0.7235089751013318
0.3013896931094383
0.7547770700636943
0.6812391430225825
0.8057324840764332
0.650839606253619
0.814997104806022
0.6948465547191662
0.7982049797336421
0.8028372900984366
0.7507237984944991
0.8097857556456283
0.7350897510133179
0.7003474232773595
0.8468442385639838
0.15460335842501446
0.6873190503763752
0.6931094383323683
0.7394325419803127
0.7455124493341054
0.732484076433121
0.7255356108859293
0.7235089751013318
0.7895193977996525
0.8254198031268095
0.7631731325998842
0.855819339895773
0.18181818181818182
0.7185871453387377
0.20411117544875507
0.7857556456282571
0.7987840185292414
0.8361320208453966
0.8190503763752172
0.7423277359583093
0.2625940938042849
0.7701215981470758
0.8144180660104227
0.7359583092067169
0.7562246670526925
0.8193398957730168
0.7486971627099016
0.7304574406485235
0.8503184713375797
0.8167342211928199
0.7489866821077013
0.7961783439490446
0.8100752750434279
0.8071800810654314
0.7081644470179502
0.7026635784597568
0.7348002316155182
0.8005211349160394
0.6624203821656051
0.7657788071800811
0.7747539085118703
0.8436595251881877
0.7032426172553561
0.7556456282570932
0.842501447596989
0.8309206716850029
0.7301679212507238
0.8459756803705848
0.8786913723219456
0.7559351476548929
0.7987840185292414
0.6994788650839606
0.7443543717429068
0.8381586566299942
0.801679212507238
0.7602779386218876
0.6456282570932252
0.809206716850029
0.744933410538506
0.7292993630573248
0.7906774753908512
0.6505500868558194
0.7127967573827446
0.6815286624203821
0.861609727851766
0.7154024319629415
0.7518818760856978
0.7718587145338738
0.6997683844817603
0.7156919513607412
0.7524609148812971
0.684134337000579
0.3089171974522293
0.8228141285466126
0.6586566299942096
0.8581354950781702
0.7099015634047481
0.7168500289519398
0.7492762015055009
0.7368268674001158
0.7680949623624783
0.72495657209033
0.8949044585987261
0.7295888824551245
0.7747539085118703
0.8097857556456283
0.7646207295888825
0.7350897510133179
0.6722640416907932
0.7376954255935148
0.7524609148812971
0.6994788650839606
0.24811812391430227
0.7964678633468443
0.17197452229299362
0.8459756803705848
0.6580775911986103
0.7854661262304574
0.774174869716271
0.8723219455703533
0.8297625940938043
0.7857556456282571
0.8184713375796179
0.7680949623624783
0.13144180660104227
0.7912565141864505
0.8173132599884192
0.7756224667052692
0.80833815865663
0.6965836711059641
0.8294730746960046
0.8343949044585988
0.698320787492762
0.7935726693688477
0.7721482339316734
0.5665894614939201
0.7394325419803127
0.7678054429646787
0.6913723219455703
0.5220034742327736
0.8329473074696004
0.7588303416328894
0.7492762015055009
0.6768963520555877
0.7947307469600463
0.7796757382744643
0.768384481760278
0.8341053850607991
0.8132599884192241
0.8126809496236248
0.8943254198031269
0.6745801968731905
0.7776491024898669
0.8138390272148234
0.9160393746381007
0.7385639837869137
0.774174869716271
0.7996525767226405
0.781702374059062
0.7848870874348581
0.8176027793862188
0.7541980312680949
0.7828604516502605
0.7365373480023162
0.6713954834973943
0.7903879559930516
0.7927041111754487
0.7452229299363057
0.7727272727272727
0.7559351476548929
0.755066589461494
0.7162709901563404
0.7168500289519398
0.8042848870874348
0.7903879559930516
0.732484076433121
0.7536189924724956
0.7863346844238563
0.7608569774174869
0.911696583671106
0.692530399536769
0.7261146496815286
0.868268674001158
0.7565141864504922
0.699189345686161
0.7110596409959468
0.6629994209612045
0.7602779386218876
0.7287203242617255
0.767515923566879
0.7614360162130863
0.2831499710480602
0.726693688477128
0.7938621887666474
0.8856398378691372
0.7281412854661262
0.7932831499710481
0.7857556456282571
0.30833815865663
0.8152866242038217
0.800810654313839
0.8210770121598147
0.7261146496815286
0.8401852924145917
0.7504342790966995
0.7127967573827446
0.7570932252460915
0.5993051534452808
0.7669368847712796
0.8228141285466126
0.822524609148813
0.7113491603937464
0.755066589461494
0.718297625940938
0.807469600463231
0.7009264620729588
0.7246670526925304
0.801679212507238
0.6603937463810076
0.7026635784597568
0.8526346265199768
0.8810075275043427
0.6114649681528662
0.7895193977996525
0.8789808917197452
0.8688477127967574
0.7255356108859293
0.6615518239722061
0.8384481760277939
0.8781123335263462
0.8129704690214244
0.7290098436595251
0.719166184134337
0.8100752750434279
0.7081644470179502
0.7443543717429068
0.6687898089171974
0.2996525767226404
0.7203242617255357
0.795020266357846
0.7623045744064852
0.7070063694267515
0.9253039953676896
0.855819339895773
0.761725535610886
0.7793862188766647
0.7947307469600463
0.7845975680370585
0.7070063694267515
0.8031268094962363
0.8288940359004053
0.7712796757382745
0.6870295309785756
0.5466126230457441
0.7443543717429068
0.7023740590619572
0.7313259988419224
0.7232194557035322
0.33005211349160396
0.7762015055008685
0.7912565141864505
0.781702374059062
0.6392588303416329
0.7886508396062536
0.7585408222350898
0.7562246670526925
0.7764910248986682
0.9047481181239143
0.8451071221771859
0.7000579038795599
0.21656050955414013
0.9122756224667052
0.8951939779965258
0.7232194557035322
0.8071800810654314
0.8326577880718008
0.6957151129125652
0.7582513028372901
0.7492762015055009
0.6522872032426172
0.8251302837290099
0.8317892298784019
0.7848870874348581
0.6658946149392009
0.8714533873769542
0.7443543717429068
0.8063115228720324
0.27388535031847133
0.6922408801389693
0.7759119861030689
0.698320787492762
0.7898089171974523
0.7269832078749277
0.7374059061957151
0.795020266357846
0.8063115228720324
0.80833815865663
0.678343949044586
0.6893456861609728
0.7038216560509554
0.5344528083381587
0.6899247249565721
0.7912565141864505
0.7631731325998842
0.7669368847712796
0.8954834973943254
0.6511291256514187
0.24522292993630573
0.7501447596988998
0.8986682107701216
0.7023740590619572
0.744933410538506
0.767515923566879
0.9585987261146497
0.7440648523451071
0.7411696583671106
0.7637521713954835
0.746670526925304
0.8126809496236248
0.8364215402431963
0.802547770700637
0.5972785176606833
0.8922987840185292
0.761725535610886
0.7990735379270412
0.7353792704111175
0.7689635205558772
0.8332368268674001
0.7139548349739433
0.6873190503763752
0.7698320787492762
0.8674001158077591
0.7156919513607412
0.7877822814128547
0.6427330631152287
0.685871453387377
0.8561088592935727
0.781702374059062
0.15460335842501446
0.7698320787492762
0.7625940938042849
0.7900984365952519
0.7365373480023162
0.6968731905037637
0.6742906774753908
0.787492762015055
0.7220613781123335
0.6476548928778229
0.7275622466705269
0.7359583092067169
0.6768963520555877
0.7863346844238563
0.7151129125651419
0.2912565141864505
0.7217718587145339
0.8262883613202084
0.7848870874348581
0.720034742327736
0.7159814707585408
0.8355529820497973
0.7834394904458599
0.761725535610886
0.7565141864504922
0.7562246670526925
0.7568037058482918
0.7307469600463231
0.7672264041690793
0.7877822814128547
0.7405906195715113
0.8343949044585988
0.718297625940938
0.8080486392588303
0.8002316155182397
0.7715691951360741
0.712507237984945
0.6823972206137812
0.2747539085118703
0.11522872032426172
0.7321945570353213
0.8674001158077591
0.7295888824551245
0.6928199189345686
0.8598726114649682
0.7107701215981471
0.8361320208453966
0.795020266357846
0.7918355529820498
0.7909669947886508
0.7938621887666474
0.6826867400115808
0.6962941517081644
0.25796178343949044
0.7484076433121019
0.7837290098436596
0.7759119861030689
0.7544875506658946
0.679212507237985
0.7834394904458599
0.6977417486971627
0.8508975101331789
0.7814128546612623
0.7895193977996525
0.704111175448755
0.7776491024898669
0.8161551823972206
0.7976259409380428
0.7903879559930516
0.7003474232773595
0.9438332368268674
0.7310364794441228
0.679212507237985
0.7307469600463231
0.8798494499131442
0.8019687319050376
0.697452229299363
0.7437753329473075
0.6971627099015634
0.8694267515923567
0.7594093804284887
0.8639258830341633
0.7539085118702953
0.7443543717429068
0.6537348002316156
0.8312101910828026
0.8714533873769542
0.7310364794441228
0.767515923566879
0.8106543138390272
0.2718587145338738
0.8118123914302259
0.6933989577301679
0.7235089751013318
0.7237984944991315
0.7539085118702953
0.8601621308627678
0.7527504342790967
0.8456861609727852
0.7704111175448755
0.7388535031847133
0.6988998262883613
0.7458019687319051
0.8013896931094383
0.27012159814707587
0.6624203821656051
0.8039953676896352
0.6734221192819919
0.8051534452808338
0.8891140706427331
0.7368268674001158
0.8341053850607991
0.7756224667052692
0.7701215981470758
0.7660683265778807
0.7507237984944991
0.7889403590040532
0.7000579038795599
0.8537927041111755
0.8804284887087435
0.829183555298205
0.7133757961783439
0.7869137232194557
0.685871453387377
0.8204979733642154
0.8561088592935727
0.8665315576143602
0.8022582513028373
0.6977417486971627
0.7709901563404749
0.794151708164447
0.7929936305732485
0.7631731325998842
0.7721482339316734
0.7921250723798494
0.7773595830920672
0.7026635784597568
0.7414591777649102
0.7973364215402432
0.7376954255935148
0.8656629994209613
0.7127967573827446
0.2721482339316734
0.738274464389114
0.8132599884192241
0.7640416907932831
0.7553561088592936
0.8199189345686161
0.6699478865083961
0.7518818760856978
0.17081644470179502
0.6635784597568037
0.7304574406485235
0.815865662999421
0.8378691372321946
0.8578459756803706
0.814997104806022
0.8303416328894035
0.8526346265199768
0.821656050955414
0.7020845396641575
0.7654892877822814
0.7541980312680949
0.1447596988998263
0.7278517660683266
0.2788071800810654
0.7854661262304574
0.6988998262883613
0.6826867400115808
0.8537927041111755
0.7709901563404749
0.7145338737695426
0.8262883613202084
0.7889403590040532
0.657498552403011
0.8398957730167921
0.8051534452808338
0.8213665315576144
0.755066589461494
0.7695425593514765
0.7915460335842501
0.7469600463231036
0.7924145917776491
0.744933410538506
0.7773595830920672
0.8135495078170237
0.6658946149392009
0.7298784018529242
0.7973364215402432
0.7628836132020845
0.8231036479444123
0.7038216560509554
0.685002895193978
0.7889403590040532
0.7434858135495078
0.6933989577301679
0.8184713375796179
0.767515923566879
0.7689635205558772
0.7374059061957151
0.7730167921250723
0.7345107122177186
0.7455124493341054
0.7498552403011002
0.7993630573248408
0.7544875506658946
0.712507237984945
0.794151708164447
0.7489866821077013
0.8598726114649682
0.7562246670526925
0.8094962362478286
0.8037058482918356
0.7530399536768964
0.8862188766647365
0.7304574406485235
0.768384481760278
0.820787492762015
0.7860451650260567
0.8645049218297626
0.8002316155182397
0.8005211349160394
0.677475390851187
0.7492762015055009
0.7762015055008685
0.7046902142443544
0.7929936305732485
0.7999420961204401
0.28604516502605676
0.7446438911407064
0.7023740590619572
0.7394325419803127
0.2735958309206717
0.7513028372900984
0.7481181239143022
0.7420382165605095
0.8364215402431963
0.8465547191661842
0.7620150550086856
0.802547770700637
0.6806601042269832
0.7759119861030689
0.807469600463231
0.8187608569774175
0.8442385639837869
0.7611464968152867
0.7515923566878981
0.7142443543717429
0.7782281412854661
0.8390272148233932
0.6253618992472496
0.7793862188766647
0.8714533873769542
0.8815865662999421
0.7469600463231036
0.7495657209033005
0.7866242038216561
0.7374059061957151
0.7319050376375217
0.7944412275622467
0.835842501447597
0.7301679212507238
0.7686740011580776
0.7220613781123335
0.744933410538506
0.7623045744064852
0.80833815865663
0.8060220034742328
0.7602779386218876
0.890851187029531
0.7643312101910829
0.6986103068905617
0.7385639837869137
0.6899247249565721
0.8037058482918356
0.787492762015055
0.7371163867979155
0.7481181239143022
0.802547770700637
0.7365373480023162
0.7704111175448755
0.7976259409380428
0.7255356108859293
0.7319050376375217
0.7067168500289519
0.7113491603937464
0.8094962362478286
0.7211928199189346
0.7568037058482918
0.7397220613781124
0.6670526925303996
0.7336421540243196
0.6881876085697741
0.8138390272148234
0.7770700636942676
0.8752171395483498
0.8132599884192241
0.6876085697741748
0.7631731325998842
0.7414591777649102
0.7353792704111175
0.7185871453387377
0.27243775332947306
0.7921250723798494
0.8063115228720324
0.8520555877243775
0.7055587724377533
0.7348002316155182
0.8071800810654314
0.19832078749276202
0.7513028372900984
0.8992472495657209
0.17718587145338738
0.7353792704111175
0.7718587145338738
0.8702953097857556
0.33989577301679214
0.7168500289519398
0.8474232773595831
0.8372900984365953
0.726693688477128
0.8841922408801389
0.7819918934568616
0.2709901563404748
0.8060220034742328
0.6705269253039954
0.7698320787492762
0.25477707006369427
0.7307469600463231
0.773306311522872
0.8653734800231615
0.7631731325998842
0.7145338737695426
0.8112333526346265
0.7020845396641575
0.684134337000579
0.7156919513607412
0.6835552982049797
0.6797915460335843
0.7634626519976838
0.7819918934568616
0.738274464389114
0.8089171974522293
0.7078749276201506
0.814997104806022
0.740011580775912
0.7559351476548929
0.7327735958309207
0.8920092646207296
0.7411696583671106
0.8439490445859873
0.7356687898089171
0.7515923566878981
0.7912565141864505
0.7811233352634627
0.6945570353213665
0.7909669947886508
0.8601621308627678
0.16936884771279676
0.7484076433121019
0.7680949623624783
0.8480023161551824
0.7472495657209033
0.6867400115807759
0.7955993051534452
0.9299363057324841
0.7848870874348581
0.7023740590619572
0.7892298784018529
0.7463810075275044
0.8390272148233932
0.1519976838448176
0.7982049797336421
0.848291835552982
0.7608569774174869
0.7678054429646787
0.8042848870874348
0.7845975680370585
0.7898089171974523
0.7463810075275044
0.76664736537348
0.7709901563404749
0.5703532136653156
0.7009264620729588
0.7232194557035322
0.6789229878401853
0.8277359583092068
0.7336421540243196
0.7365373480023162
0.7663578459756804
0.76664736537348
0.24869716270990155
0.7805442964678634
0.7828604516502605
0.7669368847712796
0.7701215981470758
0.8752171395483498
0.7376954255935148
0.7015055008685582
0.7863346844238563
0.8013896931094383
0.7489866821077013
0.7463810075275044
0.7284308048639259
0.8610306890561668
0.8419224088013897
0.8818760856977418
0.7747539085118703
0.7009264620729588
0.8352634626519977
0.8231036479444123
0.8920092646207296
0.7431962941517082
0.7078749276201506
0.6887666473653735
0.7391430225825131
0.77504342790967
0.8144180660104227
0.19253039953676895
0.7692530399536769
0.8236826867400115
0.8361320208453966
0.8792704111175449
0.8300521134916039
0.7246670526925304
0.7101910828025477
0.8155761436016213
0.7770700636942676
0.7197452229299363
0.6114649681528662
0.7536189924724956
0.699189345686161
0.6737116386797916
0.7174290677475391
0.7611464968152867
0.7513028372900984
0.7292993630573248
0.814128546612623
0.8051534452808338
0.2362478286045165
0.6540243196294152
0.7362478286045165
0.8228141285466126
0.6876085697741748
0.8106543138390272
0.6826867400115808
0.7819918934568616
0.2924145917776491
0.843370005790388
0.8323682686740012
0.2686740011580776
0.6711059640995947
0.7877822814128547
0.6988998262883613
0.7194557035321366
0.6997683844817603
0.698320787492762
0.9247249565720903
0.6352055587724378
0.7226404169079328
0.8514765489287782
0.7417486971627099
0.8317892298784019
0.8011001737116387
0.7408801389693109
0.6421540243196294
0.6948465547191662
0.800810654313839
0.8259988419224088
0.8297625940938043
0.6789229878401853
0.7649102489866821
0.7898089171974523
0.7611464968152867
0.9009843659525189
0.6392588303416329
0.7559351476548929
0.7605674580196873
0.8702953097857556
0.7484076433121019
0.7712796757382745
0.8210770121598147
0.753329473074696
0.8103647944412276
0.7168500289519398
0.6363636363636364
0.8121019108280255
0.7689635205558772
0.7961783439490446
0.7101910828025477
0.7371163867979155
0.8448176027793862
0.7837290098436596
0.8561088592935727
0.6821077012159815
0.768384481760278
0.7892298784018529
0.7536189924724956
0.7837290098436596
0.7900984365952519
0.7345107122177186
0.8610306890561668
0.76664736537348
0.8387376954255935
0.6945570353213665
0.7365373480023162
0.8914302258251303
0.7139548349739433
0.8005211349160394
0.14765489287782282
0.6270990156340475
0.7906774753908512
0.7831499710480602
0.8002316155182397
0.834973943254198
0.8193398957730168
0.7993630573248408
0.9351476548928779
0.12594093804284887
0.7460914881297047
0.7628836132020845
0.7099015634047481
0.8262883613202084
0.2979154603358425
0.8668210770121598
0.7029530978575564
0.8245512449334106
0.6844238563983787
0.7591198610306891
0.8338158656629994
0.6957151129125652
0.9270411117544876
0.5874348581354951
0.6771858714533874
0.781702374059062
0.8048639258830341
0.7278517660683266
0.2906774753908512
0.7342211928199189
0.7455124493341054
0.7851766068326578
0.801679212507238
0.814128546612623
0.7429067747539085
0.7075854082223509
0.23219455703532135
0.7484076433121019
0.815865662999421
0.8109438332368268
0.7072958888245513
0.7854661262304574
0.6768963520555877
0.8453966415749855
0.780833815865663
0.6870295309785756
0.6821077012159815
0.878401852924146
0.6957151129125652
0.7127967573827446
0.7701215981470758
0.8375796178343949
0.7440648523451071
0.76664736537348
0.711638679791546
0.7269832078749277
0.8314997104806022
0.7843080486392588
0.7133757961783439
0.7026635784597568
0.7625940938042849
0.8259988419224088
0.6404169079328315
0.8080486392588303
0.8378691372321946
0.9009843659525189
0.7718587145338738
0.7376954255935148
0.7240880138969311
0.7020845396641575
0.6647365373480023
0.7180081065431384
0.788361320208454
0.807469600463231
0.726693688477128
0.8697162709901564
0.8451071221771859
0.7637521713954835
0.8042848870874348
0.7217718587145339
0.8155761436016213
0.8381586566299942
0.8210770121598147
0.8546612623045744
0.267515923566879
0.8126809496236248
0.7426172553561089
0.8254198031268095
0.8048639258830341
0.7979154603358425
0.6884771279675739
0.8144180660104227
0.8132599884192241
0.28604516502605676
0.8865083960625362
0.8152866242038217
0.712507237984945
0.80833815865663
0.7929936305732485
0.7712796757382745
0.6427330631152287
0.6878980891719745
0.8265778807180081
0.7929936305732485
0.8277359583092068
0.6291256514186451
0.7272727272727273
0.7547770700636943
0.8448176027793862
0.7336421540243196
0.7521713954834974
0.30428488708743484
0.8071800810654314
0.7793862188766647
0.6789229878401853
0.807469600463231
0.7967573827446439
0.72495657209033
0.7156919513607412
0.8810075275043427
0.7119281991893457
0.8034163288940359
0.787492762015055
0.8781123335263462
0.7704111175448755
0.6942675159235668
0.26346265199768387
0.7165605095541401
0.7304574406485235
0.6757382744643892
0.7122177185871453
0.6826867400115808
0.690793283149971
0.7779386218876665
0.7243775332947308
0.8451071221771859
0.8954834973943254
0.7209033005211349
0.7127967573827446
0.7814128546612623
0.7819918934568616
0.7631731325998842
0.7657788071800811
0.6766068326577881
0.8963520555877244
0.767515923566879
0.7793862188766647
0.7831499710480602
0.8989577301679212
0.6812391430225825
0.7594093804284887
0.8236826867400115
0.6748697162709901
0.6618413433700058
0.7614360162130863
0.7785176606832658
0.8100752750434279
0.704111175448755
0.8080486392588303
0.7313259988419224
0.7434858135495078
0.7093225246091488
0.7319050376375217
0.8335263462651997
0.2588303416328894
0.6627099015634047
0.7414591777649102
0.711638679791546
0.7290098436595251
0.795888824551245
0.5781702374059062
0.8222350897510133
0.69166184134337
0.7764910248986682
0.7759119861030689
0.6632889403590041
0.8494499131441806
0.7281412854661262
0.7643312101910829
0.9021424435437174
0.7903879559930516
0.8300521134916039
0.6682107701215981
0.30631152287203245
0.77504342790967
0.8121019108280255
0.7235089751013318
0.6097278517660684
0.6786334684423856
0.7484076433121019
0.7591198610306891
0.738274464389114
0.6612623045744065
0.7764910248986682
0.7663578459756804
0.8071800810654314
0.7889403590040532
0.7712796757382745
0.898378691372322
0.7967573827446439
0.678343949044586
0.8621887666473653
0.7582513028372901
0.6919513607411697
0.7892298784018529
0.6922408801389693
0.820787492762015
0.8268674001158077
0.7927041111754487
0.8196294151708164
0.7565141864504922
0.8077591198610307
0.8135495078170237
0.6546033584250145
0.85002895193978
0.7982049797336421
0.2999420961204401
0.8361320208453966
0.7232194557035322
0.7620150550086856
0.7281412854661262
0.7319050376375217
0.815865662999421
0.7935726693688477
0.8914302258251303
0.6847133757961783
0.22727272727272727
0.8503184713375797
0.8034163288940359
0.834973943254198
0.7414591777649102
0.8679791546033584
0.8309206716850029
0.8474232773595831
0.7455124493341054
0.7064273306311523
0.8109438332368268
0.6169658367110596
0.7211928199189346
0.7773595830920672
0.7484076433121019
0.7368268674001158
0.6534452808338158
0.822524609148813
0.7359583092067169
0.8031268094962363
0.6928199189345686
0.7371163867979155
0.7290098436595251
0.6771858714533874
0.7295888824551245
0.8610306890561668
0.6685002895193978
0.29009843659525186
0.7130862767805443
0.7892298784018529
0.6754487550665894
0.7565141864504922
0.7154024319629415
0.7915460335842501
0.9235668789808917
0.7756224667052692
0.7133757961783439
0.7900984365952519
0.827446438911407
0.7796757382744643
0.7478286045165026
0.7782281412854661
0.27735958309206715
0.7623045744064852
0.6601042269832079
0.6629994209612045
0.7759119861030689
0.7287203242617255
0.744933410538506
0.8173132599884192
0.7828604516502605
0.6760277938621888
0.7145338737695426
0.8398957730167921
0.29530978575564565
0.6621308627678054
0.5144759698899827
0.7426172553561089
0.7313259988419224
0.7342211928199189
0.7990735379270412
0.8847712796757383
0.7330631152287204
0.7782281412854661
0.8068905616676317
0.7651997683844818
0.802547770700637
0.890851187029531
0.7174290677475391
0.7142443543717429
0.8352634626519977
0.9577301679212508
0.1685002895193978
0.7385639837869137
0.8645049218297626
0.8465547191661842
0.7162709901563404
0.25911986103068907
0.7530399536768964
0.7127967573827446
0.129994209612044
0.7232194557035322
0.8039953676896352
0.8210770121598147
0.8147075854082223
0.7869137232194557
0.8210770121598147
0.8775332947307469
0.7458019687319051
0.8370005790387955
0.795888824551245
0.780833815865663
0.7698320787492762
0.7756224667052692
0.7455124493341054
0.7570932252460915
0.8517660683265779
0.6653155761436016
0.7863346844238563
0.8572669368847713
0.7530399536768964
0.9122756224667052
0.7093225246091488
0.7379849449913144
0.7802547770700637
0.6971627099015634
0.6328894035900405
0.7096120440069484
0.7735958309206716
0.8196294151708164
0.7625940938042849
0.7513028372900984
0.7417486971627099
0.7536189924724956
0.7614360162130863
0.7339316734221193
0.834973943254198
0.7174290677475391
0.7967573827446439
0.7348002316155182
0.7895193977996525
0.7237984944991315
0.6832657788071801
0.8798494499131442
0.7026635784597568
0.7264041690793284
0.7672264041690793
0.7788071800810654
0.7524609148812971
0.7860451650260567
0.8129704690214244
0.7504342790966995
0.6968731905037637
0.6861609727851766
0.7365373480023162
0.6878980891719745
0.738274464389114
0.7264041690793284
0.8665315576143602
0.8676896352055588
0.7903879559930516
0.8022582513028373
0.7559351476548929
0.6777649102489867
0.8453966415749855
0.7857556456282571
0.692530399536769
0.7987840185292414
0.8940359004053272
0.7211928199189346
0.589171974522293
0.7489866821077013
0.7608569774174869
0.8468442385639838
0.7197452229299363
0.7507237984944991
0.14968152866242038
0.7151129125651419
0.7376954255935148
0.8387376954255935
0.7947307469600463
0.9090909090909091
0.7889403590040532
0.773306311522872
0.76664736537348
0.7437753329473075
0.7782281412854661
0.7197452229299363
0.7678054429646787
0.8176027793862188
0.773306311522872
0.7507237984944991
0.8317892298784019
0.8323682686740012
0.7785176606832658
0.6740011580775912
0.8262883613202084
0.26288361320208453
0.6965836711059641
0.631731325998842
0.23972206137811233
0.8259988419224088
0.7197452229299363
0.788361320208454
0.814128546612623
0.8471337579617835
0.8584250144759699
0.7866242038216561
0.8401852924145917
0.6742906774753908
0.6580775911986103
0.8262883613202084
0.8772437753329473
0.7886508396062536
0.7898089171974523
0.8193398957730168
0.8931673422119282
0.7307469600463231
0.834973943254198
0.7811233352634627
0.7423277359583093
0.8378691372321946
0.8213665315576144
0.6809496236247828
0.6795020266357846
0.8598726114649682
0.7796757382744643
0.7397220613781124
0.6954255935147655
0.7434858135495078
0.6852924145917777
0.711638679791546
0.7133757961783439
0.7631731325998842
0.6563404748118123
0.7405906195715113
0.7023740590619572
0.7371163867979155
0.7539085118702953
0.7524609148812971
0.7811233352634627
0.8572669368847713
0.731615518239722
0.7148233931673422
0.6690793283149971
0.8277359583092068
0.7501447596988998
0.69166184134337
0.8219455703532137
0.7469600463231036
0.254198031268095
0.8123914302258252
0.7348002316155182
0.829183555298205
0.77504342790967
0.8178922987840185
0.8019687319050376
0.7964678633468443
0.843370005790388
0.8204979733642154
0.7953097857556456
0.7721482339316734
0.7915460335842501
0.7979154603358425
0.76664736537348
0.7738853503184714
0.8068905616676317
0.7440648523451071
0.7573827446438911
0.7272727272727273
0.7779386218876665
0.644180660104227
0.8546612623045744
0.7698320787492762
0.7434858135495078
0.7790966994788651
0.779965257672264
0.7272727272727273
0.7429067747539085
0.6624203821656051
0.7319050376375217
0.7953097857556456
0.72495657209033
0.2886508396062536
0.868268674001158
0.8757961783439491
0.8323682686740012
0.8410538506079908
0.7628836132020845
0.6624203821656051
0.8048639258830341
0.8879559930515345
0.8118123914302259
0.7298784018529242
0.7460914881297047
0.7649102489866821
0.7860451650260567
0.8147075854082223
0.76664736537348
0.8934568616097278
0.6870295309785756
0.6606832657788072
0.8262883613202084
0.6997683844817603
0.6685002895193978
0.77504342790967
0.7501447596988998
0.8063115228720324
0.7993630573248408
0.7692530399536769
0.697452229299363
0.8746381007527504
0.7921250723798494
0.6369426751592356
0.7811233352634627
0.8011001737116387
0.8407643312101911
0.7518818760856978
0.8086276780544297
0.7203242617255357
0.8048639258830341
0.7486971627099016
0.7255356108859293
0.7738853503184714
0.7275622466705269
0.7460914881297047
0.8520555877243775
0.690793283149971
0.8300521134916039
0.30602200347423275
0.8786913723219456
0.3118123914302258
0.7113491603937464
0.62507237984945
0.6962941517081644
0.7906774753908512
0.7492762015055009
0.7654892877822814
0.8051534452808338
0.7955993051534452
0.7356687898089171
0.821656050955414
0.8132599884192241
0.7663578459756804
0.6757382744643892
0.7078749276201506
0.8190503763752172
0.7330631152287204
0.6580775911986103
0.8121019108280255
0.2929936305732484
0.039664157498552406
0.8103647944412276
0.7359583092067169
0.5865662999420961
0.8624782860451651
0.8650839606253619
0.7724377533294731
0.7625940938042849
0.7486971627099016
0.8439490445859873
0.6931094383323683
0.7909669947886508
0.8051534452808338
0.8332368268674001
0.7892298784018529
0.7052692530399537
0.8442385639837869
0.7579617834394905
0.8343949044585988
0.8314997104806022
0.774174869716271
0.8173132599884192
0.8511870295309786
0.8086276780544297
0.768384481760278
0.7851766068326578
0.8317892298784019
0.7142443543717429
0.8051534452808338
0.7843080486392588
0.8436595251881877
0.7530399536768964
0.5460335842501448
0.8123914302258252
0.8601621308627678
0.7174290677475391
0.7854661262304574
0.7596988998262884
0.779965257672264
0.7828604516502605
0.6763173132599885
0.8048639258830341
0.5848291835552982
0.8161551823972206
0.8045744064852345
0.7848870874348581
0.767515923566879
0.7440648523451071
0.6905037637521714
0.8894035900405327
0.767515923566879
0.8077591198610307
0.731615518239722
0.753329473074696
0.7947307469600463
0.8005211349160394
0.8106543138390272
0.6988998262883613
0.8367110596409959
0.6592356687898089
0.7678054429646787
0.7623045744064852
0.6997683844817603
0.7443543717429068
0.3005211349160394
0.7165605095541401
0.2617255356108859
0.8106543138390272
0.8187608569774175
0.7649102489866821
0.7701215981470758
0.7046902142443544
0.7782281412854661
0.8118123914302259
0.7159814707585408
0.6890561667631732
0.7159814707585408
0.7510133178922987
0.800810654313839
0.7133757961783439
0.7379849449913144
0.6155182397220614
0.7869137232194557
0.8474232773595831
0.29762594093804284
0.7455124493341054
0.7015055008685582
0.7747539085118703
0.8430804863925883
0.8659525188187609
0.7374059061957151
0.8485813549507817
0.7235089751013318
0.431673422119282
0.7484076433121019
0.8937463810075275
0.6748697162709901
0.8077591198610307
0.8144180660104227
0.7226404169079328
0.6902142443543717
0.8259988419224088
0.7611464968152867
0.876664736537348
0.6809496236247828
0.8019687319050376
0.8106543138390272
0.7918355529820498
0.7206137811233353
0.9009843659525189
0.684134337000579
0.9030110017371163
0.7918355529820498
0.7090330052113492
0.7437753329473075
0.726693688477128
0.8193398957730168
0.7394325419803127
0.8144180660104227
0.9253039953676896
0.19079328314997104
0.8430804863925883
0.7515923566878981
0.7895193977996525
0.7669368847712796
0.7764910248986682
0.8129704690214244
0.8089171974522293
0.732484076433121
0.8236826867400115
0.7900984365952519
0.802547770700637
0.7090330052113492
0.8526346265199768
0.7837290098436596
0.73335263462652
0.8077591198610307
0.8685581933989577
0.7582513028372901
0.7261146496815286
0.876664736537348
0.9612044006948466
0.8106543138390272
0.8103647944412276
0.7209033005211349
0.8019687319050376
0.7513028372900984
0.6682107701215981
0.8873769542559351
0.7721482339316734
0.9154603358425014
0.8503184713375797
0.7828604516502605
0.7984944991314418
0.8037058482918356
0.8254198031268095
0.6256514186450493
0.7136653155761437
0.7707006369426752
0.7845975680370585
0.8401852924145917
0.720034742327736
0.7724377533294731
0.8801389693109438
0.8627678054429647
0.7345107122177186
0.7637521713954835
0.8196294151708164
0.7785176606832658
0.8575564562825709
0.15981470758540822
0.8057324840764332
0.28604516502605676
0.712507237984945
0.829183555298205
0.6977417486971627
0.8129704690214244
0.8372900984365953
0.8572669368847713
0.7860451650260567
0.7203242617255357
0.8645049218297626
0.8587145338737695
0.8511870295309786
0.8685581933989577
0.16097278517660682
0.8381586566299942
0.9580196873190504
0.7837290098436596
0.8607411696583671
0.8280254777070064
0.8236826867400115
0.7851766068326578
0.8830341632889404
0.1129125651418645
0.29444122756224667
0.7918355529820498
0.26346265199768387
0.8199189345686161
0.7834394904458599
0.8303416328894035
0.7269832078749277
0.7837290098436596
0.8068905616676317
0.8126809496236248
0.7918355529820498
0.7093225246091488
0.7984944991314418
0.7556456282570932
0.8019687319050376
0.6899247249565721
0.7631731325998842
0.7434858135495078
0.9073537927041112
0.7814128546612623
0.7023740590619572
0.7009264620729588
0.6606832657788072
0.6899247249565721
0.7568037058482918
0.8934568616097278
0.7301679212507238
0.8300521134916039
0.8262883613202084
0.7964678633468443
0.92501447596989
0.8045744064852345
0.7310364794441228
0.7411696583671106
0.801679212507238
0.7924145917776491
0.7559351476548929
0.7081644470179502
0.7443543717429068
0.7814128546612623
0.6936884771279676
0.7921250723798494
0.6563404748118123
0.7576722640416907
0.246670526925304
0.7802547770700637
0.7507237984944991
0.7686740011580776
0.22206137811233354
0.8068905616676317
0.7478286045165026
0.7078749276201506
0.7877822814128547
0.718297625940938
0.7269832078749277
0.7478286045165026
0.7631731325998842
0.7197452229299363
0.731615518239722
0.6832657788071801
0.6635784597568037
0.8393167342211928
0.7851766068326578
0.8045744064852345
0.7973364215402432
0.7565141864504922
0.7921250723798494
0.7321945570353213
0.7527504342790967
0.8755066589461494
0.7148233931673422
0.7634626519976838
0.7672264041690793
0.8604516502605675
0.8601621308627678
0.7513028372900984
0.7712796757382745
0.6386797915460336
0.6852924145917777
0.8245512449334106
0.7020845396641575
0.761725535610886
0.7643312101910829
0.7009264620729588
0.7692530399536769
0.7345107122177186
0.7872032426172554
0.6971627099015634
0.2837290098436595
0.732484076433121
0.7982049797336421
0.7547770700636943
0.7961783439490446
0.6404169079328315
0.7206137811233353
0.7596988998262884
0.6418645049218298
0.7730167921250723
0.7970469021424436
0.7431962941517082
0.8060220034742328
0.8370005790387955
0.7559351476548929
0.581644470179502
0.7620150550086856
0.5639837869137232
0.7843080486392588
0.7168500289519398
0.7596988998262884
0.7909669947886508
0.7443543717429068
0.7458019687319051
0.7099015634047481
0.821656050955414
0.761725535610886
0.7944412275622467
0.7278517660683266
0.7678054429646787
0.719166184134337
0.6546033584250145
0.6910828025477707
0.7715691951360741
0.6719745222929936
0.7602779386218876
0.9513607411696584
0.7764910248986682
0.671685002895194
0.7339316734221193
0.7573827446438911
0.7122177185871453
0.8002316155182397
0.7339316734221193
0.8155761436016213
0.8034163288940359
0.6777649102489867
0.8112333526346265
0.761725535610886
0.7423277359583093
0.7101910828025477
0.7657788071800811
0.7715691951360741
0.781702374059062
0.8312101910828026
0.6134916039374638
0.815865662999421
0.7805442964678634
0.6905037637521714
0.7336421540243196
0.8204979733642154
0.7782281412854661
0.8601621308627678
0.7709901563404749
0.7663578459756804
0.6653155761436016
0.712507237984945
0.7165605095541401
0.7869137232194557
0.7113491603937464
0.8060220034742328
0.720034742327736
0.834973943254198
0.7180081065431384
0.8592935726693689
0.2996525767226404
0.6751592356687898
0.7967573827446439
0.6763173132599885
0.7651997683844818
0.6519976838448176
0.7918355529820498
0.8361320208453966
0.7588303416328894
0.759988419224088
0.726693688477128
0.7486971627099016
0.7475390851187029
0.7614360162130863
0.7831499710480602
0.7408801389693109
0.7237984944991315
0.828314997104806
0.7620150550086856
0.834973943254198
0.7906774753908512
0.8401852924145917
0.7568037058482918
0.664157498552403
0.9270411117544876
0.7605674580196873
0.8054429646786335
0.6673422119281992
0.7515923566878981
0.7900984365952519
0.7646207295888825
0.7744643891140707
0.7556456282570932
0.8535031847133758
0.7753329473074696
0.8170237405906196
0.7611464968152867
0.8839027214823393
0.6899247249565721
0.7388535031847133
0.8112333526346265
0.8155761436016213
0.7290098436595251
0.7113491603937464
0.8398957730167921
0.8578459756803706
0.6818181818181818
0.8986682107701216
0.7272727272727273
0.731615518239722
0.7744643891140707
0.8729009843659525
0.774174869716271
0.7895193977996525
0.7310364794441228
0.7504342790966995
0.8815865662999421
0.8413433700057904
0.755066589461494
0.7929936305732485
0.7805442964678634
0.7486971627099016
0.9331210191082803
0.7773595830920672
0.7837290098436596
0.6699478865083961
0.7353792704111175
0.7515923566878981
0.7585408222350898
0.7762015055008685
0.7188766647365373
0.8804284887087435
0.773306311522872
0.868268674001158
0.8187608569774175
0.7417486971627099
0.225825130283729
0.7206137811233353
0.27735958309206715
0.7133757961783439
0.7967573827446439
0.8867979154603358
0.7405906195715113
0.7489866821077013
0.32078749276201507
0.8769542559351476
0.698320787492762
0.7501447596988998
0.6586566299942096
0.88332368268674
0.8584250144759699
0.6751592356687898
0.7773595830920672
0.7811233352634627
0.8147075854082223
0.7631731325998842
0.24377533294730747
0.7990735379270412
0.7695425593514765
0.7712796757382745
0.7663578459756804
0.8529241459177765
0.7420382165605095
0.7272727272727273
0.720034742327736
0.3005211349160394
0.7845975680370585
0.7840185292414592
0.7585408222350898
0.7834394904458599
0.7087434858135495
0.8297625940938043
0.8121019108280255
0.7840185292414592
0.7614360162130863
0.8338158656629994
0.7843080486392588
0.8535031847133758
0.6386797915460336
0.7475390851187029
0.8309206716850029
0.788361320208454
0.6178343949044586
0.7625940938042849
0.7379849449913144
0.7518818760856978
0.6789229878401853
0.6806601042269832
0.6771858714533874
0.7313259988419224
0.8060220034742328
0.8262883613202084
0.8361320208453966
0.7093225246091488
0.7712796757382745
0.835842501447597
0.7359583092067169
0.6899247249565721
0.85002895193978
0.7585408222350898
0.7301679212507238
0.9079328314997105
0.685871453387377
0.8112333526346265
0.8384481760277939
0.8413433700057904
0.6997683844817603
0.8103647944412276
0.8517660683265779
0.7255356108859293
0.9128546612623045
0.8514765489287782
0.7767805442964678
