0.6384811742182515
0.8254626675175495
0.828334396936822
0.7954690491384812
0.7836630504148053
0.9023611997447352
0.8624760689215061
0.7150606253988513
0.5555201021059349
0.8321633694958519
0.8937460114869177
0.7533503509891513
0.7188895979578813
0.6282705807275047
0.7176132737715379
0.6394384173580089
0.7807913209955328
0.7983407785577536
0.7555839183152521
0.8353541799617102
0.7555839183152521
0.7699425654116145
0.807275047862157
0.8522654754307594
0.7590938098276963
0.7724952137843012
0.7520740268028079
0.7396298659859605
0.7536694320357371
0.7035737077217613
0.8120612635609444
0.8085513720485004
0.772814294830887
0.8787492022973835
0.7705807275047862
0.8538608806636886
0.8433312061263561
0.5928525845564774
0.8165283982131462
0.8768347160178686
0.6930440331844289
0.7638800255264837
0.3142948308870453
0.8560944479897894
0.898851308232291
0.8698149329929802
0.7635609444798979
0.7769623484365029
0.8270580727504786
0.7278238672622847
0.7198468410976387
0.7501595405232929
0.7677089980855137
0.8908742820676452
0.908423739629866
0.8994894703254627
0.8442884492661136
0.8085513720485004
0.7370772176132737
0.7527121888959796
0.7326100829610721
0.7699425654116145
0.7897255902999362
0.7370772176132737
0.6206126356094448
0.6825143586470963
0.8905552010210593
0.7613273771537971
0.8385449904275686
0.8439693682195277
0.7750478621569878
0.8267389917038928
0.9154435226547543
0.807275047862157
0.7858966177409062
0.6860242501595405
0.8573707721761328
0.6515634971282706
0.7074026802807913
0.6707083599234206
0.818761965539247
0.7890874282067645
0.799617102744097
0.095405232929164
0.7731333758774729
0.6569878749202297
0.8803446075303127
0.7651563497128271
0.09412890874282068
0.6761327377153797
0.33503509891512445
0.6589023611997448
0.9243777919591576
0.7638800255264837
0.7048500319081047
0.8723675813656668
0.6033822590938098
0.6853860880663688
0.7865347798340778
0.5807275047862157
0.8892788768347161
0.9138481174218251
0.8525845564773452
0.8366305041480536
0.8449266113592853
0.7370772176132737
0.7297383535417996
0.7878111040204212
0.8152520740268028
0.7769623484365029
0.09125717932354818
0.811104020421187
0.8254626675175495
0.8615188257817485
0.8883216336949585
0.923739629865986
0.7906828334396937
0.7038927887683472
0.09125717932354818
0.7721761327377153
0.8273771537970644
0.8091895341416719
0.8232291001914487
0.6802807913209955
0.6081684747925973
0.7846202935545629
0.8953414167198468
0.7456924058710912
0.8892788768347161
0.8659859604339503
0.7488832163369495
0.7948308870453095
0.8270580727504786
0.702297383535418
0.6924058710912572
0.7664326738991704
0.8895979578813018
0.8232291001914487
0.7693044033184429
0.6496490108487556
0.8950223356732611
0.32865347798340777
0.6314613911933631
0.654435226547543
0.7807913209955328
0.8956604977664326
0.772814294830887
0.8726866624122527
0.9304403318442884
0.8468410976388002
0.7495213784301212
0.005105296745373325
0.8978940650925336
0.7182514358647096
0.7373962986598596
0.07753669432035737
0.8777919591576261
0.7032546266751755
0.7906828334396937
0.7945118059987237
0.5264837268666241
0.7989789406509253
0.7077217613273772
0.7440970006381621
0.9588385449904275
0.7507977026164646
0.8832163369495852
0.276643267389917
0.7523931078493937
0.8615188257817485
0.7476068921506063
0.04530950861518826
0.6786853860880664
0.09125717932354818
0.7348436502871729
0.8481174218251436
0.7402680280791321
0.8238672622846203
0.774728781110402
0.6320995532865348
0.912252712188896
0.7763241863433312
0.8462029355456286
0.822590938098277
0.8800255264837269
0.7182514358647096
0.8809827696234843
0.8216336949585195
0.8656668793873644
0.8120612635609444
0.8002552648372687
0.7549457562220804
0.688895979578813
0.7603701340140395
0.774728781110402
0.7811104020421187
0.8803446075303127
0.8991703892788768
0.8219527760051053
0.23388640714741543
0.9192724952137843
0.8302488832163369
0.7852584556477346
0.8318442884492662
0.6713465220165922
0.9004467134652202
0.8529036375239311
0.9135290363752393
0.7756860242501595
0.6611359285258456
0.7657945118059988
0.7530312699425654
0.7638800255264837
0.8417358008934269
0.8525845564773452
0.7058072750478621
0.5842373962986599
0.8465220165922144
0.7887683471601787
0.6617740906190173
0.7903637523931079
0.8481174218251436
0.7013401403956605
0.7179323548181238
0.8621569878749202
0.9033184428844927
0.8040842373962986
0.09476707083599234
0.834077855775367
0.8098276962348436
0.2530312699425654
0.7667517549457562
0.7112316528398213
0.8978940650925336
0.708040842373963
0.8943841735800894
0.8426930440331845
0.9224633056796426
0.7555839183152521
0.8471601786853861
0.793873643905552
0.8219527760051053
0.7782386726228462
0.0768985322271857
0.8621569878749202
0.7109125717932355
0.6327377153797065
0.6815571155073389
0.7345245692405871
0.6557115507338864
0.8267389917038928
0.09221442246330568
0.7913209955328654
0.790044671346522
0.7335673261008296
0.7884492661135929
0.9329929802169751
0.8640714741544352
0.9518187619655393
0.7121888959795788
0.5950861518825782
0.7769623484365029
0.8921506062539886
0.7795149968091896
0.6665603063178047
0.5465858328015316
0.7811104020421187
0.900765794511806
0.721442246330568
0.7335673261008296
0.7198468410976387
0.6703892788768347
0.8682195277600511
0.7584556477345246
0.5737077217613273
0.5341416719846841
0.8905552010210593
0.8819400127632419
0.7932354818123803
0.8777919591576261
0.8382259093809827
0.7160178685386088
0.8624760689215061
0.7121888959795788
0.7951499680918953
0.7715379706445438
0.7217613273771538
0.7664326738991704
0.828334396936822
0.7294192724952138
0.8391831525207403
0.7673899170389279
0.6493299298021697
0.8120612635609444
0.879706445437141
0.6620931716656031
0.8953414167198468
0.6873005743458839
0.767070835992342
0.7788768347160179
0.8292916400765794
0.694639438417358
0.8305679642629228
0.08934269304403318
0.9093809827696235
0.7830248883216337
0.7635609444798979
0.8270580727504786
0.7906828334396937
0.8363114231014678
0.7849393746011487
0.7967453733248245
0.9061901723037652
0.8104658583280153
0.858647096362476
0.7386726228462029
0.8962986598596043
0.6930440331844289
0.6317804722399489
0.6901723037651564
0.7380344607530313
0.10274409700063816
0.8069559668155711
0.7096362476068921
0.7894065092533503
0.7434588385449904
0.7054881940012763
0.7718570516911295
0.8024888321633695
0.8439693682195277
0.5545628589661774
0.6295469049138481
0.834077855775367
0.8899170389278876
0.8257817485641353
0.6573069559668155
0.7581365666879387
0.6675175494575623
0.8442884492661136
0.8921506062539886
0.7192086790044672
0.5386088066368858
0.7798340778557754
0.700382897255903
0.7916400765794512
0.8943841735800894
0.09317166560306318
0.8289725590299937
0.8155711550733886
0.7820676451818762
0.900765794511806
0.7128270580727505
0.885449904275686
0.7405871091257179
0.858647096362476
0.7291001914486279
0.7348436502871729
0.7249521378430122
0.7370772176132737
0.7077217613273772
0.7507977026164646
0.6863433312061263
0.9195915762603701
0.7603701340140395
0.7606892150606254
0.8276962348436503
0.057753669432035734
0.7520740268028079
0.7715379706445438
0.8158902361199745
0.7067645181876197
0.7973835354179962
0.48500319081046583
0.708040842373963
0.8267389917038928
0.7584556477345246
0.7737715379706446
0.9014039566049776
0.8296107211231653
0.780472239948947
0.7523931078493937
0.8337587747287811
0.3104658583280153
0.8426930440331845
0.7954690491384812
0.7208040842373963
0.6228462029355456
0.8426930440331845
0.8085513720485004
0.8535417996171027
0.7696234843650287
0.7855775366943204
0.6573069559668155
0.12188895979578813
0.7141033822590938
0.7128270580727505
0.7463305679642629
0.8908742820676452
0.8631142310146778
0.8280153158902361
0.8433312061263561
0.6691129546904914
0.6796426292278238
0.6276324186343332
0.7485641352903637
0.8264199106573069
0.7756860242501595
0.7370772176132737
0.8117421825143587
0.7584556477345246
0.5612635609444799
0.8918315252074027
0.30599872367581366
0.23324824505424377
0.6809189534141672
0.8513082322910019
0.7708998085513721
0.7389917038927888
0.8500319081046586
0.9093809827696235
0.9081046585832802
0.8950223356732611
0.8369495851946395
0.757498404594767
0.020740268028079132
0.7798340778557754
0.7070835992342055
0.7661135928525845
0.8426930440331845
0.8280153158902361
0.7393107849393746
0.2935545628589662
0.8567326100829611
0.7287811104020421
0.7693044033184429
0.780472239948947
0.8037651563497128
0.7610082961072112
0.660178685386088
0.8672622846202935
0.7836630504148053
0.753988513082323
0.8596043395022336
0.047223994894703254
0.7141033822590938
0.893107849393746
0.8985322271857051
0.7562220804084238
0.8570516911295469
0.7300574345883855
0.7763241863433312
0.7779195915762603
0.6589023611997448
0.9164007657945118
0.7559029993618379
0.08487555839183153
0.7878111040204212
0.08615188257817485
0.21346522016592215
0.5676451818761965
0.103063178047224
0.6113592852584556
0.8261008296107212
0.7230376515634971
0.7048500319081047
0.8289725590299937
0.8069559668155711
0.7386726228462029
0.8442884492661136
0.6209317166560306
0.7657945118059988
0.08774728781110402
0.797702616464582
0.7989789406509253
0.6943203573707721
0.774728781110402
0.727185705169113
0.7571793235481813
0.7855775366943204
0.8088704530950862
0.791959157626037
0.763241863433312
0.8251435864709636
0.7380344607530313
0.8024888321633695
0.875877472878111
0.751754945756222
0.7527121888959796
0.8602425015954053
0.7479259731971921
0.7769623484365029
0.9266113592852585
0.732929164007658
0.8640714741544352
0.8417358008934269
0.7370772176132737
0.8774728781110402
0.763241863433312
0.09412890874282068
0.7619655392469687
0.8870453095086152
0.7121888959795788
0.8190810465858328
0.08487555839183153
0.6257179323548181
0.8864071474154436
0.7102744097000638
0.07721761327377154
0.6464582003828973
0.6167836630504148
0.8819400127632419
0.15347798340778557
0.7858966177409062
0.7654754307594129
0.6439055520102106
0.7016592214422464
0.7211231652839821
0.8978940650925336
0.8350350989151244
0.6748564135290364
0.6620931716656031
0.8477983407785578
0.7504786215698788
0.9240587109125717
0.7708998085513721
0.7871729419272495
0.780472239948947
0.6537970644543714
0.8184428844926611
0.7667517549457562
0.898851308232291
0.7453733248245055
0.09061901723037652
0.8813018506700702
0.7431397574984046
0.5622208040842374
0.7702616464582004
0.8921506062539886
0.8915124441608169
0.6598596043395022
0.7897255902999362
0.7102744097000638
0.8021697511167837
0.8375877472878112
0.704211869814933
0.7584556477345246
0.7769623484365029
0.7696234843650287
0.8532227185705169
0.8589661774090619
0.7629227823867263
0.8962986598596043
0.7434588385449904
0.9010848755583918
0.8178047223994894
0.8155711550733886
0.7597319719208679
0.7986598596043395
0.7386726228462029
0.8449266113592853
0.8720485003190811
0.7555839183152521
0.8848117421825143
0.6786853860880664
0.8158902361199745
0.8401403956604978
0.8369495851946395
0.7319719208679004
0.5631780472239949
0.7192086790044672
0.7262284620293554
0.6879387364390556
0.8401403956604978
0.7731333758774729
0.8101467772814295
0.7495213784301212
0.7721761327377153
0.7673899170389279
0.7846202935545629
0.8895979578813018
0.7498404594767071
0.8267389917038928
0.7989789406509253
0.8631142310146778
0.6908104658583281
0.7479259731971921
0.8155711550733886
0.7322910019144863
0.06987874920229738
0.786215698787492
0.8347160178685387
0.7983407785577536
0.8921506062539886
0.6496490108487556
0.6046585832801532
0.8085513720485004
0.7932354818123803
0.8596043395022336
0.7846202935545629
0.692724952137843
0.8095086151882578
0.8436502871729419
0.7922782386726228
0.8126994256541161
0.9052329291640077
0.8934269304403318
0.7629227823867263
0.8580089342693044
0.8707721761327377
0.2702616464582004
0.7389917038927888
0.8781110402042118
0.7992980216975112
0.7409061901723037
0.8895979578813018
0.7160178685386088
0.7868538608806637
0.8474792597319719
0.700382897255903
0.09285258455647734
0.2811104020421187
0.7823867262284621
0.7265475430759413
0.7182514358647096
0.8806636885768986
0.09253350350989151
0.7619655392469687
0.790044671346522
0.7562220804084238
0.5893426930440332
0.7472878111040204
0.8232291001914487
0.7179323548181238
0.7000638162093171
0.8567326100829611
0.8136566687938737
0.9068283343969368
0.6407147415443523
0.6805998723675813
0.8771537970644544
0.6898532227185705
0.8771537970644544
0.8803446075303127
0.8264199106573069
0.7313337587747287
0.753988513082323
0.6703892788768347
0.698468410976388
0.6930440331844289
0.8369495851946395
0.8190810465858328
0.7453733248245055
0.7932354818123803
0.24856413529036375
0.8765156349712827
0.9323548181238035
0.7284620293554562
0.7351627313337588
0.732929164007658
0.614550095724314
0.2964262922782387
0.8886407147415444
0.7409061901723037
0.6435864709636248
0.8232291001914487
0.8407785577536694
0.7686662412252713
0.24090619017230377
0.7616464582003829
0.6244416081684748
0.7259093809827696
0.7945118059987237
0.8209955328653478
0.7348436502871729
0.7948308870453095
0.7801531589023613
0.7348436502871729
0.8353541799617102
0.6834716017868538
0.7693044033184429
0.7724952137843012
0.8650287172941927
0.7664326738991704
0.8548181238034461
0.8876834716017868
0.8771537970644544
0.9326738991703892
0.8694958519463943
0.713784301212508
0.8557753669432036
0.7444160816847479
0.45788130185067005
0.8777919591576261
0.8315252074026803
0.893107849393746
0.7243139757498405
0.8194001276324187
0.7469687300574346
0.6560306317804723
0.8209955328653478
0.791959157626037
0.8200382897255903
0.9074664964901085
0.8746011486917677
0.7559029993618379
0.8101467772814295
0.8442884492661136
0.7086790044671346
0.8892788768347161
0.799617102744097
0.8254626675175495
0.8203573707721762
0.8414167198468411
0.7223994894703255
0.8449266113592853
0.9097000638162093
0.7724952137843012
0.8611997447351627
0.8257817485641353
0.6809189534141672
0.7268666241225271
0.8647096362476069
0.7878111040204212
0.725271218889598
0.7262284620293554
0.15443522654754308
0.8599234205488194
0.8021697511167837
0.8308870453095086
0.6311423101467772
0.8650287172941927
0.834077855775367
0.7514358647096363
0.7654754307594129
0.881620931716656
0.887364390555201
0.898851308232291
0.822590938098277
0.6560306317804723
0.875877472878111
0.7361199744735163
0.9342693044033185
0.767070835992342
0.8838544990427568
0.6959157626037014
0.8694958519463943
0.6707083599234206
0.3385449904275686
0.7192086790044672
0.8908742820676452
0.7951499680918953
0.7552648372686662
0.5536056158264199
0.8238672622846203
0.7048500319081047
0.8899170389278876
0.307275047862157
0.5510529674537332
0.0612635609444799
0.6959157626037014
0.7801531589023613
0.7319719208679004
0.8752393107849393
0.7673899170389279
0.6882578174856413
0.8509891512444161
0.7811104020421187
0.6821952776005106
0.8656668793873644
0.7089980855137205
0.7549457562220804
0.629865985960434
0.8452456924058711
0.7890874282067645
0.6005105296745373
0.8940650925335035
0.692724952137843
0.864390555201021
0.6196553924696873
0.7265475430759413
0.7533503509891513
0.7112316528398213
0.896936821952776
0.8104658583280153
0.7846202935545629
0.7533503509891513
0.8950223356732611
0.7450542437779196
0.8698149329929802
0.47319719208679006
0.7753669432035737
0.5781748564135291
0.8975749840459477
0.731014677728143
0.6250797702616464
0.7223994894703255
0.7849393746011487
0.6285896617740906
0.7201659221442246
0.7744097000638163
0.7147415443522654
0.7163369495851947
0.8276962348436503
0.6764518187619656
0.7485641352903637
0.660178685386088
0.002871729419272495
0.7141033822590938
0.6547543075941289
0.595405232929164
0.7964262922782387
0.8529036375239311
0.8363114231014678
0.7874920229738354
0.8943841735800894
0.6407147415443523
0.7887683471601787
0.9323548181238035
0.7820676451818762
0.9138481174218251
0.7718570516911295
0.8506700701978303
0.8803446075303127
0.5149968091895342
0.7358008934269304
0.9055520102105935
0.7696234843650287
0.7814294830887045
0.8755583918315252
0.7629227823867263
0.8216336949585195
0.786215698787492
0.8880025526483727
0.7715379706445438
0.8136566687938737
0.7479259731971921
0.8637523931078493
0.7555839183152521
0.7922782386726228
0.713784301212508
0.7348436502871729
0.6793235481812381
0.6461391193363114
0.09157626037013401
0.7667517549457562
0.8117421825143587
0.9336311423101468
0.6656030631780472
0.08359923420548819
0.7657945118059988
0.1343331206126356
0.8972559029993619
0.7536694320357371
0.7383535417996171
0.6595405232929163
0.8947032546266752
0.900765794511806
0.9192724952137843
0.7045309508615188
0.8123803446075303
0.7814294830887045
0.07370772176132738
0.7447351627313338
0.8851308232291002
0.8490746649649011
0.7801531589023613
0.017549457562220806
0.8114231014677729
0.7645181876196554
0.8892788768347161
0.7626037013401404
0.8557753669432036
0.8069559668155711
0.6024250159540523
0.7469687300574346
0.8736439055520102
0.024569240587109124
0.7849393746011487
0.8605615826419911
0.8270580727504786
0.8449266113592853
0.8126994256541161
0.8937460114869177
0.7961072112316528
0.7948308870453095
0.7584556477345246
0.8717294192724953
0.816847479259732
0.13592852584556478
0.8280153158902361
0.7951499680918953
0.891193363114231
0.8627951499680919
0.7172941927249521
0.9231014677728143
0.8410976388002552
0.8098276962348436
0.7469687300574346
0.7543075941289088
0.790044671346522
0.7750478621569878
0.8694958519463943
0.8146139119336312
0.8082322910019145
0.9234205488194002
0.29834077855775365
0.7916400765794512
0.8420548819400128
0.8449266113592853
0.8937460114869177
0.8567326100829611
0.8506700701978303
0.805360561582642
0.8155711550733886
0.5848755583918315
0.8356732610082961
0.7105934907466497
0.6719846841097639
0.7479259731971921
0.8044033184428845
0.8366305041480536
0.7370772176132737
0.8356732610082961
0.7051691129546905
0.5347798340778558
0.7724952137843012
0.8296107211231653
0.8312061263560945
0.7852584556477346
0.8940650925335035
0.8966177409061902
0.7013401403956605
0.7297383535417996
0.751754945756222
0.7399489470325462
0.7954690491384812
0.7887683471601787
0.7380344607530313
0.7492022973835354
0.8736439055520102
0.6703892788768347
0.8082322910019145
0.6994256541161455
0.8101467772814295
0.8838544990427568
0.7220804084237397
0.7383535417996171
0.7504786215698788
0.8627951499680919
0.7373962986598596
0.8276962348436503
0.797702616464582
0.8318442884492662
0.790044671346522
0.8426930440331845
0.7603701340140395
0.6738991703892788
0.8181238034460753
0.9189534141671984
0.8570516911295469
0.8656668793873644
0.9355456285896617
0.7868538608806637
0.8950223356732611
0.12954690491384813
0.822590938098277
0.8554562858966177
0.7064454371410338
0.6643267389917039
0.700382897255903
0.5092533503509892
0.8966177409061902
0.7227185705169112
0.8841735800893427
0.7760051052967454
0.8012125079770261
0.641352903637524
0.8063178047223994
0.7823867262284621
0.7536694320357371
0.8024888321633695
0.8012125079770261
0.6898532227185705
0.8567326100829611
0.0003190810465858328
0.7389917038927888
0.9074664964901085
0.7348436502871729
0.7440970006381621
0.7303765156349713
0.8264199106573069
0.8353541799617102
0.30887045309508615
0.6614550095724314
0.7472878111040204
0.11423101467772814
0.7925973197192087
0.6914486279514996
0.28685386088066367
0.04690491384811742
0.8596043395022336
0.8548181238034461
0.7852584556477346
0.9068283343969368
0.845564773452457
0.7616464582003829
0.8369495851946395
0.6515634971282706
0.8219527760051053
0.767070835992342
0.7016592214422464
0.7377153797064454
0.845564773452457
0.786215698787492
0.700382897255903
0.879706445437141
0.6435864709636248
0.8395022335673261
0.8219527760051053
0.8149329929802169
0.8120612635609444
0.7693044033184429
0.7852584556477346
0.688895979578813
0.772814294830887
0.8560944479897894
0.780472239948947
0.09253350350989151
0.8382259093809827
0.8529036375239311
0.7839821314613912
0.8605615826419911
0.6975111678366305
0.8876834716017868
0.8611997447351627
0.8002552648372687
0.7629227823867263
0.8184428844926611
0.6943203573707721
0.7970644543714104
0.4971282705807275
0.3155711550733886
0.8592852584556477
0.8889597957881302
0.9186343331206126
0.7664326738991704
0.8184428844926611
0.8634333120612636
0.7578174856413529
0.793873643905552
0.7150606253988513
0.8503509891512444
0.8458838544990428
0.7951499680918953
0.893107849393746
0.6566687938736439
0.7715379706445438
0.7616464582003829
0.757498404594767
0.8375877472878112
0.8484365028717294
0.8522654754307594
0.8972559029993619
0.6898532227185705
0.904594767070836
0.7983407785577536
0.807275047862157
0.8104658583280153
0.9033184428844927
0.7600510529674538
0.8828972559029994
0.8800255264837269
0.7466496490108487
0.7603701340140395
0.7083599234205488
0.6898532227185705
0.7125079770261646
0.805360561582642
0.7176132737715379
0.7456924058710912
0.8286534779834078
0.8640714741544352
0.8219527760051053
0.8618379068283344
0.7562220804084238
0.786215698787492
0.8385449904275686
0.7504786215698788
0.5957243139757499
0.44128908742820677
0.05456285896617741
0.8149329929802169
0.7756860242501595
0.9246968730057434
0.8446075303126994
0.8040842373962986
0.8943841735800894
0.8889597957881302
0.6094447989789407
0.8557753669432036
0.7610082961072112
0.9010848755583918
0.5258455647734525
0.893107849393746
0.7887683471601787
0.08902361199744735
0.7326100829610721
0.7255902999361837
0.721442246330568
0.6949585194639438
0.8261008296107212
0.912252712188896
0.07562220804084237
0.8726866624122527
0.6904913848117422
0.8551372048500319
0.797702616464582
0.7922782386726228
0.7533503509891513
0.6828334396936822
0.8880025526483727
0.7437779195915762
0.7476068921506063
0.8276962348436503
0.7345245692405871
0.8880025526483727
0.7788768347160179
0.7983407785577536
0.020740268028079132
0.732929164007658
0.784301212507977
0.5328653477983408
0.7284620293554562
0.6780472239948947
0.8273771537970644
0.7319719208679004
0.7964262922782387
0.7737715379706446
0.8915124441608169
0.9428844926611359
0.6892150606253988
0.8656668793873644
0.8248245054243778
0.8895979578813018
0.7160178685386088
0.8723675813656668
0.7776005105296745
0.7776005105296745
0.8710912571793236
0.8375877472878112
0.8420548819400128
0.8372686662412253
0.9275686024250159
0.7849393746011487
0.8462029355456286
0.6094447989789407
0.7434588385449904
0.7294192724952138
0.8347160178685387
0.7801531589023613
0.4744735162731334
0.7549457562220804
0.8385449904275686
0.8414167198468411
0.7734524569240587
0.8075941289087428
0.8761965539246969
0.772814294830887
0.7740906190172304
0.0845564773452457
0.8627951499680919
0.845564773452457
0.635609444798979
0.751754945756222
0.07881301850670071
0.7587747287811104
0.7281429483088705
0.8372686662412253
0.08998085513720484
0.898851308232291
0.8832163369495852
0.9014039566049776
0.12412252712188895
0.5564773452456924
0.8286534779834078
0.788130185067007
0.7415443522654754
0.8324824505424377
0.6426292278238672
0.8781110402042118
0.7096362476068921
0.7054881940012763
0.6732610082961072
0.902680280791321
0.7501595405232929
0.6809189534141672
0.7393107849393746
0.8509891512444161
0.8918315252074027
0.7405871091257179
0.6024250159540523
0.7415443522654754
0.7306955966815571
0.910338225909381
0.7798340778557754
0.8091895341416719
0.7169751116783663
0.7964262922782387
0.896936821952776
0.8407785577536694
0.7798340778557754
0.8439693682195277
0.7616464582003829
0.7466496490108487
0.6525207402680281
0.8235481812380344
0.8114231014677729
0.8576898532227186
0.6496490108487556
0.7903637523931079
0.8717294192724953
0.7485641352903637
0.6320995532865348
0.7000638162093171
0.7000638162093171
0.8876834716017868
0.7935545628589662
0.9112954690491385
0.7740906190172304
0.7791959157626037
0.8841735800893427
0.8624760689215061
0.7750478621569878
0.9253350350989151
0.8091895341416719
0.7172941927249521
0.8924696873005743
0.8117421825143587
0.8289725590299937
0.7823867262284621
0.7897255902999362
0.8567326100829611
0.8082322910019145
0.7166560306317805
0.8934269304403318
0.7415443522654754
0.7453733248245055
0.9333120612635609
0.696553924696873
0.8318442884492662
0.7281429483088705
0.7115507338864071
0.6566687938736439
0.7555839183152521
0.9246968730057434
0.7520740268028079
0.8679004467134652
0.7954690491384812
0.8101467772814295
0.6997447351627313
0.7846202935545629
0.8337587747287811
0.797702616464582
0.22495213784301213
0.46330567964262925
0.7737715379706446
0.7865347798340778
0.6837906828334397
0.07657945118059988
0.8107849393746012
0.7223994894703255
0.6560306317804723
0.7204850031908104
0.7125079770261646
0.8978940650925336
0.8292916400765794
0.7887683471601787
0.6991065730695597
0.9049138481174218
0.7677089980855137
0.7380344607530313
0.7536694320357371
0.7559029993618379
0.8953414167198468
0.7699425654116145
0.686981493299298
0.7472878111040204
0.8876834716017868
0.683152520740268
0.8241863433312061
0.9128908742820676
0.6119974473516273
0.6898532227185705
0.7373962986598596
0.864390555201021
0.7498404594767071
0.7125079770261646
0.8669432035737077
0.9004467134652202
0.9010848755583918
0.6209317166560306
0.8184428844926611
0.9100191448627951
0.10657306955966815
0.6391193363114231
0.7265475430759413
0.3248245054243778
0.6751754945756222
0.08679004467134652
0.7961072112316528
0.8439693682195277
0.7358008934269304
0.797702616464582
0.8423739629865986
0.7702616464582004
0.7887683471601787
0.7220804084237397
0.6384811742182515
0.8114231014677729
0.8270580727504786
0.6231652839821314
0.8120612635609444
0.8241863433312061
0.7961072112316528
0.6809189534141672
0.7131461391193363
0.8088704530950862
0.8091895341416719
0.8781110402042118
0.7536694320357371
0.7734524569240587
0.8299298021697511
0.7849393746011487
0.7332482450542438
0.8423739629865986
0.8867262284620293
0.8940650925335035
0.7820676451818762
0.8452456924058711
0.870134014039566
0.7523931078493937
0.8146139119336312
0.7163369495851947
0.6557115507338864
0.8229100191448628
0.576260370134014
0.807275047862157
0.7275047862156988
0.7693044033184429
0.8985322271857051
0.7220804084237397
0.8382259093809827
0.8391831525207403
0.9029993618379069
0.6764518187619656
0.7590938098276963
0.8481174218251436
0.7945118059987237
0.7447351627313338
0.7297383535417996
0.8312061263560945
0.6793235481812381
0.7291001914486279
0.6879387364390556
0.8171665603063178
0.7163369495851947
0.7469687300574346
0.8165283982131462
0.7297383535417996
0.8895979578813018
0.6662412252712189
0.7067645181876197
0.8388640714741544
0.6585832801531589
0.9138481174218251
0.7638800255264837
0.8458838544990428
0.8653477983407786
0.7169751116783663
0.7134652201659222
0.7434588385449904
0.6694320357370772
0.8943841735800894
0.7396298659859605
0.9077855775366943
0.8669432035737077
0.7466496490108487
0.7657945118059988
0.06860242501595405
0.8934269304403318
0.7322910019144863
0.8123803446075303
0.6901723037651564
0.7941927249521379
0.07562220804084237
0.6633694958519464
0.8318442884492662
0.7830248883216337
0.8366305041480536
0.6589023611997448
0.6365666879387364
0.8733248245054244
0.7932354818123803
0.7421825143586471
0.8477983407785578
0.9384173580089342
0.7766432673899171
0.6448627951499681
0.8056796426292279
0.6279514996809189
0.8631142310146778
0.6723037651563497
0.7932354818123803
0.8104658583280153
0.6968730057434588
0.845564773452457
0.8197192086790045
0.11614550095724314
0.8044033184428845
0.8892788768347161
0.7769623484365029
0.7638800255264837
0.6550733886407147
0.7807913209955328
0.6620931716656031
0.6847479259731972
0.8634333120612636
0.8560944479897894
0.811104020421187
0.7750478621569878
0.8213146139119336
0.845564773452457
0.727185705169113
0.601148691767709
0.6962348436502872
0.6959157626037014
0.7141033822590938
0.8002552648372687
0.6841097638800255
0.7571793235481813
0.677409061901723
0.8905552010210593
0.7488832163369495
0.5520102105934908
0.8819400127632419
0.780472239948947
0.7724952137843012
0.6805998723675813
0.6742182514358647
0.665922144224633
0.6049776643267389
0.9285258455647735
0.8165283982131462
0.7992980216975112
0.8178047223994894
0.7852584556477346
0.7992980216975112
0.6455009572431397
0.6873005743458839
0.7865347798340778
0.8356732610082961
0.8296107211231653
0.6895341416719847
0.7402680280791321
0.6640076579451181
0.48883216336949586
0.9211869814932993
0.7412252712188896
0.6314613911933631
0.784301212507977
0.8194001276324187
0.04881940012763242
0.8056796426292279
0.7166560306317805
0.7434588385449904
0.845564773452457
0.7887683471601787
0.7718570516911295
0.8506700701978303
0.7626037013401404
0.8321633694958519
0.43714103382259095
0.736758136566688
0.8066368857689853
0.8232291001914487
0.8056796426292279
0.6997447351627313
0.7431397574984046
0.7383535417996171
0.7373962986598596
0.660178685386088
0.5462667517549458
0.7377153797064454
0.08838544990427569
0.7399489470325462
0.7559029993618379
0.8299298021697511
0.7610082961072112
0.7708998085513721
0.6116783663050415
0.7932354818123803
0.7910019144862795
0.9052329291640077
0.8618379068283344
0.8426930440331845
0.7935545628589662
0.7903637523931079
0.746011486917677
0.6758136566687939
0.8347160178685387
0.7951499680918953
0.7648372686662412
0.7501595405232929
0.06413529036375239
0.6646458200382898
0.10178685386088067
0.7699425654116145
0.893107849393746
0.7246330567964263
0.8031269942565412
0.7176132737715379
0.8736439055520102
0.7440970006381621
0.7874920229738354
0.7361199744735163
0.8008934269304403
0.7801531589023613
0.7230376515634971
0.8452456924058711
0.7680280791320996
0.822590938098277
0.8742820676451819
0.6684747925973197
0.7680280791320996
0.6081684747925973
0.8777919591576261
0.28685386088066367
0.6719846841097639
0.870134014039566
0.6665603063178047
0.793873643905552
0.7807913209955328
0.7144224633056796
0.696553924696873
0.7788768347160179
0.8171665603063178
0.7753669432035737
0.7664326738991704
0.7766432673899171
0.8222718570516911
0.7661135928525845
0.9039566049776643
0.6879387364390556
0.753988513082323
0.09285258455647734
0.7906828334396937
0.9231014677728143
0.7552648372686662
0.8937460114869177
0.8462029355456286
0.09349074664964901
0.757498404594767
0.9419272495213784
0.9074664964901085
0.7456924058710912
0.6949585194639438
0.8975749840459477
0.7779195915762603
0.8717294192724953
0.08647096362476069
0.807275047862157
0.753988513082323
0.8359923420548819
0.8206764518187619
0.8117421825143587
0.7300574345883855
0.7992980216975112
0.5928525845564774
0.9004467134652202
0.7351627313337588
0.8238672622846203
0.7894065092533503
0.10274409700063816
0.6499680918953414
0.8286534779834078
0.7409061901723037
0.8640714741544352
0.8366305041480536
0.6764518187619656
0.8940650925335035
0.9033184428844927
0.7587747287811104
0.8261008296107212
0.7760051052967454
0.6943203573707721
0.7795149968091896
0.7514358647096363
0.7708998085513721
0.7737715379706446
0.7638800255264837
0.7335673261008296
0.8962986598596043
0.14805360561582642
0.7590938098276963
0.7188895979578813
0.7447351627313338
0.8513082322910019
0.9023611997447352
0.8596043395022336
0.845564773452457
0.8895979578813018
0.2999361837906828
0.7415443522654754
0.7594128908742821
0.9058710912571794
0.7520740268028079
0.7335673261008296
0.8883216336949585
0.7626037013401404
0.8516273133375878
0.9058710912571794
0.8637523931078493
0.7635609444798979
0.7686662412252713
0.8190810465858328
0.7795149968091896
0.7048500319081047
0.7737715379706446
0.7925973197192087
0.694639438417358
0.1614550095724314
0.746011486917677
0.7760051052967454
0.7520740268028079
0.7986598596043395
0.7686662412252713
0.6914486279514996
0.8726866624122527
0.7913209955328654
0.8493937460114869
0.822590938098277
0.807275047862157
0.8895979578813018
0.7533503509891513
0.671665603063178
0.8908742820676452
0.702297383535418
0.784301212507977
0.780472239948947
0.7983407785577536
0.8337587747287811
0.8302488832163369
0.7814294830887045
0.813018506700702
0.8178047223994894
0.8908742820676452
0.8162093171665603
0.8321633694958519
0.8994894703254627
0.09317166560306318
0.7112316528398213
0.8391831525207403
0.7428206764518187
0.7798340778557754
0.8286534779834078
0.778557753669432
0.8417358008934269
0.8679004467134652
0.12667517549457563
0.8133375877472878
0.7715379706445438
0.7970644543714104
0.8742820676451819
0.8088704530950862
0.5899808551372049
0.7763241863433312
0.7469687300574346
0.8209955328653478
0.7495213784301212
0.7192086790044672
0.784301212507977
0.8059987236758137
0.8050414805360562
0.8031269942565412
0.6802807913209955
0.7504786215698788
0.6821952776005106
0.7932354818123803
0.7396298659859605
0.7954690491384812
0.6860242501595405
0.8104658583280153
0.8634333120612636
0.700382897255903
0.0025526483726866626
0.7182514358647096
0.8270580727504786
0.8576898532227186
0.725271218889598
0.7587747287811104
0.8018506700701978
0.732929164007658
0.8503509891512444
0.43937460114869176
0.8860880663688577
0.8436502871729419
0.7313337587747287
0.9106573069559668
0.7967453733248245
0.7109125717932355
0.08710912571793235
0.797702616464582
0.9157626037013401
0.7434588385449904
0.681238034460753
0.7428206764518187
0.6940012763241863
0.7313337587747287
0.7948308870453095
0.08710912571793235
0.732929164007658
0.3659859604339502
0.8021697511167837
0.6962348436502872
0.8414167198468411
0.7753669432035737
0.6971920867900446
0.7603701340140395
0.8761965539246969
0.49744735162731335
0.7485641352903637
0.7182514358647096
0.6557115507338864
0.7514358647096363
0.9128908742820676
0.8075941289087428
0.7201659221442246
0.8267389917038928
0.49266113592852584
0.8902361199744735
0.7463305679642629
0.8066368857689853
0.7776005105296745
0.7878111040204212
0.4262922782386726
0.7236758136566688
0.7552648372686662
0.7724952137843012
0.704211869814933
0.7338864071474155
0.004786215698787492
0.7677089980855137
0.8165283982131462
0.8152520740268028
0.8318442884492662
0.8994894703254627
0.7144224633056796
0.8174856413529037
0.7645181876196554
0.6598596043395022
0.8490746649649011
0.891193363114231
0.8682195277600511
0.8484365028717294
0.6723037651563497
0.7297383535417996
0.8707721761327377
0.8522654754307594
0.822590938098277
0.7603701340140395
0.8462029355456286
0.8047223994894703
0.6847479259731972
0.7431397574984046
0.7192086790044672
0.7769623484365029
0.7236758136566688
0.711869814932993
0.7744097000638163
0.03446075303126994
0.7176132737715379
0.7922782386726228
0.7948308870453095
0.8139757498404595
0.7807913209955328
0.9243777919591576
0.763241863433312
0.7594128908742821
0.788130185067007
0.8746011486917677
0.5073388640714741
0.7916400765794512
0.8618379068283344
0.7185705169112955
0.7335673261008296
0.8627951499680919
0.8947032546266752
0.7342054881940012
0.7852584556477346
0.6700701978302489
0.6933631142310147
0.763241863433312
0.6802807913209955
0.8611997447351627
0.7696234843650287
0.8458838544990428
0.7964262922782387
0.9186343331206126
0.7638800255264837
0.6917677089980855
0.686981493299298
0.8248245054243778
0.6573069559668155
0.9470325462667517
0.6132737715379707
0.8497128270580727
0.6065730695596682
0.9489470325462668
0.7054881940012763
0.8146139119336312
0.7198468410976387
0.7536694320357371
0.3312061263560944
0.8768347160178686
0.7144224633056796
0.9323548181238035
0.6841097638800255
0.8222718570516911
0.8142948308870454
0.7370772176132737
0.763241863433312
0.7737715379706446
0.8200382897255903
0.7294192724952138
0.24473516273133375
0.6375239310784939
0.6477345245692406
0.8921506062539886
0.793873643905552
0.7983407785577536
0.898851308232291
0.8040842373962986
0.7708998085513721
0.774728781110402
0.6614550095724314
0.8589661774090619
0.7708998085513721
0.0874282067645182
0.7450542437779196
0.8844926611359285
0.6072112316528399
0.8248245054243778
0.8966177409061902
0.9100191448627951
0.702297383535418
0.7348436502871729
0.7779195915762603
0.7370772176132737
0.7894065092533503
0.7428206764518187
0.3813018506700702
0.917996171027441
0.8688576898532228
0.8663050414805361
0.7766432673899171
0.8308870453095086
0.9042756860242501
0.7629227823867263
0.807275047862157
0.9097000638162093
0.7932354818123803
0.6930440331844289
0.40523292916400766
0.8484365028717294
0.612635609444799
0.8666241225271218
0.7750478621569878
0.7380344607530313
0.6368857689853222
0.8844926611359285
0.8347160178685387
0.8047223994894703
0.8417358008934269
0.8407785577536694
0.9202297383535418
0.8669432035737077
0.7820676451818762
0.898851308232291
0.736758136566688
0.0006381620931716656
0.7134652201659222
0.6397574984045947
0.6633694958519464
0.7440970006381621
0.7259093809827696
0.9234205488194002
0.6952776005105297
0.6627313337587747
0.7463305679642629
0.8312061263560945
0.6962348436502872
0.8264199106573069
0.8286534779834078
0.8940650925335035
0.816847479259732
0.8197192086790045
0.6799617102744097
0.6231652839821314
0.7814294830887045
0.7428206764518187
0.38194001276324185
0.8857689853222719
0.7361199744735163
0.8229100191448628
0.8564135290363752
0.7581365666879387
0.797702616464582
0.8104658583280153
0.9029993618379069
0.7361199744735163
0.8564135290363752
0.7606892150606254
0.8679004467134652
0.790044671346522
0.5606253988513082
0.6908104658583281
0.7613273771537971
0.8410976388002552
0.8426930440331845
0.7409061901723037
0.8248245054243778
0.8739629865985961
0.7715379706445438
0.7922782386726228
0.6167836630504148
0.7718570516911295
0.8765156349712827
0.7568602425015954
0.5845564773452457
0.7858966177409062
0.8101467772814295
0.6100829610721124
0.7112316528398213
0.8647096362476069
0.8822590938098277
0.5555201021059349
0.780472239948947
0.603063178047224
0.7386726228462029
0.7338864071474155
0.8133375877472878
0.767070835992342
0.6595405232929163
0.8114231014677729
0.751754945756222
0.7823867262284621
0.6691129546904914
0.7456924058710912
0.709955328653478
0.7485641352903637
0.6100829610721124
0.6129546904913848
0.7507977026164646
0.9384173580089342
0.8452456924058711
0.08679004467134652
0.797702616464582
0.05647734524569241
0.6783663050414805
0.6959157626037014
0.7405871091257179
0.6885768985322271
0.059349074664964904
0.580089342693044
0.047862156987874924
0.6244416081684748
0.803446075303127
0.8024888321633695
0.7964262922782387
0.6458200382897256
0.7096362476068921
0.39246968730057435
0.8296107211231653
0.8880025526483727
0.7291001914486279
0.8679004467134652
0.8624760689215061
0.8529036375239311
0.9014039566049776
0.757498404594767
0.8809827696234843
0.97702616464582
0.7935545628589662
0.8481174218251436
0.8229100191448628
0.6052967453733248
0.7185705169112955
0.7211231652839821
0.8809827696234843
0.8404594767070837
0.8768347160178686
0.9218251435864709
0.8044033184428845
0.7807913209955328
0.8372686662412253
0.7667517549457562
0.7466496490108487
0.8548181238034461
0.7166560306317805
0.6997447351627313
0.08583280153158902
0.10816847479259732
0.7619655392469687
0.8305679642629228
0.7702616464582004
0.7686662412252713
0.7176132737715379
0.797702616464582
0.923739629865986
0.7444160816847479
0.7798340778557754
0.8190810465858328
0.7827058072750479
0.8653477983407786
0.7351627313337588
0.7163369495851947
0.7702616464582004
0.8765156349712827
0.4231014677728143
0.8947032546266752
0.6681557115507338
0.8219527760051053
0.8391831525207403
0.7935545628589662
0.7188895979578813
0.725271218889598
0.742501595405233
0.908423739629866
0.7176132737715379
0.7428206764518187
0.2865347798340779
0.7788768347160179
0.9029993618379069
0.8860880663688577
0.7268666241225271
0.7932354818123803
0.5765794511805998
0.702297383535418
0.7600510529674538
0.06349712827058072
0.8372686662412253
0.8921506062539886
0.8647096362476069
0.7380344607530313
0.7622846202935546
0.24250159540523292
0.6499680918953414
0.7801531589023613
0.8117421825143587
0.9218251435864709
0.7421825143586471
0.8474792597319719
0.8481174218251436
0.8206764518187619
0.7514358647096363
0.780472239948947
0.9183152520740268
0.8005743458838545
0.8525845564773452
0.6876196553924697
0.8777919591576261
0.8206764518187619
0.7894065092533503
0.6566687938736439
0.5918953414167198
0.7179323548181238
0.7246330567964263
0.09189534141671984
0.5670070197830249
0.7377153797064454
0.7176132737715379
0.8650287172941927
0.8149329929802169
0.768985322271857
0.7415443522654754
0.09955328653477984
0.5788130185067007
0.7983407785577536
0.8592852584556477
0.8174856413529037
0.8063178047223994
0.8442884492661136
0.7839821314613912
0.7172941927249521
0.8675813656668794
0.6611359285258456
0.8991703892788768
0.7051691129546905
0.7811104020421187
0.7811104020421187
0.7910019144862795
0.587747287811104
0.7125079770261646
0.9224633056796426
0.8915124441608169
0.8950223356732611
0.7179323548181238
0.09029993618379069
0.7626037013401404
0.8895979578813018
0.7351627313337588
0.10625398851308232
0.6250797702616464
0.694639438417358
0.8717294192724953
0.7578174856413529
0.7172941927249521
0.8238672622846203
0.7830248883216337
0.8114231014677729
0.7680280791320996
0.7657945118059988
0.9068283343969368
0.8091895341416719
0.6455009572431397
0.7948308870453095
0.8347160178685387
0.7795149968091896
0.6933631142310147
0.8114231014677729
0.7708998085513721
0.7686662412252713
0.6860242501595405
0.9023611997447352
0.7275047862156988
0.614550095724314
0.7858966177409062
0.7086790044671346
0.822590938098277
0.8040842373962986
0.8101467772814295
0.7992980216975112
0.5695596681557116
0.8439693682195277
0.8343969368219528
0.7322910019144863
0.6876196553924697
0.7294192724952138
0.786215698787492
0.8075941289087428
0.8647096362476069
0.7648372686662412
0.8592852584556477
0.8002552648372687
0.8752393107849393
0.6863433312061263
0.8768347160178686
0.751754945756222
0.8477983407785578
0.8324824505424377
0.8522654754307594
0.8975749840459477
0.7249521378430122
0.8257817485641353
0.7134652201659222
0.004467134652201659
0.07881301850670071
0.8123803446075303
0.6853860880663688
0.7536694320357371
0.904594767070836
0.7766432673899171
0.7801531589023613
0.7409061901723037
0.7910019144862795
0.8117421825143587
0.834077855775367
0.099234205488194
0.8624760689215061
0.6662412252712189
0.8142948308870454
0.7479259731971921
0.09285258455647734
0.7514358647096363
0.8918315252074027
0.8114231014677729
0.7922782386726228
0.7326100829610721
0.8458838544990428
0.7332482450542438
0.813018506700702
0.7523931078493937
0.08806636885768986
0.8669432035737077
0.6853860880663688
0.7897255902999362
0.7428206764518187
0.5631780472239949
0.8978940650925336
0.9425654116145501
0.8449266113592853
0.6104020421186982
0.6975111678366305
0.8372686662412253
0.702297383535418
0.7000638162093171
0.7811104020421187
0.08519463943841736
0.7788768347160179
0.8519463943841736
0.7377153797064454
0.11199744735162731
0.9234205488194002
0.8146139119336312
0.21569878749202298
0.7801531589023613
0.5638162093171666
0.8541799617102744
0.7463305679642629
0.8892788768347161
0.8899170389278876
0.708040842373963
0.8347160178685387
0.8637523931078493
0.8742820676451819
0.8548181238034461
0.654435226547543
0.7463305679642629
0.7683471601786854
0.8449266113592853
0.8104658583280153
0.9534141671984684
0.6700701978302489
0.8442884492661136
0.8560944479897894
0.7967453733248245
0.818761965539247
0.7769623484365029
0.5909380982769623
0.7172941927249521
0.9588385449904275
0.816847479259732
0.8640714741544352
0.7370772176132737
0.8270580727504786
0.9250159540523293
0.8924696873005743
0.9049138481174218
0.097319719208679
0.6129546904913848
0.8704530950861519
0.8324824505424377
0.8947032546266752
0.8414167198468411
0.8407785577536694
0.8423739629865986
0.9167198468410976
0.6901723037651564
0.8899170389278876
0.8401403956604978
0.8599234205488194
0.8943841735800894
0.828334396936822
0.813018506700702
0.8647096362476069
0.9215060625398851
0.8557753669432036
0.7629227823867263
0.7635609444798979
0.7820676451818762
0.7428206764518187
0.8117421825143587
0.7466496490108487
0.7223994894703255
0.9029993618379069
0.7951499680918953
0.8289725590299937
0.7064454371410338
0.6691129546904914
0.7198468410976387
0.6171027440970006
0.929483088704531
0.7967453733248245
0.08583280153158902
0.7980216975111678
0.811104020421187
0.6352903637523931
0.7504786215698788
0.7849393746011487
0.774728781110402
0.6860242501595405
0.16081684747925973
0.7463305679642629
0.7377153797064454
0.8886407147415444
0.8088704530950862
0.6662412252712189
0.08806636885768986
0.7740906190172304
0.8120612635609444
0.7763241863433312
0.7431397574984046
0.7188895979578813
0.8337587747287811
0.8008934269304403
0.8813018506700702
0.694639438417358
0.32354818123803447
0.753988513082323
0.8082322910019145
0.8886407147415444
0.7871729419272495
0.1742182514358647
0.8589661774090619
0.6924058710912572
0.8299298021697511
0.6764518187619656
0.7699425654116145
0.7284620293554562
0.9368219527760051
0.7721761327377153
0.8136566687938737
0.6563497128270581
0.8056796426292279
0.803446075303127
0.7613273771537971
0.7686662412252713
0.8146139119336312
0.786215698787492
0.8717294192724953
0.6199744735162731
0.8653477983407786
0.7412252712188896
0.4971282705807275
0.8819400127632419
0.7571793235481813
0.08296107211231653
0.8761965539246969
0.7584556477345246
0.7204850031908104
0.6783663050414805
0.7070835992342055
0.7839821314613912
0.732929164007658
0.6129546904913848
0.7766432673899171
0.7351627313337588
0.6920867900446713
0.8238672622846203
0.7677089980855137
0.8324824505424377
0.8516273133375878
0.6633694958519464
0.8800255264837269
0.5807275047862157
0.780472239948947
0.799617102744097
0.8490746649649011
0.8934269304403318
0.8085513720485004
0.8095086151882578
0.6805998723675813
0.8672622846202935
0.7530312699425654
0.8991703892788768
0.7386726228462029
0.887364390555201
0.8008934269304403
0.8669432035737077
0.8414167198468411
0.8375877472878112
0.7776005105296745
0.6665603063178047
0.7361199744735163
0.7948308870453095
0.8296107211231653
0.7428206764518187
0.6799617102744097
0.6694320357370772
0.7192086790044672
0.8117421825143587
0.7102744097000638
0.7342054881940012
0.8659859604339503
0.7782386726228462
0.914167198468411
0.7964262922782387
0.601148691767709
0.7412252712188896
0.8599234205488194
0.6841097638800255
0.8229100191448628
0.8114231014677729
0.9195915762603701
0.8356732610082961
0.7338864071474155
0.7858966177409062
0.6920867900446713
0.7479259731971921
0.8395022335673261
0.751754945756222
0.5242501595405233
0.7868538608806637
0.8337587747287811
0.8146139119336312
0.8426930440331845
0.8075941289087428
0.7951499680918953
0.5248883216336949
0.9090619017230377
0.7313337587747287
0.6879387364390556
0.7964262922782387
0.6943203573707721
0.8915124441608169
0.8819400127632419
0.8219527760051053
0.763241863433312
0.7259093809827696
0.8710912571793236
0.8985322271857051
0.7469687300574346
0.8966177409061902
0.721442246330568
0.9023611997447352
0.0006381620931716656
0.8286534779834078
0.8564135290363752
0.6850670070197831
0.6569878749202297
0.801531589023612
0.7530312699425654
0.797702616464582
0.9061901723037652
0.7498404594767071
0.6828334396936822
0.8018506700701978
0.005105296745373325
0.8698149329929802
0.6904913848117422
0.7613273771537971
0.7472878111040204
0.8379068283343969
0.8592852584556477
0.06892150606253988
0.8213146139119336
0.7083599234205488
0.7466496490108487
0.6943203573707721
0.0006381620931716656
0.5768985322271857
0.807275047862157
0.8777919591576261
0.7986598596043395
0.097319719208679
0.8465220165922144
0.7708998085513721
0.5143586470963625
0.7989789406509253
0.8832163369495852
0.6955966815571155
0.6952776005105297
0.8761965539246969
0.7590938098276963
0.6943203573707721
0.8171665603063178
0.8781110402042118
0.6815571155073389
0.9269304403318442
0.8139757498404595
0.8018506700701978
