0.5045023696682465
0.8260663507109005
0.8040284360189573
0.7611374407582938
0.8504739336492891
0.9203791469194312
0.8670616113744076
0.5720379146919431
0.5893364928909952
0.8817535545023697
0.9026066350710901
0.8078199052132702
0.6454976303317536
0.6781990521327014
0.5791469194312796
0.7796208530805687
0.8774881516587678
0.7623222748815166
0.814218009478673
0.8028436018957346
0.5985781990521327
0.859478672985782
0.7824644549763033
0.8777251184834123
0.8957345971563981
0.8917061611374407
0.5341232227488152
0.9142180094786729
0.8462085308056873
0.9087677725118484
0.7981042654028436
0.7950236966824644
0.7921800947867299
0.8334123222748815
0.6618483412322275
0.5345971563981042
0.7156398104265402
0.8234597156398105
0.8597156398104265
0.5213270142180095
0.8945497630331753
0.5909952606635072
0.7090047393364929
0.8680094786729858
0.7466824644549763
0.7890995260663507
0.9184834123222749
0.8495260663507109
0.8248815165876777
0.7092417061611375
0.771563981042654
0.8808056872037915
0.9255924170616113
0.7293838862559242
0.7059241706161138
0.7898104265402843
0.9433649289099526
0.8236966824644549
0.9374407582938389
0.8120853080568721
0.783649289099526
0.2947867298578199
0.9170616113744076
0.8701421800947867
0.8523696682464454
0.8187203791469194
0.6959715639810427
0.9071090047393365
0.9023696682464455
0.8277251184834123
0.7059241706161138
0.790521327014218
0.7808056872037915
0.9132701421800948
0.9400473933649289
0.8101895734597157
0.8492890995260663
0.8225118483412323
0.9454976303317536
0.8443127962085308
0.7834123222748816
0.8090047393364929
0.8210900473933649
0.8267772511848341
0.6954976303317536
0.6234597156398104
0.035781990521327016
0.7992890995260663
0.7945497630331754
0.06018957345971564
0.8718009478672986
0.7343601895734597
0.7109004739336493
0.7800947867298578
0.9381516587677725
0.9111374407582938
0.9372037914691943
0.8220379146919431
0.04383886255924171
0.8232227488151659
0.9052132701421801
0.923696682464455
0.7424170616113744
0.8535545023696682
0.8912322274881517
0.7874407582938389
0.6879146919431279
0.6803317535545024
0.7132701421800948
0.6914691943127962
0.7184834123222749
0.7845971563981042
0.74739336492891
0.9213270142180094
0.8447867298578199
0.9130331753554503
0.9464454976303317
0.85
0.8824644549763033
0.7928909952606635
0.7161137440758294
0.7995260663507109
0.8281990521327014
0.795260663507109
0.7646919431279621
0.9227488151658768
0.8016587677725119
0.954265402843602
0.8682464454976303
0.8867298578199052
0.8054502369668246
0.7675355450236967
0.6054502369668247
0.7912322274881517
0.8135071090047393
0.7672985781990521
0.7902843601895735
0.7919431279620853
0.6867298578199053
0.7646919431279621
0.768957345971564
0.7417061611374408
0.8172985781990522
0.8222748815165877
0.9130331753554503
0.6734597156398104
0.8606635071090047
0.9379146919431279
0.7049763033175356
0.9447867298578199
0.7874407582938389
0.8279620853080568
0.6440758293838863
0.5786729857819906
0.7654028436018957
0.8381516587677725
0.7781990521327015
0.831042654028436
0.8817535545023697
0.7488151658767772
0.771563981042654
0.871563981042654
0.737914691943128
0.7928909952606635
0.8907582938388625
0.7298578199052133
0.8372037914691943
0.7635071090047393
0.7988151658767773
0.8265402843601896
0.6281990521327014
0.8774881516587678
0.8881516587677725
0.41872037914691945
0.8585308056872037
0.7573459715639811
0.8139810426540285
0.6004739336492891
0.8805687203791469
0.5443127962085308
0.6973933649289099
0.6345971563981042
0.7630331753554502
0.9040284360189573
0.9002369668246446
0.8509478672985782
0.7362559241706161
0.8265402843601896
0.8063981042654028
0.5943127962085308
0.9255924170616113
0.9222748815165877
0.5966824644549763
0.045023696682464455
0.8805687203791469
0.773696682464455
0.8637440758293838
0.8135071090047393
0.8552132701421801
0.9146919431279621
0.7298578199052133
0.7786729857819905
0.9182464454976303
0.6976303317535545
0.8175355450236966
0.6571090047393365
0.7850710900473934
0.773696682464455
0.7824644549763033
0.7424170616113744
0.654739336492891
0.7246445497630332
0.8144549763033175
0.95
0.7936018957345972
0.9144549763033175
0.666824644549763
0.7426540284360189
0.4056872037914692
0.7061611374407583
0.70260663507109
0.7841232227488152
0.6549763033175355
0.814218009478673
0.7393364928909952
0.7523696682464455
0.8473933649289099
0.7492890995260664
0.9011848341232227
0.8936018957345971
0.8649289099526066
0.781042654028436
0.9556872037914692
0.8815165876777251
0.8146919431279621
0.819431279620853
0.8319905213270142
0.7144549763033176
0.795734597156398
0.831042654028436
0.48933649289099523
0.8701421800947867
0.4523696682464455
0.8026066350710901
0.8514218009478673
0.28601895734597155
0.8585308056872037
0.8075829383886256
0.9090047393364928
0.8907582938388625
0.8191943127962086
0.6924170616113744
0.9149289099526067
0.793127962085308
0.9244075829383887
0.7876777251184834
0.8654028436018958
0.8056872037914692
0.9253554502369669
0.9123222748815166
0.8988151658767772
0.9298578199052133
0.790521327014218
0.9367298578199053
0.7097156398104265
0.8277251184834123
0.8502369668246446
0.535781990521327
0.8556872037914692
0.783175355450237
0.7530805687203791
0.7533175355450237
0.8286729857819906
0.7502369668246446
0.8945497630331753
0.6554502369668247
0.716350710900474
0.8962085308056872
0.8912322274881517
0.7433649289099526
0.6597156398104266
0.7635071090047393
0.8864928909952606
0.7248815165876777
0.5962085308056873
0.8748815165876778
0.828909952606635
0.8573459715639811
0.9478672985781991
0.792654028436019
0.7611374407582938
0.8907582938388625
0.7758293838862559
0.716350710900474
0.8765402843601896
0.9255924170616113
0.7156398104265402
0.9293838862559242
0.8440758293838863
0.9488151658767773
0.816824644549763
0.7917061611374407
0.8125592417061611
0.8699052132701421
0.9530805687203792
0.8907582938388625
0.9644549763033176
0.8680094786729858
0.9187203791469194
0.754739336492891
0.8144549763033175
0.5563981042654028
0.8097156398104265
0.8841232227488152
0.8504739336492891
0.8123222748815165
0.6490521327014218
0.871563981042654
0.7672985781990521
0.7151658767772512
0.7097156398104265
0.7744075829383886
0.874170616113744
0.8372037914691943
0.8635071090047394
0.6770142180094787
0.7959715639810426
0.7571090047393365
0.7518957345971564
0.9390995260663507
0.8703791469194313
0.9654028436018958
0.7343601895734597
0.6819905213270142
0.6407582938388625
0.8471563981042654
0.9201421800947868
0.718957345971564
0.7862559241706161
0.39478672985781993
0.7191943127962085
0.6917061611374408
0.5971563981042654
0.5890995260663507
0.7436018957345971
0.8281990521327014
0.921563981042654
0.7976303317535545
0.7315165876777251
0.8203791469194313
0.7680094786729857
0.9296208530805687
0.7625592417061612
0.7893364928909953
0.6597156398104266
0.8921800947867299
0.7777251184834123
0.7644549763033175
0.8940758293838863
0.9078199052132702
0.8180094786729858
0.8836492890995261
0.8680094786729858
0.806872037914692
0.8037914691943128
0.8699052132701421
0.859478672985782
0.8827014218009479
0.8054502369668246
0.593127962085308
0.8199052132701422
0.7907582938388625
0.7400473933649289
0.8632701421800948
0.7578199052132701
0.8575829383886255
0.725829383886256
0.7682464454976303
0.7720379146919432
0.7331753554502369
0.852132701421801
0.7981042654028436
0.6490521327014218
0.8656398104265403
0.7732227488151658
0.8353080568720379
0.9054502369668247
0.940521327014218
0.7177725118483412
0.6253554502369668
0.6758293838862559
0.8938388625592417
0.7293838862559242
0.873696682464455
0.8497630331753554
0.7713270142180095
0.8248815165876777
0.7260663507109004
0.8670616113744076
0.916824644549763
0.9263033175355451
0.6642180094786729
0.8158767772511848
0.7488151658767772
0.542654028436019
0.7869668246445498
0.8274881516587678
0.8580568720379147
0.9234597156398104
0.9132701421800948
0.7983412322274882
0.8917061611374407
0.840521327014218
0.8888625592417062
0.7853080568720379
0.9007109004739337
0.6244075829383886
0.6900473933649289
0.0509478672985782
0.921563981042654
0.828909952606635
0.662085308056872
0.7791469194312797
0.8592417061611375
0.8090047393364929
0.7917061611374407
0.737914691943128
0.8658767772511848
0.8623222748815166
0.8613744075829384
0.6374407582938388
0.7113744075829384
0.6191943127962085
0.8654028436018958
0.9402843601895735
0.9002369668246446
0.9009478672985782
0.8907582938388625
0.8007109004739337
0.7137440758293839
0.7862559241706161
0.7234597156398104
0.7537914691943128
0.5822274881516588
0.8725118483412322
0.8549763033175355
0.8116113744075829
0.5488151658767773
0.9440758293838862
0.8938388625592417
0.8286729857819906
0.9033175355450237
0.843127962085308
0.7609004739336492
0.8580568720379147
0.7220379146919431
0.9163507109004739
0.8225118483412323
0.9078199052132702
0.8644549763033176
0.8497630331753554
0.8234597156398105
0.8495260663507109
0.6954976303317536
0.9239336492890995
0.8232227488151659
0.7436018957345971
0.9222748815165877
0.8658767772511848
0.5078199052132701
0.7350710900473933
0.8514218009478673
0.8535545023696682
0.8393364928909952
0.8028436018957346
0.4203791469194313
0.7177725118483412
0.7222748815165877
0.6919431279620853
0.8748815165876778
0.8587677725118483
0.7945497630331754
0.6281990521327014
0.7924170616113744
0.7023696682464455
0.9492890995260663
0.8412322274881516
0.6201421800947867
0.659478672985782
0.8018957345971564
0.4703791469194313
0.7395734597156398
0.7945497630331754
0.8220379146919431
0.5893364928909952
0.7035545023696682
0.8267772511848341
0.75
0.8239336492890995
0.6886255924170616
0.6746445497630332
0.7632701421800948
0.5443127962085308
0.8187203791469194
0.05710900473933649
0.7694312796208531
0.8220379146919431
0.8834123222748815
0.8023696682464455
0.7966824644549763
0.8575829383886255
0.8274881516587678
0.5154028436018957
0.8298578199052132
0.8440758293838863
0.9528436018957346
0.7443127962085309
0.8374407582938389
0.7718009478672986
0.8914691943127963
0.7819905213270142
0.7218009478672985
0.6651658767772511
0.9199052132701422
0.8172985781990522
0.7869668246445498
0.7841232227488152
0.7075829383886256
0.7246445497630332
0.7781990521327015
0.8054502369668246
0.7824644549763033
0.6644549763033175
0.8888625592417062
0.6516587677725119
0.7625592417061612
0.9296208530805687
0.9135071090047393
0.8509478672985782
0.7808056872037915
0.8300947867298578
0.6971563981042654
0.7293838862559242
0.8708530805687204
0.7061611374407583
0.7497630331753554
0.8343601895734597
0.7225118483412323
0.6324644549763033
0.8928909952606635
0.8241706161137441
0.7630331753554502
0.7691943127962085
0.8087677725118484
0.7703791469194313
0.7848341232227488
0.8272511848341232
0.7523696682464455
0.9270142180094787
0.8279620853080568
0.3957345971563981
0.930568720379147
0.9078199052132702
0.771090047393365
0.8272511848341232
0.8042654028436019
0.7485781990521327
0.7509478672985782
0.7718009478672986
0.7447867298578199
0.6838862559241706
0.7670616113744075
0.716824644549763
0.8601895734597157
0.7900473933649289
0.833175355450237
0.7793838862559241
0.7883886255924171
0.7545023696682465
0.9229857819905213
0.8504739336492891
0.7016587677725118
0.8718009478672986
0.8049763033175356
0.904739336492891
0.9007109004739337
0.7597156398104266
0.8917061611374407
0.728909952606635
0.8722748815165877
0.8002369668246445
0.8725118483412322
0.8364928909952607
0.864691943127962
0.9334123222748815
0.8165876777251185
0.8218009478672986
0.7213270142180095
0.7834123222748816
0.8291469194312796
0.3995260663507109
0.819431279620853
0.8559241706161137
0.6819905213270142
0.5201421800947867
0.8459715639810427
0.8933649289099526
0.7779620853080569
0.7658767772511849
0.7803317535545023
0.8632701421800948
0.8571090047393365
0.8116113744075829
0.7367298578199052
0.05995260663507109
0.8838862559241706
0.8440758293838863
0.7059241706161138
0.8587677725118483
0.8355450236966825
0.05118483412322275
0.7886255924170616
0.7983412322274882
0.6073459715639811
0.8917061611374407
0.45213270142180095
0.8964454976303318
0.7338862559241706
0.7606635071090048
0.9258293838862559
0.6483412322274882
0.8917061611374407
0.7708530805687204
0.9303317535545024
0.7030805687203792
0.9085308056872038
0.8943127962085308
0.842654028436019
0.754739336492891
0.8052132701421801
0.8898104265402843
0.7848341232227488
0.8367298578199052
0.897867298578199
0.7270142180094786
0.7490521327014218
0.8109004739336493
0.8893364928909953
0.7898104265402843
0.7040284360189574
0.716350710900474
0.7369668246445498
0.7575829383886256
0.7137440758293839
0.9011848341232227
0.7464454976303317
0.6936018957345972
0.8739336492890996
0.8353080568720379
0.8568720379146919
0.7812796208530806
0.8988151658767772
0.7426540284360189
0.8744075829383886
0.7590047393364929
0.8992890995260664
0.7184834123222749
0.8841232227488152
0.7170616113744076
0.7853080568720379
0.6407582938388625
0.7753554502369668
0.9450236966824644
0.7035545023696682
0.7696682464454976
0.797867298578199
0.6542654028436019
0.6502369668246446
0.771090047393365
0.8969194312796208
0.8440758293838863
0.8518957345971564
0.7599526066350711
0.8824644549763033
0.7033175355450237
0.7971563981042654
0.5277251184834123
0.8469194312796209
0.8890995260663507
0.8950236966824645
0.6661137440758294
0.7125592417061611
0.9348341232227488
0.6393364928909953
0.762085308056872
0.8599526066350711
0.809478672985782
0.8921800947867299
0.8063981042654028
0.8109004739336493
0.6611374407582938
0.8881516587677725
0.807345971563981
0.8196682464454976
0.916824644549763
0.890521327014218
0.8338862559241706
0.7784360189573459
0.8345971563981043
0.7248815165876777
0.85260663507109
0.8104265402843602
0.7703791469194313
0.761611374407583
0.888388625592417
0.9161137440758294
0.9021327014218009
0.8983412322274882
0.843127962085308
0.7969194312796208
0.8644549763033176
0.845260663507109
0.8945497630331753
0.8364928909952607
0.7898104265402843
0.7464454976303317
0.7582938388625592
0.7312796208530805
0.828909952606635
0.7843601895734598
0.7789099526066351
0.9170616113744076
0.7805687203791469
0.8682464454976303
0.8819905213270142
0.4154028436018957
0.8789099526066351
0.8414691943127962
0.7296208530805687
0.9092417061611374
0.8481042654028436
0.8473933649289099
0.819431279620853
0.8251184834123223
0.9007109004739337
0.6502369668246446
0.8924170616113745
0.8002369668246445
0.8791469194312796
0.7549763033175355
0.8369668246445497
0.7713270142180095
0.3033175355450237
0.9056872037914692
0.6471563981042654
0.8123222748815165
0.8488151658767773
0.7843601895734598
0.8078199052132702
0.4829383886255924
0.8308056872037914
0.8516587677725118
0.8997630331753554
0.819431279620853
0.7661137440758294
0.774170616113744
0.8514218009478673
0.8436018957345972
0.7296208530805687
0.06018957345971564
0.8696682464454977
0.9149289099526067
0.7954976303317536
0.9289099526066351
0.9255924170616113
0.30379146919431277
0.8950236966824645
0.6796208530805687
0.8530805687203792
0.8921800947867299
0.7187203791469194
0.7706161137440758
0.7490521327014218
0.8805687203791469
0.8009478672985783
0.4995260663507109
0.8689573459715639
0.7424170616113744
0.6082938388625593
0.8473933649289099
0.5042654028436019
0.7701421800947867
0.495260663507109
0.8106635071090047
0.7675355450236967
0.7995260663507109
0.4827014218009479
0.8308056872037914
0.7424170616113744
0.9011848341232227
0.8862559241706162
0.7255924170616114
0.7800947867298578
0.6476303317535546
0.7312796208530805
0.5978672985781991
0.8459715639810427
0.7376777251184834
0.8111374407582939
0.8488151658767773
0.8303317535545024
0.8296208530805688
0.8957345971563981
0.9350710900473934
0.5234597156398104
0.5367298578199052
0.7161137440758294
0.8796208530805687
0.6590047393364928
0.8670616113744076
0.8848341232227488
0.7720379146919432
0.8841232227488152
0.8322274881516588
0.8535545023696682
0.704265402843602
0.7118483412322275
0.7104265402843601
0.6876777251184835
0.8841232227488152
0.821563981042654
0.6218009478672986
0.8274881516587678
0.7703791469194313
0.8341232227488151
0.8680094786729858
0.6327014218009479
0.8495260663507109
0.959478672985782
0.7798578199052133
0.75
0.7720379146919432
0.9033175355450237
0.4161137440758294
0.7936018957345972
0.7781990521327015
0.6374407582938388
0.6684834123222749
0.7767772511848341
0.792654028436019
0.8943127962085308
0.7440758293838863
0.8549763033175355
0.6864928909952607
0.7770142180094787
0.7919431279620853
0.8734597156398104
0.7770142180094787
0.8995260663507109
0.7215639810426541
0.837914691943128
0.7627962085308057
0.7734597156398104
0.8746445497630332
0.05829383886255924
0.7635071090047393
0.8092417061611374
0.7132701421800948
0.723696682464455
0.6542654028436019
0.5725118483412323
0.7132701421800948
0.8075829383886256
0.7781990521327015
0.9090047393364928
0.8537914691943128
0.8872037914691943
0.8343601895734597
0.8033175355450237
0.8341232227488151
0.8919431279620853
0.0014218009478672985
0.9402843601895735
0.8824644549763033
0.7436018957345971
0.8412322274881516
0.8336492890995261
0.5713270142180095
0.6959715639810427
0.819431279620853
0.912085308056872
0.7063981042654028
0.8962085308056872
0.8751184834123222
0.8113744075829384
0.8938388625592417
0.45829383886255926
0.9248815165876777
0.8438388625592417
0.6940758293838862
0.8990521327014218
0.7395734597156398
0.9206161137440758
0.8236966824644549
0.8125592417061611
0.773696682464455
0.8172985781990522
0.8388625592417062
0.909478672985782
0.6450236966824645
0.8210900473933649
0.8898104265402843
0.8343601895734597
0.8075829383886256
0.5677725118483412
0.921090047393365
0.8450236966824645
0.5838862559241706
0.6815165876777252
0.5632701421800947
0.7509478672985782
0.95260663507109
0.7218009478672985
0.8523696682464454
0.7936018957345972
0.6976303317535545
0.819431279620853
0.783649289099526
0.8729857819905213
0.8260663507109005
0.6462085308056872
0.635308056872038
0.883175355450237
0.7938388625592417
0.8203791469194313
0.8900473933649289
0.6997630331753555
0.7002369668246445
0.40118483412322276
0.725829383886256
0.8819905213270142
0.9085308056872038
0.8933649289099526
0.8609004739336493
0.8822274881516587
0.7172985781990522
0.790521327014218
0.9561611374407583
0.6675355450236967
0.7862559241706161
0.8504739336492891
0.7869668246445498
0.8992890995260664
0.6881516587677725
0.909478672985782
0.8855450236966824
0.7829383886255924
0.8590047393364929
0.7194312796208531
0.9255924170616113
0.7528436018957346
0.39834123222748813
0.0462085308056872
0.7639810426540284
0.8149289099526066
0.6488151658767772
0.8056872037914692
0.8997630331753554
0.7514218009478673
0.7639810426540284
0.7552132701421801
0.6672985781990521
0.797867298578199
0.9184834123222749
0.8890995260663507
0.7779620853080569
0.7265402843601896
0.8568720379146919
0.5037914691943128
0.5417061611374407
0.7125592417061611
0.05118483412322275
0.7632701421800948
0.8781990521327014
0.7156398104265402
0.6018957345971564
0.6753554502369669
0.7537914691943128
0.8732227488151659
0.830568720379147
0.795734597156398
0.843127962085308
0.8817535545023697
0.9184834123222749
0.7511848341232228
0.9419431279620853
0.9234597156398104
0.9125592417061611
0.7661137440758294
0.8208530805687204
0.49881516587677727
0.7876777251184834
0.790521327014218
0.7014218009478673
0.7675355450236967
0.75260663507109
0.8101895734597157
0.704265402843602
0.7663507109004739
0.8632701421800948
0.8535545023696682
0.8469194312796209
0.7345971563981043
0.685781990521327
0.7483412322274882
0.5334123222748816
0.9270142180094787
0.8308056872037914
0.6556872037914692
0.764218009478673
0.7637440758293839
0.8196682464454976
0.5606635071090047
0.5710900473933649
0.9151658767772511
0.6895734597156398
0.5990521327014218
0.7720379146919432
0.678436018957346
0.547867298578199
0.7075829383886256
0.8118483412322275
0.6876777251184835
0.9277251184834123
0.6289099526066351
0.6990521327014217
0.7222748815165877
0.578436018957346
0.7876777251184834
0.6419431279620853
0.8260663507109005
0.8087677725118484
0.6919431279620853
0.6853080568720379
0.8682464454976303
0.8419431279620853
0.852132701421801
0.8729857819905213
0.6642180094786729
0.5469194312796208
0.7827014218009478
0.9011848341232227
0.7009478672985782
0.7649289099526067
0.6924170616113744
0.762085308056872
0.9049763033175355
0.7130331753554502
0.8248815165876777
0.95260663507109
0.7848341232227488
0.9201421800947868
0.7950236966824644
0.8165876777251185
0.8139810426540285
0.8516587677725118
0.8672985781990521
0.7568720379146919
0.9203791469194312
0.8436018957345972
0.7822274881516588
0.8533175355450237
0.8180094786729858
0.8919431279620853
0.7900473933649289
0.6940758293838862
0.8312796208530806
0.4386255924170616
0.05402843601895735
0.8125592417061611
0.761611374407583
0.9090047393364928
0.7492890995260664
0.9260663507109005
0.797867298578199
0.7327014218009479
0.7260663507109004
0.6938388625592417
0.9490521327014217
0.6954976303317536
0.792654028436019
0.8869668246445498
0.9388625592417061
0.43317535545023694
0.9616113744075829
0.7604265402843602
0.7997630331753555
0.9132701421800948
0.9609004739336493
0.7535545023696683
0.6639810426540285
0.7829383886255924
0.8106635071090047
0.8490521327014218
0.8161137440758294
0.7386255924170616
0.9011848341232227
0.8966824644549763
0.6713270142180094
0.9428909952606636
0.6981042654028436
0.3291469194312796
0.8457345971563981
0.7732227488151658
0.8007109004739337
0.6199052132701421
0.8277251184834123
0.8390995260663507
0.8725118483412322
0.5563981042654028
0.9011848341232227
0.6007109004739336
0.8497630331753554
0.8040284360189573
0.12227488151658768
0.8490521327014218
0.8154028436018957
0.8931279620853081
0.8059241706161138
0.8343601895734597
0.8270142180094787
0.9142180094786729
0.7658767772511849
0.6018957345971564
0.8028436018957346
0.783175355450237
0.8945497630331753
0.5706161137440758
0.9440758293838862
0.7120853080568721
0.888388625592417
0.9609004739336493
0.8765402843601896
0.8566350710900474
0.9253554502369669
0.8718009478672986
0.9476303317535545
0.8125592417061611
0.8085308056872038
0.8281990521327014
0.8563981042654029
0.819431279620853
0.890521327014218
0.8324644549763033
0.8637440758293838
0.9208530805687204
0.042890995260663506
0.8229857819905213
0.909952606635071
0.888388625592417
0.5168246445497631
0.8862559241706162
0.9412322274881516
0.7848341232227488
0.9054502369668247
0.8850710900473934
0.7962085308056872
0.7943127962085308
0.7483412322274882
0.8485781990521327
0.6876777251184835
0.05971563981042654
0.058767772511848344
0.8279620853080568
0.89739336492891
0.864218009478673
0.9364928909952607
0.8184834123222748
0.7732227488151658
0.8819905213270142
0.9184834123222749
0.5521327014218009
0.05260663507109005
0.8469194312796209
0.7864928909952607
0.8312796208530806
0.8336492890995261
0.5696682464454976
0.04834123222748815
0.725829383886256
0.6471563981042654
0.7827014218009478
0.6082938388625593
0.4199052132701422
0.8390995260663507
0.7774881516587677
0.716824644549763
0.5791469194312796
0.890521327014218
0.7680094786729857
0.7030805687203792
0.8665876777251185
0.79478672985782
0.6075829383886255
0.706872037914692
0.8187203791469194
0.8374407582938389
0.7625592417061612
0.9533175355450237
0.7732227488151658
0.8997630331753554
0.8213270142180095
0.7651658767772512
0.8964454976303318
0.668957345971564
0.8945497630331753
0.952132701421801
0.7969194312796208
0.8279620853080568
0.7649289099526067
0.7734597156398104
0.6625592417061611
0.8516587677725118
0.8348341232227489
0.7312796208530805
0.8850710900473934
0.6170616113744076
0.814218009478673
0.8033175355450237
0.8436018957345972
0.8260663507109005
0.8336492890995261
0.7305687203791469
0.8644549763033176
0.9059241706161137
0.8545023696682464
0.854739336492891
0.8080568720379147
0.8585308056872037
0.7907582938388625
0.7924170616113744
0.8381516587677725
0.783649289099526
0.8485781990521327
0.95260663507109
0.8274881516587678
0.7199052132701422
0.933649289099526
0.5706161137440758
0.9390995260663507
0.8990521327014218
0.8559241706161137
0.7687203791469195
0.7817535545023697
0.9286729857819905
0.40213270142180096
0.8812796208530805
0.8336492890995261
0.9258293838862559
0.7981042654028436
0.8154028436018957
0.6376777251184834
0.5341232227488152
0.8713270142180095
0.8988151658767772
0.8511848341232228
0.704739336492891
0.7691943127962085
0.9137440758293839
0.6850710900473934
0.7372037914691943
0.9030805687203791
0.871563981042654
0.7234597156398104
0.8938388625592417
0.8817535545023697
0.8909952606635071
0.9066350710900474
0.8279620853080568
0.6919431279620853
0.7895734597156399
0.7023696682464455
0.8981042654028436
0.7900473933649289
0.7755924170616114
0.6936018957345972
0.04241706161137441
0.7428909952606635
0.8395734597156398
0.8319905213270142
0.8023696682464455
0.9187203791469194
0.6886255924170616
0.6388625592417062
0.8497630331753554
0.7609004739336492
0.8514218009478673
0.7343601895734597
0.8454976303317535
0.8808056872037915
0.8938388625592417
0.8985781990521327
0.8367298578199052
0.7447867298578199
0.7563981042654029
0.8798578199052133
0.702132701421801
0.795260663507109
0.7291469194312796
0.7372037914691943
0.840521327014218
0.8571090047393365
0.7902843601895735
0.8964454976303318
0.7888625592417061
0.9170616113744076
0.8139810426540285
0.8390995260663507
0.8912322274881517
0.8582938388625593
0.6940758293838862
0.9630331753554502
0.8135071090047393
0.7528436018957346
0.8312796208530806
0.7559241706161137
0.8298578199052132
0.7879146919431279
0.7549763033175355
0.5609004739336493
0.8810426540284361
0.7030805687203792
0.8921800947867299
0.7146919431279621
0.6609004739336493
0.6959715639810427
0.7244075829383886
0.8090047393364929
0.8239336492890995
0.8014218009478673
0.904739336492891
0.7222748815165877
0.5722748815165877
0.6687203791469194
0.8604265402843602
0.8393364928909952
0.9116113744075829
0.8244075829383887
0.8021327014218009
0.8651658767772512
0.8985781990521327
0.7573459715639811
0.7869668246445498
0.6796208530805687
0.842654028436019
0.6924170616113744
0.6445497630331753
0.890521327014218
0.6246445497630332
0.8390995260663507
0.5845971563981043
0.8421800947867298
0.8009478672985783
0.8530805687203792
0.7599526066350711
0.7694312796208531
0.7848341232227488
0.754739336492891
0.8575829383886255
0.7713270142180095
0.8893364928909953
0.7286729857819905
0.85
0.9609004739336493
0.7490521327014218
0.7670616113744075
0.8492890995260663
0.6663507109004739
0.8433649289099526
0.8481042654028436
0.7180094786729858
0.8170616113744076
0.8549763033175355
0.8992890995260664
0.5739336492890995
0.8772511848341232
0.6741706161137441
0.7336492890995261
0.8687203791469195
0.9315165876777252
0.6199052132701421
0.8362559241706161
0.9014218009478673
0.7976303317535545
0.6834123222748815
0.666824644549763
0.8383886255924171
0.7654028436018957
0.5718009478672986
0.907345971563981
0.8274881516587678
0.874170616113744
0.859478672985782
0.8575829383886255
0.7663507109004739
0.8962085308056872
0.9248815165876777
0.7997630331753555
0.7213270142180095
0.9052132701421801
0.8139810426540285
0.7272511848341232
0.6575829383886256
0.6713270142180094
0.7097156398104265
0.8393364928909952
0.8156398104265403
0.8443127962085308
0.8672985781990521
0.8485781990521327
0.7540284360189573
0.7976303317535545
0.7061611374407583
0.7417061611374408
0.7945497630331754
0.5417061611374407
0.5917061611374408
0.9059241706161137
0.75
0.8699052132701421
0.8578199052132701
0.8457345971563981
0.7658767772511849
0.8796208530805687
0.8329383886255924
0.8199052132701422
0.8504739336492891
0.7635071090047393
0.7936018957345972
0.9649289099526066
0.8492890995260663
0.9433649289099526
0.9502369668246445
0.8315165876777251
0.6471563981042654
0.8203791469194313
0.7706161137440758
0.9362559241706161
0.7791469194312797
0.89739336492891
0.9071090047393365
0.5277251184834123
0.8402843601895734
0.7850710900473934
0.6822274881516588
0.625829383886256
0.8502369668246446
0.8376777251184834
0.7431279620853081
0.7502369668246446
0.7585308056872038
0.8
0.7696682464454976
0.9353080568720379
0.8533175355450237
0.8971563981042654
0.7440758293838863
0.8609004739336493
0.8542654028436019
0.6895734597156398
0.8485781990521327
0.8703791469194313
0.883175355450237
0.8016587677725119
0.7580568720379147
0.8130331753554503
0.8454976303317535
0.7796208530805687
0.8286729857819906
0.9123222748815166
0.7459715639810427
0.5713270142180095
0.654739336492891
0.7684834123222749
0.752132701421801
0.7853080568720379
0.9080568720379147
0.8187203791469194
0.8943127962085308
0.8350710900473933
0.6696682464454976
0.6651658767772511
0.747867298578199
0.680568720379147
0.6907582938388626
0.6898104265402843
0.7265402843601896
0.728436018957346
0.8265402843601896
0.7879146919431279
0.738388625592417
0.9473933649289099
0.9620853080568721
0.6772511848341233
0.8398104265402844
0.681042654028436
0.8760663507109004
0.6959715639810427
0.7800947867298578
0.0462085308056872
0.9172985781990521
0.8319905213270142
0.909952606635071
0.9225118483412322
0.8082938388625592
0.8303317535545024
0.6793838862559242
0.8981042654028436
0.9369668246445497
0.8488151658767773
0.8450236966824645
0.738388625592417
0.7341232227488151
0.75
0.8222748815165877
0.44644549763033176
0.7869668246445498
0.6426540284360189
0.6753554502369669
0.8523696682464454
0.5741706161137441
0.9611374407582939
0.8995260663507109
0.8082938388625592
0.7971563981042654
0.8021327014218009
0.8803317535545023
0.7864928909952607
0.9191943127962086
0.74739336492891
0.8559241706161137
0.7734597156398104
0.6
0.8990521327014218
0.8981042654028436
0.8815165876777251
0.7312796208530805
0.8123222748815165
0.7734597156398104
0.9101895734597156
0.818957345971564
0.9362559241706161
0.8191943127962086
0.7725118483412322
0.8713270142180095
0.8954976303317536
0.8943127962085308
0.7113744075829384
0.9199052132701422
0.8348341232227489
0.8132701421800947
0.8364928909952607
0.8606635071090047
0.8504739336492891
0.3137440758293839
0.65
0.7248815165876777
0.762085308056872
0.7213270142180095
0.8845971563981042
0.7580568720379147
0.8014218009478673
0.8398104265402844
0.8542654028436019
0.8947867298578199
0.5959715639810427
0.7281990521327014
0.6426540284360189
0.7917061611374407
0.7490521327014218
0.8037914691943128
0.8407582938388626
0.9104265402843602
0.809478672985782
0.05995260663507109
0.9125592417061611
0.783649289099526
0.828436018957346
0.8381516587677725
0.8928909952606635
0.864691943127962
0.9187203791469194
0.8549763033175355
0.7722748815165876
0.9303317535545024
0.7483412322274882
0.6163507109004739
0.771090047393365
0.7251184834123223
0.8860189573459716
0.8229857819905213
0.8755924170616114
0.6090047393364929
0.6360189573459716
0.8601895734597157
0.8220379146919431
0.8966824644549763
0.7436018957345971
0.6613744075829384
0.921563981042654
0.8988151658767772
0.793127962085308
0.7609004739336492
0.7665876777251185
0.6841232227488152
0.8317535545023697
0.8037914691943128
0.9388625592417061
0.8637440758293838
0.9364928909952607
0.4945497630331754
0.9161137440758294
0.8578199052132701
0.7966824644549763
0.8018957345971564
0.9184834123222749
0.7964454976303318
0.7087677725118483
0.8834123222748815
0.6518957345971564
0.8336492890995261
0.9277251184834123
0.8658767772511848
0.625829383886256
0.7815165876777251
0.8917061611374407
0.8706161137440759
0.8120853080568721
0.7248815165876777
0.37251184834123224
0.8454976303317535
0.9436018957345972
0.8253554502369668
0.7130331753554502
0.70521327014218
0.33317535545023697
0.7267772511848342
0.8343601895734597
0.6637440758293839
0.8272511848341232
0.9540284360189574
0.783175355450237
0.8670616113744076
0.840521327014218
0.8279620853080568
0.7803317535545023
0.854739336492891
0.8575829383886255
0.8492890995260663
0.6988151658767773
0.8462085308056873
0.8177725118483412
0.8386255924170616
0.5914691943127962
0.9056872037914692
0.6068720379146919
0.7798578199052133
0.6907582938388626
0.906872037914692
0.9021327014218009
0.7623222748815166
0.6881516587677725
0.8225118483412323
0.7393364928909952
0.8424170616113744
0.7085308056872038
0.5988151658767773
0.940521327014218
0.8267772511848341
0.8180094786729858
0.8258293838862559
0.8765402843601896
0.9244075829383887
0.8170616113744076
0.612085308056872
0.7459715639810427
0.7234597156398104
0.8753554502369668
0.8552132701421801
0.7744075829383886
0.785781990521327
0.8907582938388625
0.714218009478673
0.8111374407582939
0.9244075829383887
0.6687203791469194
0.7540284360189573
0.8988151658767772
0.7739336492890996
0.8146919431279621
0.8713270142180095
0.7530805687203791
0.9338862559241706
0.792654028436019
0.6056872037914692
0.9471563981042654
0.819431279620853
0.8390995260663507
0.9163507109004739
0.9447867298578199
0.8957345971563981
0.8800947867298579
0.9241706161137441
0.883175355450237
0.771090047393365
0.9376777251184835
0.795734597156398
0.9109004739336493
0.6803317535545024
0.8056872037914692
0.8248815165876777
0.5246445497630332
0.6902843601895735
0.8232227488151659
0.7549763033175355
0.8767772511848341
0.7139810426540284
0.8002369668246445
0.8559241706161137
0.6834123222748815
0.7611374407582938
0.628436018957346
0.8137440758293839
0.7545023696682465
0.381042654028436
0.8315165876777251
0.7445497630331753
0.7670616113744075
0.862085308056872
0.8917061611374407
0.5770142180094787
0.671563981042654
0.9071090047393365
0.6289099526066351
0.8872037914691943
0.7817535545023697
0.023222748815165877
0.8864928909952606
0.737914691943128
0.8222748815165877
0.8495260663507109
0.7348341232227488
0.5218009478672986
0.8864928909952606
0.7729857819905214
0.8481042654028436
0.8836492890995261
0.5341232227488152
0.8135071090047393
0.5281990521327015
0.7457345971563981
0.8125592417061611
0.8703791469194313
0.05829383886255924
0.9040284360189573
0.7305687203791469
0.8241706161137441
0.9251184834123223
0.9014218009478673
0.7912322274881517
0.8824644549763033
0.9253554502369669
0.4504739336492891
0.7751184834123223
0.735781990521327
0.7900473933649289
0.8793838862559241
0.49881516587677727
0.7395734597156398
0.8137440758293839
0.6886255924170616
0.7355450236966825
0.8765402843601896
0.8052132701421801
0.7028436018957346
0.8609004739336493
0.7680094786729857
0.895260663507109
0.8322274881516588
0.5509478672985783
0.8959715639810426
0.7805687203791469
0.5758293838862559
0.8146919431279621
0.8369668246445497
0.7196682464454977
0.9244075829383887
0.7471563981042654
0.8680094786729858
0.7016587677725118
0.919431279620853
0.7665876777251185
0.8066350710900474
0.8097156398104265
0.7419431279620853
0.03886255924170616
0.9092417061611374
0.728909952606635
0.8338862559241706
0.943127962085308
0.890521327014218
0.5601895734597157
0.7118483412322275
0.7627962085308057
0.9317535545023696
0.5469194312796208
0.830568720379147
0.5298578199052133
0.8964454976303318
0.816350710900474
0.8471563981042654
0.7834123222748816
0.8106635071090047
0.8436018957345972
0.7464454976303317
0.9054502369668247
0.8085308056872038
0.7367298578199052
0.8789099526066351
0.6696682464454976
0.8827014218009479
0.8090047393364929
0.859478672985782
0.9232227488151659
0.8393364928909952
0.8085308056872038
0.9620853080568721
0.8815165876777251
0.7646919431279621
0.8184834123222748
0.7703791469194313
0.7632701421800948
0.8146919431279621
0.7959715639810426
0.8203791469194313
0.8260663507109005
0.05568720379146919
0.7537914691943128
0.8052132701421801
0.8180094786729858
0.6947867298578199
0.814218009478673
0.816824644549763
0.7907582938388625
0.8300947867298578
0.6563981042654028
0.8080568720379147
0.6954976303317536
0.7248815165876777
0.8592417061611375
0.8630331753554502
0.9080568720379147
0.8258293838862559
0.7997630331753555
0.9516587677725118
0.8009478672985783
0.7324644549763033
0.7834123222748816
0.8329383886255924
0.8573459715639811
0.8220379146919431
0.7
0.6886255924170616
0.8488151658767773
0.8530805687203792
0.7699052132701422
0.8241706161137441
0.44075829383886256
0.8274881516587678
0.6042654028436019
0.8478672985781991
0.7954976303317536
0.8433649289099526
0.9199052132701422
0.7535545023696683
0.7727488151658768
0.8786729857819905
0.9106635071090048
0.8912322274881517
0.8933649289099526
0.7329383886255925
0.9111374407582938
0.8867298578199052
0.8116113744075829
0.7827014218009478
0.840521327014218
0.9021327014218009
0.6630331753554503
0.8630331753554502
0.828436018957346
0.9585308056872038
0.8210900473933649
0.8803317535545023
0.03625592417061611
0.8357819905213271
0.8573459715639811
0.6336492890995261
0.8170616113744076
0.8954976303317536
0.7632701421800948
0.783649289099526
0.768957345971564
0.7644549763033175
0.6888625592417061
0.058056872037914695
0.6940758293838862
0.9390995260663507
0.9004739336492891
0.8533175355450237
0.3353080568720379
0.7691943127962085
0.7639810426540284
0.8018957345971564
0.9561611374407583
0.7552132701421801
0.8654028436018958
0.8353080568720379
0.9421800947867298
0.9154028436018957
0.7834123222748816
0.7912322274881517
0.7819905213270142
0.8161137440758294
0.783175355450237
0.840047393364929
0.04976303317535545
0.8116113744075829
0.8376777251184834
0.8561611374407583
0.816350710900474
0.8286729857819906
0.762085308056872
0.9409952606635071
0.7734597156398104
0.6492890995260664
0.7599526066350711
0.8348341232227489
0.6696682464454976
0.9056872037914692
0.8703791469194313
0.7658767772511849
0.7255924170616114
0.7488151658767772
0.9002369668246446
0.6672985781990521
0.8113744075829384
0.7758293838862559
0.37796208530805686
0.7414691943127962
0.9646919431279621
0.8045023696682464
0.8530805687203792
0.5781990521327014
0.8146919431279621
0.8682464454976303
0.6691943127962086
0.054502369668246446
0.8120853080568721
0.5921800947867298
0.7390995260663508
0.8369668246445497
0.5755924170616113
0.7568720379146919
0.9317535545023696
0.8116113744075829
0.9011848341232227
0.7838862559241706
0.7566350710900474
0.7170616113744076
0.7360189573459716
0.8796208530805687
0.6914691943127962
0.8319905213270142
0.7130331753554502
0.6914691943127962
0.866824644549763
0.8545023696682464
0.8381516587677725
0.8554502369668247
0.7303317535545024
0.8485781990521327
0.8803317535545023
0.8722748815165877
0.8210900473933649
0.7784360189573459
0.6900473933649289
0.8049763033175356
0.7218009478672985
0.7677725118483413
0.8135071090047393
0.9137440758293839
0.49715639810426543
0.7613744075829384
0.7341232227488151
0.8997630331753554
0.7921800947867299
0.7969194312796208
0.6940758293838862
0.8393364928909952
0.8360189573459715
0.8210900473933649
0.7476303317535545
0.0481042654028436
0.8132701421800947
0.7419431279620853
0.8037914691943128
0.7582938388625592
0.8116113744075829
0.7424170616113744
0.8552132701421801
0.862085308056872
0.5528436018957346
0.7834123222748816
0.8770142180094787
0.8732227488151659
0.7890995260663507
0.7943127962085308
0.8943127962085308
0.7194312796208531
0.842654028436019
0.8353080568720379
0.9201421800947868
0.8537914691943128
0.7656398104265403
0.8
0.8388625592417062
0.7632701421800948
0.8383886255924171
0.8651658767772512
0.907345971563981
0.6898104265402843
0.6867298578199053
0.7976303317535545
0.8014218009478673
0.8663507109004739
0.7777251184834123
0.7869668246445498
0.2995260663507109
0.7850710900473934
0.8907582938388625
0.8563981042654029
0.7364928909952607
0.7943127962085308
0.9265402843601895
0.8258293838862559
0.7291469194312796
0.39454976303317535
0.9037914691943127
0.8218009478672986
0.8912322274881517
0.7954976303317536
0.7914691943127962
0.7914691943127962
0.6992890995260663
0.7680094786729857
0.8054502369668246
0.7575829383886256
0.8836492890995261
0.5312796208530806
0.7853080568720379
0.819431279620853
0.8815165876777251
0.559478672985782
0.8872037914691943
0.7540284360189573
0.7646919431279621
0.9495260663507109
0.7606635071090048
0.919431279620853
0.8350710900473933
0.7502369668246446
0.8322274881516588
0.8156398104265403
0.8677725118483413
0.9355450236966825
0.904739336492891
0.6895734597156398
0.8255924170616113
0.9037914691943127
0.044312796208530805
0.7597156398104266
0.9196682464454976
0.783175355450237
0.8872037914691943
0.828909952606635
0.74739336492891
0.8755924170616114
0.8718009478672986
0.7488151658767772
0.7954976303317536
0.8488151658767773
0.7154028436018958
0.773696682464455
0.8928909952606635
0.8433649289099526
0.8938388625592417
0.8336492890995261
0.9049763033175355
0.8383886255924171
0.7492890995260664
0.7781990521327015
0.8658767772511848
0.6819905213270142
0.75260663507109
0.8552132701421801
0.9362559241706161
0.9255924170616113
0.9045023696682465
0.9154028436018957
0.8537914691943128
0.7492890995260664
0.8909952606635071
0.6206161137440759
0.7677725118483413
0.7812796208530806
0.6073459715639811
0.9137440758293839
0.7606635071090048
0.8661137440758294
0.9135071090047393
0.6815165876777252
0.9165876777251185
0.7632701421800948
0.9061611374407583
0.8227488151658767
0.8097156398104265
0.8518957345971564
0.8146919431279621
0.8146919431279621
0.03672985781990521
0.716350710900474
0.7805687203791469
0.8381516587677725
0.6613744075829384
0.5462085308056872
0.7483412322274882
0.7587677725118483
0.8516587677725118
0.8018957345971564
0.8196682464454976
0.7898104265402843
0.7682464454976303
0.04028436018957346
0.9199052132701422
0.7293838862559242
0.859478672985782
0.8267772511848341
0.8661137440758294
0.8182464454976304
0.7545023696682465
0.9497630331753555
0.797867298578199
0.7542654028436019
0.8684834123222749
0.818957345971564
0.9059241706161137
0.8054502369668246
0.8976303317535546
0.7796208530805687
0.7175355450236967
0.6601895734597156
0.7914691943127962
0.768957345971564
0.7135071090047393
0.8734597156398104
0.8850710900473934
0.8082938388625592
0.7319905213270143
0.6341232227488152
0.8232227488151659
0.845260663507109
0.7917061611374407
0.7651658767772512
0.828436018957346
0.8625592417061612
0.05687203791469194
0.051421800947867295
0.8232227488151659
0.659952606635071
0.7746445497630332
0.8938388625592417
0.8281990521327014
0.9362559241706161
0.8244075829383887
0.0504739336492891
0.8917061611374407
0.6495260663507109
0.8132701421800947
0.44620853080568723
0.762085308056872
0.8206161137440758
0.8220379146919431
0.8315165876777251
0.7606635071090048
0.8661137440758294
0.862085308056872
0.6606635071090048
0.5718009478672986
0.8260663507109005
0.774170616113744
0.8251184834123223
0.9492890995260663
0.8635071090047394
0.7028436018957346
0.7118483412322275
0.8021327014218009
0.5874407582938389
0.8210900473933649
0.5746445497630331
0.7862559241706161
0.7834123222748816
0.8139810426540285
0.8609004739336493
0.8450236966824645
0.5272511848341233
0.8542654028436019
0.6082938388625593
0.7992890995260663
0.7796208530805687
0.725829383886256
0.6651658767772511
0.8824644549763033
0.8869668246445498
0.6291469194312796
0.6997630331753555
0.8090047393364929
0.7684834123222749
0.7018957345971564
0.959478672985782
0.8341232227488151
0.8928909952606635
0.7402843601895734
0.7490521327014218
0.7649289099526067
0.940521327014218
0.7874407582938389
0.5699052132701422
0.5234597156398104
0.6101895734597157
0.7668246445497631
0.8580568720379147
0.7104265402843601
0.8845971563981042
0.957345971563981
0.8618483412322275
0.6718009478672986
0.8255924170616113
0.8049763033175356
0.9007109004739337
0.5677725118483412
0.6663507109004739
0.7713270142180095
0.7481042654028436
0.7440758293838863
0.5729857819905213
0.8109004739336493
0.7507109004739336
0.6037914691943128
0.8030805687203791
0.8504739336492891
0.6130331753554502
0.7554502369668247
0.8793838862559241
0.8040284360189573
0.8369668246445497
0.859478672985782
0.7995260663507109
0.9286729857819905
0.7303317535545024
0.8113744075829384
0.888388625592417
0.7881516587677725
0.8319905213270142
0.8312796208530806
0.6964454976303317
0.5514218009478673
0.7876777251184834
0.6687203791469194
0.8334123222748815
0.919431279620853
0.8462085308056873
0.38933649289099526
0.821563981042654
0.8661137440758294
0.8090047393364929
0.749526066350711
0.9473933649289099
0.7720379146919432
0.466824644549763
0.8981042654028436
0.8033175355450237
0.8206161137440758
0.057345971563981045
0.8438388625592417
0.8327014218009479
0.783175355450237
0.8419431279620853
0.8926540284360189
0.7497630331753554
0.7376777251184834
0.6966824644549763
0.8270142180094787
0.7293838862559242
0.6978672985781991
0.7817535545023697
0.8028436018957346
0.7535545023696683
0.8099526066350711
0.03033175355450237
0.5227488151658768
0.8203791469194313
0.8917061611374407
0.7146919431279621
0.8981042654028436
0.7971563981042654
0.7317535545023697
0.6540284360189573
0.9
0.8639810426540284
0.8997630331753554
0.6827014218009478
0.9244075829383887
0.8481042654028436
0.8367298578199052
0.6613744075829384
0.8372037914691943
0.8798578199052133
0.8445497630331753
0.7746445497630332
0.8618483412322275
0.8201421800947867
0.8381516587677725
0.8113744075829384
0.8364928909952607
0.5199052132701422
0.7777251184834123
0.7414691943127962
0.6848341232227488
0.7502369668246446
0.7412322274881517
0.7099526066350711
0.7274881516587678
0.7772511848341233
0.9170616113744076
0.5774881516587678
0.7684834123222749
0.27677725118483415
0.8696682464454977
0.6978672985781991
0.792654028436019
0.9063981042654028
0.8045023696682464
0.8180094786729858
0.735781990521327
0.85260663507109
0.7516587677725118
0.828909952606635
0.8767772511848341
0.7992890995260663
0.821563981042654
0.897867298578199
0.9021327014218009
0.7637440758293839
0.8800947867298579
0.8860189573459716
0.9154028436018957
0.8966824644549763
0.833175355450237
0.9497630331753555
0.7308056872037915
0.8703791469194313
0.9035545023696683
0.7123222748815166
0.8395734597156398
0.8087677725118484
0.8028436018957346
0.8478672985781991
0.7815165876777251
0.7744075829383886
0.8874407582938388
0.7867298578199052
0.9101895734597156
0.7895734597156399
0.6563981042654028
0.6834123222748815
0.9118483412322275
0.8580568720379147
0.8303317535545024
0.6950236966824644
0.9092417061611374
0.8066350710900474
0.7090047393364929
0.03886255924170616
0.8575829383886255
0.933649289099526
0.7815165876777251
0.9078199052132702
0.8075829383886256
0.7201421800947867
0.4867298578199052
0.8419431279620853
0.887914691943128
0.9123222748815166
0.8260663507109005
0.9554502369668246
0.89739336492891
0.8751184834123222
0.8902843601895735
0.6879146919431279
0.7945497630331754
0.7315165876777251
0.8864928909952606
0.8300947867298578
0.8938388625592417
0.8627962085308057
0.8272511848341232
0.9471563981042654
0.6090047393364929
0.5623222748815165
0.8436018957345972
0.7426540284360189
0.7191943127962085
0.7431279620853081
0.7530805687203791
0.8028436018957346
0.8969194312796208
0.431042654028436
0.7244075829383886
0.7170616113744076
0.814218009478673
0.8473933649289099
0.7428909952606635
0.8232227488151659
0.5760663507109005
0.7421800947867299
0.6725118483412322
0.9061611374407583
0.7746445497630332
0.859478672985782
0.8125592417061611
0.6066350710900474
0.7331753554502369
0.8409952606635072
0.6208530805687204
0.8971563981042654
0.8672985781990521
0.7132701421800948
0.7419431279620853
0.7300947867298578
0.7469194312796209
0.8580568720379147
0.9113744075829384
0.9438388625592417
0.795260663507109
0.7201421800947867
0.7104265402843601
0.6374407582938388
0.7011848341232227
0.816350710900474
0.054502369668246446
0.7246445497630332
0.9225118483412322
0.887914691943128
0.8504739336492891
0.8881516587677725
0.8718009478672986
0.918957345971564
0.8087677725118484
0.8718009478672986
0.8116113744075829
0.545260663507109
0.8969194312796208
0.8914691943127963
0.6639810426540285
0.8770142180094787
0.6386255924170616
0.8599526066350711
0.890521327014218
0.8751184834123222
0.7253554502369668
0.47488151658767774
0.7995260663507109
0.9106635071090048
0.8438388625592417
0.8511848341232228
0.7613744075829384
0.8755924170616114
0.8635071090047394
0.022037914691943127
0.8324644549763033
0.8618483412322275
0.49928909952606637
0.8390995260663507
0.9312796208530806
0.7881516587677725
0.8701421800947867
0.8469194312796209
0.9101895734597156
0.7483412322274882
0.8253554502369668
0.7035545023696682
0.638388625592417
0.6485781990521327
0.7559241706161137
0.6966824644549763
0.8357819905213271
0.9350710900473934
0.7277251184834124
0.7353080568720379
0.8545023696682464
0.8090047393364929
0.7203791469194313
0.8258293838862559
0.662085308056872
0.9258293838862559
0.804739336492891
0.9206161137440758
0.8222748815165877
0.8611374407582938
0.06066350710900474
0.8845971563981042
0.861611374407583
0.909952606635071
0.6898104265402843
0.7348341232227488
0.8623222748815166
0.7502369668246446
0.05260663507109005
0.7196682464454977
0.740521327014218
0.7687203791469195
0.7765402843601896
0.8895734597156398
0.6497630331753554
0.785781990521327
0.7611374407582938
0.8206161137440758
0.8552132701421801
0.7815165876777251
0.7497630331753554
0.8158767772511848
0.8985781990521327
0.6981042654028436
0.7590047393364929
0.8682464454976303
0.854739336492891
0.8914691943127963
0.05947867298578199
0.7234597156398104
0.6334123222748815
0.7855450236966824
0.7459715639810427
0.5154028436018957
0.7720379146919432
0.8947867298578199
0.49265402843601896
0.8433649289099526
0.9580568720379147
0.9052132701421801
0.9132701421800948
0.7781990521327015
0.8120853080568721
0.8258293838862559
0.7305687203791469
0.8800947867298579
0.7841232227488152
0.874170616113744
0.8156398104265403
0.6978672985781991
0.9132701421800948
0.8123222748815165
0.7438388625592417
0.8462085308056873
0.7315165876777251
0.7571090047393365
0.845260663507109
0.8613744075829384
0.7727488151658768
0.6900473933649289
0.8149289099526066
0.9263033175355451
0.8433649289099526
0.8729857819905213
0.7549763033175355
0.9274881516587677
0.8798578199052133
0.9225118483412322
0.7860189573459716
0.614218009478673
0.7969194312796208
0.8104265402843602
0.8213270142180095
0.8341232227488151
0.669431279620853
0.3542654028436019
0.8597156398104265
0.871563981042654
0.7597156398104266
0.8220379146919431
0.747867298578199
0.685781990521327
0.7938388625592417
0.8590047393364929
0.7184834123222749
0.8353080568720379
0.604739336492891
0.7590047393364929
0.6035545023696682
0.9639810426540284
0.053791469194312796
0.7464454976303317
0.776303317535545
0.5983412322274881
0.8265402843601896
0.5097156398104266
0.6625592417061611
0.6433649289099526
0.6924170616113744
0.8478672985781991
0.7985781990521327
0.7758293838862559
0.6817535545023696
0.6917061611374408
0.9035545023696683
0.8317535545023697
0.7187203791469194
0.8829383886255924
0.9473933649289099
0.8253554502369668
0.8528436018957346
0.9322274881516588
0.7632701421800948
0.41184834123222747
0.9
0.9601895734597157
0.8362559241706161
0.895260663507109
0.9085308056872038
0.7997630331753555
0.645260663507109
0.609478672985782
0.7587677725118483
0.6819905213270142
0.8997630331753554
0.8895734597156398
0.8578199052132701
0.41824644549763035
0.8943127962085308
0.46279620853080566
0.6777251184834123
0.9272511848341233
0.8677725118483413
0.7281990521327014
0.8817535545023697
0.740521327014218
0.7964454976303318
0.8144549763033175
0.9466824644549763
0.7324644549763033
0.8926540284360189
0.8635071090047394
0.8054502369668246
0.7127962085308057
0.647867298578199
0.7959715639810426
0.8855450236966824
0.8244075829383887
0.7407582938388626
0.7409952606635071
0.7928909952606635
0.24739336492890995
0.8199052132701422
0.9509478672985782
0.7959715639810426
0.7902843601895735
0.7867298578199052
0.5454976303317536
0.8360189573459715
0.9400473933649289
0.774170616113744
0.7708530805687204
0.8279620853080568
0.8718009478672986
0.8085308056872038
0.8367298578199052
0.9007109004739337
0.8947867298578199
0.0447867298578199
0.7227488151658767
0.7940758293838862
0.8184834123222748
0.7369668246445498
0.7936018957345972
0.8791469194312796
0.8476303317535545
0.8369668246445497
0.830568720379147
0.7220379146919431
0.9080568720379147
0.6672985781990521
0.8533175355450237
0.8473933649289099
0.9272511848341233
0.7355450236966825
0.764218009478673
0.7912322274881517
0.9315165876777252
0.6798578199052133
0.6464454976303318
0.737914691943128
0.764218009478673
0.9239336492890995
0.8473933649289099
0.8926540284360189
0.6843601895734597
0.5521327014218009
0.8061611374407583
0.8213270142180095
0.7739336492890996
0.8424170616113744
0.706872037914692
0.750473933649289
0.6552132701421801
0.8296208530805688
0.8571090047393365
0.8054502369668246
0.9334123222748815
0.7722748815165876
0.8964454976303318
0.7327014218009479
0.8900473933649289
0.9246445497630332
0.7651658767772512
0.8040284360189573
0.9334123222748815
0.6007109004739336
0.8132701421800947
0.7765402843601896
0.9009478672985782
0.8886255924170616
0.7786729857819905
0.04028436018957346
0.8317535545023697
0.7902843601895735
0.807345971563981
0.8414691943127962
0.7360189573459716
0.7030805687203792
0.6277251184834123
0.783649289099526
0.6369668246445498
0.7988151658767773
0.7488151658767772
0.6834123222748815
0.8279620853080568
0.8281990521327014
0.9272511848341233
0.7703791469194313
0.8248815165876777
0.6729857819905213
0.8372037914691943
0.7734597156398104
0.735781990521327
0.8819905213270142
0.7542654028436019
0.8907582938388625
0.5988151658767773
0.9052132701421801
0.9035545023696683
0.9028436018957346
0.8236966824644549
0.7658767772511849
0.8393364928909952
0.8471563981042654
0.8161137440758294
0.8227488151658767
0.7277251184834124
0.7713270142180095
0.7819905213270142
0.854739336492891
0.7706161137440758
0.7045023696682464
0.9180094786729858
0.8985781990521327
0.6554502369668247
0.7800947867298578
0.7400473933649289
0.8755924170616114
0.8454976303317535
0.7059241706161138
0.9343601895734597
0.9026066350710901
0.9127962085308057
0.9343601895734597
0.7438388625592417
0.7772511848341233
0.0462085308056872
0.7843601895734598
0.750473933649289
0.8014218009478673
0.8165876777251185
0.716350710900474
0.9014218009478673
0.8075829383886256
0.7350710900473933
0.783649289099526
0.7684834123222749
0.7130331753554502
0.783649289099526
0.6172985781990521
0.8473933649289099
0.8530805687203792
0.7969194312796208
0.6838862559241706
0.7791469194312797
0.8180094786729858
0.295260663507109
0.7419431279620853
0.9037914691943127
0.8075829383886256
0.9007109004739337
0.6052132701421801
0.8488151658767773
0.747867298578199
0.8104265402843602
0.8011848341232227
0.8947867298578199
0.9298578199052133
0.8045023696682464
0.7063981042654028
0.8210900473933649
0.8419431279620853
0.7902843601895735
0.8350710900473933
0.8834123222748815
0.7945497630331754
0.7796208530805687
0.9379146919431279
0.8037914691943128
0.7661137440758294
0.9241706161137441
0.6246445497630332
0.6161137440758294
0.745260663507109
0.8623222748815166
0.8725118483412322
0.8876777251184834
0.8848341232227488
0.783175355450237
0.6059241706161137
0.053554502369668244
0.8898104265402843
0.8023696682464455
0.7722748815165876
0.8855450236966824
0.7827014218009478
0.8912322274881517
0.716350710900474
0.7924170616113744
0.909952606635071
0.6706161137440758
0.8575829383886255
0.79739336492891
0.569431279620853
0.5649289099526066
0.7424170616113744
0.6222748815165877
0.7691943127962085
0.9206161137440758
0.9289099526066351
0.8220379146919431
0.7597156398104266
0.7412322274881517
0.9293838862559242
0.7533175355450237
0.790521327014218
0.7976303317535545
0.7554502369668247
0.8644549763033176
0.7940758293838862
0.6971563981042654
0.8845971563981042
0.6229857819905213
0.5798578199052132
0.524170616113744
0.7215639810426541
0.053791469194312796
0.8962085308056872
0.7135071090047393
0.5888625592417062
0.8220379146919431
0.8838862559241706
0.8376777251184834
0.8139810426540285
0.7708530805687204
0.8106635071090047
0.7701421800947867
0.7400473933649289
0.5556872037914692
0.8770142180094787
0.8402843601895734
0.754739336492891
0.8144549763033175
0.8919431279620853
0.7229857819905213
0.7481042654028436
0.9213270142180094
0.9315165876777252
0.8656398104265403
0.771563981042654
0.7007109004739337
0.6272511848341232
0.8327014218009479
0.04739336492890995
0.7402843601895734
0.6888625592417061
0.9483412322274881
0.7694312796208531
0.8725118483412322
0.8860189573459716
0.8682464454976303
0.6504739336492891
0.9338862559241706
0.6004739336492891
0.706872037914692
0.6793838862559242
0.8507109004739336
0.7514218009478673
0.9021327014218009
0.9713270142180095
0.8931279620853081
0.8045023696682464
0.9106635071090048
0.7720379146919432
0.8327014218009479
0.5748815165876777
0.6054502369668247
0.7281990521327014
0.9028436018957346
0.053554502369668244
0.8753554502369668
0.8765402843601896
0.7
0.8125592417061611
0.7720379146919432
0.9443127962085308
0.9748815165876777
0.7672985781990521
0.9037914691943127
0.5691943127962086
0.7777251184834123
0.7597156398104266
0.7767772511848341
0.9540284360189574
0.03246445497630332
0.8009478672985783
0.837914691943128
0.8691943127962085
0.7092417061611375
0.8706161137440759
0.7158767772511848
0.7805687203791469
0.7751184834123223
0.9222748815165877
0.8317535545023697
0.854739336492891
0.8950236966824645
0.9234597156398104
0.7348341232227488
0.8187203791469194
0.897867298578199
0.8545023696682464
0.9142180094786729
0.7850710900473934
0.6014218009478673
0.6793838862559242
0.8872037914691943
0.8656398104265403
0.8135071090047393
0.9483412322274881
0.818957345971564
0.9402843601895735
0.9040284360189573
0.05924170616113744
0.8699052132701421
0.9061611374407583
0.966350710900474
0.8890995260663507
0.9369668246445497
0.8457345971563981
0.887914691943128
0.0518957345971564
0.9196682464454976
0.6898104265402843
0.33270142180094786
0.875829383886256
0.7545023696682465
0.8580568720379147
0.6872037914691943
0.8746445497630332
0.9355450236966825
0.7033175355450237
0.8248815165876777
0.8253554502369668
0.7713270142180095
0.7845971563981042
0.9471563981042654
0.8078199052132702
0.6914691943127962
0.7573459715639811
0.7744075829383886
0.9374407582938389
0.8511848341232228
0.8554502369668247
0.9033175355450237
0.9196682464454976
0.7879146919431279
0.9075829383886256
0.747867298578199
0.7649289099526067
0.8838862559241706
0.8357819905213271
0.828436018957346
0.8087677725118484
0.8184834123222748
0.8156398104265403
0.6727488151658768
0.837914691943128
0.7035545023696682
0.9135071090047393
0.7528436018957346
0.535781990521327
0.6964454976303317
0.7417061611374408
0.8931279620853081
0.7490521327014218
0.7146919431279621
0.6180094786729858
0.7393364928909952
0.8390995260663507
0.7890995260663507
0.7585308056872038
0.6900473933649289
0.7713270142180095
0.8218009478672986
0.9203791469194312
0.6706161137440758
0.8637440758293838
0.7386255924170616
0.06279620853080568
0.7078199052132701
0.75
0.7630331753554502
0.7895734597156399
0.7106635071090047
0.7630331753554502
0.9388625592417061
0.7023696682464455
0.426303317535545
0.8687203791469195
0.683649289099526
0.8812796208530805
0.4137440758293839
0.8144549763033175
0.6803317535545024
0.776303317535545
0.7218009478672985
0.4030805687203792
0.7585308056872038
0.8123222748815165
0.7372037914691943
0.8808056872037915
0.79478672985782
0.8144549763033175
0.7834123222748816
0.8360189573459715
0.054976303317535544
0.8080568720379147
0.9071090047393365
0.6760663507109005
0.7668246445497631
0.8409952606635072
0.7654028436018957
0.7611374407582938
0.9014218009478673
0.7739336492890996
0.7888625592417061
0.7943127962085308
0.6945497630331754
0.8665876777251185
0.8483412322274881
0.7760663507109005
0.828909952606635
0.7443127962085309
0.854739336492891
0.854739336492891
0.8123222748815165
0.7855450236966824
0.8803317535545023
0.725829383886256
0.8893364928909953
0.7372037914691943
0.7165876777251184
0.7554502369668247
0.7528436018957346
0.04383886255924171
0.8016587677725119
0.89739336492891
0.6244075829383886
0.7537914691943128
0.8590047393364929
0.7199052132701422
0.816350710900474
0.9315165876777252
0.9011848341232227
0.6985781990521327
0.8298578199052132
0.8573459715639811
0.7400473933649289
0.9054502369668247
0.792654028436019
0.9436018957345972
0.8471563981042654
0.8436018957345972
0.764218009478673
0.6206161137440759
0.7902843601895735
0.7838862559241706
0.8658767772511848
0.647867298578199
0.7850710900473934
0.8116113744075829
0.843127962085308
0.8191943127962086
0.819431279620853
0.6940758293838862
0.792654028436019
0.909952606635071
0.7902843601895735
0.5720379146919431
0.9507109004739337
0.7789099526066351
0.7843601895734598
0.7789099526066351
0.8180094786729858
0.34976303317535545
0.8654028436018958
0.783649289099526
0.8744075829383886
0.8066350710900474
0.6649289099526067
0.8734597156398104
0.828909952606635
0.866824644549763
0.888388625592417
0.7869668246445498
0.6855450236966825
0.85260663507109
0.9381516587677725
0.7135071090047393
0.9376777251184835
0.7713270142180095
0.7507109004739336
0.7800947867298578
0.8931279620853081
0.818957345971564
0.7981042654028436
0.05687203791469194
0.7990521327014218
0.8488151658767773
0.9165876777251185
0.8995260663507109
0.7746445497630332
0.8874407582938388
0.8272511848341232
0.759478672985782
0.9376777251184835
0.7336492890995261
0.7585308056872038
0.8007109004739337
0.055213270142180096
0.6485781990521327
0.8938388625592417
0.8
0.8661137440758294
0.8995260663507109
0.833175355450237
0.5270142180094787
0.7585308056872038
0.6419431279620853
0.776303317535545
0.8914691943127963
0.89739336492891
0.875829383886256
0.9052132701421801
0.9023696682464455
0.7751184834123223
0.9324644549763034
0.7770142180094787
0.8981042654028436
0.5616113744075829
0.837914691943128
0.8751184834123222
0.5
0.8440758293838863
0.7443127962085309
0.7739336492890996
0.826303317535545
0.9049763033175355
0.795260663507109
0.9158767772511849
0.8035545023696683
0.8258293838862559
0.8007109004739337
0.8376777251184834
0.7502369668246446
0.8412322274881516
0.7808056872037915
0.8357819905213271
0.8464454976303317
0.8682464454976303
0.7386255924170616
0.7575829383886256
0.6071090047393365
0.8161137440758294
0.7909952606635071
0.8376777251184834
0.7860189573459716
0.7646919431279621
0.79478672985782
0.7450236966824645
0.6924170616113744
0.8609004739336493
0.7725118483412322
0.7390995260663508
0.5853080568720379
0.7485781990521327
0.8139810426540285
0.7587677725118483
0.9137440758293839
0.7815165876777251
0.9208530805687204
0.8009478672985783
0.6571090047393365
0.8011848341232227
0.8161137440758294
0.8917061611374407
0.7902843601895735
0.7658767772511849
0.8227488151658767
0.7417061611374408
0.8931279620853081
0.7824644549763033
0.8030805687203791
0.8720379146919431
